date,totalLiquidityUSD,readable_date,protocol
1628035200,351.66643,2021-08-04 00:00:00,balmy_protocol
1628121600,1599.80735,2021-08-05 00:00:00,balmy_protocol
1628208000,3320.65524,2021-08-06 00:00:00,balmy_protocol
1628294400,3235.87954,2021-08-07 00:00:00,balmy_protocol
1628380800,5540.91756,2021-08-08 00:00:00,balmy_protocol
1628467200,5798.8292,2021-08-09 00:00:00,balmy_protocol
1628553600,5931.36266,2021-08-10 00:00:00,balmy_protocol
1628640000,30335.51554,2021-08-11 00:00:00,balmy_protocol
1628726400,30459.97807,2021-08-12 00:00:00,balmy_protocol
1628812800,33068.33817,2021-08-13 00:00:00,balmy_protocol
1628899200,34225.15281,2021-08-14 00:00:00,balmy_protocol
1628985600,61964.49493,2021-08-15 00:00:00,balmy_protocol
1629072000,63045.55181,2021-08-16 00:00:00,balmy_protocol
1629158400,14584.8312,2021-08-17 00:00:00,balmy_protocol
1629244800,14539.51596,2021-08-18 00:00:00,balmy_protocol
1629331200,13497.56199,2021-08-19 00:00:00,balmy_protocol
1629417600,22657.73412,2021-08-20 00:00:00,balmy_protocol
1629504000,24382.6195,2021-08-21 00:00:00,balmy_protocol
1629590400,25812.9409,2021-08-22 00:00:00,balmy_protocol
1629676800,26320.07871,2021-08-23 00:00:00,balmy_protocol
1629763200,24736.11188,2021-08-24 00:00:00,balmy_protocol
1629849600,24151.92299,2021-08-25 00:00:00,balmy_protocol
1629936000,24273.57561,2021-08-26 00:00:00,balmy_protocol
1630022400,60869.8995,2021-08-27 00:00:00,balmy_protocol
1630108800,63701.1134,2021-08-28 00:00:00,balmy_protocol
1630195200,63206.95946,2021-08-29 00:00:00,balmy_protocol
1630281600,63037.70086,2021-08-30 00:00:00,balmy_protocol
1630368000,63808.33521,2021-08-31 00:00:00,balmy_protocol
1630454400,66569.58045,2021-09-01 00:00:00,balmy_protocol
1630540800,71161.48868,2021-09-02 00:00:00,balmy_protocol
1630627200,70490.46502,2021-09-03 00:00:00,balmy_protocol
1630713600,72811.8614,2021-09-04 00:00:00,balmy_protocol
1630800000,270990.17479,2021-09-05 00:00:00,balmy_protocol
1630886400,275007.6738,2021-09-06 00:00:00,balmy_protocol
1630972800,273627.19715,2021-09-07 00:00:00,balmy_protocol
1631059200,252337.5146,2021-09-08 00:00:00,balmy_protocol
1631145600,253803.83217,2021-09-09 00:00:00,balmy_protocol
1631232000,252236.75554,2021-09-10 00:00:00,balmy_protocol
1631318400,247224.23665,2021-09-11 00:00:00,balmy_protocol
1631404800,248698.10656,2021-09-12 00:00:00,balmy_protocol
1631491200,249324.87147,2021-09-13 00:00:00,balmy_protocol
1631577600,245436.73919,2021-09-14 00:00:00,balmy_protocol
1631664000,282509.7729,2021-09-15 00:00:00,balmy_protocol
1631750400,285188.6228,2021-09-16 00:00:00,balmy_protocol
1631836800,283746.65589,2021-09-17 00:00:00,balmy_protocol
1631923200,280817.52366,2021-09-18 00:00:00,balmy_protocol
1632009600,281025.06314,2021-09-19 00:00:00,balmy_protocol
1632096000,278640.25163,2021-09-20 00:00:00,balmy_protocol
1632182400,268736.08102,2021-09-21 00:00:00,balmy_protocol
1632268800,260740.81441,2021-09-22 00:00:00,balmy_protocol
1632355200,265370.72818,2021-09-23 00:00:00,balmy_protocol
1632441600,268328.70615,2021-09-24 00:00:00,balmy_protocol
1632528000,263692.93149,2021-09-25 00:00:00,balmy_protocol
1632614400,262609.32673,2021-09-26 00:00:00,balmy_protocol
1632700800,434317.02288,2021-09-27 00:00:00,balmy_protocol
1632787200,424888.83057,2021-09-28 00:00:00,balmy_protocol
1632873600,419113.76764,2021-09-29 00:00:00,balmy_protocol
1632960000,422321.30646,2021-09-30 00:00:00,balmy_protocol
1633046400,432034.40396,2021-10-01 00:00:00,balmy_protocol
1633132800,455889.08487,2021-10-02 00:00:00,balmy_protocol
1633219200,470778.88024,2021-10-03 00:00:00,balmy_protocol
1633305600,464672.11919,2021-10-04 00:00:00,balmy_protocol
1633392000,256168.49826,2021-10-05 00:00:00,balmy_protocol
1633478400,256181.83014,2021-10-06 00:00:00,balmy_protocol
1633564800,253873.00999,2021-10-07 00:00:00,balmy_protocol
1633651200,287506.84066,2021-10-08 00:00:00,balmy_protocol
1633737600,105050.64663,2021-10-09 00:00:00,balmy_protocol
1633824000,103462.68773,2021-10-10 00:00:00,balmy_protocol
1633910400,111363.49916,2021-10-11 00:00:00,balmy_protocol
1633996800,112691.33164,2021-10-12 00:00:00,balmy_protocol
1634083200,113379.24076,2021-10-13 00:00:00,balmy_protocol
1634169600,116801.31333,2021-10-14 00:00:00,balmy_protocol
1634256000,120337.63578,2021-10-15 00:00:00,balmy_protocol
1634342400,120990.00052,2021-10-16 00:00:00,balmy_protocol
1634428800,122490.32071,2021-10-17 00:00:00,balmy_protocol
1634515200,141921.08591,2021-10-18 00:00:00,balmy_protocol
1634601600,141595.0272,2021-10-19 00:00:00,balmy_protocol
1634688000,144036.25963,2021-10-20 00:00:00,balmy_protocol
1634774400,184650.1313,2021-10-21 00:00:00,balmy_protocol
1634860800,203738.77805,2021-10-22 00:00:00,balmy_protocol
1634947200,198597.6478,2021-10-23 00:00:00,balmy_protocol
1635033600,207369.31581,2021-10-24 00:00:00,balmy_protocol
1635120000,206037.65476,2021-10-25 00:00:00,balmy_protocol
1635206400,208006.4727,2021-10-26 00:00:00,balmy_protocol
1635292800,205749.92496,2021-10-27 00:00:00,balmy_protocol
1635379200,199516.49322,2021-10-28 00:00:00,balmy_protocol
1635465600,210331.98677,2021-10-29 00:00:00,balmy_protocol
1635552000,211510.17254,2021-10-30 00:00:00,balmy_protocol
1635638400,211221.99707,2021-10-31 00:00:00,balmy_protocol
1635724800,208983.6592,2021-11-01 00:00:00,balmy_protocol
1635811200,209438.07744,2021-11-02 00:00:00,balmy_protocol
1635897600,215677.43853,2021-11-03 00:00:00,balmy_protocol
1635984000,195204.34112,2021-11-04 00:00:00,balmy_protocol
1636070400,168950.31511,2021-11-05 00:00:00,balmy_protocol
1636156800,138546.46784,2021-11-06 00:00:00,balmy_protocol
1636243200,118014.36269,2021-11-07 00:00:00,balmy_protocol
1636329600,119397.04425,2021-11-08 00:00:00,balmy_protocol
1636416000,118037.2698,2021-11-09 00:00:00,balmy_protocol
1636502400,116616.76773,2021-11-10 00:00:00,balmy_protocol
1636588800,114797.93506,2021-11-11 00:00:00,balmy_protocol
1636675200,116208.02506,2021-11-12 00:00:00,balmy_protocol
1636761600,116473.73384,2021-11-13 00:00:00,balmy_protocol
1636848000,115669.54993,2021-11-14 00:00:00,balmy_protocol
1636934400,116107.10555,2021-11-15 00:00:00,balmy_protocol
1637020800,113426.25798,2021-11-16 00:00:00,balmy_protocol
1637107200,108499.42416,2021-11-17 00:00:00,balmy_protocol
1637193600,110280.10595,2021-11-18 00:00:00,balmy_protocol
1637280000,105118.58689,2021-11-19 00:00:00,balmy_protocol
1637366400,109777.98927,2021-11-20 00:00:00,balmy_protocol
1637452800,110226.04671,2021-11-21 00:00:00,balmy_protocol
1637539200,109165.75624,2021-11-22 00:00:00,balmy_protocol
1637625600,107569.19396,2021-11-23 00:00:00,balmy_protocol
1637712000,116426.1817,2021-11-24 00:00:00,balmy_protocol
1637798400,115643.42316,2021-11-25 00:00:00,balmy_protocol
1637884800,117981.55606,2021-11-26 00:00:00,balmy_protocol
1637971200,111229.25792,2021-11-27 00:00:00,balmy_protocol
1638057600,112562.65074,2021-11-28 00:00:00,balmy_protocol
1638144000,115220.77391,2021-11-29 00:00:00,balmy_protocol
1638230400,117421.72639,2021-11-30 00:00:00,balmy_protocol
1638316800,120078.2891,2021-12-01 00:00:00,balmy_protocol
1638403200,118708.3851,2021-12-02 00:00:00,balmy_protocol
1638489600,118191.66263,2021-12-03 00:00:00,balmy_protocol
1638576000,114416.3417,2021-12-04 00:00:00,balmy_protocol
1638662400,112644.73766,2021-12-05 00:00:00,balmy_protocol
1638748800,113959.60319,2021-12-06 00:00:00,balmy_protocol
1638835200,116194.91182,2021-12-07 00:00:00,balmy_protocol
1638921600,117986.49329,2021-12-08 00:00:00,balmy_protocol
1639008000,120799.99323,2021-12-09 00:00:00,balmy_protocol
1639094400,118630.81894,2021-12-10 00:00:00,balmy_protocol
1639180800,122150.04657,2021-12-11 00:00:00,balmy_protocol
1639267200,141305.85846,2021-12-12 00:00:00,balmy_protocol
1639353600,145594.21689,2021-12-13 00:00:00,balmy_protocol
1639440000,190469.74849,2021-12-14 00:00:00,balmy_protocol
1639526400,191870.50971,2021-12-15 00:00:00,balmy_protocol
1639612800,196338.00354,2021-12-16 00:00:00,balmy_protocol
1639699200,194301.04542,2021-12-17 00:00:00,balmy_protocol
1639785600,191784.55691,2021-12-18 00:00:00,balmy_protocol
1639872000,194731.98115,2021-12-19 00:00:00,balmy_protocol
1639958400,193491.84251,2021-12-20 00:00:00,balmy_protocol
1640044800,194947.33428,2021-12-21 00:00:00,balmy_protocol
1640131200,194203.25917,2021-12-22 00:00:00,balmy_protocol
1640217600,192124.99473,2021-12-23 00:00:00,balmy_protocol
1640304000,198035.00712,2021-12-24 00:00:00,balmy_protocol
1640390400,229045.49996,2021-12-25 00:00:00,balmy_protocol
1640476800,229785.75816,2021-12-26 00:00:00,balmy_protocol
1640563200,177265.34183,2021-12-27 00:00:00,balmy_protocol
1640649600,176654.04723,2021-12-28 00:00:00,balmy_protocol
1640736000,172280.88685,2021-12-29 00:00:00,balmy_protocol
1640822400,171002.87777,2021-12-30 00:00:00,balmy_protocol
1640908800,171373.37368,2021-12-31 00:00:00,balmy_protocol
1640995200,176454.94688,2022-01-01 00:00:00,balmy_protocol
1641081600,171927.44918,2022-01-02 00:00:00,balmy_protocol
1641168000,172976.91725,2022-01-03 00:00:00,balmy_protocol
1641254400,171953.64683,2022-01-04 00:00:00,balmy_protocol
1641340800,173208.1112,2022-01-05 00:00:00,balmy_protocol
1641427200,168634.28782,2022-01-06 00:00:00,balmy_protocol
1641513600,165842.80363,2022-01-07 00:00:00,balmy_protocol
1641600000,163447.21116,2022-01-08 00:00:00,balmy_protocol
1641686400,155577.32873,2022-01-09 00:00:00,balmy_protocol
1641772800,152392.3186,2022-01-10 00:00:00,balmy_protocol
1641859200,151113.45463,2022-01-11 00:00:00,balmy_protocol
1641945600,154864.40699,2022-01-12 00:00:00,balmy_protocol
1642032000,156609.32423,2022-01-13 00:00:00,balmy_protocol
1642118400,155797.17353,2022-01-14 00:00:00,balmy_protocol
1642204800,156505.92449,2022-01-15 00:00:00,balmy_protocol
1642291200,156868.38553,2022-01-16 00:00:00,balmy_protocol
1642377600,152287.30958,2022-01-17 00:00:00,balmy_protocol
1642464000,150017.05228,2022-01-18 00:00:00,balmy_protocol
1642550400,116684.0487,2022-01-19 00:00:00,balmy_protocol
1642636800,115627.91025,2022-01-20 00:00:00,balmy_protocol
1642723200,113469.51481,2022-01-21 00:00:00,balmy_protocol
1642809600,105351.6737,2022-01-22 00:00:00,balmy_protocol
1642896000,101134.39846,2022-01-23 00:00:00,balmy_protocol
1642982400,104262.96181,2022-01-24 00:00:00,balmy_protocol
1643068800,103031.5822,2022-01-25 00:00:00,balmy_protocol
1643155200,101741.96599,2022-01-26 00:00:00,balmy_protocol
1643241600,105894.09281,2022-01-27 00:00:00,balmy_protocol
1643328000,101994.07933,2022-01-28 00:00:00,balmy_protocol
1643414400,108109.16347,2022-01-29 00:00:00,balmy_protocol
1643500800,108878.88512,2022-01-30 00:00:00,balmy_protocol
1643587200,108193.49915,2022-01-31 00:00:00,balmy_protocol
1643673600,110396.76427,2022-02-01 00:00:00,balmy_protocol
1643760000,112179.82813,2022-02-02 00:00:00,balmy_protocol
1643846400,110254.66139,2022-02-03 00:00:00,balmy_protocol
1643932800,103047.44704,2022-02-04 00:00:00,balmy_protocol
1644019200,68437.85823,2022-02-05 00:00:00,balmy_protocol
1644105600,69005.71806,2022-02-06 00:00:00,balmy_protocol
1644192000,69340.13362,2022-02-07 00:00:00,balmy_protocol
1644278400,70587.73044,2022-02-08 00:00:00,balmy_protocol
1644364800,70016.19279,2022-02-09 00:00:00,balmy_protocol
1644451200,71794.98608,2022-02-10 00:00:00,balmy_protocol
1644537600,69796.51139,2022-02-11 00:00:00,balmy_protocol
1644624000,63773.18193,2022-02-12 00:00:00,balmy_protocol
1644710400,63637.64062,2022-02-13 00:00:00,balmy_protocol
1644796800,63204.55807,2022-02-14 00:00:00,balmy_protocol
1644883200,63860.3174,2022-02-15 00:00:00,balmy_protocol
1644969600,67436.2285,2022-02-16 00:00:00,balmy_protocol
1645056000,66780.64509,2022-02-17 00:00:00,balmy_protocol
1645142400,62824.12622,2022-02-18 00:00:00,balmy_protocol
1645228800,61513.6905,2022-02-19 00:00:00,balmy_protocol
1645315200,60340.70544,2022-02-20 00:00:00,balmy_protocol
1645401600,57535.43538,2022-02-21 00:00:00,balmy_protocol
1645488000,56634.26925,2022-02-22 00:00:00,balmy_protocol
1645574400,57092.59117,2022-02-23 00:00:00,balmy_protocol
1645660800,56507.83588,2022-02-24 00:00:00,balmy_protocol
1645747200,57340.55306,2022-02-25 00:00:00,balmy_protocol
1645833600,59556.09056,2022-02-26 00:00:00,balmy_protocol
1645920000,59530.32411,2022-02-27 00:00:00,balmy_protocol
1646006400,57279.90156,2022-02-28 00:00:00,balmy_protocol
1646092800,61764.89933,2022-03-01 00:00:00,balmy_protocol
1646179200,61591.08148,2022-03-02 00:00:00,balmy_protocol
1646265600,61726.24791,2022-03-03 00:00:00,balmy_protocol
1646352000,79504.73808,2022-03-04 00:00:00,balmy_protocol
1646438400,73698.72415,2022-03-05 00:00:00,balmy_protocol
1646524800,80818.07338,2022-03-06 00:00:00,balmy_protocol
1646611200,85018.49464,2022-03-07 00:00:00,balmy_protocol
1646697600,84624.53804,2022-03-08 00:00:00,balmy_protocol
1646784000,86274.28076,2022-03-09 00:00:00,balmy_protocol
1646870400,88803.23374,2022-03-10 00:00:00,balmy_protocol
1646956800,91671.2252,2022-03-11 00:00:00,balmy_protocol
1647043200,89777.21736,2022-03-12 00:00:00,balmy_protocol
1647129600,89990.99128,2022-03-13 00:00:00,balmy_protocol
1647216000,84440.22383,2022-03-14 00:00:00,balmy_protocol
1647302400,86572.74228,2022-03-15 00:00:00,balmy_protocol
1647388800,87618.13369,2022-03-16 00:00:00,balmy_protocol
1647475200,90167.46364,2022-03-17 00:00:00,balmy_protocol
1647561600,90995.46588,2022-03-18 00:00:00,balmy_protocol
1647648000,99302.30086,2022-03-19 00:00:00,balmy_protocol
1647734400,100759.05247,2022-03-20 00:00:00,balmy_protocol
1647820800,88630.44769,2022-03-21 00:00:00,balmy_protocol
1647907200,88592.62527,2022-03-22 00:00:00,balmy_protocol
1647993600,87888.52386,2022-03-23 00:00:00,balmy_protocol
1648080000,145383.37181,2022-03-24 00:00:00,balmy_protocol
1648166400,147171.93285,2022-03-25 00:00:00,balmy_protocol
1648252800,148539.1937,2022-03-26 00:00:00,balmy_protocol
1648339200,148964.2829,2022-03-27 00:00:00,balmy_protocol
1648425600,151741.88728,2022-03-28 00:00:00,balmy_protocol
1648512000,209728.45681,2022-03-29 00:00:00,balmy_protocol
1648598400,211316.18538,2022-03-30 00:00:00,balmy_protocol
1648684800,253804.27174,2022-03-31 00:00:00,balmy_protocol
1648771200,252972.35423,2022-04-01 00:00:00,balmy_protocol
1648857600,257031.83655,2022-04-02 00:00:00,balmy_protocol
1648944000,257845.54319,2022-04-03 00:00:00,balmy_protocol
1649030400,258437.99463,2022-04-04 00:00:00,balmy_protocol
1649116800,259440.60824,2022-04-05 00:00:00,balmy_protocol
1649203200,257213.36742,2022-04-06 00:00:00,balmy_protocol
1649289600,257502.69952,2022-04-07 00:00:00,balmy_protocol
1649376000,257697.11436,2022-04-08 00:00:00,balmy_protocol
1649462400,251002.58769,2022-04-09 00:00:00,balmy_protocol
1649548800,252116.68229,2022-04-10 00:00:00,balmy_protocol
1649635200,218943.23707,2022-04-11 00:00:00,balmy_protocol
1649721600,215075.4795,2022-04-12 00:00:00,balmy_protocol
1649808000,217174.89175,2022-04-13 00:00:00,balmy_protocol
1649894400,216581.80334,2022-04-14 00:00:00,balmy_protocol
1649980800,212913.69728,2022-04-15 00:00:00,balmy_protocol
1650067200,147172.89915,2022-04-16 00:00:00,balmy_protocol
1650153600,147677.29697,2022-04-17 00:00:00,balmy_protocol
1650240000,133095.16445,2022-04-18 00:00:00,balmy_protocol
1650326400,127916.01395,2022-04-19 00:00:00,balmy_protocol
1650412800,127779.22901,2022-04-20 00:00:00,balmy_protocol
1650499200,126681.76334,2022-04-21 00:00:00,balmy_protocol
1650585600,123063.89177,2022-04-22 00:00:00,balmy_protocol
1650672000,121292.36832,2022-04-23 00:00:00,balmy_protocol
1650758400,120481.30167,2022-04-24 00:00:00,balmy_protocol
1650844800,118934.88144,2022-04-25 00:00:00,balmy_protocol
1650931200,120985.115,2022-04-26 00:00:00,balmy_protocol
1651017600,115793.94244,2022-04-27 00:00:00,balmy_protocol
1651104000,117498.05194,2022-04-28 00:00:00,balmy_protocol
1651190400,118403.58245,2022-04-29 00:00:00,balmy_protocol
1651276800,115279.09985,2022-04-30 00:00:00,balmy_protocol
1651363200,113524.62121,2022-05-01 00:00:00,balmy_protocol
1651449600,115634.22831,2022-05-02 00:00:00,balmy_protocol
1651536000,115419.10912,2022-05-03 00:00:00,balmy_protocol
1651622400,114515.60122,2022-05-04 00:00:00,balmy_protocol
1651708800,117761.85657,2022-05-05 00:00:00,balmy_protocol
1651795200,110490.09642,2022-05-06 00:00:00,balmy_protocol
1651881600,100147.6034,2022-05-07 00:00:00,balmy_protocol
1651968000,97779.83377,2022-05-08 00:00:00,balmy_protocol
1652054400,95593.68139,2022-05-09 00:00:00,balmy_protocol
1652140800,91011.55906,2022-05-10 00:00:00,balmy_protocol
1652227200,92760.21637,2022-05-11 00:00:00,balmy_protocol
1652313600,88254.94827,2022-05-12 00:00:00,balmy_protocol
1652400000,80872.99424,2022-05-13 00:00:00,balmy_protocol
1652486400,81806.77389,2022-05-14 00:00:00,balmy_protocol
1652572800,82300.06284,2022-05-15 00:00:00,balmy_protocol
1652659200,83306.01699,2022-05-16 00:00:00,balmy_protocol
1652745600,82144.8311,2022-05-17 00:00:00,balmy_protocol
1652832000,82819.28501,2022-05-18 00:00:00,balmy_protocol
1652918400,79981.1197,2022-05-19 00:00:00,balmy_protocol
1653004800,81470.79325,2022-05-20 00:00:00,balmy_protocol
1653091200,79184.48176,2022-05-21 00:00:00,balmy_protocol
1653177600,79442.61901,2022-05-22 00:00:00,balmy_protocol
1653264000,76946.42429,2022-05-23 00:00:00,balmy_protocol
1653350400,63092.6,2022-05-24 00:00:00,balmy_protocol
1653436800,74942.61614,2022-05-25 00:00:00,balmy_protocol
1653523200,66770.32319,2022-05-26 00:00:00,balmy_protocol
1653609600,64113.68189,2022-05-27 00:00:00,balmy_protocol
1653696000,63137.18245,2022-05-28 00:00:00,balmy_protocol
1653782400,63051.8827,2022-05-29 00:00:00,balmy_protocol
1653868800,63061.41188,2022-05-30 00:00:00,balmy_protocol
1653955200,59516.8559,2022-05-31 00:00:00,balmy_protocol
1654041600,59021.55888,2022-06-01 00:00:00,balmy_protocol
1654128000,53797.97143,2022-06-02 00:00:00,balmy_protocol
1654214400,176929.24038,2022-06-03 00:00:00,balmy_protocol
1654300800,182402.39525,2022-06-04 00:00:00,balmy_protocol
1654387200,196529.40902,2022-06-05 00:00:00,balmy_protocol
1654473600,204070.09076,2022-06-06 00:00:00,balmy_protocol
1654560000,248051.89937,2022-06-07 00:00:00,balmy_protocol
1654646400,245254.42274,2022-06-08 00:00:00,balmy_protocol
1654732800,251806.81098,2022-06-09 00:00:00,balmy_protocol
1654819200,262627.09418,2022-06-10 00:00:00,balmy_protocol
1654905600,256669.79384,2022-06-11 00:00:00,balmy_protocol
1654992000,263506.70285,2022-06-12 00:00:00,balmy_protocol
1655078400,309460.7227,2022-06-13 00:00:00,balmy_protocol
1655164800,386688.16507,2022-06-14 00:00:00,balmy_protocol
1655251200,429597.09583,2022-06-15 00:00:00,balmy_protocol
1655337600,463002.51551,2022-06-16 00:00:00,balmy_protocol
1655424000,488928.11813,2022-06-17 00:00:00,balmy_protocol
1655510400,571389.87352,2022-06-18 00:00:00,balmy_protocol
1655596800,575886.12912,2022-06-19 00:00:00,balmy_protocol
1655683200,602234.01197,2022-06-20 00:00:00,balmy_protocol
1655769600,610819.03633,2022-06-21 00:00:00,balmy_protocol
1655856000,582225.0798,2022-06-22 00:00:00,balmy_protocol
1655942400,574903.58886,2022-06-23 00:00:00,balmy_protocol
1656028800,581169.98683,2022-06-24 00:00:00,balmy_protocol
1656115200,593707.7356,2022-06-25 00:00:00,balmy_protocol
1656201600,613072.50632,2022-06-26 00:00:00,balmy_protocol
1656288000,640720.98859,2022-06-27 00:00:00,balmy_protocol
1656374400,636897.89637,2022-06-28 00:00:00,balmy_protocol
1656460800,642101.25676,2022-06-29 00:00:00,balmy_protocol
1656547200,632778.70163,2022-06-30 00:00:00,balmy_protocol
1656633600,636713.01331,2022-07-01 00:00:00,balmy_protocol
1656720000,619127.92843,2022-07-02 00:00:00,balmy_protocol
1656806400,601759.33284,2022-07-03 00:00:00,balmy_protocol
1656892800,597682.82267,2022-07-04 00:00:00,balmy_protocol
1656979200,607086.27526,2022-07-05 00:00:00,balmy_protocol
1657065600,607759.829,2022-07-06 00:00:00,balmy_protocol
1657152000,590027.21796,2022-07-07 00:00:00,balmy_protocol
1657238400,621253.18848,2022-07-08 00:00:00,balmy_protocol
1657324800,625616.62843,2022-07-09 00:00:00,balmy_protocol
1657411200,627430.38221,2022-07-10 00:00:00,balmy_protocol
1657497600,618818.44624,2022-07-11 00:00:00,balmy_protocol
1657584000,603963.58863,2022-07-12 00:00:00,balmy_protocol
1657670400,548934.06737,2022-07-13 00:00:00,balmy_protocol
1657756800,556928.18774,2022-07-14 00:00:00,balmy_protocol
1657843200,566499.63561,2022-07-15 00:00:00,balmy_protocol
1657929600,562236.94684,2022-07-16 00:00:00,balmy_protocol
1658016000,576229.12516,2022-07-17 00:00:00,balmy_protocol
1658102400,572888.79857,2022-07-18 00:00:00,balmy_protocol
1658188800,614108.35131,2022-07-19 00:00:00,balmy_protocol
1658275200,601210.13857,2022-07-20 00:00:00,balmy_protocol
1658361600,595774.34892,2022-07-21 00:00:00,balmy_protocol
1658448000,598448.03033,2022-07-22 00:00:00,balmy_protocol
1658534400,605742.65517,2022-07-23 00:00:00,balmy_protocol
1658620800,606436.30098,2022-07-24 00:00:00,balmy_protocol
1658707200,604618.457,2022-07-25 00:00:00,balmy_protocol
1658793600,578695.32795,2022-07-26 00:00:00,balmy_protocol
1658880000,579466.85431,2022-07-27 00:00:00,balmy_protocol
1658966400,615696.8972,2022-07-28 00:00:00,balmy_protocol
1659052800,562617.29073,2022-07-29 00:00:00,balmy_protocol
1659139200,580462.37595,2022-07-30 00:00:00,balmy_protocol
1659225600,578284.44026,2022-07-31 00:00:00,balmy_protocol
1659312000,575696.64775,2022-08-01 00:00:00,balmy_protocol
1659398400,569269.7459,2022-08-02 00:00:00,balmy_protocol
1659484800,557580.17987,2022-08-03 00:00:00,balmy_protocol
1659571200,573775.45546,2022-08-04 00:00:00,balmy_protocol
1659657600,538308.46179,2022-08-05 00:00:00,balmy_protocol
1659744000,560000.54887,2022-08-06 00:00:00,balmy_protocol
1659830400,561320.79796,2022-08-07 00:00:00,balmy_protocol
1659916800,565776.24443,2022-08-08 00:00:00,balmy_protocol
1660003200,570766.49746,2022-08-09 00:00:00,balmy_protocol
1660089600,550426.92373,2022-08-10 00:00:00,balmy_protocol
1660176000,573227.35456,2022-08-11 00:00:00,balmy_protocol
1660262400,585682.84681,2022-08-12 00:00:00,balmy_protocol
1660348800,606814.21468,2022-08-13 00:00:00,balmy_protocol
1660435200,633977.04024,2022-08-14 00:00:00,balmy_protocol
1660521600,625515.2942,2022-08-15 00:00:00,balmy_protocol
1660608000,618959.1451,2022-08-16 00:00:00,balmy_protocol
1660694400,608506.41029,2022-08-17 00:00:00,balmy_protocol
1660780800,616054.65836,2022-08-18 00:00:00,balmy_protocol
1660867200,612031.75222,2022-08-19 00:00:00,balmy_protocol
1660953600,588369.7413,2022-08-20 00:00:00,balmy_protocol
1661040000,583882.79019,2022-08-21 00:00:00,balmy_protocol
1661126400,593972.095,2022-08-22 00:00:00,balmy_protocol
1661212800,586088.08656,2022-08-23 00:00:00,balmy_protocol
1661299200,586880.40745,2022-08-24 00:00:00,balmy_protocol
1661385600,584980.5365,2022-08-25 00:00:00,balmy_protocol
1661472000,570488.42189,2022-08-26 00:00:00,balmy_protocol
1661558400,548621.68412,2022-08-27 00:00:00,balmy_protocol
1661644800,542262.28447,2022-08-28 00:00:00,balmy_protocol
1661731200,491676.51943,2022-08-29 00:00:00,balmy_protocol
1661817600,508515.39198,2022-08-30 00:00:00,balmy_protocol
1661904000,509751.30318,2022-08-31 00:00:00,balmy_protocol
1661990400,502935.22553,2022-09-01 00:00:00,balmy_protocol
1662076800,511410.17215,2022-09-02 00:00:00,balmy_protocol
1662163200,510777.80464,2022-09-03 00:00:00,balmy_protocol
1662249600,548211.99964,2022-09-04 00:00:00,balmy_protocol
1662336000,558185.6468,2022-09-05 00:00:00,balmy_protocol
1662422400,574724.97624,2022-09-06 00:00:00,balmy_protocol
1662508800,548192.79523,2022-09-07 00:00:00,balmy_protocol
1662595200,552189.45205,2022-09-08 00:00:00,balmy_protocol
1662681600,562498.5192,2022-09-09 00:00:00,balmy_protocol
1662768000,539872.33442,2022-09-10 00:00:00,balmy_protocol
1662854400,534555.40546,2022-09-11 00:00:00,balmy_protocol
1662940800,564152.10293,2022-09-12 00:00:00,balmy_protocol
1663027200,564529.93886,2022-09-13 00:00:00,balmy_protocol
1663113600,544373.96352,2022-09-14 00:00:00,balmy_protocol
1663200000,536018.09371,2022-09-15 00:00:00,balmy_protocol
1663286400,527585.31532,2022-09-16 00:00:00,balmy_protocol
1663372800,567478.6709,2022-09-17 00:00:00,balmy_protocol
1663459200,572908.55367,2022-09-18 00:00:00,balmy_protocol
1663545600,543475.52774,2022-09-19 00:00:00,balmy_protocol
1663632000,545206.10737,2022-09-20 00:00:00,balmy_protocol
1663718400,522525.38456,2022-09-21 00:00:00,balmy_protocol
1663804800,502657.64995,2022-09-22 00:00:00,balmy_protocol
1663891200,551919.77974,2022-09-23 00:00:00,balmy_protocol
1663977600,552561.0312,2022-09-24 00:00:00,balmy_protocol
1664064000,551762.84842,2022-09-25 00:00:00,balmy_protocol
1664150400,545687.51021,2022-09-26 00:00:00,balmy_protocol
1664236800,554072.60159,2022-09-27 00:00:00,balmy_protocol
1664323200,599533.70657,2022-09-28 00:00:00,balmy_protocol
1664409600,611424.43428,2022-09-29 00:00:00,balmy_protocol
1664496000,601570.34165,2022-09-30 00:00:00,balmy_protocol
1664582400,604833.73157,2022-10-01 00:00:00,balmy_protocol
1664668800,592371.88404,2022-10-02 00:00:00,balmy_protocol
1664755200,586063.95211,2022-10-03 00:00:00,balmy_protocol
1664841600,586847.75496,2022-10-04 00:00:00,balmy_protocol
1664928000,594827.84208,2022-10-05 00:00:00,balmy_protocol
1665014400,580963.97247,2022-10-06 00:00:00,balmy_protocol
1665100800,589324.6363,2022-10-07 00:00:00,balmy_protocol
1665187200,585987.70433,2022-10-08 00:00:00,balmy_protocol
1665273600,581647.95222,2022-10-09 00:00:00,balmy_protocol
1665360000,579419.38658,2022-10-10 00:00:00,balmy_protocol
1665446400,574708.52208,2022-10-11 00:00:00,balmy_protocol
1665532800,613026.45156,2022-10-12 00:00:00,balmy_protocol
1665619200,611572.12833,2022-10-13 00:00:00,balmy_protocol
1665705600,611527.89165,2022-10-14 00:00:00,balmy_protocol
1665792000,611868.56931,2022-10-15 00:00:00,balmy_protocol
1665878400,606082.02089,2022-10-16 00:00:00,balmy_protocol
1665964800,608126.87921,2022-10-17 00:00:00,balmy_protocol
1666051200,599293.29826,2022-10-18 00:00:00,balmy_protocol
1666137600,587222.18292,2022-10-19 00:00:00,balmy_protocol
1666224000,597783.93626,2022-10-20 00:00:00,balmy_protocol
1666310400,592283.16792,2022-10-21 00:00:00,balmy_protocol
1666396800,607169.95252,2022-10-22 00:00:00,balmy_protocol
1666483200,625961.67511,2022-10-23 00:00:00,balmy_protocol
1666569600,630766.00112,2022-10-24 00:00:00,balmy_protocol
1666656000,630252.07172,2022-10-25 00:00:00,balmy_protocol
1666742400,712432.23292,2022-10-26 00:00:00,balmy_protocol
1666828800,709061.36837,2022-10-27 00:00:00,balmy_protocol
1666915200,694003.26782,2022-10-28 00:00:00,balmy_protocol
1667001600,701080.26707,2022-10-29 00:00:00,balmy_protocol
1667088000,720241.8916,2022-10-30 00:00:00,balmy_protocol
1667174400,711017.3347,2022-10-31 00:00:00,balmy_protocol
1667260800,652076.7186,2022-11-01 00:00:00,balmy_protocol
1667347200,647054.6168,2022-11-02 00:00:00,balmy_protocol
1667433600,653767.26559,2022-11-03 00:00:00,balmy_protocol
1667520000,656396.13771,2022-11-04 00:00:00,balmy_protocol
1667606400,667928.15103,2022-11-05 00:00:00,balmy_protocol
1667692800,672217.41841,2022-11-06 00:00:00,balmy_protocol
1667779200,664323.13903,2022-11-07 00:00:00,balmy_protocol
1667865600,658818.42584,2022-11-08 00:00:00,balmy_protocol
1667952000,614500.23795,2022-11-09 00:00:00,balmy_protocol
1668038400,605912.64,2022-11-10 00:00:00,balmy_protocol
1668124800,693749.20969,2022-11-11 00:00:00,balmy_protocol
1668211200,686240.64619,2022-11-12 00:00:00,balmy_protocol
1668297600,693109.21517,2022-11-13 00:00:00,balmy_protocol
1668384000,693322.70271,2022-11-14 00:00:00,balmy_protocol
1668470400,719839.0387,2022-11-15 00:00:00,balmy_protocol
1668556800,730761.65544,2022-11-16 00:00:00,balmy_protocol
1668643200,750221.84413,2022-11-17 00:00:00,balmy_protocol
1668729600,794565.65281,2022-11-18 00:00:00,balmy_protocol
1668816000,827849.83129,2022-11-19 00:00:00,balmy_protocol
1668902400,831755.01491,2022-11-20 00:00:00,balmy_protocol
1668988800,806388.12242,2022-11-21 00:00:00,balmy_protocol
1669075200,816187.62705,2022-11-22 00:00:00,balmy_protocol
1669161600,885183.52008,2022-11-23 00:00:00,balmy_protocol
1669248000,946993.19667,2022-11-24 00:00:00,balmy_protocol
1669334400,938611.96725,2022-11-25 00:00:00,balmy_protocol
1669420800,1005451.40741,2022-11-26 00:00:00,balmy_protocol
1669507200,1030238.66556,2022-11-27 00:00:00,balmy_protocol
1669593600,1040719.39694,2022-11-28 00:00:00,balmy_protocol
1669680000,1042888.53079,2022-11-29 00:00:00,balmy_protocol
1669766400,1079719.37748,2022-11-30 00:00:00,balmy_protocol
1669852800,1092945.30655,2022-12-01 00:00:00,balmy_protocol
1669939200,1115287.47223,2022-12-02 00:00:00,balmy_protocol
1670025600,1113116.67451,2022-12-03 00:00:00,balmy_protocol
1670112000,1099847.51932,2022-12-04 00:00:00,balmy_protocol
1670198400,1114312.40153,2022-12-05 00:00:00,balmy_protocol
1670284800,1118993.86649,2022-12-06 00:00:00,balmy_protocol
1670371200,1124199.83699,2022-12-07 00:00:00,balmy_protocol
1670457600,1127431.86462,2022-12-08 00:00:00,balmy_protocol
1670544000,1142064.88038,2022-12-09 00:00:00,balmy_protocol
1670630400,1125954.74747,2022-12-10 00:00:00,balmy_protocol
1670716800,1128071.82022,2022-12-11 00:00:00,balmy_protocol
1670803200,1118770.02343,2022-12-12 00:00:00,balmy_protocol
1670889600,1140076.6083,2022-12-13 00:00:00,balmy_protocol
1670976000,1147239.14764,2022-12-14 00:00:00,balmy_protocol
1671062400,1134260.46646,2022-12-15 00:00:00,balmy_protocol
1671148800,1113377.20762,2022-12-16 00:00:00,balmy_protocol
1671235200,1069756.93399,2022-12-17 00:00:00,balmy_protocol
1671321600,1077258.74573,2022-12-18 00:00:00,balmy_protocol
1671408000,1079905.63937,2022-12-19 00:00:00,balmy_protocol
1671494400,1069196.19803,2022-12-20 00:00:00,balmy_protocol
1671580800,1073128.52071,2022-12-21 00:00:00,balmy_protocol
1671667200,1078915.11185,2022-12-22 00:00:00,balmy_protocol
1671753600,1075779.67897,2022-12-23 00:00:00,balmy_protocol
1671840000,1072460.43302,2022-12-24 00:00:00,balmy_protocol
1671926400,1080434.42167,2022-12-25 00:00:00,balmy_protocol
1672012800,1061871.74623,2022-12-26 00:00:00,balmy_protocol
1672099200,1064261.5462,2022-12-27 00:00:00,balmy_protocol
1672185600,1105126.79226,2022-12-28 00:00:00,balmy_protocol
1672272000,1125262.16141,2022-12-29 00:00:00,balmy_protocol
1672358400,1194039.03795,2022-12-30 00:00:00,balmy_protocol
1672444800,1198023.37887,2022-12-31 00:00:00,balmy_protocol
1672531200,1201254.30687,2023-01-01 00:00:00,balmy_protocol
1672617600,1215427.6761,2023-01-02 00:00:00,balmy_protocol
1672704000,1241702.84837,2023-01-03 00:00:00,balmy_protocol
1672790400,1259315.52493,2023-01-04 00:00:00,balmy_protocol
1672876800,1268427.46554,2023-01-05 00:00:00,balmy_protocol
1672963200,1259699.13104,2023-01-06 00:00:00,balmy_protocol
1673049600,1263524.07747,2023-01-07 00:00:00,balmy_protocol
1673136000,1265765.41861,2023-01-08 00:00:00,balmy_protocol
1673222400,1331142.49398,2023-01-09 00:00:00,balmy_protocol
1673308800,1346701.53017,2023-01-10 00:00:00,balmy_protocol
1673395200,1344550.21809,2023-01-11 00:00:00,balmy_protocol
1673481600,1373571.20533,2023-01-12 00:00:00,balmy_protocol
1673568000,1373711.39534,2023-01-13 00:00:00,balmy_protocol
1673654400,1539792.97929,2023-01-14 00:00:00,balmy_protocol
1673740800,1539908.30131,2023-01-15 00:00:00,balmy_protocol
1673827200,1604193.6316,2023-01-16 00:00:00,balmy_protocol
1673913600,1664847.37704,2023-01-17 00:00:00,balmy_protocol
1674000000,1667361.73231,2023-01-18 00:00:00,balmy_protocol
1674086400,1662197.62909,2023-01-19 00:00:00,balmy_protocol
1674172800,1697561.36917,2023-01-20 00:00:00,balmy_protocol
1674259200,1717617.01266,2023-01-21 00:00:00,balmy_protocol
1674345600,1728525.93646,2023-01-22 00:00:00,balmy_protocol
1674432000,1721704.93345,2023-01-23 00:00:00,balmy_protocol
1674518400,1716196.52503,2023-01-24 00:00:00,balmy_protocol
1674604800,1731746.53786,2023-01-25 00:00:00,balmy_protocol
1674691200,1853914.45143,2023-01-26 00:00:00,balmy_protocol
1674777600,1873882.54331,2023-01-27 00:00:00,balmy_protocol
1674864000,1876463.13042,2023-01-28 00:00:00,balmy_protocol
1674950400,1868722.00644,2023-01-29 00:00:00,balmy_protocol
1675036800,1881612.95177,2023-01-30 00:00:00,balmy_protocol
1675123200,1857777.58183,2023-01-31 00:00:00,balmy_protocol
1675209600,1866256.19974,2023-02-01 00:00:00,balmy_protocol
1675296000,1922510.57348,2023-02-02 00:00:00,balmy_protocol
1675382400,1902033.57163,2023-02-03 00:00:00,balmy_protocol
1675468800,1873716.98058,2023-02-04 00:00:00,balmy_protocol
1675555200,1854733.23729,2023-02-05 00:00:00,balmy_protocol
1675641600,1866518.11458,2023-02-06 00:00:00,balmy_protocol
1675728000,1868207.46828,2023-02-07 00:00:00,balmy_protocol
1675814400,1905099.89792,2023-02-08 00:00:00,balmy_protocol
1675900800,1893356.16268,2023-02-09 00:00:00,balmy_protocol
1675987200,1785537.83896,2023-02-10 00:00:00,balmy_protocol
1676073600,1830610.409,2023-02-11 00:00:00,balmy_protocol
1676160000,1827873.3612,2023-02-12 00:00:00,balmy_protocol
1676246400,1920326.83683,2023-02-13 00:00:00,balmy_protocol
1676332800,1929176.20059,2023-02-14 00:00:00,balmy_protocol
1676419200,1936429.07697,2023-02-15 00:00:00,balmy_protocol
1676505600,2025794.88858,2023-02-16 00:00:00,balmy_protocol
1676592000,2024658.83861,2023-02-17 00:00:00,balmy_protocol
1676678400,2014845.45979,2023-02-18 00:00:00,balmy_protocol
1676764800,2008591.69907,2023-02-19 00:00:00,balmy_protocol
1676851200,1971536.92734,2023-02-20 00:00:00,balmy_protocol
1676937600,1974900.1232,2023-02-21 00:00:00,balmy_protocol
1677024000,1942094.79377,2023-02-22 00:00:00,balmy_protocol
1677110400,1923257.03422,2023-02-23 00:00:00,balmy_protocol
1677196800,1909296.24218,2023-02-24 00:00:00,balmy_protocol
1677283200,1897346.92938,2023-02-25 00:00:00,balmy_protocol
1677369600,1896340.02527,2023-02-26 00:00:00,balmy_protocol
1677456000,1922641.35576,2023-02-27 00:00:00,balmy_protocol
1677542400,1943885.98869,2023-02-28 00:00:00,balmy_protocol
1677628800,2029205.06463,2023-03-01 00:00:00,balmy_protocol
1677715200,2081401.18024,2023-03-02 00:00:00,balmy_protocol
1677801600,2089436.72745,2023-03-03 00:00:00,balmy_protocol
1677888000,2033798.93712,2023-03-04 00:00:00,balmy_protocol
1677974400,2015212.27235,2023-03-05 00:00:00,balmy_protocol
1678060800,2022308.94236,2023-03-06 00:00:00,balmy_protocol
1678147200,2021267.24489,2023-03-07 00:00:00,balmy_protocol
1678233600,2027388.75427,2023-03-08 00:00:00,balmy_protocol
1678320000,1973816.68195,2023-03-09 00:00:00,balmy_protocol
1678406400,1934021.94077,2023-03-10 00:00:00,balmy_protocol
1678492800,1922516.55856,2023-03-11 00:00:00,balmy_protocol
1678579200,1633560.19913,2023-03-12 00:00:00,balmy_protocol
1678665600,1738648.76382,2023-03-13 00:00:00,balmy_protocol
1678752000,1666933.82585,2023-03-14 00:00:00,balmy_protocol
1678838400,1638427.44154,2023-03-15 00:00:00,balmy_protocol
1678924800,1611764.88849,2023-03-16 00:00:00,balmy_protocol
1679011200,1615661.09667,2023-03-17 00:00:00,balmy_protocol
1679097600,1812840.87229,2023-03-18 00:00:00,balmy_protocol
1679184000,1785034.08108,2023-03-19 00:00:00,balmy_protocol
1679270400,1690149.4177,2023-03-20 00:00:00,balmy_protocol
1679356800,1665791.31885,2023-03-21 00:00:00,balmy_protocol
1679443200,1660107.58933,2023-03-22 00:00:00,balmy_protocol
1679529600,1646683.33833,2023-03-23 00:00:00,balmy_protocol
1679616000,1670252.62459,2023-03-24 00:00:00,balmy_protocol
1679702400,1649329.3703,2023-03-25 00:00:00,balmy_protocol
1679788800,1660313.13912,2023-03-26 00:00:00,balmy_protocol
1679875200,1684251.12735,2023-03-27 00:00:00,balmy_protocol
1679961600,1671187.17331,2023-03-28 00:00:00,balmy_protocol
1680048000,1710465.01557,2023-03-29 00:00:00,balmy_protocol
1680134400,1725159.02838,2023-03-30 00:00:00,balmy_protocol
1680220800,1749238.2245,2023-03-31 00:00:00,balmy_protocol
1680307200,1754768.60083,2023-04-01 00:00:00,balmy_protocol
1680393600,1752784.4543,2023-04-02 00:00:00,balmy_protocol
1680480000,1747324.36743,2023-04-03 00:00:00,balmy_protocol
1680566400,1767834.34193,2023-04-04 00:00:00,balmy_protocol
1680652800,1811592.9948,2023-04-05 00:00:00,balmy_protocol
1680739200,1851968.77323,2023-04-06 00:00:00,balmy_protocol
1680825600,1841323.62254,2023-04-07 00:00:00,balmy_protocol
1680912000,1813007.48889,2023-04-08 00:00:00,balmy_protocol
1680998400,1843613.43485,2023-04-09 00:00:00,balmy_protocol
1681084800,1839350.88264,2023-04-10 00:00:00,balmy_protocol
1681171200,1866357.20647,2023-04-11 00:00:00,balmy_protocol
1681257600,1806265.94373,2023-04-12 00:00:00,balmy_protocol
1681344000,1763581.34763,2023-04-13 00:00:00,balmy_protocol
1681430400,1708713.28719,2023-04-14 00:00:00,balmy_protocol
1681516800,1724661.95358,2023-04-15 00:00:00,balmy_protocol
1681603200,1716512.16042,2023-04-16 00:00:00,balmy_protocol
1681689600,1731489.76262,2023-04-17 00:00:00,balmy_protocol
1681776000,1708765.29468,2023-04-18 00:00:00,balmy_protocol
1681862400,1700773.91586,2023-04-19 00:00:00,balmy_protocol
1681948800,1656121.38609,2023-04-20 00:00:00,balmy_protocol
1682035200,1674891.85902,2023-04-21 00:00:00,balmy_protocol
1682121600,1627604.64265,2023-04-22 00:00:00,balmy_protocol
1682208000,1632044.75156,2023-04-23 00:00:00,balmy_protocol
1682294400,1627140.68962,2023-04-24 00:00:00,balmy_protocol
1682380800,1616458.94969,2023-04-25 00:00:00,balmy_protocol
1682467200,1641431.1368,2023-04-26 00:00:00,balmy_protocol
1682553600,1643895.61949,2023-04-27 00:00:00,balmy_protocol
1682640000,1627551.73407,2023-04-28 00:00:00,balmy_protocol
1682726400,1617758.46789,2023-04-29 00:00:00,balmy_protocol
1682812800,1620364.10822,2023-04-30 00:00:00,balmy_protocol
1682899200,1601750.60716,2023-05-01 00:00:00,balmy_protocol
1682985600,1578070.28862,2023-05-02 00:00:00,balmy_protocol
1683072000,1561343.45051,2023-05-03 00:00:00,balmy_protocol
1683158400,1567161.39236,2023-05-04 00:00:00,balmy_protocol
1683244800,1550951.28272,2023-05-05 00:00:00,balmy_protocol
1683331200,1604837.02474,2023-05-06 00:00:00,balmy_protocol
1683417600,1514687.9271,2023-05-07 00:00:00,balmy_protocol
1683504000,1504069.43064,2023-05-08 00:00:00,balmy_protocol
1683590400,1471930.50102,2023-05-09 00:00:00,balmy_protocol
1683676800,1452330.50301,2023-05-10 00:00:00,balmy_protocol
1683763200,1443861.98135,2023-05-11 00:00:00,balmy_protocol
1683849600,1483133.68795,2023-05-12 00:00:00,balmy_protocol
1683936000,1485873.04982,2023-05-13 00:00:00,balmy_protocol
1684022400,1486950.86813,2023-05-14 00:00:00,balmy_protocol
1684108800,1482501.95652,2023-05-15 00:00:00,balmy_protocol
1684195200,1538403.14224,2023-05-16 00:00:00,balmy_protocol
1684281600,1523641.68525,2023-05-17 00:00:00,balmy_protocol
1684368000,1504459.89113,2023-05-18 00:00:00,balmy_protocol
1684454400,1508269.90106,2023-05-19 00:00:00,balmy_protocol
1684540800,1505196.16626,2023-05-20 00:00:00,balmy_protocol
1684627200,1514154.48412,2023-05-21 00:00:00,balmy_protocol
1684713600,1500538.88226,2023-05-22 00:00:00,balmy_protocol
1684800000,1510083.31549,2023-05-23 00:00:00,balmy_protocol
1684886400,1524687.62816,2023-05-24 00:00:00,balmy_protocol
1684972800,1504482.97019,2023-05-25 00:00:00,balmy_protocol
1685059200,1513670.34895,2023-05-26 00:00:00,balmy_protocol
1685145600,1519370.15263,2023-05-27 00:00:00,balmy_protocol
1685232000,1521231.43015,2023-05-28 00:00:00,balmy_protocol
1685318400,1679563.83642,2023-05-29 00:00:00,balmy_protocol
1685404800,1679747.43033,2023-05-30 00:00:00,balmy_protocol
1685491200,1690762.92345,2023-05-31 00:00:00,balmy_protocol
1685577600,1661628.92439,2023-06-01 00:00:00,balmy_protocol
1685664000,1608159.76733,2023-06-02 00:00:00,balmy_protocol
1685750400,1631754.99774,2023-06-03 00:00:00,balmy_protocol
1685836800,1606556.39889,2023-06-04 00:00:00,balmy_protocol
1685923200,1595354.82579,2023-06-05 00:00:00,balmy_protocol
1686009600,1541228.27194,2023-06-06 00:00:00,balmy_protocol
1686096000,1590887.29362,2023-06-07 00:00:00,balmy_protocol
1686182400,1571159.445,2023-06-08 00:00:00,balmy_protocol
1686268800,1571639.24936,2023-06-09 00:00:00,balmy_protocol
1686355200,1572895.22025,2023-06-10 00:00:00,balmy_protocol
1686441600,1526853.92688,2023-06-11 00:00:00,balmy_protocol
1686528000,1543924.22378,2023-06-12 00:00:00,balmy_protocol
1686614400,1543326.85448,2023-06-13 00:00:00,balmy_protocol
1686700800,1599291.03026,2023-06-14 00:00:00,balmy_protocol
1686787200,1564190.09829,2023-06-15 00:00:00,balmy_protocol
1686873600,1543887.59514,2023-06-16 00:00:00,balmy_protocol
1686960000,1508830.35678,2023-06-17 00:00:00,balmy_protocol
1687046400,1525595.52808,2023-06-18 00:00:00,balmy_protocol
1687132800,1523621.30612,2023-06-19 00:00:00,balmy_protocol
1687219200,1518515.48426,2023-06-20 00:00:00,balmy_protocol
1687305600,1536571.9483,2023-06-21 00:00:00,balmy_protocol
1687392000,1580416.51771,2023-06-22 00:00:00,balmy_protocol
1687478400,1555116.37135,2023-06-23 00:00:00,balmy_protocol
1687564800,1565704.93106,2023-06-24 00:00:00,balmy_protocol
1687651200,1580727.95441,2023-06-25 00:00:00,balmy_protocol
1687737600,1591266.28754,2023-06-26 00:00:00,balmy_protocol
1687824000,1542839.6574,2023-06-27 00:00:00,balmy_protocol
1687910400,1512511.62035,2023-06-28 00:00:00,balmy_protocol
1687996800,1362718.90017,2023-06-29 00:00:00,balmy_protocol
1688083200,1316551.10813,2023-06-30 00:00:00,balmy_protocol
1688169600,1361024.21137,2023-07-01 00:00:00,balmy_protocol
1688256000,1339248.80255,2023-07-02 00:00:00,balmy_protocol
1688342400,1340021.43435,2023-07-03 00:00:00,balmy_protocol
1688428800,1340292.04971,2023-07-04 00:00:00,balmy_protocol
1688515200,1314531.44003,2023-07-05 00:00:00,balmy_protocol
1688601600,1298694.11934,2023-07-06 00:00:00,balmy_protocol
1688688000,1284375.69458,2023-07-07 00:00:00,balmy_protocol
1688774400,1296487.88162,2023-07-08 00:00:00,balmy_protocol
1688860800,1302135.83766,2023-07-09 00:00:00,balmy_protocol
1688947200,1287504.91906,2023-07-10 00:00:00,balmy_protocol
1689033600,1299298.67209,2023-07-11 00:00:00,balmy_protocol
1689120000,1318426.14938,2023-07-12 00:00:00,balmy_protocol
1689206400,1281867.84391,2023-07-13 00:00:00,balmy_protocol
1689292800,1349178.60209,2023-07-14 00:00:00,balmy_protocol
1689379200,1205411.32843,2023-07-15 00:00:00,balmy_protocol
1689465600,1206559.65155,2023-07-16 00:00:00,balmy_protocol
1689552000,1194071.40567,2023-07-17 00:00:00,balmy_protocol
1689638400,1191461.50271,2023-07-18 00:00:00,balmy_protocol
1689724800,1199546.78104,2023-07-19 00:00:00,balmy_protocol
1689811200,1248518.67403,2023-07-20 00:00:00,balmy_protocol
1689897600,1243791.36224,2023-07-21 00:00:00,balmy_protocol
1689984000,1214784.20233,2023-07-22 00:00:00,balmy_protocol
1690070400,1202271.06831,2023-07-23 00:00:00,balmy_protocol
1690156800,1200038.9641,2023-07-24 00:00:00,balmy_protocol
1690243200,1158758.29802,2023-07-25 00:00:00,balmy_protocol
1690329600,1153428.21506,2023-07-26 00:00:00,balmy_protocol
1690416000,1193428.72798,2023-07-27 00:00:00,balmy_protocol
1690502400,1176566.07802,2023-07-28 00:00:00,balmy_protocol
1690588800,1202487.64177,2023-07-29 00:00:00,balmy_protocol
1690675200,1202797.79788,2023-07-30 00:00:00,balmy_protocol
1690761600,1163344.70987,2023-07-31 00:00:00,balmy_protocol
1690848000,1155675.14341,2023-08-01 00:00:00,balmy_protocol
1690934400,1177601.18552,2023-08-02 00:00:00,balmy_protocol
1691020800,1169541.85115,2023-08-03 00:00:00,balmy_protocol
1691107200,1159945.64844,2023-08-04 00:00:00,balmy_protocol
1691193600,1193095.91992,2023-08-05 00:00:00,balmy_protocol
1691280000,1201451.14132,2023-08-06 00:00:00,balmy_protocol
1691366400,1196952.82939,2023-08-07 00:00:00,balmy_protocol
1691452800,1198214.28024,2023-08-08 00:00:00,balmy_protocol
1691539200,1207708.04249,2023-08-09 00:00:00,balmy_protocol
1691625600,1192094.06025,2023-08-10 00:00:00,balmy_protocol
1691712000,1178138.51549,2023-08-11 00:00:00,balmy_protocol
1691798400,1451692.33981,2023-08-12 00:00:00,balmy_protocol
1691884800,1451605.04352,2023-08-13 00:00:00,balmy_protocol
1691971200,1443204.03781,2023-08-14 00:00:00,balmy_protocol
1692057600,1446984.28957,2023-08-15 00:00:00,balmy_protocol
1692144000,1436887.76446,2023-08-16 00:00:00,balmy_protocol
1692230400,1426855.47325,2023-08-17 00:00:00,balmy_protocol
1692316800,1409603.24836,2023-08-18 00:00:00,balmy_protocol
1692403200,1417369.44739,2023-08-19 00:00:00,balmy_protocol
1692489600,1414305.0969,2023-08-20 00:00:00,balmy_protocol
1692576000,1417857.55148,2023-08-21 00:00:00,balmy_protocol
1692662400,1382659.67458,2023-08-22 00:00:00,balmy_protocol
1692748800,1368603.8559,2023-08-23 00:00:00,balmy_protocol
1692835200,1390887.21527,2023-08-24 00:00:00,balmy_protocol
1692921600,1406471.98417,2023-08-25 00:00:00,balmy_protocol
1693008000,1152502.09724,2023-08-26 00:00:00,balmy_protocol
1693094400,1152157.59198,2023-08-27 00:00:00,balmy_protocol
1693180800,1147916.58394,2023-08-28 00:00:00,balmy_protocol
1693267200,1149753.7882,2023-08-29 00:00:00,balmy_protocol
1693353600,1187103.26299,2023-08-30 00:00:00,balmy_protocol
1693440000,1199528.58076,2023-08-31 00:00:00,balmy_protocol
1693526400,1148361.28326,2023-09-01 00:00:00,balmy_protocol
1693612800,1146838.3139,2023-09-02 00:00:00,balmy_protocol
1693699200,1105336.95527,2023-09-03 00:00:00,balmy_protocol
1693785600,1135684.52336,2023-09-04 00:00:00,balmy_protocol
1693872000,1129571.80826,2023-09-05 00:00:00,balmy_protocol
1693958400,1145738.89936,2023-09-06 00:00:00,balmy_protocol
1694044800,1115285.68108,2023-09-07 00:00:00,balmy_protocol
1694131200,1130770.89283,2023-09-08 00:00:00,balmy_protocol
1694217600,1162237.94817,2023-09-09 00:00:00,balmy_protocol
1694304000,1157313.51761,2023-09-10 00:00:00,balmy_protocol
1694390400,1145494.57931,2023-09-11 00:00:00,balmy_protocol
1694476800,1117744.80333,2023-09-12 00:00:00,balmy_protocol
1694563200,1125674.27837,2023-09-13 00:00:00,balmy_protocol
1694649600,1037462.73464,2023-09-14 00:00:00,balmy_protocol
1694736000,1049495.25521,2023-09-15 00:00:00,balmy_protocol
1694822400,1052353.82744,2023-09-16 00:00:00,balmy_protocol
1694908800,1041780.7543,2023-09-17 00:00:00,balmy_protocol
1694995200,1036064.8334,2023-09-18 00:00:00,balmy_protocol
1695081600,1054018.24663,2023-09-19 00:00:00,balmy_protocol
1695168000,1063018.52885,2023-09-20 00:00:00,balmy_protocol
1695254400,1055199.22273,2023-09-21 00:00:00,balmy_protocol
1695340800,1066709.3019,2023-09-22 00:00:00,balmy_protocol
1695427200,1072725.05286,2023-09-23 00:00:00,balmy_protocol
1695513600,1071758.68923,2023-09-24 00:00:00,balmy_protocol
1695600000,1056775.36015,2023-09-25 00:00:00,balmy_protocol
1695686400,1077893.79348,2023-09-26 00:00:00,balmy_protocol
1695772800,1078078.4908,2023-09-27 00:00:00,balmy_protocol
1695859200,1074342.69317,2023-09-28 00:00:00,balmy_protocol
1695945600,1088072.23103,2023-09-29 00:00:00,balmy_protocol
1696032000,1089311.88818,2023-09-30 00:00:00,balmy_protocol
1696118400,1088953.43811,2023-10-01 00:00:00,balmy_protocol
1696204800,1120291.19792,2023-10-02 00:00:00,balmy_protocol
1696291200,1096240.36572,2023-10-03 00:00:00,balmy_protocol
1696377600,1092662.36616,2023-10-04 00:00:00,balmy_protocol
1696464000,1094768.64222,2023-10-05 00:00:00,balmy_protocol
1696550400,1081876.04459,2023-10-06 00:00:00,balmy_protocol
1696636800,1088521.35559,2023-10-07 00:00:00,balmy_protocol
1696723200,1080268.63525,2023-10-08 00:00:00,balmy_protocol
1696809600,1070242.13417,2023-10-09 00:00:00,balmy_protocol
1696896000,1051091.88617,2023-10-10 00:00:00,balmy_protocol
1696982400,1062593.87294,2023-10-11 00:00:00,balmy_protocol
1697068800,1057167.23098,2023-10-12 00:00:00,balmy_protocol
1697155200,1052692.52886,2023-10-13 00:00:00,balmy_protocol
1697241600,1061167.52483,2023-10-14 00:00:00,balmy_protocol
1697328000,1054063.23548,2023-10-15 00:00:00,balmy_protocol
1697414400,1056517.64852,2023-10-16 00:00:00,balmy_protocol
1697500800,1042546.24442,2023-10-17 00:00:00,balmy_protocol
1697587200,1062643.99381,2023-10-18 00:00:00,balmy_protocol
1697673600,1061372.70687,2023-10-19 00:00:00,balmy_protocol
1697760000,1051733.82091,2023-10-20 00:00:00,balmy_protocol
1697846400,1066538.80181,2023-10-21 00:00:00,balmy_protocol
1697932800,1079119.96908,2023-10-22 00:00:00,balmy_protocol
1698019200,1088894.42636,2023-10-23 00:00:00,balmy_protocol
1698105600,1170719.28307,2023-10-24 00:00:00,balmy_protocol
1698192000,1238056.58155,2023-10-25 00:00:00,balmy_protocol
1698278400,1186472.51822,2023-10-26 00:00:00,balmy_protocol
1698364800,1179131.63799,2023-10-27 00:00:00,balmy_protocol
1698451200,1155246.54083,2023-10-28 00:00:00,balmy_protocol
1698537600,1127893.01502,2023-10-29 00:00:00,balmy_protocol
1698624000,1165071.25835,2023-10-30 00:00:00,balmy_protocol
1698710400,1254407.45233,2023-10-31 00:00:00,balmy_protocol
1698796800,1169412.96388,2023-11-01 00:00:00,balmy_protocol
1698883200,1196635.6435,2023-11-02 00:00:00,balmy_protocol
1698969600,1226581.997,2023-11-03 00:00:00,balmy_protocol
1699056000,1238520.10218,2023-11-04 00:00:00,balmy_protocol
1699142400,1242323.24349,2023-11-05 00:00:00,balmy_protocol
1699228800,1223620.66319,2023-11-06 00:00:00,balmy_protocol
1699315200,1229853.58762,2023-11-07 00:00:00,balmy_protocol
1699401600,1229367.3821,2023-11-08 00:00:00,balmy_protocol
1699488000,1230472.60587,2023-11-09 00:00:00,balmy_protocol
1699574400,1291092.32371,2023-11-10 00:00:00,balmy_protocol
1699660800,1399853.9724,2023-11-11 00:00:00,balmy_protocol
1699747200,1390427.53476,2023-11-12 00:00:00,balmy_protocol
1699833600,1365652.20516,2023-11-13 00:00:00,balmy_protocol
1699920000,1349939.43402,2023-11-14 00:00:00,balmy_protocol
1700006400,1328343.81478,2023-11-15 00:00:00,balmy_protocol
1700092800,1367676.58819,2023-11-16 00:00:00,balmy_protocol
1700179200,1323929.617,2023-11-17 00:00:00,balmy_protocol
1700265600,1304674.60314,2023-11-18 00:00:00,balmy_protocol
1700352000,1345937.90808,2023-11-19 00:00:00,balmy_protocol
1700438400,1378972.66494,2023-11-20 00:00:00,balmy_protocol
1700524800,1375748.79844,2023-11-21 00:00:00,balmy_protocol
1700611200,1336999.69997,2023-11-22 00:00:00,balmy_protocol
1700697600,1381915.60294,2023-11-23 00:00:00,balmy_protocol
1700784000,1363388.93238,2023-11-24 00:00:00,balmy_protocol
1700870400,1362112.01434,2023-11-25 00:00:00,balmy_protocol
1700956800,1363175.17866,2023-11-26 00:00:00,balmy_protocol
1701043200,1356665.77664,2023-11-27 00:00:00,balmy_protocol
1701129600,1315321.63972,2023-11-28 00:00:00,balmy_protocol
1701216000,1329300.15341,2023-11-29 00:00:00,balmy_protocol
1701302400,1323348.93323,2023-11-30 00:00:00,balmy_protocol
1701388800,1322971.45568,2023-12-01 00:00:00,balmy_protocol
1701475200,1344312.56325,2023-12-02 00:00:00,balmy_protocol
1701561600,1380385.02768,2023-12-03 00:00:00,balmy_protocol
1701648000,1439816.41242,2023-12-04 00:00:00,balmy_protocol
1701734400,1436700.18854,2023-12-05 00:00:00,balmy_protocol
1701820800,1488763.21948,2023-12-06 00:00:00,balmy_protocol
1701907200,1517742.53265,2023-12-07 00:00:00,balmy_protocol
1701993600,1572647.59587,2023-12-08 00:00:00,balmy_protocol
1702080000,1579472.12267,2023-12-09 00:00:00,balmy_protocol
1702166400,1528075.79328,2023-12-10 00:00:00,balmy_protocol
1704585600,1396149.29325,2024-01-07 00:00:00,balmy_protocol
1704672000,1362369.05003,2024-01-08 00:00:00,balmy_protocol
1704758400,1420322.40059,2024-01-09 00:00:00,balmy_protocol
1704844800,1395895.00246,2024-01-10 00:00:00,balmy_protocol
1704931200,1368777.83585,2024-01-11 00:00:00,balmy_protocol
1705017600,1343825.10579,2024-01-12 00:00:00,balmy_protocol
1705104000,1282277.52261,2024-01-13 00:00:00,balmy_protocol
1705190400,1301194.93014,2024-01-14 00:00:00,balmy_protocol
1705276800,1273332.42948,2024-01-15 00:00:00,balmy_protocol
1705363200,1282882.84113,2024-01-16 00:00:00,balmy_protocol
1705449600,1282000.95943,2024-01-17 00:00:00,balmy_protocol
1705536000,1258880.84314,2024-01-18 00:00:00,balmy_protocol
1705622400,1244774.5195,2024-01-19 00:00:00,balmy_protocol
1705708800,1281544.50395,2024-01-20 00:00:00,balmy_protocol
1705795200,726460.75201,2024-01-21 00:00:00,balmy_protocol
1705881600,1282211.20046,2024-01-22 00:00:00,balmy_protocol
1705968000,1215305.81136,2024-01-23 00:00:00,balmy_protocol
1706054400,1230855.85193,2024-01-24 00:00:00,balmy_protocol
1706140800,1226437.26886,2024-01-25 00:00:00,balmy_protocol
1706227200,1227933.28884,2024-01-26 00:00:00,balmy_protocol
1706313600,1244068.16682,2024-01-27 00:00:00,balmy_protocol
1706400000,1246706.2323,2024-01-28 00:00:00,balmy_protocol
1706486400,1247858.22652,2024-01-29 00:00:00,balmy_protocol
1706572800,1284013.37921,2024-01-30 00:00:00,balmy_protocol
1706659200,1282289.39754,2024-01-31 00:00:00,balmy_protocol
1706745600,1256462.78476,2024-02-01 00:00:00,balmy_protocol
1706832000,1277327.78117,2024-02-02 00:00:00,balmy_protocol
1706918400,1275681.52176,2024-02-03 00:00:00,balmy_protocol
1707004800,1267206.11093,2024-02-04 00:00:00,balmy_protocol
1707091200,1263018.6131,2024-02-05 00:00:00,balmy_protocol
1707177600,1262872.07856,2024-02-06 00:00:00,balmy_protocol
1707264000,1302836.43475,2024-02-07 00:00:00,balmy_protocol
1707350400,1319897.9079,2024-02-08 00:00:00,balmy_protocol
1707436800,1160551.95311,2024-02-09 00:00:00,balmy_protocol
1707523200,1172803.79123,2024-02-10 00:00:00,balmy_protocol
1707609600,1181587.5354,2024-02-11 00:00:00,balmy_protocol
1707696000,1179328.56875,2024-02-12 00:00:00,balmy_protocol
1707782400,659218.30077,2024-02-13 00:00:00,balmy_protocol
1707868800,652731.93881,2024-02-14 00:00:00,balmy_protocol
1707955200,650064.98962,2024-02-15 00:00:00,balmy_protocol
1708041600,1217542.64324,2024-02-16 00:00:00,balmy_protocol
1708128000,1212117.20407,2024-02-17 00:00:00,balmy_protocol
1708214400,1143866.51788,2024-02-18 00:00:00,balmy_protocol
1708300800,1129398.4067,2024-02-19 00:00:00,balmy_protocol
1708387200,1142108.88323,2024-02-20 00:00:00,balmy_protocol
1708473600,1176744.2763,2024-02-21 00:00:00,balmy_protocol
1708560000,1110088.86175,2024-02-22 00:00:00,balmy_protocol
1708646400,1108386.59675,2024-02-23 00:00:00,balmy_protocol
1708732800,1103389.83185,2024-02-24 00:00:00,balmy_protocol
1708819200,1144227.33455,2024-02-25 00:00:00,balmy_protocol
1708905600,1162393.82174,2024-02-26 00:00:00,balmy_protocol
1708992000,1168982.35629,2024-02-27 00:00:00,balmy_protocol
1709078400,1203340.02818,2024-02-28 00:00:00,balmy_protocol
1709164800,1192900.52065,2024-02-29 00:00:00,balmy_protocol
1709251200,1168708.76441,2024-03-01 00:00:00,balmy_protocol
1709337600,1168210.66919,2024-03-02 00:00:00,balmy_protocol
1709424000,1159743.93067,2024-03-03 00:00:00,balmy_protocol
1709510400,1197522.13728,2024-03-04 00:00:00,balmy_protocol
1709596800,1227800.88218,2024-03-05 00:00:00,balmy_protocol
1709683200,1200304.30212,2024-03-06 00:00:00,balmy_protocol
1709769600,1251916.06283,2024-03-07 00:00:00,balmy_protocol
1709856000,1229413.58983,2024-03-08 00:00:00,balmy_protocol
1709942400,1260050.86419,2024-03-09 00:00:00,balmy_protocol
1710028800,1264680.15721,2024-03-10 00:00:00,balmy_protocol
1710115200,1291643.51857,2024-03-11 00:00:00,balmy_protocol
1710201600,1344160.84188,2024-03-12 00:00:00,balmy_protocol
1710288000,1347639.65045,2024-03-13 00:00:00,balmy_protocol
1710374400,1340157.89712,2024-03-14 00:00:00,balmy_protocol
1710460800,1278185.68041,2024-03-15 00:00:00,balmy_protocol
1710547200,1233074.28355,2024-03-16 00:00:00,balmy_protocol
1710633600,1173623.08799,2024-03-17 00:00:00,balmy_protocol
1710720000,1196176.81235,2024-03-18 00:00:00,balmy_protocol
1710806400,1165440.26776,2024-03-19 00:00:00,balmy_protocol
1710892800,1135941.52493,2024-03-20 00:00:00,balmy_protocol
1710979200,1242766.03014,2024-03-21 00:00:00,balmy_protocol
1711065600,1248923.95585,2024-03-22 00:00:00,balmy_protocol
1711152000,1152797.55801,2024-03-23 00:00:00,balmy_protocol
1711238400,1156316.95266,2024-03-24 00:00:00,balmy_protocol
1711324800,1174872.62615,2024-03-25 00:00:00,balmy_protocol
1711411200,1193155.58959,2024-03-26 00:00:00,balmy_protocol
1711497600,711354.08283,2024-03-27 00:00:00,balmy_protocol
1711584000,669428.98149,2024-03-28 00:00:00,balmy_protocol
1711670400,684414.96818,2024-03-29 00:00:00,balmy_protocol
1711756800,678931.08847,2024-03-30 00:00:00,balmy_protocol
1711843200,678791.33686,2024-03-31 00:00:00,balmy_protocol
1711929600,690393.50518,2024-04-01 00:00:00,balmy_protocol
1712016000,733702.51655,2024-04-02 00:00:00,balmy_protocol
1712102400,676223.1117,2024-04-03 00:00:00,balmy_protocol
1712188800,1096094.55691,2024-04-04 00:00:00,balmy_protocol
1712275200,1105190.79726,2024-04-05 00:00:00,balmy_protocol
1712361600,1085247.25102,2024-04-06 00:00:00,balmy_protocol
1712448000,1098143.20601,2024-04-07 00:00:00,balmy_protocol
1712534400,1102456.14451,2024-04-08 00:00:00,balmy_protocol
1712620800,1133875.2967,2024-04-09 00:00:00,balmy_protocol
1712707200,1082828.43158,2024-04-10 00:00:00,balmy_protocol
1712793600,1098840.34916,2024-04-11 00:00:00,balmy_protocol
1712880000,1079486.02444,2024-04-12 00:00:00,balmy_protocol
1712966400,1000491.29213,2024-04-13 00:00:00,balmy_protocol
1713052800,904503.46253,2024-04-14 00:00:00,balmy_protocol
1713139200,954652.24243,2024-04-15 00:00:00,balmy_protocol
1713225600,937707.62236,2024-04-16 00:00:00,balmy_protocol
1713312000,933212.20398,2024-04-17 00:00:00,balmy_protocol
1713398400,899578.31841,2024-04-18 00:00:00,balmy_protocol
1713484800,911089.69136,2024-04-19 00:00:00,balmy_protocol
1713571200,910975.62647,2024-04-20 00:00:00,balmy_protocol
1713657600,928155.36855,2024-04-21 00:00:00,balmy_protocol
1713744000,925018.11892,2024-04-22 00:00:00,balmy_protocol
1713830400,921093.13869,2024-04-23 00:00:00,balmy_protocol
1713916800,918739.65046,2024-04-24 00:00:00,balmy_protocol
1714003200,909648.34595,2024-04-25 00:00:00,balmy_protocol
1714089600,910131.45688,2024-04-26 00:00:00,balmy_protocol
1714176000,893190.79901,2024-04-27 00:00:00,balmy_protocol
1714262400,912112.67719,2024-04-28 00:00:00,balmy_protocol
1714348800,912563.48198,2024-04-29 00:00:00,balmy_protocol
1714435200,886224.67156,2024-04-30 00:00:00,balmy_protocol
1714521600,848214.235,2024-05-01 00:00:00,balmy_protocol
1714608000,833722.28078,2024-05-02 00:00:00,balmy_protocol
1714694400,844346.6979,2024-05-03 00:00:00,balmy_protocol
1714780800,964122.25011,2024-05-04 00:00:00,balmy_protocol
1714867200,951602.11558,2024-05-05 00:00:00,balmy_protocol
1714953600,953999.41517,2024-05-06 00:00:00,balmy_protocol
1715040000,938307.24895,2024-05-07 00:00:00,balmy_protocol
1715126400,933738.14867,2024-05-08 00:00:00,balmy_protocol
1715212800,912973.22069,2024-05-09 00:00:00,balmy_protocol
1715299200,932259.95171,2024-05-10 00:00:00,balmy_protocol
1715385600,892993.84522,2024-05-11 00:00:00,balmy_protocol
1715472000,898497.95779,2024-05-12 00:00:00,balmy_protocol
1715558400,909662.86481,2024-05-13 00:00:00,balmy_protocol
1715644800,906483.78595,2024-05-14 00:00:00,balmy_protocol
1715731200,881895.20084,2024-05-15 00:00:00,balmy_protocol
1715817600,908439.36465,2024-05-16 00:00:00,balmy_protocol
1715904000,887319.48198,2024-05-17 00:00:00,balmy_protocol
1715990400,923663.9162,2024-05-18 00:00:00,balmy_protocol
1716076800,887035.12859,2024-05-19 00:00:00,balmy_protocol
1716163200,872392.85073,2024-05-20 00:00:00,balmy_protocol
1716249600,1000161.68655,2024-05-21 00:00:00,balmy_protocol
1716336000,1028817.43903,2024-05-22 00:00:00,balmy_protocol
1716422400,1013521.41331,2024-05-23 00:00:00,balmy_protocol
1716508800,1066681.11307,2024-05-24 00:00:00,balmy_protocol
1716595200,1052667.89473,2024-05-25 00:00:00,balmy_protocol
1716681600,1054055.54103,2024-05-26 00:00:00,balmy_protocol
1716768000,1061068.73047,2024-05-27 00:00:00,balmy_protocol
1716854400,1093613.73394,2024-05-28 00:00:00,balmy_protocol
1716940800,1081167.78073,2024-05-29 00:00:00,balmy_protocol
1717027200,1067314.15791,2024-05-30 00:00:00,balmy_protocol
1717113600,1062020.33532,2024-05-31 00:00:00,balmy_protocol
1717200000,1067130.65657,2024-06-01 00:00:00,balmy_protocol
1717286400,1067763.24186,2024-06-02 00:00:00,balmy_protocol
1717372800,1008638.78956,2024-06-03 00:00:00,balmy_protocol
1717459200,911898.15184,2024-06-04 00:00:00,balmy_protocol
1717545600,929193.66366,2024-06-05 00:00:00,balmy_protocol
1717632000,920383.80688,2024-06-06 00:00:00,balmy_protocol
1717718400,909953.15933,2024-06-07 00:00:00,balmy_protocol
1717804800,854920.56296,2024-06-08 00:00:00,balmy_protocol
1717891200,836897.47129,2024-06-09 00:00:00,balmy_protocol
1717977600,841341.13234,2024-06-10 00:00:00,balmy_protocol
1718064000,831439.63897,2024-06-11 00:00:00,balmy_protocol
1718150400,799931.6541,2024-06-12 00:00:00,balmy_protocol
1718236800,814054.07948,2024-06-13 00:00:00,balmy_protocol
1718323200,794172.62888,2024-06-14 00:00:00,balmy_protocol
1718409600,794917.3488,2024-06-15 00:00:00,balmy_protocol
1718496000,834772.38586,2024-06-16 00:00:00,balmy_protocol
1718582400,845705.7687,2024-06-17 00:00:00,balmy_protocol
1718668800,821430.73829,2024-06-18 00:00:00,balmy_protocol
1718755200,804371.92231,2024-06-19 00:00:00,balmy_protocol
1718841600,815027.17245,2024-06-20 00:00:00,balmy_protocol
1718928000,811482.15162,2024-06-21 00:00:00,balmy_protocol
1719014400,791013.1641,2024-06-22 00:00:00,balmy_protocol
1719100800,791011.88337,2024-06-23 00:00:00,balmy_protocol
1719187200,778905.52058,2024-06-24 00:00:00,balmy_protocol
1719273600,763326.65374,2024-06-25 00:00:00,balmy_protocol
1719360000,773222.62114,2024-06-26 00:00:00,balmy_protocol
1719446400,769038.92662,2024-06-27 00:00:00,balmy_protocol
1719532800,779184.99379,2024-06-28 00:00:00,balmy_protocol
1719619200,782289.21447,2024-06-29 00:00:00,balmy_protocol
1719705600,791095.80416,2024-06-30 00:00:00,balmy_protocol
1719792000,807152.82651,2024-07-01 00:00:00,balmy_protocol
1719878400,808380.914,2024-07-02 00:00:00,balmy_protocol
1719964800,799731.42857,2024-07-03 00:00:00,balmy_protocol
1720051200,778550.80445,2024-07-04 00:00:00,balmy_protocol
1720137600,808476.41635,2024-07-05 00:00:00,balmy_protocol
1720224000,778472.91691,2024-07-06 00:00:00,balmy_protocol
1720310400,810238.13433,2024-07-07 00:00:00,balmy_protocol
1720396800,789036.02228,2024-07-08 00:00:00,balmy_protocol
1720483200,808740.48496,2024-07-09 00:00:00,balmy_protocol
1720569600,827818.0325,2024-07-10 00:00:00,balmy_protocol
1720656000,831814.46638,2024-07-11 00:00:00,balmy_protocol
1720742400,833992.94273,2024-07-12 00:00:00,balmy_protocol
1720828800,834438.45989,2024-07-13 00:00:00,balmy_protocol
1720915200,838358.37135,2024-07-14 00:00:00,balmy_protocol
1721001600,860666.58072,2024-07-15 00:00:00,balmy_protocol
1721088000,894438.95468,2024-07-16 00:00:00,balmy_protocol
1721174400,894286.6919,2024-07-17 00:00:00,balmy_protocol
1721260800,898517.19527,2024-07-18 00:00:00,balmy_protocol
1721347200,895416.26517,2024-07-19 00:00:00,balmy_protocol
1721433600,928797.36307,2024-07-20 00:00:00,balmy_protocol
1721520000,907346.72906,2024-07-21 00:00:00,balmy_protocol
1721606400,910701.91389,2024-07-22 00:00:00,balmy_protocol
1721692800,884514.54182,2024-07-23 00:00:00,balmy_protocol
1721779200,878310.30124,2024-07-24 00:00:00,balmy_protocol
1721865600,830223.27561,2024-07-25 00:00:00,balmy_protocol
1721952000,827753.18758,2024-07-26 00:00:00,balmy_protocol
1722038400,845657.95598,2024-07-27 00:00:00,balmy_protocol
1722124800,852070.79544,2024-07-28 00:00:00,balmy_protocol
1722211200,843232.67998,2024-07-29 00:00:00,balmy_protocol
1722297600,978149.72938,2024-07-30 00:00:00,balmy_protocol
1722384000,820779.08237,2024-07-31 00:00:00,balmy_protocol
1722470400,809319.94478,2024-08-01 00:00:00,balmy_protocol
1722556800,811287.45489,2024-08-02 00:00:00,balmy_protocol
1722643200,775891.94975,2024-08-03 00:00:00,balmy_protocol
1722729600,763444.38536,2024-08-04 00:00:00,balmy_protocol
1722816000,727242.89889,2024-08-05 00:00:00,balmy_protocol
1722902400,666796.36905,2024-08-06 00:00:00,balmy_protocol
1722988800,692237.14228,2024-08-07 00:00:00,balmy_protocol
1723075200,665931.10763,2024-08-08 00:00:00,balmy_protocol
1723161600,748187.3412,2024-08-09 00:00:00,balmy_protocol
1723248000,753516.26009,2024-08-10 00:00:00,balmy_protocol
1723334400,694443.68478,2024-08-11 00:00:00,balmy_protocol
1723420800,682080.2986,2024-08-12 00:00:00,balmy_protocol
1723507200,707954.82663,2024-08-13 00:00:00,balmy_protocol
1723593600,715106.6972,2024-08-14 00:00:00,balmy_protocol
1723680000,712700.77476,2024-08-15 00:00:00,balmy_protocol
1723766400,688574.59161,2024-08-16 00:00:00,balmy_protocol
1723852800,694527.56943,2024-08-17 00:00:00,balmy_protocol
1723939200,698853.78422,2024-08-18 00:00:00,balmy_protocol
1724025600,705673.884,2024-08-19 00:00:00,balmy_protocol
1724112000,698002.53698,2024-08-20 00:00:00,balmy_protocol
1724198400,698397.50301,2024-08-21 00:00:00,balmy_protocol
1724284800,694233.38687,2024-08-22 00:00:00,balmy_protocol
1724371200,692111.68903,2024-08-23 00:00:00,balmy_protocol
1724457600,725795.9048,2024-08-24 00:00:00,balmy_protocol
1724544000,715133.24413,2024-08-25 00:00:00,balmy_protocol
1724630400,708762.49559,2024-08-26 00:00:00,balmy_protocol
1724716800,685293.04085,2024-08-27 00:00:00,balmy_protocol
1724803200,644278.45245,2024-08-28 00:00:00,balmy_protocol
1724889600,652735.99256,2024-08-29 00:00:00,balmy_protocol
1724976000,650142.1503,2024-08-30 00:00:00,balmy_protocol
1725062400,649239.78991,2024-08-31 00:00:00,balmy_protocol
1725148800,648607.33508,2024-09-01 00:00:00,balmy_protocol
1725235200,634024.82735,2024-09-02 00:00:00,balmy_protocol
1725321600,649047.13921,2024-09-03 00:00:00,balmy_protocol
1725408000,620346.97425,2024-09-04 00:00:00,balmy_protocol
1725494400,622757.02544,2024-09-05 00:00:00,balmy_protocol
1725580800,606196.67934,2024-09-06 00:00:00,balmy_protocol
1725667200,580136.19872,2024-09-07 00:00:00,balmy_protocol
1725753600,586718.21235,2024-09-08 00:00:00,balmy_protocol
1725840000,592051.69345,2024-09-09 00:00:00,balmy_protocol
1725926400,604409.31884,2024-09-10 00:00:00,balmy_protocol
1726012800,609503.65635,2024-09-11 00:00:00,balmy_protocol
1726099200,603832.94389,2024-09-12 00:00:00,balmy_protocol
1726185600,598031.98852,2024-09-13 00:00:00,balmy_protocol
1726272000,615199.10812,2024-09-14 00:00:00,balmy_protocol
1726358400,608918.50653,2024-09-15 00:00:00,balmy_protocol
1726444800,596784.68628,2024-09-16 00:00:00,balmy_protocol
1726531200,584034.16728,2024-09-17 00:00:00,balmy_protocol
1726617600,595257.60532,2024-09-18 00:00:00,balmy_protocol
1726704000,609894.42062,2024-09-19 00:00:00,balmy_protocol
1726790400,631527.55462,2024-09-20 00:00:00,balmy_protocol
1726876800,644482.69452,2024-09-21 00:00:00,balmy_protocol
1726963200,642335.73022,2024-09-22 00:00:00,balmy_protocol
1727049600,635601.42093,2024-09-23 00:00:00,balmy_protocol
1727136000,651927.52418,2024-09-24 00:00:00,balmy_protocol
1727222400,669090.63193,2024-09-25 00:00:00,balmy_protocol
1727308800,663795.65477,2024-09-26 00:00:00,balmy_protocol
1727395200,683882.05864,2024-09-27 00:00:00,balmy_protocol
1727481600,693780.18076,2024-09-28 00:00:00,balmy_protocol
1727568000,691873.15463,2024-09-29 00:00:00,balmy_protocol
1727654400,693157.37983,2024-09-30 00:00:00,balmy_protocol
1727740800,668061.06979,2024-10-01 00:00:00,balmy_protocol
1727827200,635050.01875,2024-10-02 00:00:00,balmy_protocol
1727913600,616262.89616,2024-10-03 00:00:00,balmy_protocol
1728000000,608371.86318,2024-10-04 00:00:00,balmy_protocol
1728086400,619310.48006,2024-10-05 00:00:00,balmy_protocol
1728172800,606984.42566,2024-10-06 00:00:00,balmy_protocol
1728259200,613327.99251,2024-10-07 00:00:00,balmy_protocol
1728345600,617003.31367,2024-10-08 00:00:00,balmy_protocol
1728432000,620939.3785,2024-10-09 00:00:00,balmy_protocol
1728518400,606506.61934,2024-10-10 00:00:00,balmy_protocol
1728604800,725780.01265,2024-10-11 00:00:00,balmy_protocol
1728691200,745298.26257,2024-10-12 00:00:00,balmy_protocol
1728777600,748832.23026,2024-10-13 00:00:00,balmy_protocol
1728864000,742514.70461,2024-10-14 00:00:00,balmy_protocol
1728950400,777602.56001,2024-10-15 00:00:00,balmy_protocol
1729036800,767645.26932,2024-10-16 00:00:00,balmy_protocol
1729123200,770715.32033,2024-10-17 00:00:00,balmy_protocol
1729209600,766662.2367,2024-10-18 00:00:00,balmy_protocol
1729296000,775794.1878,2024-10-19 00:00:00,balmy_protocol
1729382400,782983.9711,2024-10-20 00:00:00,balmy_protocol
1729468800,798842.69917,2024-10-21 00:00:00,balmy_protocol
1729555200,787258.77361,2024-10-22 00:00:00,balmy_protocol
1729641600,779403.7594,2024-10-23 00:00:00,balmy_protocol
1729728000,756944.59797,2024-10-24 00:00:00,balmy_protocol
1729814400,763903.27146,2024-10-25 00:00:00,balmy_protocol
1729900800,739303.83744,2024-10-26 00:00:00,balmy_protocol
1729987200,737197.85054,2024-10-27 00:00:00,balmy_protocol
1730073600,734068.62337,2024-10-28 00:00:00,balmy_protocol
1730160000,745761.25759,2024-10-29 00:00:00,balmy_protocol
1730246400,758029.40823,2024-10-30 00:00:00,balmy_protocol
1730332800,758185.87702,2024-10-31 00:00:00,balmy_protocol
1730419200,729837.89359,2024-11-01 00:00:00,balmy_protocol
1730505600,722543.25804,2024-11-02 00:00:00,balmy_protocol
1730592000,723662.42544,2024-11-03 00:00:00,balmy_protocol
1730678400,714817.52691,2024-11-04 00:00:00,balmy_protocol
1730764800,703892.12431,2024-11-05 00:00:00,balmy_protocol
1730851200,712546.44156,2024-11-06 00:00:00,balmy_protocol
1730937600,762481.19408,2024-11-07 00:00:00,balmy_protocol
1731024000,836763.58221,2024-11-08 00:00:00,balmy_protocol
1731110400,848312.30425,2024-11-09 00:00:00,balmy_protocol
1731196800,874220.56517,2024-11-10 00:00:00,balmy_protocol
1731283200,876769.37928,2024-11-11 00:00:00,balmy_protocol
1731369600,916258.66282,2024-11-12 00:00:00,balmy_protocol
1731456000,883771.69705,2024-11-13 00:00:00,balmy_protocol
1731542400,869582.13367,2024-11-14 00:00:00,balmy_protocol
1731628800,836859.65911,2024-11-15 00:00:00,balmy_protocol
1731715200,847591.56782,2024-11-16 00:00:00,balmy_protocol
1731801600,859226.1251,2024-11-17 00:00:00,balmy_protocol
1731888000,839154.38024,2024-11-18 00:00:00,balmy_protocol
1731974400,854409.43803,2024-11-19 00:00:00,balmy_protocol
1732060800,842793.92863,2024-11-20 00:00:00,balmy_protocol
1732147200,818693.53683,2024-11-21 00:00:00,balmy_protocol
1732233600,873008.39299,2024-11-22 00:00:00,balmy_protocol
1732320000,876097.07788,2024-11-23 00:00:00,balmy_protocol
1732406400,892932.08532,2024-11-24 00:00:00,balmy_protocol
1732492800,884356.81826,2024-11-25 00:00:00,balmy_protocol
1732579200,887087.67684,2024-11-26 00:00:00,balmy_protocol
1732665600,862762.01565,2024-11-27 00:00:00,balmy_protocol
1732752000,919353.87365,2024-11-28 00:00:00,balmy_protocol
1732838400,913488.72194,2024-11-29 00:00:00,balmy_protocol
1732924800,919156.4408,2024-11-30 00:00:00,balmy_protocol
1733011200,934518.60281,2024-12-01 00:00:00,balmy_protocol
1733097600,937647.18448,2024-12-02 00:00:00,balmy_protocol
1733184000,923847.60153,2024-12-03 00:00:00,balmy_protocol
1733270400,922914.45606,2024-12-04 00:00:00,balmy_protocol
1733356800,960757.50113,2024-12-05 00:00:00,balmy_protocol
1733443200,953428.75926,2024-12-06 00:00:00,balmy_protocol
1733529600,956561.27056,2024-12-07 00:00:00,balmy_protocol
1733616000,960850.00529,2024-12-08 00:00:00,balmy_protocol
1733702400,960219.8105,2024-12-09 00:00:00,balmy_protocol
1733788800,900532.89374,2024-12-10 00:00:00,balmy_protocol
1733875200,1017549.81115,2024-12-11 00:00:00,balmy_protocol
1733961600,1064848.71174,2024-12-12 00:00:00,balmy_protocol
1734048000,1091352.44711,2024-12-13 00:00:00,balmy_protocol
1734134400,1097249.41046,2024-12-14 00:00:00,balmy_protocol
1734220800,1083291.32974,2024-12-15 00:00:00,balmy_protocol
1734307200,1085055.64089,2024-12-16 00:00:00,balmy_protocol
1734393600,1107881.34398,2024-12-17 00:00:00,balmy_protocol
1734480000,1080962.89364,2024-12-18 00:00:00,balmy_protocol
1734566400,1026480.48183,2024-12-19 00:00:00,balmy_protocol
1734652800,973868.06056,2024-12-20 00:00:00,balmy_protocol
1734739200,982192.66804,2024-12-21 00:00:00,balmy_protocol
1734825600,958348.64137,2024-12-22 00:00:00,balmy_protocol
1734912000,927636.48646,2024-12-23 00:00:00,balmy_protocol
1734998400,973905.19669,2024-12-24 00:00:00,balmy_protocol
1735084800,991219.63178,2024-12-25 00:00:00,balmy_protocol
1735171200,989952.75723,2024-12-26 00:00:00,balmy_protocol
1735257600,857382.18096,2024-12-27 00:00:00,balmy_protocol
1735344000,860798.17794,2024-12-28 00:00:00,balmy_protocol
1735430400,876308.1703,2024-12-29 00:00:00,balmy_protocol
1735516800,836960.07345,2024-12-30 00:00:00,balmy_protocol
1735603200,834195.37834,2024-12-31 00:00:00,balmy_protocol
1735689600,841931.94647,2025-01-01 00:00:00,balmy_protocol
1735776000,895352.34467,2025-01-02 00:00:00,balmy_protocol
1735862400,857362.41019,2025-01-03 00:00:00,balmy_protocol
1735948800,869466.1951,2025-01-04 00:00:00,balmy_protocol
1736035200,886561.64967,2025-01-05 00:00:00,balmy_protocol
1736121600,886130.02275,2025-01-06 00:00:00,balmy_protocol
1736208000,891408.62842,2025-01-07 00:00:00,balmy_protocol
1736294400,856148.08652,2025-01-08 00:00:00,balmy_protocol
1736380800,808267.67614,2025-01-09 00:00:00,balmy_protocol
1736467200,786100.88878,2025-01-10 00:00:00,balmy_protocol
1736553600,794211.94052,2025-01-11 00:00:00,balmy_protocol
1736640000,787594.96254,2025-01-12 00:00:00,balmy_protocol
1736726400,774405.43657,2025-01-13 00:00:00,balmy_protocol
1736812800,757865.33615,2025-01-14 00:00:00,balmy_protocol
1736899200,777083.12096,2025-01-15 00:00:00,balmy_protocol
1736985600,813323.25138,2025-01-16 00:00:00,balmy_protocol
1737072000,807449.23649,2025-01-17 00:00:00,balmy_protocol
1737158400,843343.46979,2025-01-18 00:00:00,balmy_protocol
1737244800,808562.93266,2025-01-19 00:00:00,balmy_protocol
1737331200,794615.99539,2025-01-20 00:00:00,balmy_protocol
1737417600,789080.53906,2025-01-21 00:00:00,balmy_protocol
1737504000,802391.07496,2025-01-22 00:00:00,balmy_protocol
1737590400,791904.91077,2025-01-23 00:00:00,balmy_protocol
1737676800,797464.27297,2025-01-24 00:00:00,balmy_protocol
1737763200,804301.13191,2025-01-25 00:00:00,balmy_protocol
1737849600,805301.02518,2025-01-26 00:00:00,balmy_protocol
1737862499,802768.89207,2025-01-26 03:34:59,balmy_protocol
