Name,Metric,Date,Value
thirdweb,GITHUB_forks_weekly,2024-01-08,10.0
Redstone Finance,GITHUB_forks_weekly,2024-01-08,3.0
thirdweb,GITHUB_comments_daily,2024-01-08,30.0
Runtime Verification,GITHUB_comments_daily,2024-01-08,18.0
Trail of Bits Security Reviews,GITHUB_comments_daily,2024-01-08,3.0
Open Source Observer,GITHUB_comments_daily,2024-01-08,7.0
Trail of Bits Security Reviews,GITHUB_releases_weekly,2024-01-08,3.0
Trail of Bits Security Reviews,GITHUB_stars_weekly,2024-01-08,91.0
Open Source Observer,GITHUB_commits_daily,2024-01-08,1.0
Redstone Finance,GITHUB_commits_daily,2024-01-08,6.0
Runtime Verification,GITHUB_commits_daily,2024-01-08,3.0
Arbos Foundry,GITHUB_commits_weekly,2024-01-08,20.0
thirdweb,GITHUB_commits_weekly,2024-01-08,83.0
Open Source Observer,GITHUB_commits_weekly,2024-01-08,9.0
Pyth Network,GITHUB_comments_weekly,2024-01-08,64.0
Runtime Verification,GITHUB_comments_weekly,2024-01-08,195.0
WakeUp Labs,GITHUB_comments_weekly,2024-01-08,2.0
Runtime Verification,GITHUB_commits_weekly,2024-01-08,90.0
Pyth Network,GITHUB_repositories_weekly,2024-01-08,9.0
thirdweb,GITHUB_forks_daily,2024-01-08,1.0
Pyth Network,GITHUB_forks_daily,2024-01-08,1.0
thirdweb,GITHUB_repositories_daily,2024-01-08,6.0
Pyth Network,GITHUB_repositories_daily,2024-01-08,3.0
Runtime Verification,GITHUB_repositories_daily,2024-01-08,5.0
Runtime Verification,GITHUB_contributors_weekly,2024-01-08,22.0
Debid - Fairblock,GITHUB_contributors_weekly,2024-01-08,12.0
Open Source Observer,GITHUB_active_developers_daily,2024-01-08,1.0
Runtime Verification,GITHUB_active_developers_daily,2024-01-08,2.0
Trail of Bits Security Reviews,GITHUB_contributors_daily,2024-01-08,8.0
Open Source Observer,GITHUB_contributors_daily,2024-01-08,2.0
Open Source Observer,GITHUB_opened_pull_requests_daily,2024-01-08,3.0
Pyth Network,GITHUB_opened_pull_requests_daily,2024-01-08,11.0
Debid - Fairblock,GITHUB_opened_pull_requests_weekly,2024-01-08,8.0
Runtime Verification,GITHUB_opened_pull_requests_weekly,2024-01-08,58.0
thirdweb,GITHUB_merged_pull_requests_daily,2024-01-08,7.0
Trail of Bits Security Reviews,GITHUB_merged_pull_requests_daily,2024-01-08,19.0
Pyth Network,GITHUB_merged_pull_requests_daily,2024-01-08,11.0
Trail of Bits Security Reviews,GITHUB_merged_pull_requests_weekly,2024-01-08,47.0
thirdweb,GITHUB_opened_issues_weekly,2024-01-08,6.0
thirdweb,GITHUB_opened_issues_daily,2024-01-08,2.0
Open Source Observer,GITHUB_closed_issues_daily,2024-01-08,2.0
Open Source Observer,GITHUB_commits_daily,2024-05-25,7.0
thirdweb,GITHUB_forks_daily,2024-05-25,3.0
Walnut,GITHUB_forks_daily,2024-05-25,2.0
Open Source Observer,GITHUB_repositories_daily,2024-05-25,2.0
Pyth Network,GITHUB_repositories_daily,2024-05-25,1.0
Walnut,GITHUB_repositories_daily,2024-05-25,2.0
thirdweb,GITHUB_contributors_daily,2024-05-25,5.0
Redstone Finance,GITHUB_contributors_daily,2024-05-25,1.0
Trail of Bits Security Reviews,GITHUB_merged_pull_requests_daily,2024-05-25,3.0
Runtime Verification,GITHUB_opened_issues_daily,2024-05-25,1.0
Open Source Observer,GITHUB_closed_issues_daily,2024-05-25,1.0
Runtime Verification,GITHUB_comments_daily,2024-06-20,41.0
Runtime Verification,GITHUB_stars_daily,2024-06-20,2.0
Trail of Bits Security Reviews,GITHUB_stars_daily,2024-06-20,14.0
Walnut,GITHUB_stars_daily,2024-06-20,1.0
Pyth Network,GITHUB_commits_daily,2024-06-20,19.0
Open Source Observer,GITHUB_commits_daily,2024-06-20,2.0
Walnut,GITHUB_forks_daily,2024-06-20,6.0
thirdweb,GITHUB_repositories_daily,2024-06-20,2.0
Walnut,GITHUB_repositories_daily,2024-06-20,3.0
Runtime Verification,GITHUB_repositories_daily,2024-06-20,11.0
thirdweb,GITHUB_opened_pull_requests_daily,2024-06-20,16.0
Runtime Verification,GITHUB_opened_pull_requests_daily,2024-06-20,13.0
Walnut,GITHUB_opened_pull_requests_daily,2024-06-20,3.0
Trail of Bits Security Reviews,GITHUB_opened_pull_requests_daily,2024-06-20,14.0
Open Source Observer,GITHUB_merged_pull_requests_daily,2024-06-20,3.0
Runtime Verification,GITHUB_opened_issues_daily,2024-06-20,1.0
Trail of Bits Security Reviews,GITHUB_comments_daily,2024-05-16,9.0
thirdweb,GITHUB_comments_daily,2024-05-16,90.0
Passport XYZ,GITHUB_comments_daily,2024-05-16,2.0
Trail of Bits Security Reviews,GITHUB_stars_daily,2024-05-16,17.0
Syndicate Protocol,GITHUB_commits_daily,2024-05-16,4.0
Pyth Network,GITHUB_commits_daily,2024-05-16,5.0
Syndicate Protocol,GITHUB_repositories_daily,2024-05-16,1.0
thirdweb,GITHUB_repositories_daily,2024-05-16,6.0
Pyth Network,GITHUB_repositories_daily,2024-05-16,6.0
Open Source Observer,GITHUB_contributors_daily,2024-05-16,4.0
Trail of Bits Security Reviews,GITHUB_active_developers_daily,2024-05-16,3.0
Redstone Finance,GITHUB_active_developers_daily,2024-05-16,1.0
Runtime Verification,GITHUB_opened_pull_requests_daily,2024-05-16,12.0
thirdweb,GITHUB_opened_pull_requests_daily,2024-05-16,13.0
Open Source Observer,GITHUB_opened_pull_requests_daily,2024-05-16,5.0
thirdweb,GITHUB_merged_pull_requests_daily,2024-05-16,16.0
Pyth Network,GITHUB_comments_daily,2024-08-21,22.0
Trail of Bits Security Reviews,GITHUB_comments_daily,2024-08-21,4.0
Trail of Bits Security Reviews,GITHUB_stars_daily,2024-08-21,11.0
Redstone Finance,GITHUB_stars_daily,2024-08-21,1.0
Pyth Network,GITHUB_commits_daily,2024-08-21,5.0
Pyth Network,GITHUB_releases_daily,2024-08-21,2.0
Enclave,GITHUB_repositories_daily,2024-08-21,1.0
Redstone Finance,GITHUB_repositories_daily,2024-08-21,3.0
Runtime Verification,GITHUB_repositories_daily,2024-08-21,12.0
thirdweb,GITHUB_contributors_daily,2024-08-21,12.0
Walnut,GITHUB_contributors_daily,2024-08-21,1.0
Redstone Finance,GITHUB_active_developers_daily,2024-08-21,2.0
Open Source Observer,GITHUB_active_developers_daily,2024-08-21,1.0
Trail of Bits Security Reviews,GITHUB_opened_issues_daily,2024-08-21,1.0
Pyth Network,GITHUB_opened_issues_daily,2024-08-21,2.0
Enclave,GITHUB_opened_issues_daily,2024-08-21,1.0
thirdweb,GITHUB_comments_daily,2024-04-12,65.0
Walnut,GITHUB_comments_daily,2024-04-12,1.0
Trail of Bits Security Reviews,GITHUB_comments_daily,2024-04-12,7.0
Pyth Network,GITHUB_comments_daily,2024-04-12,38.0
Trail of Bits Security Reviews,GITHUB_stars_daily,2024-04-12,9.0
thirdweb,GITHUB_commits_daily,2024-04-12,20.0
WakeUp Labs,GITHUB_commits_daily,2024-04-12,1.0
Redstone Finance,GITHUB_repositories_daily,2024-04-12,1.0
WakeUp Labs,GITHUB_contributors_daily,2024-04-12,1.0
Runtime Verification,GITHUB_contributors_daily,2024-04-12,12.0
Runtime Verification,GITHUB_active_developers_daily,2024-04-12,5.0
Pyth Network,GITHUB_active_developers_daily,2024-04-12,6.0
Walnut,GITHUB_opened_pull_requests_daily,2024-04-12,2.0
Debid - Fairblock,GITHUB_opened_pull_requests_daily,2024-04-12,1.0
Pyth Network,GITHUB_merged_pull_requests_daily,2024-04-12,10.0
Open Source Observer,GITHUB_merged_pull_requests_daily,2024-04-12,2.0
Pyth Network,GITHUB_opened_issues_daily,2024-04-12,1.0
Pyth Network,GITHUB_closed_issues_daily,2024-04-12,6.0
Runtime Verification,GITHUB_comments_daily,2024-06-22,2.0
Walnut,GITHUB_comments_daily,2024-06-22,3.0
Open Source Observer,GITHUB_comments_daily,2024-06-22,7.0
Runtime Verification,GITHUB_commits_daily,2024-06-22,1.0
Open Source Observer,GITHUB_commits_daily,2024-06-22,1.0
Redstone Finance,GITHUB_forks_daily,2024-06-22,3.0
Open Source Observer,GITHUB_repositories_daily,2024-06-22,2.0
Walnut,GITHUB_contributors_daily,2024-06-22,1.0
Pyth Network,GITHUB_contributors_daily,2024-06-22,1.0
Open Source Observer,GITHUB_contributors_daily,2024-06-22,4.0
Runtime Verification,GITHUB_active_developers_daily,2024-06-22,1.0
Pyth Network,GITHUB_opened_pull_requests_daily,2024-06-22,1.0
Open Source Observer,GITHUB_merged_pull_requests_daily,2024-06-22,1.0
Walnut,GITHUB_opened_issues_daily,2024-06-22,1.0
Open Source Observer,GITHUB_stars_daily,2024-12-26,1.0
Enclave,GITHUB_stars_daily,2024-12-26,1.0
Open Source Observer,GITHUB_contributors_daily,2024-12-26,1.0
Trail of Bits Security Reviews,GITHUB_contributors_daily,2024-12-26,8.0
Debid - Fairblock,GITHUB_contributors_daily,2024-12-26,1.0
thirdweb,GITHUB_active_developers_daily,2024-12-26,1.0
Pyth Network,GITHUB_opened_issues_daily,2024-12-26,1.0
thirdweb,GITHUB_comments_daily,2024-04-24,41.0
Syndicate Protocol,GITHUB_comments_daily,2024-04-24,2.0
Debid - Fairblock,GITHUB_commits_daily,2024-04-24,4.0
Trail of Bits Security Reviews,GITHUB_commits_daily,2024-04-24,5.0
Runtime Verification,GITHUB_commits_daily,2024-04-24,35.0
Trail of Bits Security Reviews,GITHUB_forks_daily,2024-04-24,1.0
Syndicate Protocol,GITHUB_repositories_daily,2024-04-24,1.0
Runtime Verification,GITHUB_repositories_daily,2024-04-24,7.0
Walnut,GITHUB_contributors_daily,2024-04-24,1.0
Syndicate Protocol,GITHUB_contributors_daily,2024-04-24,2.0
Pyth Network,GITHUB_opened_pull_requests_daily,2024-04-24,11.0
Walnut,GITHUB_merged_pull_requests_daily,2024-04-24,1.0
Open Source Observer,GITHUB_opened_issues_daily,2024-04-24,6.0
Open Source Observer,GITHUB_closed_issues_daily,2024-04-24,5.0
thirdweb,GITHUB_commits_daily,2024-04-28,3.0
thirdweb,GITHUB_forks_daily,2024-04-28,5.0
Open Source Observer,GITHUB_repositories_daily,2024-04-28,3.0
Open Source Observer,GITHUB_contributors_daily,2024-04-28,2.0
Open Source Observer,GITHUB_active_developers_daily,2024-04-28,1.0
Trail of Bits Security Reviews,GITHUB_opened_pull_requests_daily,2024-04-28,5.0
Runtime Verification,GITHUB_opened_pull_requests_daily,2024-04-28,1.0
Open Source Observer,GITHUB_opened_issues_daily,2024-04-28,1.0
thirdweb,GITHUB_closed_issues_daily,2024-04-28,10.0
Passport XYZ,GITHUB_comments_daily,2025-03-11,12.0
thirdweb,GITHUB_stars_daily,2025-03-11,2.0
Pyth Network,GITHUB_stars_daily,2025-03-11,2.0
Passport XYZ,GITHUB_commits_daily,2025-03-11,2.0
9Lives,GITHUB_commits_daily,2025-03-11,5.0
Pyth Network,GITHUB_repositories_daily,2025-03-11,4.0
Remix IDE plugin for Arbitrum Stylus,GITHUB_repositories_daily,2025-03-11,1.0
9Lives,GITHUB_repositories_daily,2025-03-11,1.0
Redstone Finance,GITHUB_repositories_daily,2025-03-11,5.0
CodeTracer,GITHUB_contributors_daily,2025-03-11,1.0
9Lives,GITHUB_contributors_daily,2025-03-11,1.0
Trail of Bits Security Reviews,GITHUB_contributors_daily,2025-03-11,3.0
Trail of Bits Security Reviews,GITHUB_active_developers_daily,2025-03-11,2.0
Open Source Observer,GITHUB_active_developers_daily,2025-03-11,3.0
Redstone Finance,GITHUB_opened_pull_requests_daily,2025-03-11,1.0
thirdweb,GITHUB_opened_pull_requests_daily,2025-03-11,5.0
Pyth Network,GITHUB_merged_pull_requests_daily,2025-03-11,6.0
Pyth Network,GITHUB_stars_daily,2024-07-23,2.0
Pyth Network,GITHUB_commits_daily,2024-07-23,3.0
Runtime Verification,GITHUB_forks_daily,2024-07-23,1.0
Pyth Network,GITHUB_forks_daily,2024-07-23,2.0
thirdweb,GITHUB_repositories_daily,2024-07-23,6.0
Redstone Finance,GITHUB_active_developers_daily,2024-07-23,3.0
Open Source Observer,GITHUB_active_developers_daily,2024-07-23,2.0
Passport XYZ,GITHUB_opened_pull_requests_daily,2024-07-23,6.0
Redstone Finance,GITHUB_merged_pull_requests_daily,2024-07-23,1.0
Trail of Bits Security Reviews,GITHUB_opened_issues_daily,2024-07-23,2.0
Open Source Observer,GITHUB_opened_issues_daily,2024-07-23,2.0
Runtime Verification,GITHUB_closed_issues_daily,2024-07-23,3.0
Open Source Observer,GITHUB_comments_daily,2024-10-17,12.0
Redstone Finance,GITHUB_comments_daily,2024-10-17,2.0
Runtime Verification,GITHUB_commits_daily,2024-10-17,36.0
Debid - Fairblock,GITHUB_commits_daily,2024-10-17,1.0
Pyth Network,GITHUB_commits_daily,2024-10-17,5.0
Redstone Finance,GITHUB_releases_daily,2024-10-17,1.0
Runtime Verification,GITHUB_forks_daily,2024-10-17,1.0
thirdweb,GITHUB_repositories_daily,2024-10-17,6.0
Redstone Finance,GITHUB_repositories_daily,2024-10-17,4.0
Debid - Fairblock,GITHUB_repositories_daily,2024-10-17,1.0
Runtime Verification,GITHUB_repositories_daily,2024-10-17,11.0
Trail of Bits Security Reviews,GITHUB_contributors_daily,2024-10-17,4.0
Redstone Finance,GITHUB_active_developers_daily,2024-10-17,3.0
thirdweb,GITHUB_opened_pull_requests_daily,2024-10-17,16.0
Passport XYZ,GITHUB_opened_pull_requests_daily,2024-10-17,8.0
Trail of Bits Security Reviews,GITHUB_merged_pull_requests_daily,2024-10-17,6.0
Open Source Observer,GITHUB_merged_pull_requests_daily,2024-10-17,12.0
thirdweb,GITHUB_merged_pull_requests_daily,2024-10-17,17.0
Open Source Observer,GITHUB_closed_issues_daily,2024-10-17,2.0
Remix IDE plugin for Arbitrum Stylus,GITHUB_comments_daily,2024-08-14,1.0
Passport XYZ,GITHUB_comments_daily,2024-08-14,2.0
thirdweb,GITHUB_stars_daily,2024-08-14,2.0
Open Source Observer,GITHUB_stars_daily,2024-08-14,1.0
thirdweb,GITHUB_commits_daily,2024-08-14,10.0
Open Source Observer,GITHUB_repositories_daily,2024-08-14,3.0
Runtime Verification,GITHUB_repositories_daily,2024-08-14,11.0
Open Source Observer,GITHUB_contributors_daily,2024-08-14,3.0
Runtime Verification,GITHUB_contributors_daily,2024-08-14,13.0
Passport XYZ,GITHUB_opened_pull_requests_daily,2024-08-14,4.0
thirdweb,GITHUB_closed_issues_daily,2024-08-14,1.0
Open Source Observer,GITHUB_closed_issues_daily,2024-08-14,1.0
Redstone Finance,GITHUB_stars_daily,2024-03-03,2.0
thirdweb,GITHUB_forks_daily,2024-03-03,1.0
Trail of Bits Security Reviews,GITHUB_opened_pull_requests_daily,2024-03-03,2.0
Runtime Verification,GITHUB_comments_daily,2024-06-08,3.0
Pyth Network,GITHUB_comments_daily,2024-06-08,2.0
Runtime Verification,GITHUB_releases_daily,2024-06-08,1.0
thirdweb,GITHUB_repositories_daily,2024-06-08,3.0
Open Source Observer,GITHUB_active_developers_daily,2024-06-08,1.0
thirdweb,GITHUB_active_developers_daily,2024-06-08,6.0
Trail of Bits Security Reviews,GITHUB_opened_pull_requests_daily,2024-06-08,1.0
Trail of Bits Security Reviews,GITHUB_closed_issues_daily,2024-06-08,1.0
Open Source Observer,GITHUB_closed_issues_daily,2024-06-08,1.0
Trail of Bits Security Reviews,GITHUB_stars_daily,2024-01-28,9.0
Trail of Bits Security Reviews,GITHUB_forks_daily,2024-01-28,4.0
thirdweb,GITHUB_forks_daily,2024-01-28,1.0
Open Source Observer,GITHUB_repositories_daily,2024-01-28,2.0
Runtime Verification,GITHUB_repositories_daily,2024-01-28,3.0
thirdweb,GITHUB_contributors_daily,2024-01-28,2.0
Trail of Bits Security Reviews,GITHUB_active_developers_daily,2024-01-28,2.0
thirdweb,GITHUB_merged_pull_requests_daily,2024-01-28,1.0
thirdweb,GITHUB_opened_issues_daily,2024-01-28,1.0
Runtime Verification,GITHUB_stars_daily,2024-12-19,1.0
Passport XYZ,GITHUB_commits_daily,2024-12-19,4.0
thirdweb,GITHUB_repositories_daily,2024-12-19,1.0
Passport XYZ,GITHUB_repositories_daily,2024-12-19,2.0
Passport XYZ,GITHUB_contributors_daily,2024-12-19,4.0
thirdweb,GITHUB_contributors_daily,2024-12-19,9.0
Moving Stylus,GITHUB_contributors_daily,2024-12-19,1.0
Walnut,GITHUB_contributors_daily,2024-12-19,4.0
Runtime Verification,GITHUB_contributors_daily,2024-12-19,7.0
Redstone Finance,GITHUB_active_developers_daily,2024-12-19,1.0
Open Source Observer,GITHUB_active_developers_daily,2024-12-19,3.0
Open Source Observer,GITHUB_opened_pull_requests_daily,2024-12-19,8.0
Enclave,GITHUB_opened_pull_requests_daily,2024-12-19,1.0
Enclave,GITHUB_merged_pull_requests_daily,2024-12-19,1.0
Passport XYZ,GITHUB_opened_issues_daily,2024-12-19,12.0
Passport XYZ,GITHUB_closed_issues_daily,2024-12-19,4.0
Trail of Bits Security Reviews,GITHUB_comments_daily,2024-11-17,1.0
Open Source Observer,GITHUB_comments_daily,2024-11-17,6.0
thirdweb,GITHUB_stars_daily,2024-11-17,2.0
Runtime Verification,GITHUB_stars_daily,2024-11-17,1.0
Trail of Bits Security Reviews,GITHUB_stars_daily,2024-11-17,16.0
Redstone Finance,GITHUB_commits_daily,2024-11-17,1.0
Trail of Bits Security Reviews,GITHUB_forks_daily,2024-11-17,1.0
Redstone Finance,GITHUB_repositories_daily,2024-11-17,1.0
thirdweb,GITHUB_repositories_daily,2024-11-17,2.0
Redstone Finance,GITHUB_contributors_daily,2024-11-17,1.0
Open Source Observer,GITHUB_contributors_daily,2024-11-17,1.0
Runtime Verification,GITHUB_contributors_daily,2024-11-17,2.0
Open Source Observer,GITHUB_opened_pull_requests_daily,2024-11-17,5.0
Trail of Bits Security Reviews,GITHUB_opened_issues_daily,2024-11-17,1.0
Open Source Observer,GITHUB_comments_daily,2024-12-08,3.0
Trail of Bits Security Reviews,GITHUB_stars_daily,2024-12-08,4.0
Passport XYZ,GITHUB_stars_daily,2024-12-08,10.0
thirdweb,GITHUB_stars_daily,2024-12-08,1.0
Ember,GITHUB_commits_daily,2024-12-08,22.0
Passport XYZ,GITHUB_forks_daily,2024-12-08,2.0
thirdweb,GITHUB_repositories_daily,2024-12-08,3.0
thirdweb,GITHUB_contributors_daily,2024-12-08,7.0
Runtime Verification,GITHUB_active_developers_daily,2024-12-08,1.0
Pyth Network,GITHUB_active_developers_daily,2024-12-08,1.0
thirdweb,GITHUB_merged_pull_requests_daily,2024-12-08,6.0
Pyth Network,GITHUB_merged_pull_requests_daily,2024-12-08,1.0
thirdweb,GITHUB_comments_daily,2024-04-08,97.0
Walnut,GITHUB_comments_daily,2024-04-08,4.0
Syndicate Protocol,GITHUB_stars_weekly,2024-04-08,1.0
thirdweb,GITHUB_commits_daily,2024-04-08,21.0
Runtime Verification,GITHUB_releases_weekly,2024-04-08,24.0
thirdweb,GITHUB_releases_daily,2024-04-08,3.0
Runtime Verification,GITHUB_commits_weekly,2024-04-08,147.0
Trail of Bits Security Reviews,GITHUB_comments_weekly,2024-04-08,27.0
Open Source Observer,GITHUB_comments_weekly,2024-04-08,52.0
Trail of Bits Security Reviews,GITHUB_forks_daily,2024-04-08,3.0
Trail of Bits Security Reviews,GITHUB_repositories_weekly,2024-04-08,39.0
Redstone Finance,GITHUB_repositories_weekly,2024-04-08,9.0
Open Source Observer,GITHUB_repositories_daily,2024-04-08,1.0
Walnut,GITHUB_repositories_daily,2024-04-08,3.0
Runtime Verification,GITHUB_contributors_daily,2024-04-08,9.0
thirdweb,GITHUB_contributors_daily,2024-04-08,10.0
Trail of Bits Security Reviews,GITHUB_contributors_daily,2024-04-08,12.0
thirdweb,GITHUB_active_developers_weekly,2024-04-08,15.0
Pyth Network,GITHUB_opened_pull_requests_weekly,2024-04-08,48.0
Syndicate Protocol,GITHUB_opened_pull_requests_weekly,2024-04-08,2.0
Syndicate Protocol,GITHUB_merged_pull_requests_weekly,2024-04-08,1.0
Open Source Observer,GITHUB_merged_pull_requests_daily,2024-04-08,1.0
Trail of Bits Security Reviews,GITHUB_merged_pull_requests_daily,2024-04-08,22.0
Walnut,GITHUB_opened_issues_weekly,2024-04-08,6.0
Trail of Bits Security Reviews,GITHUB_opened_issues_weekly,2024-04-08,5.0
thirdweb,GITHUB_opened_issues_daily,2024-04-08,1.0
Runtime Verification,GITHUB_opened_issues_daily,2024-04-08,2.0
Runtime Verification,GITHUB_closed_issues_weekly,2024-04-08,15.0
Open Source Observer,GITHUB_closed_issues_weekly,2024-04-08,3.0
Runtime Verification,GITHUB_closed_issues_daily,2024-04-08,4.0
Trail of Bits Security Reviews,GITHUB_closed_issues_daily,2024-04-08,2.0
Walnut,GITHUB_closed_issues_daily,2024-04-08,1.0
Trail of Bits Security Reviews,GITHUB_comments_daily,2024-05-18,1.0
Debid - Fairblock,GITHUB_stars_daily,2024-05-18,1.0
Trail of Bits Security Reviews,GITHUB_stars_daily,2024-05-18,15.0
Runtime Verification,GITHUB_releases_daily,2024-05-18,2.0
Pyth Network,GITHUB_repositories_daily,2024-05-18,1.0
Open Source Observer,GITHUB_repositories_daily,2024-05-18,1.0
Runtime Verification,GITHUB_closed_issues_daily,2024-05-18,1.0
Open Source Observer,GITHUB_comments_daily,2025-03-09,9.0
Walnut,GITHUB_comments_daily,2025-03-09,1.0
Runtime Verification,GITHUB_contributors_daily,2025-03-09,1.0
Trail of Bits Security Reviews,GITHUB_active_developers_daily,2025-03-09,1.0
Solang,GITHUB_opened_pull_requests_daily,2025-03-09,1.0
Walnut,GITHUB_opened_issues_daily,2025-03-09,2.0
Walnut,GITHUB_closed_issues_daily,2025-03-09,3.0
Runtime Verification,GITHUB_comments_daily,2024-09-07,3.0
thirdweb,GITHUB_comments_daily,2024-09-07,49.0
Pyth Network,GITHUB_comments_daily,2024-09-07,2.0
Runtime Verification,GITHUB_releases_daily,2024-09-07,2.0
Trail of Bits Security Reviews,GITHUB_repositories_daily,2024-09-07,7.0
Open Source Observer,GITHUB_repositories_daily,2024-09-07,2.0
thirdweb,GITHUB_contributors_daily,2024-09-07,6.0
Runtime Verification,GITHUB_contributors_daily,2024-09-07,2.0
Trail of Bits Security Reviews,GITHUB_contributors_daily,2024-09-07,4.0
Runtime Verification,GITHUB_active_developers_daily,2024-09-07,1.0
Trail of Bits Security Reviews,GITHUB_active_developers_daily,2024-09-07,3.0
thirdweb,GITHUB_opened_pull_requests_daily,2024-09-07,7.0
thirdweb,GITHUB_merged_pull_requests_daily,2024-09-07,7.0
Open Source Observer,GITHUB_comments_daily,2024-12-18,10.0
Trail of Bits Security Reviews,GITHUB_stars_daily,2024-12-18,12.0
Sylow,GITHUB_stars_daily,2024-12-18,1.0
Runtime Verification,GITHUB_stars_daily,2024-12-18,2.0
Trail of Bits Security Reviews,GITHUB_commits_daily,2024-12-18,39.0
Open Source Observer,GITHUB_commits_daily,2024-12-18,9.0
thirdweb,GITHUB_commits_daily,2024-12-18,7.0
Trail of Bits Security Reviews,GITHUB_releases_daily,2024-12-18,2.0
thirdweb,GITHUB_forks_daily,2024-12-18,1.0
Open Source Observer,GITHUB_repositories_daily,2024-12-18,3.0
Redstone Finance,GITHUB_repositories_daily,2024-12-18,2.0
Solang,GITHUB_repositories_daily,2024-12-18,1.0
Passport XYZ,GITHUB_contributors_daily,2024-12-18,3.0
Open Source Observer,GITHUB_active_developers_daily,2024-12-18,3.0
Redstone Finance,GITHUB_active_developers_daily,2024-12-18,2.0
thirdweb,GITHUB_opened_pull_requests_daily,2024-12-18,12.0
Runtime Verification,GITHUB_opened_pull_requests_daily,2024-12-18,3.0
Remix IDE plugin for Arbitrum Stylus,GITHUB_opened_pull_requests_daily,2024-12-18,1.0
Passport XYZ,GITHUB_merged_pull_requests_daily,2024-12-18,6.0
Runtime Verification,GITHUB_merged_pull_requests_daily,2024-12-18,5.0
thirdweb,GITHUB_opened_issues_daily,2024-12-18,3.0
Open Source Observer,GITHUB_opened_issues_daily,2024-12-18,4.0
Trail of Bits Security Reviews,GITHUB_closed_issues_daily,2024-12-18,2.0
Open Source Observer,GITHUB_comments_daily,2024-06-05,100.0
Walnut,GITHUB_comments_daily,2024-06-05,5.0
Trail of Bits Security Reviews,GITHUB_stars_daily,2024-06-05,7.0
Runtime Verification,GITHUB_releases_daily,2024-06-05,12.0
Redstone Finance,GITHUB_forks_daily,2024-06-05,2.0
thirdweb,GITHUB_forks_daily,2024-06-05,2.0
Trail of Bits Security Reviews,GITHUB_repositories_daily,2024-06-05,5.0
Pyth Network,GITHUB_repositories_daily,2024-06-05,4.0
Trail of Bits Security Reviews,GITHUB_contributors_daily,2024-06-05,4.0
thirdweb,GITHUB_contributors_daily,2024-06-05,9.0
Pyth Network,GITHUB_active_developers_daily,2024-06-05,4.0
Runtime Verification,GITHUB_opened_pull_requests_daily,2024-06-05,17.0
thirdweb,GITHUB_opened_pull_requests_daily,2024-06-05,8.0
Open Source Observer,GITHUB_opened_pull_requests_daily,2024-06-05,18.0
Open Source Observer,GITHUB_opened_issues_daily,2024-06-05,1.0
Walnut,GITHUB_opened_issues_daily,2024-06-05,7.0
Trail of Bits Security Reviews,GITHUB_comments_daily,2024-05-08,16.0
Trail of Bits Security Reviews,GITHUB_stars_daily,2024-05-08,12.0
thirdweb,GITHUB_commits_daily,2024-05-08,8.0
Walnut,GITHUB_commits_daily,2024-05-08,2.0
WakeUp Labs,GITHUB_commits_daily,2024-05-08,1.0
Runtime Verification,GITHUB_commits_daily,2024-05-08,20.0
Redstone Finance,GITHUB_commits_daily,2024-05-08,5.0
Open Source Observer,GITHUB_commits_daily,2024-05-08,4.0
Runtime Verification,GITHUB_releases_daily,2024-05-08,8.0
thirdweb,GITHUB_forks_daily,2024-05-08,1.0
Redstone Finance,GITHUB_forks_daily,2024-05-08,1.0
WakeUp Labs,GITHUB_repositories_daily,2024-05-08,1.0
thirdweb,GITHUB_repositories_daily,2024-05-08,4.0
Walnut,GITHUB_active_developers_daily,2024-05-08,1.0
Runtime Verification,GITHUB_active_developers_daily,2024-05-08,1.0
thirdweb,GITHUB_active_developers_daily,2024-05-08,5.0
Trail of Bits Security Reviews,GITHUB_contributors_daily,2024-05-08,7.0
Syndicate Protocol,GITHUB_contributors_daily,2024-05-08,1.0
Redstone Finance,GITHUB_contributors_daily,2024-05-08,2.0
Runtime Verification,GITHUB_contributors_daily,2024-05-08,12.0
Syndicate Protocol,GITHUB_opened_pull_requests_daily,2024-05-08,1.0
Trail of Bits Security Reviews,GITHUB_opened_pull_requests_daily,2024-05-08,3.0
Runtime Verification,GITHUB_merged_pull_requests_daily,2024-05-08,9.0
Open Source Observer,GITHUB_opened_issues_daily,2024-05-08,2.0
thirdweb,GITHUB_opened_issues_daily,2024-05-08,1.0
Walnut,GITHUB_closed_issues_daily,2024-05-08,1.0
Runtime Verification,GITHUB_closed_issues_daily,2024-05-08,2.0
thirdweb,GITHUB_comments_daily,2024-12-25,5.0
Pyth Network,GITHUB_forks_daily,2024-12-25,5.0
thirdweb,GITHUB_forks_daily,2024-12-25,2.0
Runtime Verification,GITHUB_repositories_daily,2024-12-25,1.0
Trail of Bits Security Reviews,GITHUB_repositories_daily,2024-12-25,8.0
Open Source Observer,GITHUB_closed_issues_daily,2024-12-25,1.0
Runtime Verification,GITHUB_comments_daily,2024-03-23,1.0
thirdweb,GITHUB_comments_daily,2024-03-23,7.0
thirdweb,GITHUB_commits_daily,2024-03-23,4.0
thirdweb,GITHUB_forks_daily,2024-03-23,1.0
thirdweb,GITHUB_repositories_daily,2024-03-23,4.0
Walnut,GITHUB_repositories_daily,2024-03-23,1.0
Walnut,GITHUB_contributors_daily,2024-03-23,1.0
thirdweb,GITHUB_contributors_daily,2024-03-23,5.0
Trail of Bits Security Reviews,GITHUB_contributors_daily,2024-03-23,1.0
thirdweb,GITHUB_opened_pull_requests_daily,2024-03-23,4.0
Trail of Bits Security Reviews,GITHUB_opened_pull_requests_daily,2024-03-23,4.0
Enclave,GITHUB_comments_daily,2024-08-05,1.0
Open Source Observer,GITHUB_forks_weekly,2024-08-05,3.0
Runtime Verification,GITHUB_stars_weekly,2024-08-05,8.0
Trail of Bits Security Reviews,GITHUB_stars_weekly,2024-08-05,334.0
Redstone Finance,GITHUB_stars_daily,2024-08-05,1.0
Runtime Verification,GITHUB_releases_weekly,2024-08-05,58.0
thirdweb,GITHUB_commits_daily,2024-08-05,16.0
Trail of Bits Security Reviews,GITHUB_commits_daily,2024-08-05,14.0
Open Source Observer,GITHUB_commits_daily,2024-08-05,4.0
Runtime Verification,GITHUB_commits_weekly,2024-08-05,150.0
Open Source Observer,GITHUB_commits_weekly,2024-08-05,27.0
thirdweb,GITHUB_commits_weekly,2024-08-05,96.0
thirdweb,GITHUB_comments_weekly,2024-08-05,800.0
Trail of Bits Security Reviews,GITHUB_comments_weekly,2024-08-05,57.0
Runtime Verification,GITHUB_comments_weekly,2024-08-05,183.0
Remix IDE plugin for Arbitrum Stylus,GITHUB_repositories_weekly,2024-08-05,1.0
Passport XYZ,GITHUB_repositories_weekly,2024-08-05,4.0
Trail of Bits Security Reviews,GITHUB_repositories_weekly,2024-08-05,48.0
Open Source Observer,GITHUB_repositories_daily,2024-08-05,2.0
Enclave,GITHUB_contributors_weekly,2024-08-05,2.0
Arbos Foundry,GITHUB_contributors_weekly,2024-08-05,2.0
Arbos Foundry,GITHUB_active_developers_weekly,2024-08-05,1.0
Pyth Network,GITHUB_active_developers_weekly,2024-08-05,8.0
Trail of Bits Security Reviews,GITHUB_active_developers_daily,2024-08-05,4.0
Runtime Verification,GITHUB_active_developers_daily,2024-08-05,2.0
Redstone Finance,GITHUB_active_developers_daily,2024-08-05,2.0
Open Source Observer,GITHUB_active_developers_daily,2024-08-05,2.0
Runtime Verification,GITHUB_contributors_daily,2024-08-05,12.0
Enclave,GITHUB_opened_pull_requests_weekly,2024-08-05,1.0
Pyth Network,GITHUB_opened_pull_requests_weekly,2024-08-05,35.0
Open Source Observer,GITHUB_opened_pull_requests_weekly,2024-08-05,30.0
Walnut,GITHUB_opened_pull_requests_weekly,2024-08-05,7.0
Passport XYZ,GITHUB_opened_pull_requests_weekly,2024-08-05,24.0
Passport XYZ,GITHUB_opened_pull_requests_daily,2024-08-05,2.0
Pyth Network,GITHUB_opened_pull_requests_daily,2024-08-05,5.0
Enclave,GITHUB_opened_pull_requests_daily,2024-08-05,1.0
Debid - Fairblock,GITHUB_merged_pull_requests_weekly,2024-08-05,1.0
Redstone Finance,GITHUB_merged_pull_requests_weekly,2024-08-05,4.0
Pyth Network,GITHUB_merged_pull_requests_weekly,2024-08-05,22.0
Trail of Bits Security Reviews,GITHUB_merged_pull_requests_daily,2024-08-05,14.0
Open Source Observer,GITHUB_merged_pull_requests_daily,2024-08-05,4.0
Walnut,GITHUB_merged_pull_requests_daily,2024-08-05,2.0
Enclave,GITHUB_merged_pull_requests_daily,2024-08-05,1.0
Runtime Verification,GITHUB_opened_issues_weekly,2024-08-05,14.0
Open Source Observer,GITHUB_opened_issues_weekly,2024-08-05,3.0
Trail of Bits Security Reviews,GITHUB_opened_issues_daily,2024-08-05,2.0
Walnut,GITHUB_closed_issues_weekly,2024-08-05,9.0
Open Source Observer,GITHUB_closed_issues_weekly,2024-08-05,8.0
Passport XYZ,GITHUB_closed_issues_weekly,2024-08-05,18.0
Trail of Bits Security Reviews,GITHUB_closed_issues_weekly,2024-08-05,4.0
thirdweb,GITHUB_comments_daily,2024-11-29,7.0
Open Source Observer,GITHUB_comments_daily,2024-11-29,5.0
Trail of Bits Security Reviews,GITHUB_stars_daily,2024-11-29,15.0
thirdweb,GITHUB_commits_daily,2024-11-29,1.0
Trail of Bits Security Reviews,GITHUB_commits_daily,2024-11-29,3.0
Pyth Network,GITHUB_commits_daily,2024-11-29,3.0
Pyth Network,GITHUB_forks_daily,2024-11-29,2.0
thirdweb,GITHUB_repositories_daily,2024-11-29,4.0
Open Source Observer,GITHUB_repositories_daily,2024-11-29,5.0
thirdweb,GITHUB_contributors_daily,2024-11-29,5.0
Solang,GITHUB_contributors_daily,2024-11-29,1.0
Passport XYZ,GITHUB_contributors_daily,2024-11-29,2.0
Walnut,GITHUB_active_developers_daily,2024-11-29,1.0
Open Source Observer,GITHUB_opened_pull_requests_daily,2024-11-29,2.0
thirdweb,GITHUB_merged_pull_requests_daily,2024-11-29,1.0
Enclave,GITHUB_opened_issues_daily,2024-11-29,1.0
Open Source Observer,GITHUB_closed_issues_daily,2024-11-29,1.0
thirdweb,GITHUB_comments_daily,2025-02-16,15.0
Sylow,GITHUB_stars_daily,2025-02-16,1.0
thirdweb,GITHUB_commits_daily,2025-02-16,1.0
thirdweb,GITHUB_forks_daily,2025-02-16,1.0
thirdweb,GITHUB_repositories_daily,2025-02-16,1.0
Pyth Network,GITHUB_repositories_daily,2025-02-16,3.0
Sylow,GITHUB_repositories_daily,2025-02-16,1.0
Passport XYZ,GITHUB_repositories_daily,2025-02-16,2.0
Runtime Verification,GITHUB_repositories_daily,2025-02-16,2.0
Trail of Bits Security Reviews,GITHUB_contributors_daily,2025-02-16,2.0
Pyth Network,GITHUB_active_developers_daily,2025-02-16,2.0
Runtime Verification,GITHUB_opened_pull_requests_daily,2025-02-16,1.0
thirdweb,GITHUB_opened_pull_requests_daily,2025-02-16,2.0
Walnut,GITHUB_merged_pull_requests_daily,2025-02-16,3.0
thirdweb,GITHUB_merged_pull_requests_daily,2025-02-16,1.0
Runtime Verification,GITHUB_opened_issues_daily,2025-02-16,1.0
Open Source Observer,GITHUB_comments_daily,2025-01-16,33.0
Pyth Network,GITHUB_commits_daily,2025-01-16,15.0
thirdweb,GITHUB_commits_daily,2025-01-16,15.0
Debid - Fairblock,GITHUB_commits_daily,2025-01-16,1.0
Redstone Finance,GITHUB_commits_daily,2025-01-16,7.0
thirdweb,GITHUB_forks_daily,2025-01-16,4.0
Pyth Network,GITHUB_forks_daily,2025-01-16,1.0
Redstone Finance,GITHUB_repositories_daily,2025-01-16,1.0
Solang,GITHUB_repositories_daily,2025-01-16,1.0
Redstone Finance,GITHUB_contributors_daily,2025-01-16,1.0
Passport XYZ,GITHUB_contributors_daily,2025-01-16,1.0
Trail of Bits Security Reviews,GITHUB_contributors_daily,2025-01-16,6.0
9Lives,GITHUB_contributors_daily,2025-01-16,2.0
Solang,GITHUB_contributors_daily,2025-01-16,1.0
Debid - Fairblock,GITHUB_active_developers_daily,2025-01-16,1.0
Open Source Observer,GITHUB_opened_pull_requests_daily,2025-01-16,13.0
Runtime Verification,GITHUB_merged_pull_requests_daily,2025-01-16,5.0
Open Source Observer,GITHUB_closed_issues_daily,2025-01-16,4.0
Trail of Bits Security Reviews,GITHUB_closed_issues_daily,2025-01-16,1.0
Trail of Bits Security Reviews,GITHUB_comments_daily,2024-03-31,1.0
Runtime Verification,GITHUB_stars_daily,2024-03-31,1.0
thirdweb,GITHUB_commits_daily,2024-03-31,2.0
Open Source Observer,GITHUB_commits_daily,2024-03-31,1.0
thirdweb,GITHUB_forks_daily,2024-03-31,2.0
Runtime Verification,GITHUB_repositories_daily,2024-03-31,1.0
Open Source Observer,GITHUB_repositories_daily,2024-03-31,2.0
thirdweb,GITHUB_contributors_daily,2024-03-31,3.0
Open Source Observer,GITHUB_contributors_daily,2024-03-31,2.0
Trail of Bits Security Reviews,GITHUB_opened_pull_requests_daily,2024-03-31,1.0
Open Source Observer,GITHUB_merged_pull_requests_daily,2024-03-31,1.0
Sylow,GITHUB_stars_daily,2025-01-02,1.0
Pyth Network,GITHUB_stars_daily,2025-01-02,1.0
Pyth Network,GITHUB_commits_daily,2025-01-02,3.0
Redstone Finance,GITHUB_commits_daily,2025-01-02,13.0
Pyth Network,GITHUB_releases_daily,2025-01-02,1.0
Runtime Verification,GITHUB_releases_daily,2025-01-02,1.0
Open Source Observer,GITHUB_repositories_daily,2025-01-02,2.0
Redstone Finance,GITHUB_contributors_daily,2025-01-02,3.0
Runtime Verification,GITHUB_contributors_daily,2025-01-02,3.0
Open Source Observer,GITHUB_contributors_daily,2025-01-02,3.0
Walnut,GITHUB_active_developers_daily,2025-01-02,1.0
thirdweb,GITHUB_active_developers_daily,2025-01-02,2.0
Trail of Bits Security Reviews,GITHUB_active_developers_daily,2025-01-02,5.0
thirdweb,GITHUB_merged_pull_requests_daily,2025-01-02,6.0
Enclave,GITHUB_merged_pull_requests_daily,2025-01-02,3.0
Enclave,GITHUB_closed_issues_daily,2025-01-02,11.0
Open Source Observer,GITHUB_closed_issues_daily,2025-01-02,4.0
thirdweb,GITHUB_comments_daily,2024-01-21,2.0
Open Source Observer,GITHUB_commits_daily,2024-01-21,4.0
Runtime Verification,GITHUB_releases_daily,2024-01-21,2.0
thirdweb,GITHUB_forks_daily,2024-01-21,2.0
thirdweb,GITHUB_contributors_daily,2024-01-21,1.0
thirdweb,GITHUB_comments_daily,2025-01-21,77.0
Open Source Observer,GITHUB_comments_daily,2025-01-21,44.0
Redstone Finance,GITHUB_stars_daily,2025-01-21,1.0
Pyth Network,GITHUB_stars_daily,2025-01-21,2.0
9Lives,GITHUB_commits_daily,2025-01-21,16.0
Moving Stylus,GITHUB_commits_daily,2025-01-21,20.0
Redstone Finance,GITHUB_commits_daily,2025-01-21,6.0
Walnut,GITHUB_commits_daily,2025-01-21,4.0
Trail of Bits Security Reviews,GITHUB_releases_daily,2025-01-21,1.0
Runtime Verification,GITHUB_releases_daily,2025-01-21,3.0
9Lives,GITHUB_repositories_daily,2025-01-21,1.0
Runtime Verification,GITHUB_repositories_daily,2025-01-21,4.0
thirdweb,GITHUB_active_developers_daily,2025-01-21,3.0
Trail of Bits Security Reviews,GITHUB_active_developers_daily,2025-01-21,3.0
Passport XYZ,GITHUB_contributors_daily,2025-01-21,2.0
Moving Stylus,GITHUB_contributors_daily,2025-01-21,2.0
Moving Stylus,GITHUB_opened_pull_requests_daily,2025-01-21,2.0
thirdweb,GITHUB_opened_pull_requests_daily,2025-01-21,10.0
Runtime Verification,GITHUB_merged_pull_requests_daily,2025-01-21,4.0
Trail of Bits Security Reviews,GITHUB_merged_pull_requests_daily,2025-01-21,6.0
Open Source Observer,GITHUB_closed_issues_daily,2025-01-21,14.0
Walnut,GITHUB_closed_issues_daily,2025-01-21,1.0
Passport XYZ,GITHUB_comments_daily,2024-06-13,2.0
Enclave,GITHUB_comments_daily,2024-06-13,2.0
Runtime Verification,GITHUB_comments_daily,2024-06-13,16.0
thirdweb,GITHUB_comments_daily,2024-06-13,125.0
thirdweb,GITHUB_stars_daily,2024-06-13,4.0
Walnut,GITHUB_stars_daily,2024-06-13,1.0
Pyth Network,GITHUB_commits_daily,2024-06-13,10.0
Pyth Network,GITHUB_releases_daily,2024-06-13,1.0
Trail of Bits Security Reviews,GITHUB_repositories_daily,2024-06-13,14.0
Arbos Foundry,GITHUB_contributors_daily,2024-06-13,1.0
Debid - Fairblock,GITHUB_contributors_daily,2024-06-13,1.0
Pyth Network,GITHUB_contributors_daily,2024-06-13,10.0
Runtime Verification,GITHUB_contributors_daily,2024-06-13,14.0
Redstone Finance,GITHUB_contributors_daily,2024-06-13,2.0
Open Source Observer,GITHUB_contributors_daily,2024-06-13,2.0
Syndicate Protocol,GITHUB_active_developers_daily,2024-06-13,1.0
Trail of Bits Security Reviews,GITHUB_active_developers_daily,2024-06-13,3.0
Pyth Network,GITHUB_opened_pull_requests_daily,2024-06-13,11.0
Enclave,GITHUB_opened_pull_requests_daily,2024-06-13,1.0
Open Source Observer,GITHUB_comments_daily,2024-06-09,24.0
Trail of Bits Security Reviews,GITHUB_stars_daily,2024-06-09,8.0
Runtime Verification,GITHUB_stars_daily,2024-06-09,6.0
Trail of Bits Security Reviews,GITHUB_commits_daily,2024-06-09,2.0
Open Source Observer,GITHUB_active_developers_daily,2024-06-09,3.0
Trail of Bits Security Reviews,GITHUB_opened_pull_requests_daily,2024-06-09,2.0
Pyth Network,GITHUB_comments_daily,2024-01-25,32.0
Open Source Observer,GITHUB_comments_daily,2024-01-25,16.0
Runtime Verification,GITHUB_comments_daily,2024-01-25,40.0
Redstone Finance,GITHUB_stars_daily,2024-01-25,3.0
Remix IDE plugin for Arbitrum Stylus,GITHUB_commits_daily,2024-01-25,10.0
Trail of Bits Security Reviews,GITHUB_forks_daily,2024-01-25,2.0
Debid - Fairblock,GITHUB_repositories_daily,2024-01-25,1.0
Open Source Observer,GITHUB_repositories_daily,2024-01-25,3.0
Remix IDE plugin for Arbitrum Stylus,GITHUB_contributors_daily,2024-01-25,2.0
Runtime Verification,GITHUB_contributors_daily,2024-01-25,13.0
Open Source Observer,GITHUB_active_developers_daily,2024-01-25,3.0
Runtime Verification,GITHUB_opened_pull_requests_daily,2024-01-25,13.0
Trail of Bits Security Reviews,GITHUB_merged_pull_requests_daily,2024-01-25,5.0
Runtime Verification,GITHUB_merged_pull_requests_daily,2024-01-25,8.0
thirdweb,GITHUB_merged_pull_requests_daily,2024-01-25,18.0
thirdweb,GITHUB_opened_issues_daily,2024-01-25,1.0
Walnut,GITHUB_comments_daily,2024-06-28,9.0
Redstone Finance,GITHUB_commits_daily,2024-06-28,2.0
Walnut,GITHUB_commits_daily,2024-06-28,8.0
Pyth Network,GITHUB_forks_daily,2024-06-28,4.0
thirdweb,GITHUB_forks_daily,2024-06-28,2.0
Pyth Network,GITHUB_repositories_daily,2024-06-28,6.0
Debid - Fairblock,GITHUB_repositories_daily,2024-06-28,1.0
Runtime Verification,GITHUB_repositories_daily,2024-06-28,11.0
Redstone Finance,GITHUB_contributors_daily,2024-06-28,2.0
Trail of Bits Security Reviews,GITHUB_active_developers_daily,2024-06-28,6.0
Runtime Verification,GITHUB_active_developers_daily,2024-06-28,4.0
Runtime Verification,GITHUB_opened_pull_requests_daily,2024-06-28,5.0
thirdweb,GITHUB_opened_pull_requests_daily,2024-06-28,20.0
Trail of Bits Security Reviews,GITHUB_opened_pull_requests_daily,2024-06-28,5.0
Walnut,GITHUB_opened_pull_requests_daily,2024-06-28,3.0
Walnut,GITHUB_merged_pull_requests_daily,2024-06-28,2.0
Runtime Verification,GITHUB_merged_pull_requests_daily,2024-06-28,9.0
Trail of Bits Security Reviews,GITHUB_opened_issues_daily,2024-06-28,3.0
thirdweb,GITHUB_stars_daily,2024-02-17,7.0
Pyth Network,GITHUB_stars_daily,2024-02-17,6.0
Redstone Finance,GITHUB_commits_daily,2024-02-17,1.0
Open Source Observer,GITHUB_repositories_daily,2024-02-17,1.0
Walnut,GITHUB_repositories_daily,2024-02-17,1.0
Trail of Bits Security Reviews,GITHUB_active_developers_daily,2024-02-17,1.0
Walnut,GITHUB_opened_pull_requests_daily,2024-02-17,1.0
thirdweb,GITHUB_opened_pull_requests_daily,2024-02-17,2.0
thirdweb,GITHUB_opened_issues_daily,2024-02-17,2.0
Debid - Fairblock,GITHUB_new_contributors_quarterly,2024-11-01,1.0
Runtime Verification,GITHUB_part_time_contributors_quarterly,2024-11-01,23.0
thirdweb,GITHUB_part_time_contributors_quarterly,2024-11-01,45.0
Pyth Network,GITHUB_new_contributors_quarterly,2024-11-01,17.0
Walnut,GITHUB_part_time_contributors_quarterly,2024-11-01,7.0
Remix IDE plugin for Arbitrum Stylus,GITHUB_part_time_contributors_quarterly,2024-11-01,4.0
Redstone Finance,GITHUB_active_contributors_quarterly,2024-11-01,8.0
Open Source Observer,GITHUB_new_contributors_quarterly,2024-11-01,13.0
Pyth Network,GITHUB_active_contributors_quarterly,2024-11-01,26.0
Redstone Finance,GITHUB_new_contributors_quarterly,2024-11-01,5.0
Passport XYZ,GITHUB_part_time_contributors_quarterly,2024-11-01,7.0
Enclave,GITHUB_active_contributors_quarterly,2024-11-01,3.0
Moving Stylus,GITHUB_new_contributors_quarterly,2024-11-01,2.0
Pyth Network,GITHUB_part_time_contributors_quarterly,2024-11-01,26.0
Trail of Bits Security Reviews,GITHUB_new_contributors_quarterly,2024-11-01,18.0
Runtime Verification,GITHUB_new_contributors_quarterly,2024-11-01,4.0
Trail of Bits Security Reviews,GITHUB_part_time_contributors_quarterly,2024-11-01,37.0
Trail of Bits Security Reviews,GITHUB_releases_biannually,2024-11-01,34.0
Passport XYZ,GITHUB_releases_biannually,2024-11-01,29.0
Pyth Network,GITHUB_releases_biannually,2024-11-01,12.0
Remix IDE plugin for Arbitrum Stylus,GITHUB_releases_quarterly,2024-11-01,2.0
Runtime Verification,GITHUB_releases_quarterly,2024-11-01,56.0
Trail of Bits Security Reviews,GITHUB_commits_biannually,2024-11-01,295.0
Passport XYZ,GITHUB_commits_biannually,2024-11-01,118.0
Debid - Fairblock,GITHUB_commits_biannually,2024-11-01,63.0
thirdweb,GITHUB_commits_biannually,2024-11-01,232.0
Enclave,GITHUB_commits_biannually,2024-11-01,17.0
Redstone Finance,GITHUB_active_developers_biannually,2024-11-01,7.0
Walnut,GITHUB_active_developers_biannually,2024-11-01,3.0
Solang,GITHUB_active_developers_biannually,2024-11-01,2.0
Syndicate Protocol,GITHUB_repositories_quarterly,2024-11-01,1.0
Redstone Finance,GITHUB_repositories_quarterly,2024-11-01,12.0
Solang,GITHUB_repositories_quarterly,2024-11-01,1.0
Moving Stylus,GITHUB_active_developers_quarterly,2024-11-01,2.0
Open Source Observer,GITHUB_forks_monthly,2024-11-01,14.0
Trail of Bits Security Reviews,GITHUB_forks_monthly,2024-11-01,34.0
Walnut,GITHUB_stars_biannually,2024-11-01,1.0
Solang,GITHUB_stars_biannually,2024-11-01,9.0
Passport XYZ,GITHUB_stars_biannually,2024-11-01,66.0
Runtime Verification,GITHUB_part_time_developers_quarterly,2024-11-01,11.0
Walnut,GITHUB_part_time_developers_quarterly,2024-11-01,3.0
Sylow,GITHUB_stars_monthly,2024-11-01,7.0
Solang,GITHUB_stars_monthly,2024-11-01,9.0
Pyth Network,GITHUB_stars_monthly,2024-11-01,18.0
Runtime Verification,GITHUB_stars_daily,2024-11-01,3.0
thirdweb,GITHUB_stars_daily,2024-11-01,3.0
Trail of Bits Security Reviews,GITHUB_commits_monthly,2024-11-01,295.0
Passport XYZ,GITHUB_commits_monthly,2024-11-01,118.0
thirdweb,GITHUB_commits_monthly,2024-11-01,232.0
Moving Stylus,GITHUB_commits_monthly,2024-11-01,8.0
Remix IDE plugin for Arbitrum Stylus,GITHUB_commits_monthly,2024-11-01,34.0
thirdweb,GITHUB_stars_quarterly,2024-11-01,57.0
Solang,GITHUB_comments_monthly,2024-11-01,14.0
Runtime Verification,GITHUB_comments_monthly,2024-11-01,155.0
Passport XYZ,GITHUB_comments_monthly,2024-11-01,120.0
Pyth Network,GITHUB_comments_monthly,2024-11-01,532.0
Enclave,GITHUB_stars_quarterly,2024-11-01,1.0
Redstone Finance,GITHUB_stars_quarterly,2024-11-01,6.0
Runtime Verification,GITHUB_commits_daily,2024-11-01,26.0
Passport XYZ,GITHUB_releases_monthly,2024-11-01,29.0
Runtime Verification,GITHUB_releases_monthly,2024-11-01,56.0
Trail of Bits Security Reviews,GITHUB_releases_daily,2024-11-01,1.0
Runtime Verification,GITHUB_releases_daily,2024-11-01,3.0
thirdweb,GITHUB_releases_daily,2024-11-01,2.0
Passport XYZ,GITHUB_releases_daily,2024-11-01,6.0
thirdweb,GITHUB_commits_quarterly,2024-11-01,232.0
Enclave,GITHUB_commits_quarterly,2024-11-01,17.0
Open Source Observer,GITHUB_commits_quarterly,2024-11-01,97.0
Open Source Observer,GITHUB_forks_biannually,2024-11-01,14.0
thirdweb,GITHUB_forks_biannually,2024-11-01,42.0
Passport XYZ,GITHUB_forks_biannually,2024-11-01,10.0
Remix IDE plugin for Arbitrum Stylus,GITHUB_repositories_daily,2024-11-01,1.0
Walnut,GITHUB_repositories_daily,2024-11-01,1.0
Trail of Bits Security Reviews,GITHUB_repositories_daily,2024-11-01,14.0
Walnut,GITHUB_repositories_biannually,2024-11-01,7.0
Sylow,GITHUB_repositories_biannually,2024-11-01,1.0
Passport XYZ,GITHUB_repositories_monthly,2024-11-01,8.0
Debid - Fairblock,GITHUB_repositories_monthly,2024-11-01,11.0
Redstone Finance,GITHUB_repositories_biannually,2024-11-01,12.0
Trail of Bits Security Reviews,GITHUB_repositories_biannually,2024-11-01,80.0
Remix IDE plugin for Arbitrum Stylus,GITHUB_repositories_biannually,2024-11-01,2.0
Open Source Observer,GITHUB_repositories_biannually,2024-11-01,8.0
Enclave,GITHUB_contributors_monthly,2024-11-01,3.0
Runtime Verification,GITHUB_contributors_monthly,2024-11-01,23.0
Redstone Finance,GITHUB_contributors_monthly,2024-11-01,8.0
thirdweb,GITHUB_contributors_monthly,2024-11-01,45.0
Passport XYZ,GITHUB_contributors_monthly,2024-11-01,7.0
Runtime Verification,GITHUB_contributors_quarterly,2024-11-01,23.0
Remix IDE plugin for Arbitrum Stylus,GITHUB_contributors_quarterly,2024-11-01,4.0
Enclave,GITHUB_contributors_biannually,2024-11-01,3.0
Open Source Observer,GITHUB_contributors_biannually,2024-11-01,17.0
Remix IDE plugin for Arbitrum Stylus,GITHUB_contributors_biannually,2024-11-01,4.0
Solang,GITHUB_contributors_biannually,2024-11-01,4.0
thirdweb,GITHUB_full_time_developers_monthly,2024-11-01,4.0
Solang,GITHUB_part_time_developers_monthly,2024-11-01,2.0
Pyth Network,GITHUB_active_developers_monthly,2024-11-01,15.0
Pyth Network,GITHUB_full_time_developers_monthly,2024-11-01,4.0
Passport XYZ,GITHUB_part_time_developers_monthly,2024-11-01,4.0
Open Source Observer,GITHUB_part_time_developers_monthly,2024-11-01,6.0
Solang,GITHUB_part_time_developers_biannually,2024-11-01,2.0
Runtime Verification,GITHUB_part_time_developers_biannually,2024-11-01,11.0
Remix IDE plugin for Arbitrum Stylus,GITHUB_active_contributors_biannually,2024-11-01,4.0
Walnut,GITHUB_active_contributors_monthly,2024-11-01,7.0
Runtime Verification,GITHUB_new_contributors_monthly,2024-11-01,4.0
Sylow,GITHUB_new_contributors_monthly,2024-11-01,1.0
Pyth Network,GITHUB_active_developers_daily,2024-11-01,6.0
Enclave,GITHUB_new_contributors_monthly,2024-11-01,3.0
Debid - Fairblock,GITHUB_part_time_contributors_monthly,2024-11-01,5.0
Open Source Observer,GITHUB_part_time_contributors_monthly,2024-11-01,15.0
Pyth Network,GITHUB_part_time_contributors_monthly,2024-11-01,20.0
Enclave,GITHUB_active_contributors_monthly,2024-11-01,3.0
Trail of Bits Security Reviews,GITHUB_active_contributors_monthly,2024-11-01,37.0
Moving Stylus,GITHUB_active_contributors_monthly,2024-11-01,2.0
Passport XYZ,GITHUB_active_contributors_biannually,2024-11-01,7.0
Pyth Network,GITHUB_active_contributors_biannually,2024-11-01,26.0
Sylow,GITHUB_active_contributors_biannually,2024-11-01,1.0
Sylow,GITHUB_part_time_contributors_biannually,2024-11-01,1.0
Passport XYZ,GITHUB_new_contributors_biannually,2024-11-01,7.0
Solang,GITHUB_part_time_contributors_biannually,2024-11-01,4.0
Pyth Network,GITHUB_new_contributors_biannually,2024-11-01,17.0
Passport XYZ,GITHUB_part_time_contributors_biannually,2024-11-01,7.0
Enclave,GITHUB_change_in_active_developers_monthly,2024-11-01,1.0
Runtime Verification,GITHUB_change_in_active_developers_monthly,2024-11-01,4.0
Passport XYZ,GITHUB_change_in_full_time_contributors_monthly,2024-11-01,-2.0
Open Source Observer,GITHUB_change_in_full_time_contributors_monthly,2024-11-01,2.0
Remix IDE plugin for Arbitrum Stylus,GITHUB_change_in_part_time_contributors_monthly,2024-11-01,0.0
Pyth Network,GITHUB_change_in_full_time_contributors_monthly,2024-11-01,1.0
thirdweb,GITHUB_change_in_part_time_contributors_monthly,2024-11-01,-6.0
Enclave,GITHUB_change_in_active_developers_quarterly,2024-11-01,1.0
Walnut,GITHUB_change_in_active_developers_quarterly,2024-11-01,-2.0
Redstone Finance,GITHUB_change_in_part_time_contributors_quarterly,2024-11-01,3.0
Pyth Network,GITHUB_change_in_active_developers_monthly,2024-11-01,-3.0
Runtime Verification,GITHUB_change_in_full_time_contributors_monthly,2024-11-01,-1.0
Debid - Fairblock,GITHUB_change_in_part_time_contributors_monthly,2024-11-01,17.0
Enclave,GITHUB_change_in_part_time_contributors_quarterly,2024-11-01,1.0
Remix IDE plugin for Arbitrum Stylus,GITHUB_change_in_active_developers_quarterly,2024-11-01,0.0
Solang,GITHUB_change_in_part_time_contributors_biannually,2024-11-01,-1.0
Pyth Network,GITHUB_change_in_part_time_contributors_quarterly,2024-11-01,-3.0
Open Source Observer,GITHUB_change_in_part_time_contributors_biannually,2024-11-01,19.0
Redstone Finance,GITHUB_change_in_part_time_contributors_biannually,2024-11-01,3.0
Pyth Network,GITHUB_change_in_part_time_contributors_biannually,2024-11-01,-3.0
Walnut,GITHUB_change_in_active_developers_biannually,2024-11-01,-2.0
Remix IDE plugin for Arbitrum Stylus,GITHUB_opened_pull_requests_monthly,2024-11-01,3.0
thirdweb,GITHUB_opened_pull_requests_monthly,2024-11-01,266.0
Walnut,GITHUB_opened_pull_requests_daily,2024-11-01,1.0
Open Source Observer,GITHUB_opened_pull_requests_quarterly,2024-11-01,81.0
Debid - Fairblock,GITHUB_opened_pull_requests_biannually,2024-11-01,9.0
Pyth Network,GITHUB_opened_pull_requests_quarterly,2024-11-01,162.0
Redstone Finance,GITHUB_opened_pull_requests_quarterly,2024-11-01,30.0
Sylow,GITHUB_opened_pull_requests_quarterly,2024-11-01,1.0
Moving Stylus,GITHUB_opened_pull_requests_biannually,2024-11-01,1.0
Pyth Network,GITHUB_merged_pull_requests_daily,2024-11-01,14.0
thirdweb,GITHUB_merged_pull_requests_daily,2024-11-01,15.0
Walnut,GITHUB_merged_pull_requests_daily,2024-11-01,1.0
Trail of Bits Security Reviews,GITHUB_merged_pull_requests_daily,2024-11-01,2.0
Enclave,GITHUB_merged_pull_requests_daily,2024-11-01,1.0
Redstone Finance,GITHUB_merged_pull_requests_monthly,2024-11-01,24.0
Walnut,GITHUB_merged_pull_requests_monthly,2024-11-01,10.0
Debid - Fairblock,GITHUB_merged_pull_requests_monthly,2024-11-01,10.0
Debid - Fairblock,GITHUB_merged_pull_requests_biannually,2024-11-01,10.0
Passport XYZ,GITHUB_merged_pull_requests_quarterly,2024-11-01,85.0
Runtime Verification,GITHUB_merged_pull_requests_quarterly,2024-11-01,72.0
Debid - Fairblock,GITHUB_merged_pull_requests_quarterly,2024-11-01,10.0
Walnut,GITHUB_merged_pull_requests_biannually,2024-11-01,10.0
Solang,GITHUB_opened_issues_monthly,2024-11-01,3.0
Open Source Observer,GITHUB_opened_issues_monthly,2024-11-01,58.0
Enclave,GITHUB_merged_pull_requests_biannually,2024-11-01,9.0
Debid - Fairblock,GITHUB_opened_issues_quarterly,2024-11-01,2.0
Open Source Observer,GITHUB_opened_issues_quarterly,2024-11-01,58.0
Enclave,GITHUB_opened_issues_daily,2024-11-01,1.0
Runtime Verification,GITHUB_opened_issues_biannually,2024-11-01,11.0
Trail of Bits Security Reviews,GITHUB_opened_issues_biannually,2024-11-01,18.0
Enclave,GITHUB_opened_issues_biannually,2024-11-01,12.0
Open Source Observer,GITHUB_opened_issues_biannually,2024-11-01,58.0
Pyth Network,GITHUB_opened_issues_biannually,2024-11-01,1.0
Trail of Bits Security Reviews,GITHUB_closed_issues_monthly,2024-11-01,8.0
Passport XYZ,GITHUB_closed_issues_monthly,2024-11-01,52.0
Runtime Verification,GITHUB_closed_issues_quarterly,2024-11-01,5.0
Passport XYZ,GITHUB_closed_issues_quarterly,2024-11-01,52.0
Debid - Fairblock,GITHUB_closed_issues_biannually,2024-11-01,1.0
thirdweb,GITHUB_closed_issues_biannually,2024-11-01,22.0
Walnut,GITHUB_closed_issues_quarterly,2024-11-01,1.0
Redstone Finance,GITHUB_closed_issues_quarterly,2024-11-01,2.0
Trail of Bits Security Reviews,GITHUB_closed_issues_biannually,2024-11-01,8.0
Open Source Observer,GITHUB_avg_prs_time_to_merge_quarterly,2024-11-01,0.0
Trail of Bits Security Reviews,GITHUB_avg_prs_time_to_merge_quarterly,2024-11-01,0.0
Walnut,GITHUB_avg_time_to_first_response_quarterly,2024-11-01,2551.769230769231
Open Source Observer,GITHUB_avg_time_to_first_response_biannually,2024-11-01,1089331.388429752
Remix IDE plugin for Arbitrum Stylus,GITHUB_avg_time_to_first_response_biannually,2024-11-01,0.0
Trail of Bits Security Reviews,GITHUB_avg_time_to_first_response_biannually,2024-11-01,361518.0976744186
Walnut,GITHUB_avg_time_to_first_response_biannually,2024-11-01,2551.769230769231
Passport XYZ,GITHUB_avg_prs_time_to_merge_biannually,2024-11-01,0.0
Redstone Finance,GITHUB_churned_contributors_quarterly,2024-11-01,-2.0
Trail of Bits Security Reviews,GITHUB_change_in_active_contributors_quarterly,2024-11-01,-6.0
Redstone Finance,GITHUB_change_in_new_contributors_quarterly,2024-11-01,1.0
Trail of Bits Security Reviews,GITHUB_change_in_full_time_contributors_quarterly,2024-11-01,0.0
Sylow,GITHUB_change_in_full_time_contributors_monthly,2024-11-01,0.0
Pyth Network,GITHUB_change_in_new_contributors_monthly,2024-11-01,-4.0
Moving Stylus,GITHUB_change_in_new_contributors_monthly,2024-11-01,-2.0
Enclave,GITHUB_churned_contributors_monthly,2024-11-01,-2.0
Enclave,GITHUB_change_in_new_contributors_monthly,2024-11-01,1.0
Enclave,GITHUB_change_in_active_contributors_monthly,2024-11-01,1.0
Open Source Observer,GITHUB_change_in_full_time_contributors_quarterly,2024-11-01,0.0
Pyth Network,GITHUB_change_in_new_contributors_quarterly,2024-11-01,-4.0
Pyth Network,GITHUB_churned_contributors_quarterly,2024-11-01,-20.0
Passport XYZ,GITHUB_change_in_full_time_contributors_quarterly,2024-11-01,0.0
Passport XYZ,GITHUB_churned_contributors_quarterly,2024-11-01,-6.0
Enclave,GITHUB_churned_contributors_quarterly,2024-11-01,-2.0
Enclave,GITHUB_change_in_new_contributors_quarterly,2024-11-01,1.0
Moving Stylus,GITHUB_change_in_new_contributors_quarterly,2024-11-01,-2.0
thirdweb,GITHUB_churned_contributors_biannually,2024-11-01,-36.0
thirdweb,GITHUB_change_in_active_contributors_biannually,2024-11-01,-7.0
thirdweb,GITHUB_change_in_full_time_contributors_biannually,2024-11-01,0.0
Runtime Verification,GITHUB_churned_contributors_biannually,2024-11-01,0.0
Trail of Bits Security Reviews,GITHUB_change_in_new_contributors_monthly,2024-11-01,-8.0
Debid - Fairblock,GITHUB_change_in_active_contributors_quarterly,2024-11-01,18.0
Debid - Fairblock,GITHUB_change_in_full_time_contributors_quarterly,2024-11-01,0.0
thirdweb,GITHUB_change_in_new_contributors_quarterly,2024-11-01,-4.0
Runtime Verification,GITHUB_change_in_full_time_contributors_quarterly,2024-11-01,0.0
Remix IDE plugin for Arbitrum Stylus,GITHUB_change_in_full_time_contributors_biannually,2024-11-01,0.0
Pyth Network,GITHUB_churned_contributors_biannually,2024-11-01,-20.0
Pyth Network,GITHUB_change_in_new_contributors_biannually,2024-11-01,-4.0
Passport XYZ,GITHUB_churned_contributors_biannually,2024-11-01,-6.0
Enclave,GITHUB_churned_contributors_biannually,2024-11-01,-2.0
Moving Stylus,GITHUB_churned_contributors_biannually,2024-11-01,-3.0
Moving Stylus,GITHUB_change_in_active_contributors_biannually,2024-11-01,-1.0
Debid - Fairblock,GITHUB_churned_contributors_monthly,2024-11-01,17.0
thirdweb,GITHUB_churned_contributors_monthly,2024-11-01,-36.0
thirdweb,GITHUB_change_in_active_contributors_monthly,2024-11-01,-7.0
thirdweb,GITHUB_change_in_new_contributors_monthly,2024-11-01,-4.0
Solang,GITHUB_change_in_full_time_contributors_monthly,2024-11-01,0.0
Open Source Observer,GITHUB_change_in_new_contributors_monthly,2024-11-01,18.0
Open Source Observer,GITHUB_churned_contributors_monthly,2024-11-01,6.0
Enclave,GITHUB_change_in_active_contributors_biannually,2024-11-01,1.0
Trail of Bits Security Reviews,GITHUB_change_in_active_contributors_biannually,2024-11-01,-6.0
Redstone Finance,GITHUB_churned_contributors_biannually,2024-11-01,-2.0
Walnut,GITHUB_churned_contributors_biannually,2024-11-01,-7.0
Open Source Observer,GITHUB_churned_contributors_biannually,2024-11-01,6.0
Pyth Network,GITHUB_comments_daily,2024-03-26,33.0
Pyth Network,GITHUB_stars_daily,2024-03-26,2.0
Runtime Verification,GITHUB_releases_daily,2024-03-26,13.0
Open Source Observer,GITHUB_repositories_daily,2024-03-26,3.0
thirdweb,GITHUB_repositories_daily,2024-03-26,5.0
thirdweb,GITHUB_forks_daily,2024-03-26,5.0
Trail of Bits Security Reviews,GITHUB_opened_pull_requests_daily,2024-03-26,2.0
Pyth Network,GITHUB_opened_pull_requests_daily,2024-03-26,11.0
Runtime Verification,GITHUB_opened_pull_requests_daily,2024-03-26,17.0
Debid - Fairblock,GITHUB_contributors_daily,2024-03-26,1.0
Trail of Bits Security Reviews,GITHUB_contributors_daily,2024-03-26,6.0
thirdweb,GITHUB_contributors_daily,2024-03-26,10.0
Runtime Verification,GITHUB_active_developers_daily,2024-03-26,7.0
Open Source Observer,GITHUB_active_developers_daily,2024-03-26,2.0
Runtime Verification,GITHUB_closed_issues_daily,2024-03-26,11.0
Open Source Observer,GITHUB_merged_pull_requests_daily,2024-03-26,4.0
Trail of Bits Security Reviews,GITHUB_merged_pull_requests_daily,2024-03-26,3.0
Runtime Verification,GITHUB_opened_issues_daily,2024-03-26,6.0
Walnut,GITHUB_comments_daily,2024-05-24,9.0
Runtime Verification,GITHUB_releases_daily,2024-05-24,9.0
Pyth Network,GITHUB_forks_daily,2024-05-24,1.0
Walnut,GITHUB_forks_daily,2024-05-24,6.0
thirdweb,GITHUB_repositories_daily,2024-05-24,7.0
Redstone Finance,GITHUB_repositories_daily,2024-05-24,2.0
thirdweb,GITHUB_contributors_daily,2024-05-24,10.0
Pyth Network,GITHUB_contributors_daily,2024-05-24,10.0
Walnut,GITHUB_contributors_daily,2024-05-24,3.0
Pyth Network,GITHUB_active_developers_daily,2024-05-24,8.0
Redstone Finance,GITHUB_active_developers_daily,2024-05-24,1.0
Trail of Bits Security Reviews,GITHUB_active_developers_daily,2024-05-24,2.0
thirdweb,GITHUB_opened_pull_requests_daily,2024-05-24,14.0
Runtime Verification,GITHUB_opened_pull_requests_daily,2024-05-24,12.0
Redstone Finance,GITHUB_opened_pull_requests_daily,2024-05-24,1.0
Trail of Bits Security Reviews,GITHUB_merged_pull_requests_daily,2024-05-24,1.0
Open Source Observer,GITHUB_opened_issues_daily,2024-05-24,1.0
Trail of Bits Security Reviews,GITHUB_opened_issues_daily,2024-05-24,1.0
thirdweb,GITHUB_closed_issues_daily,2024-05-24,1.0
Pyth Network,GITHUB_comments_daily,2024-01-26,11.0
Syndicate Protocol,GITHUB_comments_daily,2024-01-26,2.0
Runtime Verification,GITHUB_stars_daily,2024-01-26,1.0
Walnut,GITHUB_commits_daily,2024-01-26,2.0
Remix IDE plugin for Arbitrum Stylus,GITHUB_commits_daily,2024-01-26,1.0
Pyth Network,GITHUB_repositories_daily,2024-01-26,4.0
Walnut,GITHUB_repositories_daily,2024-01-26,1.0
Redstone Finance,GITHUB_repositories_daily,2024-01-26,5.0
Pyth Network,GITHUB_contributors_daily,2024-01-26,4.0
Syndicate Protocol,GITHUB_contributors_daily,2024-01-26,1.0
Runtime Verification,GITHUB_contributors_daily,2024-01-26,6.0
Runtime Verification,GITHUB_active_developers_daily,2024-01-26,2.0
Trail of Bits Security Reviews,GITHUB_merged_pull_requests_daily,2024-01-26,2.0
Runtime Verification,GITHUB_merged_pull_requests_daily,2024-01-26,8.0
thirdweb,GITHUB_opened_issues_daily,2024-01-26,2.0
Walnut,GITHUB_opened_issues_daily,2024-01-26,6.0
Walnut,GITHUB_closed_issues_daily,2024-01-26,5.0
Open Source Observer,GITHUB_closed_issues_daily,2024-01-26,3.0
Open Source Observer,GITHUB_commits_daily,2024-03-17,2.0
Runtime Verification,GITHUB_releases_daily,2024-03-17,1.0
Trail of Bits Security Reviews,GITHUB_forks_daily,2024-03-17,2.0
Runtime Verification,GITHUB_repositories_daily,2024-03-17,1.0
Trail of Bits Security Reviews,GITHUB_repositories_daily,2024-03-17,10.0
Runtime Verification,GITHUB_contributors_daily,2024-03-17,2.0
thirdweb,GITHUB_contributors_daily,2024-03-17,3.0
Open Source Observer,GITHUB_contributors_daily,2024-03-17,1.0
Open Source Observer,GITHUB_active_developers_daily,2024-03-17,1.0
Runtime Verification,GITHUB_active_developers_daily,2024-03-17,1.0
Open Source Observer,GITHUB_opened_pull_requests_daily,2024-03-17,1.0
thirdweb,GITHUB_opened_issues_daily,2024-03-17,1.0
thirdweb,GITHUB_commits_daily,2024-08-03,11.0
Runtime Verification,GITHUB_repositories_daily,2024-08-03,1.0
Walnut,GITHUB_contributors_daily,2024-08-03,4.0
thirdweb,GITHUB_active_developers_daily,2024-08-03,2.0
Open Source Observer,GITHUB_active_developers_daily,2024-08-03,1.0
Trail of Bits Security Reviews,GITHUB_active_developers_daily,2024-08-03,1.0
Walnut,GITHUB_opened_pull_requests_daily,2024-08-03,4.0
thirdweb,GITHUB_merged_pull_requests_daily,2024-08-03,11.0
Open Source Observer,GITHUB_merged_pull_requests_daily,2024-08-03,1.0
Trail of Bits Security Reviews,GITHUB_merged_pull_requests_daily,2024-08-03,2.0
Trail of Bits Security Reviews,GITHUB_forks_weekly,2024-05-13,10.0
thirdweb,GITHUB_forks_weekly,2024-05-13,8.0
Redstone Finance,GITHUB_comments_daily,2024-05-13,1.0
Pyth Network,GITHUB_comments_daily,2024-05-13,26.0
Redstone Finance,GITHUB_stars_weekly,2024-05-13,2.0
Passport XYZ,GITHUB_stars_weekly,2024-05-13,2.0
Runtime Verification,GITHUB_stars_weekly,2024-05-13,6.0
Trail of Bits Security Reviews,GITHUB_stars_weekly,2024-05-13,100.0
Syndicate Protocol,GITHUB_releases_weekly,2024-05-13,2.0
Pyth Network,GITHUB_releases_weekly,2024-05-13,10.0
Walnut,GITHUB_commits_weekly,2024-05-13,5.0
Runtime Verification,GITHUB_commits_weekly,2024-05-13,133.0
Passport XYZ,GITHUB_commits_weekly,2024-05-13,8.0
Trail of Bits Security Reviews,GITHUB_commits_weekly,2024-05-13,137.0
Open Source Observer,GITHUB_comments_weekly,2024-05-13,78.0
Passport XYZ,GITHUB_comments_weekly,2024-05-13,6.0
thirdweb,GITHUB_releases_daily,2024-05-13,8.0
Debid - Fairblock,GITHUB_repositories_weekly,2024-05-13,3.0
Pyth Network,GITHUB_repositories_weekly,2024-05-13,10.0
Open Source Observer,GITHUB_repositories_weekly,2024-05-13,3.0
thirdweb,GITHUB_repositories_weekly,2024-05-13,10.0
Passport XYZ,GITHUB_repositories_weekly,2024-05-13,1.0
Syndicate Protocol,GITHUB_repositories_weekly,2024-05-13,1.0
Open Source Observer,GITHUB_forks_daily,2024-05-13,1.0
Trail of Bits Security Reviews,GITHUB_forks_daily,2024-05-13,1.0
Trail of Bits Security Reviews,GITHUB_repositories_daily,2024-05-13,19.0
Open Source Observer,GITHUB_repositories_daily,2024-05-13,2.0
Runtime Verification,GITHUB_contributors_weekly,2024-05-13,23.0
Walnut,GITHUB_contributors_weekly,2024-05-13,3.0
Trail of Bits Security Reviews,GITHUB_contributors_weekly,2024-05-13,21.0
Debid - Fairblock,GITHUB_contributors_weekly,2024-05-13,2.0
thirdweb,GITHUB_active_developers_weekly,2024-05-13,15.0
Trail of Bits Security Reviews,GITHUB_contributors_daily,2024-05-13,12.0
Walnut,GITHUB_active_developers_daily,2024-05-13,1.0
Walnut,GITHUB_opened_pull_requests_weekly,2024-05-13,1.0
Pyth Network,GITHUB_opened_pull_requests_daily,2024-05-13,11.0
thirdweb,GITHUB_opened_pull_requests_daily,2024-05-13,21.0
Debid - Fairblock,GITHUB_merged_pull_requests_weekly,2024-05-13,2.0
thirdweb,GITHUB_merged_pull_requests_weekly,2024-05-13,101.0
Walnut,GITHUB_merged_pull_requests_weekly,2024-05-13,1.0
Runtime Verification,GITHUB_merged_pull_requests_daily,2024-05-13,16.0
thirdweb,GITHUB_opened_issues_weekly,2024-05-13,6.0
Walnut,GITHUB_opened_issues_weekly,2024-05-13,1.0
thirdweb,GITHUB_opened_issues_daily,2024-05-13,2.0
Open Source Observer,GITHUB_opened_issues_daily,2024-05-13,1.0
Walnut,GITHUB_comments_daily,2024-02-06,3.0
Trail of Bits Security Reviews,GITHUB_commits_daily,2024-02-06,5.0
Debid - Fairblock,GITHUB_commits_daily,2024-02-06,5.0
thirdweb,GITHUB_commits_daily,2024-02-06,16.0
Runtime Verification,GITHUB_commits_daily,2024-02-06,46.0
Trail of Bits Security Reviews,GITHUB_releases_daily,2024-02-06,2.0
thirdweb,GITHUB_forks_daily,2024-02-06,4.0
Trail of Bits Security Reviews,GITHUB_forks_daily,2024-02-06,4.0
Trail of Bits Security Reviews,GITHUB_repositories_daily,2024-02-06,17.0
thirdweb,GITHUB_repositories_daily,2024-02-06,8.0
Open Source Observer,GITHUB_contributors_daily,2024-02-06,3.0
Debid - Fairblock,GITHUB_contributors_daily,2024-02-06,1.0
thirdweb,GITHUB_contributors_daily,2024-02-06,15.0
Runtime Verification,GITHUB_active_developers_daily,2024-02-06,4.0
Debid - Fairblock,GITHUB_active_developers_daily,2024-02-06,1.0
Pyth Network,GITHUB_active_developers_daily,2024-02-06,3.0
thirdweb,GITHUB_active_developers_daily,2024-02-06,7.0
Trail of Bits Security Reviews,GITHUB_opened_pull_requests_daily,2024-02-06,5.0
thirdweb,GITHUB_opened_pull_requests_daily,2024-02-06,24.0
thirdweb,GITHUB_merged_pull_requests_daily,2024-02-06,17.0
Pyth Network,GITHUB_merged_pull_requests_daily,2024-02-06,3.0
Open Source Observer,GITHUB_opened_issues_daily,2024-02-06,3.0
Walnut,GITHUB_opened_issues_daily,2024-02-06,1.0
Runtime Verification,GITHUB_closed_issues_daily,2024-02-06,7.0
thirdweb,GITHUB_comments_daily,2024-07-12,115.0
Open Source Observer,GITHUB_commits_daily,2024-07-12,2.0
thirdweb,GITHUB_commits_daily,2024-07-12,9.0
Runtime Verification,GITHUB_repositories_daily,2024-07-12,13.0
Runtime Verification,GITHUB_contributors_daily,2024-07-12,13.0
Runtime Verification,GITHUB_active_developers_daily,2024-07-12,4.0
Open Source Observer,GITHUB_active_developers_daily,2024-07-12,1.0
thirdweb,GITHUB_opened_pull_requests_daily,2024-07-12,14.0
Runtime Verification,GITHUB_opened_pull_requests_daily,2024-07-12,12.0
Runtime Verification,GITHUB_merged_pull_requests_daily,2024-07-12,8.0
Runtime Verification,GITHUB_opened_issues_daily,2024-07-12,1.0
Open Source Observer,GITHUB_opened_issues_daily,2024-07-12,1.0
Redstone Finance,GITHUB_opened_issues_daily,2024-07-12,1.0
Runtime Verification,GITHUB_closed_issues_daily,2024-07-12,1.0
thirdweb,GITHUB_comments_daily,2024-09-04,160.0
Trail of Bits Security Reviews,GITHUB_commits_daily,2024-09-04,20.0
Open Source Observer,GITHUB_commits_daily,2024-09-04,20.0
Runtime Verification,GITHUB_releases_daily,2024-09-04,3.0
Trail of Bits Security Reviews,GITHUB_releases_daily,2024-09-04,3.0
WakeUp Labs,GITHUB_forks_daily,2024-09-04,1.0
Trail of Bits Security Reviews,GITHUB_forks_daily,2024-09-04,1.0
Pyth Network,GITHUB_repositories_daily,2024-09-04,5.0
Trail of Bits Security Reviews,GITHUB_repositories_daily,2024-09-04,7.0
Open Source Observer,GITHUB_repositories_daily,2024-09-04,3.0
Runtime Verification,GITHUB_active_developers_daily,2024-09-04,4.0
Enclave,GITHUB_active_developers_daily,2024-09-04,1.0
Open Source Observer,GITHUB_contributors_daily,2024-09-04,3.0
Pyth Network,GITHUB_opened_pull_requests_daily,2024-09-04,6.0
WakeUp Labs,GITHUB_merged_pull_requests_daily,2024-09-04,2.0
Open Source Observer,GITHUB_opened_issues_daily,2024-09-04,2.0
Open Source Observer,GITHUB_closed_issues_daily,2024-09-04,2.0
Trail of Bits Security Reviews,GITHUB_comments_daily,2024-09-21,1.0
Open Source Observer,GITHUB_comments_daily,2024-09-21,1.0
thirdweb,GITHUB_forks_daily,2024-09-21,3.0
Runtime Verification,GITHUB_repositories_daily,2024-09-21,1.0
Open Source Observer,GITHUB_repositories_daily,2024-09-21,1.0
thirdweb,GITHUB_contributors_daily,2024-09-21,8.0
Trail of Bits Security Reviews,GITHUB_opened_issues_daily,2024-09-21,1.0
thirdweb,GITHUB_comments_daily,2025-03-02,1.0
Runtime Verification,GITHUB_commits_daily,2025-03-02,4.0
Trail of Bits Security Reviews,GITHUB_repositories_daily,2025-03-02,4.0
Solang,GITHUB_repositories_daily,2025-03-02,1.0
thirdweb,GITHUB_repositories_daily,2025-03-02,3.0
Open Source Observer,GITHUB_contributors_daily,2025-03-02,2.0
Pyth Network,GITHUB_contributors_daily,2025-03-02,1.0
9Lives,GITHUB_contributors_daily,2025-03-02,2.0
Runtime Verification,GITHUB_contributors_daily,2025-03-02,1.0
Open Source Observer,GITHUB_active_developers_daily,2025-03-02,2.0
CodeTracer,GITHUB_opened_pull_requests_daily,2025-03-02,1.0
Pyth Network,GITHUB_opened_pull_requests_daily,2025-03-02,1.0
Runtime Verification,GITHUB_merged_pull_requests_daily,2025-03-02,1.0
Open Source Observer,GITHUB_closed_issues_daily,2025-03-02,1.0
Walnut,GITHUB_comments_daily,2024-03-22,9.0
Trail of Bits Security Reviews,GITHUB_comments_daily,2024-03-22,14.0
Open Source Observer,GITHUB_comments_daily,2024-03-22,11.0
Runtime Verification,GITHUB_stars_daily,2024-03-22,2.0
Redstone Finance,GITHUB_commits_daily,2024-03-22,2.0
Pyth Network,GITHUB_commits_daily,2024-03-22,6.0
Runtime Verification,GITHUB_releases_daily,2024-03-22,4.0
Open Source Observer,GITHUB_repositories_daily,2024-03-22,1.0
Walnut,GITHUB_opened_pull_requests_daily,2024-03-22,3.0
Runtime Verification,GITHUB_opened_issues_daily,2024-03-22,5.0
Open Source Observer,GITHUB_opened_issues_daily,2024-03-22,2.0
Walnut,GITHUB_closed_issues_daily,2024-03-22,1.0
Open Source Observer,GITHUB_closed_issues_daily,2024-03-22,1.0
Open Source Observer,GITHUB_forks_weekly,2025-03-17,4.0
Pyth Network,GITHUB_forks_weekly,2025-03-17,8.0
thirdweb,GITHUB_forks_weekly,2025-03-17,16.0
Walnut,GITHUB_comments_daily,2025-03-17,2.0
Walnut,GITHUB_stars_weekly,2025-03-17,1.0
Redstone Finance,GITHUB_stars_weekly,2025-03-17,1.0
Passport XYZ,GITHUB_stars_weekly,2025-03-17,10.0
9Lives,GITHUB_stars_weekly,2025-03-17,1.0
thirdweb,GITHUB_stars_weekly,2025-03-17,15.0
Trail of Bits Security Reviews,GITHUB_commits_daily,2025-03-17,12.0
9Lives,GITHUB_commits_daily,2025-03-17,5.0
Passport XYZ,GITHUB_releases_weekly,2025-03-17,2.0
Trail of Bits Security Reviews,GITHUB_releases_weekly,2025-03-17,4.0
Passport XYZ,GITHUB_commits_weekly,2025-03-17,44.0
Open Source Observer,GITHUB_commits_weekly,2025-03-17,73.0
Redstone Finance,GITHUB_commits_weekly,2025-03-17,39.0
Pyth Network,GITHUB_comments_weekly,2025-03-17,107.0
Enclave,GITHUB_comments_weekly,2025-03-17,11.0
Remix IDE plugin for Arbitrum Stylus,GITHUB_comments_weekly,2025-03-17,1.0
Trail of Bits Security Reviews,GITHUB_forks_daily,2025-03-17,3.0
CodeTracer,GITHUB_forks_daily,2025-03-17,1.0
Remix IDE plugin for Arbitrum Stylus,GITHUB_repositories_weekly,2025-03-17,3.0
CoBuilders,GITHUB_repositories_weekly,2025-03-17,1.0
thirdweb,GITHUB_repositories_weekly,2025-03-17,9.0
Solang,GITHUB_repositories_daily,2025-03-17,1.0
Passport XYZ,GITHUB_repositories_daily,2025-03-17,3.0
Open Source Observer,GITHUB_repositories_daily,2025-03-17,3.0
Enclave,GITHUB_contributors_weekly,2025-03-17,3.0
Debid - Fairblock,GITHUB_contributors_weekly,2025-03-17,2.0
Open Source Observer,GITHUB_contributors_weekly,2025-03-17,11.0
Remix IDE plugin for Arbitrum Stylus,GITHUB_contributors_weekly,2025-03-17,1.0
Walnut,GITHUB_contributors_weekly,2025-03-17,5.0
Passport XYZ,GITHUB_contributors_weekly,2025-03-17,5.0
9Lives,GITHUB_contributors_weekly,2025-03-17,3.0
CoBuilders,GITHUB_contributors_weekly,2025-03-17,1.0
CodeTracer,GITHUB_contributors_weekly,2025-03-17,4.0
Solang,GITHUB_contributors_weekly,2025-03-17,2.0
Trail of Bits Security Reviews,GITHUB_contributors_weekly,2025-03-17,8.0
Passport XYZ,GITHUB_contributors_daily,2025-03-17,3.0
Solang,GITHUB_contributors_daily,2025-03-17,1.0
Open Source Observer,GITHUB_active_developers_weekly,2025-03-17,8.0
9Lives,GITHUB_active_developers_weekly,2025-03-17,2.0
CodeTracer,GITHUB_active_developers_weekly,2025-03-17,4.0
9Lives,GITHUB_active_developers_daily,2025-03-17,1.0
CodeTracer,GITHUB_active_developers_daily,2025-03-17,2.0
Enclave,GITHUB_opened_pull_requests_weekly,2025-03-17,3.0
thirdweb,GITHUB_opened_pull_requests_weekly,2025-03-17,54.0
Trail of Bits Security Reviews,GITHUB_opened_pull_requests_daily,2025-03-17,24.0
Pyth Network,GITHUB_merged_pull_requests_weekly,2025-03-17,39.0
Enclave,GITHUB_merged_pull_requests_weekly,2025-03-17,2.0
Trail of Bits Security Reviews,GITHUB_merged_pull_requests_weekly,2025-03-17,27.0
thirdweb,GITHUB_opened_issues_weekly,2025-03-17,3.0
Solang,GITHUB_opened_issues_weekly,2025-03-17,10.0
Solang,GITHUB_opened_issues_daily,2025-03-17,3.0
CodeTracer,GITHUB_opened_issues_daily,2025-03-17,3.0
Open Source Observer,GITHUB_closed_issues_weekly,2025-03-17,32.0
Walnut,GITHUB_closed_issues_weekly,2025-03-17,3.0
Runtime Verification,GITHUB_closed_issues_daily,2025-03-17,3.0
Passport XYZ,GITHUB_closed_issues_daily,2025-03-17,6.0
Walnut,GITHUB_closed_issues_daily,2025-03-17,1.0
Redstone Finance,GITHUB_comments_daily,2024-10-08,4.0
Runtime Verification,GITHUB_comments_daily,2024-10-08,3.0
Pyth Network,GITHUB_comments_daily,2024-10-08,44.0
Enclave,GITHUB_stars_daily,2024-10-08,1.0
Pyth Network,GITHUB_stars_daily,2024-10-08,1.0
Open Source Observer,GITHUB_commits_daily,2024-10-08,8.0
Trail of Bits Security Reviews,GITHUB_releases_daily,2024-10-08,2.0
Open Source Observer,GITHUB_forks_daily,2024-10-08,2.0
Enclave,GITHUB_repositories_daily,2024-10-08,1.0
thirdweb,GITHUB_repositories_daily,2024-10-08,5.0
thirdweb,GITHUB_contributors_daily,2024-10-08,11.0
Runtime Verification,GITHUB_active_developers_daily,2024-10-08,4.0
thirdweb,GITHUB_active_developers_daily,2024-10-08,5.0
Open Source Observer,GITHUB_active_developers_daily,2024-10-08,2.0
Enclave,GITHUB_active_developers_daily,2024-10-08,1.0
Redstone Finance,GITHUB_active_developers_daily,2024-10-08,4.0
Trail of Bits Security Reviews,GITHUB_active_developers_daily,2024-10-08,3.0
Trail of Bits Security Reviews,GITHUB_contributors_daily,2024-10-08,4.0
Open Source Observer,GITHUB_opened_pull_requests_daily,2024-10-08,4.0
Redstone Finance,GITHUB_opened_pull_requests_daily,2024-10-08,2.0
Runtime Verification,GITHUB_merged_pull_requests_daily,2024-10-08,5.0
Enclave,GITHUB_merged_pull_requests_daily,2024-10-08,1.0
thirdweb,GITHUB_merged_pull_requests_daily,2024-10-08,19.0
Passport XYZ,GITHUB_merged_pull_requests_daily,2024-10-08,4.0
Open Source Observer,GITHUB_opened_issues_daily,2024-10-08,5.0
Enclave,GITHUB_closed_issues_daily,2024-10-08,4.0
Runtime Verification,GITHUB_closed_issues_daily,2024-10-08,1.0
Trail of Bits Security Reviews,GITHUB_commits_daily,2024-04-21,6.0
Trail of Bits Security Reviews,GITHUB_active_developers_daily,2024-04-21,2.0
Runtime Verification,GITHUB_opened_pull_requests_daily,2024-04-21,1.0
Trail of Bits Security Reviews,GITHUB_opened_issues_daily,2024-04-21,1.0
thirdweb,GITHUB_comments_daily,2024-08-12,149.0
Passport XYZ,GITHUB_comments_daily,2024-08-12,6.0
Pyth Network,GITHUB_comments_daily,2024-08-12,31.0
Redstone Finance,GITHUB_stars_weekly,2024-08-12,4.0
Trail of Bits Security Reviews,GITHUB_commits_daily,2024-08-12,1.0
Runtime Verification,GITHUB_releases_daily,2024-08-12,4.0
Passport XYZ,GITHUB_releases_daily,2024-08-12,2.0
Walnut,GITHUB_commits_weekly,2024-08-12,28.0
Pyth Network,GITHUB_comments_weekly,2024-08-12,146.0
Open Source Observer,GITHUB_comments_weekly,2024-08-12,53.0
Trail of Bits Security Reviews,GITHUB_comments_weekly,2024-08-12,45.0
thirdweb,GITHUB_commits_weekly,2024-08-12,97.0
Walnut,GITHUB_repositories_weekly,2024-08-12,4.0
Trail of Bits Security Reviews,GITHUB_forks_daily,2024-08-12,1.0
Walnut,GITHUB_repositories_daily,2024-08-12,3.0
Redstone Finance,GITHUB_repositories_daily,2024-08-12,3.0
Passport XYZ,GITHUB_active_developers_weekly,2024-08-12,2.0
Pyth Network,GITHUB_active_developers_weekly,2024-08-12,9.0
Trail of Bits Security Reviews,GITHUB_active_developers_weekly,2024-08-12,7.0
Walnut,GITHUB_contributors_daily,2024-08-12,5.0
Trail of Bits Security Reviews,GITHUB_contributors_daily,2024-08-12,5.0
Runtime Verification,GITHUB_contributors_daily,2024-08-12,6.0
Trail of Bits Security Reviews,GITHUB_opened_pull_requests_daily,2024-08-12,21.0
Pyth Network,GITHUB_opened_pull_requests_daily,2024-08-12,7.0
thirdweb,GITHUB_merged_pull_requests_daily,2024-08-12,9.0
Pyth Network,GITHUB_merged_pull_requests_daily,2024-08-12,3.0
Passport XYZ,GITHUB_merged_pull_requests_weekly,2024-08-12,8.0
Runtime Verification,GITHUB_merged_pull_requests_weekly,2024-08-12,46.0
Walnut,GITHUB_merged_pull_requests_weekly,2024-08-12,9.0
Runtime Verification,GITHUB_opened_issues_daily,2024-08-12,2.0
Open Source Observer,GITHUB_closed_issues_weekly,2024-08-12,3.0
Passport XYZ,GITHUB_closed_issues_weekly,2024-08-12,4.0
Runtime Verification,GITHUB_comments_daily,2025-01-10,5.0
Pyth Network,GITHUB_stars_daily,2025-01-10,3.0
Redstone Finance,GITHUB_commits_daily,2025-01-10,1.0
Trail of Bits Security Reviews,GITHUB_commits_daily,2025-01-10,7.0
thirdweb,GITHUB_commits_daily,2025-01-10,3.0
Runtime Verification,GITHUB_releases_daily,2025-01-10,1.0
Pyth Network,GITHUB_releases_daily,2025-01-10,3.0
thirdweb,GITHUB_forks_daily,2025-01-10,2.0
Redstone Finance,GITHUB_repositories_daily,2025-01-10,1.0
Passport XYZ,GITHUB_repositories_daily,2025-01-10,2.0
CoBuilders,GITHUB_repositories_daily,2025-01-10,1.0
Walnut,GITHUB_repositories_daily,2025-01-10,2.0
9Lives,GITHUB_repositories_daily,2025-01-10,1.0
thirdweb,GITHUB_contributors_daily,2025-01-10,8.0
CoBuilders,GITHUB_contributors_daily,2025-01-10,1.0
Runtime Verification,GITHUB_contributors_daily,2025-01-10,5.0
Open Source Observer,GITHUB_contributors_daily,2025-01-10,2.0
Pyth Network,GITHUB_active_developers_daily,2025-01-10,7.0
Passport XYZ,GITHUB_active_developers_daily,2025-01-10,1.0
Pyth Network,GITHUB_opened_pull_requests_daily,2025-01-10,13.0
thirdweb,GITHUB_opened_pull_requests_daily,2025-01-10,5.0
Sylow,GITHUB_opened_pull_requests_daily,2025-01-10,1.0
CoBuilders,GITHUB_opened_pull_requests_daily,2025-01-10,1.0
Open Source Observer,GITHUB_merged_pull_requests_daily,2025-01-10,3.0
Pyth Network,GITHUB_comments_daily,2024-02-27,24.0
Trail of Bits Security Reviews,GITHUB_comments_daily,2024-02-27,5.0
Walnut,GITHUB_comments_daily,2024-02-27,5.0
Runtime Verification,GITHUB_stars_daily,2024-02-27,1.0
thirdweb,GITHUB_stars_daily,2024-02-27,1.0
Runtime Verification,GITHUB_repositories_daily,2024-02-27,12.0
Pyth Network,GITHUB_contributors_daily,2024-02-27,3.0
thirdweb,GITHUB_active_developers_daily,2024-02-27,7.0
Trail of Bits Security Reviews,GITHUB_merged_pull_requests_daily,2024-02-27,4.0
Open Source Observer,GITHUB_opened_issues_daily,2024-02-27,4.0
Runtime Verification,GITHUB_opened_issues_daily,2024-02-27,4.0
Trail of Bits Security Reviews,GITHUB_opened_issues_daily,2024-02-27,1.0
Trail of Bits Security Reviews,GITHUB_comments_daily,2024-07-10,24.0
Runtime Verification,GITHUB_comments_daily,2024-07-10,7.0
Open Source Observer,GITHUB_commits_daily,2024-07-10,1.0
Trail of Bits Security Reviews,GITHUB_commits_daily,2024-07-10,6.0
Trail of Bits Security Reviews,GITHUB_releases_daily,2024-07-10,3.0
Trail of Bits Security Reviews,GITHUB_forks_daily,2024-07-10,1.0
Redstone Finance,GITHUB_repositories_daily,2024-07-10,1.0
Walnut,GITHUB_contributors_daily,2024-07-10,2.0
Open Source Observer,GITHUB_contributors_daily,2024-07-10,3.0
Trail of Bits Security Reviews,GITHUB_active_developers_daily,2024-07-10,2.0
thirdweb,GITHUB_opened_pull_requests_daily,2024-07-10,7.0
thirdweb,GITHUB_merged_pull_requests_daily,2024-07-10,4.0
Pyth Network,GITHUB_merged_pull_requests_daily,2024-07-10,3.0
Trail of Bits Security Reviews,GITHUB_opened_issues_daily,2024-07-10,10.0
thirdweb,GITHUB_opened_issues_daily,2024-07-10,3.0
Runtime Verification,GITHUB_closed_issues_daily,2024-07-10,2.0
Enclave,GITHUB_comments_daily,2024-12-07,15.0
Solang,GITHUB_stars_daily,2024-12-07,1.0
Open Source Observer,GITHUB_commits_daily,2024-12-07,2.0
Trail of Bits Security Reviews,GITHUB_commits_daily,2024-12-07,5.0
thirdweb,GITHUB_releases_daily,2024-12-07,2.0
Pyth Network,GITHUB_forks_daily,2024-12-07,2.0
Solang,GITHUB_repositories_daily,2024-12-07,1.0
Sylow,GITHUB_repositories_daily,2024-12-07,1.0
Trail of Bits Security Reviews,GITHUB_repositories_daily,2024-12-07,8.0
Trail of Bits Security Reviews,GITHUB_contributors_daily,2024-12-07,3.0
Pyth Network,GITHUB_opened_pull_requests_daily,2024-12-07,1.0
Pyth Network,GITHUB_merged_pull_requests_daily,2024-12-07,2.0
Enclave,GITHUB_comments_daily,2024-08-30,3.0
Redstone Finance,GITHUB_commits_daily,2024-08-30,8.0
Pyth Network,GITHUB_releases_daily,2024-08-30,2.0
Trail of Bits Security Reviews,GITHUB_repositories_daily,2024-08-30,12.0
Open Source Observer,GITHUB_repositories_daily,2024-08-30,5.0
Pyth Network,GITHUB_contributors_daily,2024-08-30,7.0
Walnut,GITHUB_active_developers_daily,2024-08-30,1.0
Runtime Verification,GITHUB_active_developers_daily,2024-08-30,2.0
Pyth Network,GITHUB_opened_pull_requests_daily,2024-08-30,6.0
Passport XYZ,GITHUB_opened_pull_requests_daily,2024-08-30,6.0
Pyth Network,GITHUB_merged_pull_requests_daily,2024-08-30,8.0
Walnut,GITHUB_merged_pull_requests_daily,2024-08-30,5.0
thirdweb,GITHUB_opened_issues_daily,2024-08-30,1.0
Open Source Observer,GITHUB_opened_issues_daily,2024-08-30,3.0
Runtime Verification,GITHUB_comments_daily,2024-04-14,2.0
Pyth Network,GITHUB_forks_daily,2024-04-14,1.0
Open Source Observer,GITHUB_repositories_daily,2024-04-14,1.0
Trail of Bits Security Reviews,GITHUB_contributors_daily,2024-04-14,2.0
Trail of Bits Security Reviews,GITHUB_active_developers_daily,2024-04-14,2.0
Open Source Observer,GITHUB_opened_issues_daily,2024-04-14,1.0
thirdweb,GITHUB_forks_weekly,2024-11-18,11.0
Runtime Verification,GITHUB_forks_weekly,2024-11-18,1.0
Open Source Observer,GITHUB_comments_daily,2024-11-18,9.0
Pyth Network,GITHUB_comments_daily,2024-11-18,21.0
Runtime Verification,GITHUB_comments_daily,2024-11-18,3.0
thirdweb,GITHUB_comments_daily,2024-11-18,111.0
thirdweb,GITHUB_stars_weekly,2024-11-18,13.0
Passport XYZ,GITHUB_commits_daily,2024-11-18,8.0
Trail of Bits Security Reviews,GITHUB_commits_daily,2024-11-18,31.0
Runtime Verification,GITHUB_releases_weekly,2024-11-18,15.0
Passport XYZ,GITHUB_commits_weekly,2024-11-18,19.0
Open Source Observer,GITHUB_comments_weekly,2024-11-18,86.0
Runtime Verification,GITHUB_comments_weekly,2024-11-18,64.0
Pyth Network,GITHUB_commits_weekly,2024-11-18,42.0
Trail of Bits Security Reviews,GITHUB_commits_weekly,2024-11-18,68.0
Redstone Finance,GITHUB_commits_weekly,2024-11-18,35.0
Pyth Network,GITHUB_comments_weekly,2024-11-18,94.0
Walnut,GITHUB_comments_weekly,2024-11-18,3.0
Solang,GITHUB_repositories_weekly,2024-11-18,1.0
Pyth Network,GITHUB_repositories_weekly,2024-11-18,5.0
thirdweb,GITHUB_repositories_daily,2024-11-18,5.0
Solang,GITHUB_repositories_daily,2024-11-18,1.0
Trail of Bits Security Reviews,GITHUB_repositories_daily,2024-11-18,20.0
Pyth Network,GITHUB_contributors_daily,2024-11-18,7.0
Runtime Verification,GITHUB_contributors_daily,2024-11-18,5.0
Solang,GITHUB_contributors_weekly,2024-11-18,1.0
Pyth Network,GITHUB_active_developers_weekly,2024-11-18,12.0
Redstone Finance,GITHUB_active_developers_weekly,2024-11-18,4.0
Walnut,GITHUB_active_developers_weekly,2024-11-18,2.0
Moving Stylus,GITHUB_active_developers_weekly,2024-11-18,2.0
Runtime Verification,GITHUB_active_developers_weekly,2024-11-18,7.0
Passport XYZ,GITHUB_active_developers_daily,2024-11-18,2.0
Open Source Observer,GITHUB_active_developers_daily,2024-11-18,1.0
Runtime Verification,GITHUB_opened_pull_requests_weekly,2024-11-18,27.0
Open Source Observer,GITHUB_opened_pull_requests_weekly,2024-11-18,18.0
Redstone Finance,GITHUB_opened_pull_requests_weekly,2024-11-18,10.0
Enclave,GITHUB_opened_pull_requests_weekly,2024-11-18,1.0
Pyth Network,GITHUB_merged_pull_requests_weekly,2024-11-18,36.0
Remix IDE plugin for Arbitrum Stylus,GITHUB_merged_pull_requests_weekly,2024-11-18,3.0
Passport XYZ,GITHUB_merged_pull_requests_weekly,2024-11-18,16.0
Redstone Finance,GITHUB_merged_pull_requests_weekly,2024-11-18,8.0
Pyth Network,GITHUB_opened_pull_requests_daily,2024-11-18,9.0
Passport XYZ,GITHUB_opened_pull_requests_daily,2024-11-18,2.0
Runtime Verification,GITHUB_merged_pull_requests_daily,2024-11-18,1.0
Pyth Network,GITHUB_opened_issues_weekly,2024-11-18,1.0
Runtime Verification,GITHUB_opened_issues_weekly,2024-11-18,4.0
Trail of Bits Security Reviews,GITHUB_opened_issues_weekly,2024-11-18,6.0
Passport XYZ,GITHUB_opened_issues_daily,2024-11-18,6.0
Runtime Verification,GITHUB_opened_issues_daily,2024-11-18,1.0
Passport XYZ,GITHUB_closed_issues_weekly,2024-11-18,16.0
Open Source Observer,GITHUB_closed_issues_weekly,2024-11-18,27.0
Walnut,GITHUB_comments_daily,2024-08-02,38.0
Trail of Bits Security Reviews,GITHUB_commits_daily,2024-08-02,28.0
Runtime Verification,GITHUB_releases_daily,2024-08-02,9.0
Trail of Bits Security Reviews,GITHUB_forks_daily,2024-08-02,1.0
Enclave,GITHUB_forks_daily,2024-08-02,1.0
Trail of Bits Security Reviews,GITHUB_repositories_daily,2024-08-02,10.0
Walnut,GITHUB_repositories_daily,2024-08-02,2.0
Walnut,GITHUB_contributors_daily,2024-08-02,4.0
Runtime Verification,GITHUB_contributors_daily,2024-08-02,10.0
Trail of Bits Security Reviews,GITHUB_contributors_daily,2024-08-02,3.0
Debid - Fairblock,GITHUB_active_developers_daily,2024-08-02,1.0
Passport XYZ,GITHUB_active_developers_daily,2024-08-02,2.0
Trail of Bits Security Reviews,GITHUB_active_developers_daily,2024-08-02,2.0
Passport XYZ,GITHUB_opened_pull_requests_daily,2024-08-02,10.0
Open Source Observer,GITHUB_opened_pull_requests_daily,2024-08-02,9.0
Open Source Observer,GITHUB_merged_pull_requests_daily,2024-08-02,9.0
Open Source Observer,GITHUB_opened_issues_daily,2024-08-02,3.0
Trail of Bits Security Reviews,GITHUB_closed_issues_daily,2024-08-02,1.0
Open Source Observer,GITHUB_comments_daily,2024-07-05,1.0
Walnut,GITHUB_commits_daily,2024-07-05,13.0
Runtime Verification,GITHUB_commits_daily,2024-07-05,27.0
thirdweb,GITHUB_stars_daily,2024-07-05,2.0
Trail of Bits Security Reviews,GITHUB_releases_daily,2024-07-05,1.0
Pyth Network,GITHUB_forks_daily,2024-07-05,1.0
Walnut,GITHUB_active_developers_daily,2024-07-05,1.0
Runtime Verification,GITHUB_active_developers_daily,2024-07-05,2.0
Walnut,GITHUB_opened_pull_requests_daily,2024-07-05,4.0
Trail of Bits Security Reviews,GITHUB_opened_pull_requests_daily,2024-07-05,10.0
Trail of Bits Security Reviews,GITHUB_merged_pull_requests_daily,2024-07-05,9.0
Pyth Network,GITHUB_merged_pull_requests_daily,2024-07-05,2.0
Trail of Bits Security Reviews,GITHUB_opened_issues_daily,2024-07-05,1.0
thirdweb,GITHUB_comments_daily,2024-05-23,53.0
Trail of Bits Security Reviews,GITHUB_stars_daily,2024-05-23,9.0
thirdweb,GITHUB_stars_daily,2024-05-23,2.0
Passport XYZ,GITHUB_stars_daily,2024-05-23,2.0
Pyth Network,GITHUB_commits_daily,2024-05-23,5.0
Open Source Observer,GITHUB_forks_daily,2024-05-23,2.0
Passport XYZ,GITHUB_repositories_daily,2024-05-23,1.0
Open Source Observer,GITHUB_repositories_daily,2024-05-23,2.0
thirdweb,GITHUB_repositories_daily,2024-05-23,6.0
Redstone Finance,GITHUB_repositories_daily,2024-05-23,2.0
Pyth Network,GITHUB_contributors_daily,2024-05-23,9.0
thirdweb,GITHUB_active_developers_daily,2024-05-23,7.0
Open Source Observer,GITHUB_active_developers_daily,2024-05-23,5.0
Runtime Verification,GITHUB_active_developers_daily,2024-05-23,4.0
Trail of Bits Security Reviews,GITHUB_opened_pull_requests_daily,2024-05-23,3.0
Passport XYZ,GITHUB_merged_pull_requests_daily,2024-05-23,2.0
Trail of Bits Security Reviews,GITHUB_merged_pull_requests_daily,2024-05-23,3.0
Runtime Verification,GITHUB_opened_issues_daily,2024-05-23,4.0
Trail of Bits Security Reviews,GITHUB_commits_daily,2024-10-06,5.0
thirdweb,GITHUB_forks_daily,2024-10-06,2.0
Open Source Observer,GITHUB_opened_pull_requests_daily,2024-10-06,5.0
Open Source Observer,GITHUB_merged_pull_requests_daily,2024-10-06,6.0
Trail of Bits Security Reviews,GITHUB_merged_pull_requests_daily,2024-10-06,5.0
Open Source Observer,GITHUB_closed_issues_daily,2024-10-06,1.0
thirdweb,GITHUB_comments_daily,2025-03-07,51.0
Walnut,GITHUB_commits_daily,2025-03-07,19.0
Redstone Finance,GITHUB_commits_daily,2025-03-07,24.0
Passport XYZ,GITHUB_commits_daily,2025-03-07,8.0
Pyth Network,GITHUB_commits_daily,2025-03-07,13.0
Trail of Bits Security Reviews,GITHUB_commits_daily,2025-03-07,23.0
thirdweb,GITHUB_releases_daily,2025-03-07,5.0
thirdweb,GITHUB_forks_daily,2025-03-07,2.0
Passport XYZ,GITHUB_repositories_daily,2025-03-07,2.0
Pyth Network,GITHUB_repositories_daily,2025-03-07,3.0
Redstone Finance,GITHUB_contributors_daily,2025-03-07,3.0
thirdweb,GITHUB_contributors_daily,2025-03-07,7.0
Trail of Bits Security Reviews,GITHUB_contributors_daily,2025-03-07,5.0
Open Source Observer,GITHUB_active_developers_daily,2025-03-07,4.0
Passport XYZ,GITHUB_active_developers_daily,2025-03-07,2.0
Trail of Bits Security Reviews,GITHUB_opened_pull_requests_daily,2025-03-07,4.0
Pyth Network,GITHUB_opened_pull_requests_daily,2025-03-07,3.0
Passport XYZ,GITHUB_merged_pull_requests_daily,2025-03-07,8.0
Open Source Observer,GITHUB_closed_issues_daily,2025-03-07,1.0
Walnut,GITHUB_closed_issues_daily,2025-03-07,13.0
Runtime Verification,GITHUB_closed_issues_daily,2025-03-07,1.0
thirdweb,GITHUB_comments_daily,2024-05-21,69.0
Pyth Network,GITHUB_comments_daily,2024-05-21,20.0
Runtime Verification,GITHUB_stars_daily,2024-05-21,1.0
Pyth Network,GITHUB_forks_daily,2024-05-21,1.0
Redstone Finance,GITHUB_repositories_daily,2024-05-21,3.0
Runtime Verification,GITHUB_repositories_daily,2024-05-21,12.0
Runtime Verification,GITHUB_contributors_daily,2024-05-21,14.0
Trail of Bits Security Reviews,GITHUB_contributors_daily,2024-05-21,5.0
Runtime Verification,GITHUB_active_developers_daily,2024-05-21,2.0
Trail of Bits Security Reviews,GITHUB_active_developers_daily,2024-05-21,2.0
Pyth Network,GITHUB_active_developers_daily,2024-05-21,5.0
Open Source Observer,GITHUB_opened_pull_requests_daily,2024-05-21,12.0
Pyth Network,GITHUB_opened_pull_requests_daily,2024-05-21,9.0
Redstone Finance,GITHUB_opened_pull_requests_daily,2024-05-21,1.0
Open Source Observer,GITHUB_merged_pull_requests_daily,2024-05-21,14.0
Passport XYZ,GITHUB_merged_pull_requests_daily,2024-05-21,2.0
Runtime Verification,GITHUB_opened_issues_daily,2024-05-21,6.0
thirdweb,GITHUB_closed_issues_daily,2024-05-21,2.0
thirdweb,GITHUB_comments_daily,2024-01-02,16.0
Pyth Network,GITHUB_commits_daily,2024-01-02,1.0
Trail of Bits Security Reviews,GITHUB_stars_daily,2024-01-02,9.0
thirdweb,GITHUB_repositories_daily,2024-01-02,6.0
Pyth Network,GITHUB_repositories_daily,2024-01-02,1.0
Trail of Bits Security Reviews,GITHUB_repositories_daily,2024-01-02,10.0
Syndicate Protocol,GITHUB_repositories_daily,2024-01-02,1.0
thirdweb,GITHUB_active_developers_daily,2024-01-02,5.0
Trail of Bits Security Reviews,GITHUB_active_developers_daily,2024-01-02,4.0
Redstone Finance,GITHUB_active_developers_daily,2024-01-02,1.0
Pyth Network,GITHUB_active_developers_daily,2024-01-02,1.0
thirdweb,GITHUB_contributors_daily,2024-01-02,8.0
Trail of Bits Security Reviews,GITHUB_opened_issues_daily,2024-01-02,2.0
Trail of Bits Security Reviews,GITHUB_closed_issues_daily,2024-01-02,1.0
Walnut,GITHUB_forks_weekly,2024-06-24,2.0
Open Source Observer,GITHUB_forks_weekly,2024-06-24,1.0
thirdweb,GITHUB_forks_weekly,2024-06-24,22.0
Trail of Bits Security Reviews,GITHUB_comments_daily,2024-06-24,14.0
Walnut,GITHUB_comments_daily,2024-06-24,16.0
Passport XYZ,GITHUB_comments_daily,2024-06-24,4.0
Walnut,GITHUB_commits_daily,2024-06-24,20.0
Pyth Network,GITHUB_commits_daily,2024-06-24,12.0
Trail of Bits Security Reviews,GITHUB_commits_daily,2024-06-24,37.0
Remix IDE plugin for Arbitrum Stylus,GITHUB_releases_weekly,2024-06-24,1.0
Runtime Verification,GITHUB_commits_weekly,2024-06-24,148.0
Enclave,GITHUB_commits_weekly,2024-06-24,23.0
Runtime Verification,GITHUB_comments_weekly,2024-06-24,179.0
Open Source Observer,GITHUB_comments_weekly,2024-06-24,67.0
Trail of Bits Security Reviews,GITHUB_forks_daily,2024-06-24,3.0
Passport XYZ,GITHUB_repositories_daily,2024-06-24,1.0
Debid - Fairblock,GITHUB_repositories_weekly,2024-06-24,3.0
Passport XYZ,GITHUB_repositories_weekly,2024-06-24,2.0
Enclave,GITHUB_contributors_daily,2024-06-24,2.0
Walnut,GITHUB_contributors_daily,2024-06-24,2.0
Redstone Finance,GITHUB_active_developers_daily,2024-06-24,1.0
Open Source Observer,GITHUB_active_developers_daily,2024-06-24,1.0
Trail of Bits Security Reviews,GITHUB_active_developers_daily,2024-06-24,5.0
thirdweb,GITHUB_active_developers_daily,2024-06-24,6.0
Enclave,GITHUB_active_developers_daily,2024-06-24,2.0
Trail of Bits Security Reviews,GITHUB_active_developers_weekly,2024-06-24,13.0
Runtime Verification,GITHUB_active_developers_weekly,2024-06-24,12.0
Open Source Observer,GITHUB_active_developers_weekly,2024-06-24,5.0
Passport XYZ,GITHUB_opened_pull_requests_weekly,2024-06-24,2.0
thirdweb,GITHUB_opened_pull_requests_daily,2024-06-24,24.0
Trail of Bits Security Reviews,GITHUB_merged_pull_requests_weekly,2024-06-24,47.0
thirdweb,GITHUB_merged_pull_requests_weekly,2024-06-24,103.0
Runtime Verification,GITHUB_opened_issues_daily,2024-06-24,4.0
thirdweb,GITHUB_opened_issues_weekly,2024-06-24,2.0
Open Source Observer,GITHUB_opened_issues_weekly,2024-06-24,10.0
Walnut,GITHUB_closed_issues_daily,2024-06-24,3.0
Open Source Observer,GITHUB_closed_issues_daily,2024-06-24,6.0
Pyth Network,GITHUB_closed_issues_weekly,2024-06-24,2.0
Trail of Bits Security Reviews,GITHUB_closed_issues_weekly,2024-06-24,11.0
Walnut,GITHUB_closed_issues_weekly,2024-06-24,12.0
thirdweb,GITHUB_comments_daily,2024-08-29,103.0
Pyth Network,GITHUB_comments_daily,2024-08-29,23.0
Open Source Observer,GITHUB_comments_daily,2024-08-29,7.0
Walnut,GITHUB_comments_daily,2024-08-29,5.0
Runtime Verification,GITHUB_comments_daily,2024-08-29,7.0
Trail of Bits Security Reviews,GITHUB_stars_daily,2024-08-29,9.0
Trail of Bits Security Reviews,GITHUB_commits_daily,2024-08-29,22.0
Redstone Finance,GITHUB_commits_daily,2024-08-29,14.0
Pyth Network,GITHUB_commits_daily,2024-08-29,14.0
Walnut,GITHUB_repositories_daily,2024-08-29,4.0
Pyth Network,GITHUB_contributors_daily,2024-08-29,10.0
Walnut,GITHUB_contributors_daily,2024-08-29,1.0
Passport XYZ,GITHUB_contributors_daily,2024-08-29,2.0
Open Source Observer,GITHUB_active_developers_daily,2024-08-29,3.0
thirdweb,GITHUB_active_developers_daily,2024-08-29,3.0
Passport XYZ,GITHUB_opened_pull_requests_daily,2024-08-29,10.0
Enclave,GITHUB_opened_pull_requests_daily,2024-08-29,4.0
Pyth Network,GITHUB_merged_pull_requests_daily,2024-08-29,12.0
Enclave,GITHUB_merged_pull_requests_daily,2024-08-29,4.0
Runtime Verification,GITHUB_opened_issues_daily,2024-08-29,1.0
Redstone Finance,GITHUB_comments_daily,2024-02-28,1.0
Walnut,GITHUB_comments_daily,2024-02-28,4.0
Open Source Observer,GITHUB_commits_daily,2024-02-28,3.0
Runtime Verification,GITHUB_commits_daily,2024-02-28,39.0
Pyth Network,GITHUB_forks_daily,2024-02-28,1.0
Walnut,GITHUB_forks_daily,2024-02-28,1.0
Trail of Bits Security Reviews,GITHUB_repositories_daily,2024-02-28,10.0
Runtime Verification,GITHUB_repositories_daily,2024-02-28,14.0
Runtime Verification,GITHUB_contributors_daily,2024-02-28,13.0
thirdweb,GITHUB_contributors_daily,2024-02-28,10.0
Trail of Bits Security Reviews,GITHUB_contributors_daily,2024-02-28,4.0
Walnut,GITHUB_active_developers_daily,2024-02-28,1.0
Open Source Observer,GITHUB_opened_pull_requests_daily,2024-02-28,5.0
thirdweb,GITHUB_opened_pull_requests_daily,2024-02-28,10.0
Redstone Finance,GITHUB_opened_pull_requests_daily,2024-02-28,1.0
Trail of Bits Security Reviews,GITHUB_merged_pull_requests_daily,2024-02-28,11.0
Pyth Network,GITHUB_merged_pull_requests_daily,2024-02-28,6.0
Open Source Observer,GITHUB_merged_pull_requests_daily,2024-02-28,4.0
Runtime Verification,GITHUB_opened_issues_daily,2024-02-28,6.0
thirdweb,GITHUB_comments_daily,2024-06-04,46.0
Walnut,GITHUB_comments_daily,2024-06-04,2.0
Runtime Verification,GITHUB_stars_daily,2024-06-04,1.0
Runtime Verification,GITHUB_releases_daily,2024-06-04,11.0
Open Source Observer,GITHUB_forks_daily,2024-06-04,3.0
Trail of Bits Security Reviews,GITHUB_forks_daily,2024-06-04,1.0
Passport XYZ,GITHUB_repositories_daily,2024-06-04,1.0
Redstone Finance,GITHUB_repositories_daily,2024-06-04,2.0
Runtime Verification,GITHUB_active_developers_daily,2024-06-04,4.0
thirdweb,GITHUB_opened_pull_requests_daily,2024-06-04,10.0
Walnut,GITHUB_opened_pull_requests_daily,2024-06-04,1.0
Passport XYZ,GITHUB_opened_pull_requests_daily,2024-06-04,6.0
Open Source Observer,GITHUB_contributors_daily,2024-06-04,6.0
Trail of Bits Security Reviews,GITHUB_merged_pull_requests_daily,2024-06-04,6.0
Walnut,GITHUB_merged_pull_requests_daily,2024-06-04,2.0
thirdweb,GITHUB_closed_issues_daily,2024-06-04,1.0
Runtime Verification,GITHUB_closed_issues_daily,2024-06-04,6.0
thirdweb,GITHUB_forks_weekly,2024-12-16,5.0
Trail of Bits Security Reviews,GITHUB_comments_daily,2024-12-16,9.0
thirdweb,GITHUB_comments_daily,2024-12-16,120.0
Runtime Verification,GITHUB_stars_daily,2024-12-16,1.0
thirdweb,GITHUB_stars_daily,2024-12-16,5.0
thirdweb,GITHUB_stars_weekly,2024-12-16,9.0
Pyth Network,GITHUB_stars_weekly,2024-12-16,5.0
Pyth Network,GITHUB_releases_daily,2024-12-16,1.0
Trail of Bits Security Reviews,GITHUB_releases_daily,2024-12-16,1.0
Debid - Fairblock,GITHUB_commits_weekly,2024-12-16,18.0
Walnut,GITHUB_commits_weekly,2024-12-16,21.0
Passport XYZ,GITHUB_comments_weekly,2024-12-16,36.0
Open Source Observer,GITHUB_comments_weekly,2024-12-16,48.0
Redstone Finance,GITHUB_repositories_daily,2024-12-16,2.0
Open Source Observer,GITHUB_repositories_daily,2024-12-16,1.0
Walnut,GITHUB_repositories_daily,2024-12-16,1.0
Redstone Finance,GITHUB_repositories_weekly,2024-12-16,4.0
Trail of Bits Security Reviews,GITHUB_contributors_daily,2024-12-16,12.0
Pyth Network,GITHUB_contributors_daily,2024-12-16,4.0
Walnut,GITHUB_contributors_daily,2024-12-16,1.0
Passport XYZ,GITHUB_contributors_daily,2024-12-16,5.0
Arbos Foundry,GITHUB_contributors_weekly,2024-12-16,1.0
Pyth Network,GITHUB_contributors_weekly,2024-12-16,18.0
thirdweb,GITHUB_active_developers_daily,2024-12-16,3.0
Passport XYZ,GITHUB_active_developers_daily,2024-12-16,3.0
Trail of Bits Security Reviews,GITHUB_active_developers_daily,2024-12-16,7.0
Pyth Network,GITHUB_active_developers_daily,2024-12-16,2.0
Debid - Fairblock,GITHUB_active_developers_daily,2024-12-16,1.0
Pyth Network,GITHUB_active_developers_weekly,2024-12-16,11.0
Trail of Bits Security Reviews,GITHUB_active_developers_weekly,2024-12-16,13.0
Remix IDE plugin for Arbitrum Stylus,GITHUB_active_developers_weekly,2024-12-16,2.0
thirdweb,GITHUB_active_developers_weekly,2024-12-16,6.0
Walnut,GITHUB_active_developers_weekly,2024-12-16,4.0
Redstone Finance,GITHUB_active_developers_weekly,2024-12-16,3.0
Enclave,GITHUB_opened_pull_requests_weekly,2024-12-16,1.0
thirdweb,GITHUB_opened_pull_requests_weekly,2024-12-16,77.0
Solang,GITHUB_opened_pull_requests_weekly,2024-12-16,1.0
Walnut,GITHUB_opened_pull_requests_weekly,2024-12-16,5.0
Redstone Finance,GITHUB_opened_pull_requests_weekly,2024-12-16,2.0
thirdweb,GITHUB_opened_pull_requests_daily,2024-12-16,20.0
Redstone Finance,GITHUB_opened_pull_requests_daily,2024-12-16,1.0
Runtime Verification,GITHUB_merged_pull_requests_weekly,2024-12-16,24.0
Remix IDE plugin for Arbitrum Stylus,GITHUB_merged_pull_requests_weekly,2024-12-16,3.0
Redstone Finance,GITHUB_merged_pull_requests_weekly,2024-12-16,2.0
Pyth Network,GITHUB_merged_pull_requests_weekly,2024-12-16,28.0
Moving Stylus,GITHUB_opened_pull_requests_weekly,2024-12-16,1.0
Open Source Observer,GITHUB_merged_pull_requests_daily,2024-12-16,1.0
Runtime Verification,GITHUB_opened_issues_weekly,2024-12-16,2.0
Open Source Observer,GITHUB_opened_issues_weekly,2024-12-16,10.0
Passport XYZ,GITHUB_closed_issues_daily,2024-12-16,6.0
thirdweb,GITHUB_comments_daily,2024-04-20,25.0
Trail of Bits Security Reviews,GITHUB_stars_daily,2024-04-20,10.0
Runtime Verification,GITHUB_repositories_daily,2024-04-20,3.0
Runtime Verification,GITHUB_contributors_daily,2024-04-20,1.0
Trail of Bits Security Reviews,GITHUB_contributors_daily,2024-04-20,2.0
thirdweb,GITHUB_active_developers_daily,2024-04-20,3.0
Open Source Observer,GITHUB_opened_issues_daily,2024-04-20,1.0
Walnut,GITHUB_stars_daily,2024-10-24,1.0
Redstone Finance,GITHUB_commits_daily,2024-10-24,4.0
Passport XYZ,GITHUB_commits_daily,2024-10-24,12.0
thirdweb,GITHUB_commits_daily,2024-10-24,16.0
Passport XYZ,GITHUB_releases_daily,2024-10-24,4.0
Pyth Network,GITHUB_forks_daily,2024-10-24,1.0
Solang,GITHUB_repositories_daily,2024-10-24,1.0
Redstone Finance,GITHUB_repositories_daily,2024-10-24,3.0
Passport XYZ,GITHUB_repositories_daily,2024-10-24,3.0
Open Source Observer,GITHUB_repositories_daily,2024-10-24,4.0
Enclave,GITHUB_repositories_daily,2024-10-24,1.0
thirdweb,GITHUB_contributors_daily,2024-10-24,12.0
Runtime Verification,GITHUB_contributors_daily,2024-10-24,2.0
Redstone Finance,GITHUB_contributors_daily,2024-10-24,2.0
thirdweb,GITHUB_active_developers_daily,2024-10-24,3.0
Debid - Fairblock,GITHUB_active_developers_daily,2024-10-24,3.0
Pyth Network,GITHUB_opened_pull_requests_daily,2024-10-24,16.0
Trail of Bits Security Reviews,GITHUB_opened_pull_requests_daily,2024-10-24,8.0
Redstone Finance,GITHUB_opened_pull_requests_daily,2024-10-24,2.0
thirdweb,GITHUB_opened_issues_daily,2024-10-24,2.0
Runtime Verification,GITHUB_comments_daily,2024-06-10,27.0
Trail of Bits Security Reviews,GITHUB_forks_weekly,2024-06-10,8.0
Pyth Network,GITHUB_stars_weekly,2024-06-10,4.0
Enclave,GITHUB_stars_weekly,2024-06-10,1.0
Redstone Finance,GITHUB_commits_daily,2024-06-10,4.0
Pyth Network,GITHUB_releases_daily,2024-06-10,1.0
Arbos Foundry,GITHUB_commits_weekly,2024-06-10,20.0
Remix IDE plugin for Arbitrum Stylus,GITHUB_commits_weekly,2024-06-10,14.0
Open Source Observer,GITHUB_commits_weekly,2024-06-10,31.0
Debid - Fairblock,GITHUB_commits_weekly,2024-06-10,1.0
Trail of Bits Security Reviews,GITHUB_comments_weekly,2024-06-10,64.0
Runtime Verification,GITHUB_comments_weekly,2024-06-10,148.0
Pyth Network,GITHUB_comments_weekly,2024-06-10,122.0
Enclave,GITHUB_comments_weekly,2024-06-10,4.0
Debid - Fairblock,GITHUB_repositories_weekly,2024-06-10,2.0
Walnut,GITHUB_repositories_weekly,2024-06-10,3.0
Passport XYZ,GITHUB_repositories_weekly,2024-06-10,1.0
Pyth Network,GITHUB_repositories_weekly,2024-06-10,10.0
Open Source Observer,GITHUB_forks_daily,2024-06-10,1.0
Redstone Finance,GITHUB_repositories_daily,2024-06-10,2.0
Runtime Verification,GITHUB_repositories_daily,2024-06-10,10.0
Debid - Fairblock,GITHUB_contributors_weekly,2024-06-10,1.0
Syndicate Protocol,GITHUB_contributors_weekly,2024-06-10,1.0
Open Source Observer,GITHUB_contributors_weekly,2024-06-10,8.0
Remix IDE plugin for Arbitrum Stylus,GITHUB_contributors_weekly,2024-06-10,2.0
Syndicate Protocol,GITHUB_active_developers_weekly,2024-06-10,1.0
Open Source Observer,GITHUB_active_developers_weekly,2024-06-10,4.0
Runtime Verification,GITHUB_active_developers_weekly,2024-06-10,12.0
Arbos Foundry,GITHUB_active_developers_weekly,2024-06-10,1.0
Trail of Bits Security Reviews,GITHUB_contributors_daily,2024-06-10,5.0
Redstone Finance,GITHUB_contributors_daily,2024-06-10,2.0
Redstone Finance,GITHUB_active_developers_daily,2024-06-10,2.0
Runtime Verification,GITHUB_active_developers_daily,2024-06-10,1.0
Open Source Observer,GITHUB_active_developers_daily,2024-06-10,1.0
Pyth Network,GITHUB_active_developers_daily,2024-06-10,2.0
Pyth Network,GITHUB_opened_pull_requests_weekly,2024-06-10,41.0
Debid - Fairblock,GITHUB_opened_pull_requests_weekly,2024-06-10,1.0
Remix IDE plugin for Arbitrum Stylus,GITHUB_opened_pull_requests_weekly,2024-06-10,2.0
Trail of Bits Security Reviews,GITHUB_opened_pull_requests_weekly,2024-06-10,42.0
Trail of Bits Security Reviews,GITHUB_opened_pull_requests_daily,2024-06-10,18.0
Syndicate Protocol,GITHUB_merged_pull_requests_weekly,2024-06-10,1.0
thirdweb,GITHUB_merged_pull_requests_weekly,2024-06-10,104.0
Passport XYZ,GITHUB_merged_pull_requests_weekly,2024-06-10,2.0
Trail of Bits Security Reviews,GITHUB_merged_pull_requests_weekly,2024-06-10,31.0
Pyth Network,GITHUB_merged_pull_requests_daily,2024-06-10,2.0
thirdweb,GITHUB_merged_pull_requests_daily,2024-06-10,15.0
Runtime Verification,GITHUB_opened_issues_weekly,2024-06-10,15.0
Open Source Observer,GITHUB_opened_issues_weekly,2024-06-10,11.0
Runtime Verification,GITHUB_opened_issues_daily,2024-06-10,4.0
Runtime Verification,GITHUB_closed_issues_weekly,2024-06-10,5.0
thirdweb,GITHUB_closed_issues_weekly,2024-06-10,6.0
Passport XYZ,GITHUB_comments_daily,2025-02-06,4.0
Trail of Bits Security Reviews,GITHUB_comments_daily,2025-02-06,1.0
9Lives,GITHUB_commits_daily,2025-02-06,1.0
thirdweb,GITHUB_releases_daily,2025-02-06,1.0
Runtime Verification,GITHUB_releases_daily,2025-02-06,7.0
Walnut,GITHUB_repositories_daily,2025-02-06,1.0
Solang,GITHUB_repositories_daily,2025-02-06,1.0
Runtime Verification,GITHUB_contributors_daily,2025-02-06,11.0
Walnut,GITHUB_contributors_daily,2025-02-06,2.0
Open Source Observer,GITHUB_contributors_daily,2025-02-06,5.0
thirdweb,GITHUB_active_developers_daily,2025-02-06,4.0
9Lives,GITHUB_active_developers_daily,2025-02-06,1.0
Trail of Bits Security Reviews,GITHUB_active_developers_daily,2025-02-06,2.0
Passport XYZ,GITHUB_merged_pull_requests_daily,2025-02-06,27.0
Walnut,GITHUB_merged_pull_requests_daily,2025-02-06,3.0
Open Source Observer,GITHUB_opened_issues_daily,2025-02-06,2.0
Trail of Bits Security Reviews,GITHUB_comments_daily,2025-02-15,2.0
Trail of Bits Security Reviews,GITHUB_commits_daily,2025-02-15,1.0
Trail of Bits Security Reviews,GITHUB_forks_daily,2025-02-15,2.0
Redstone Finance,GITHUB_repositories_daily,2025-02-15,2.0
Pyth Network,GITHUB_repositories_daily,2025-02-15,5.0
Trail of Bits Security Reviews,GITHUB_repositories_daily,2025-02-15,6.0
9Lives,GITHUB_repositories_daily,2025-02-15,1.0
Pyth Network,GITHUB_active_developers_daily,2025-02-15,4.0
Walnut,GITHUB_opened_pull_requests_daily,2025-02-15,2.0
thirdweb,GITHUB_merged_pull_requests_daily,2025-02-15,5.0
Trail of Bits Security Reviews,GITHUB_merged_pull_requests_daily,2025-02-15,1.0
thirdweb,GITHUB_comments_daily,2024-09-28,54.0
thirdweb,GITHUB_releases_daily,2024-09-28,1.0
Solang,GITHUB_stars_daily,2024-09-28,1.0
thirdweb,GITHUB_stars_daily,2024-09-28,3.0
Open Source Observer,GITHUB_commits_daily,2024-09-28,3.0
Trail of Bits Security Reviews,GITHUB_forks_daily,2024-09-28,1.0
Solang,GITHUB_repositories_daily,2024-09-28,1.0
Runtime Verification,GITHUB_repositories_daily,2024-09-28,3.0
Passport XYZ,GITHUB_contributors_daily,2024-09-28,1.0
Passport XYZ,GITHUB_active_developers_daily,2024-09-28,1.0
thirdweb,GITHUB_active_developers_daily,2024-09-28,3.0
Passport XYZ,GITHUB_opened_pull_requests_daily,2024-09-28,2.0
Runtime Verification,GITHUB_merged_pull_requests_daily,2024-09-28,1.0
Passport XYZ,GITHUB_merged_pull_requests_daily,2024-09-28,2.0
Trail of Bits Security Reviews,GITHUB_opened_issues_daily,2024-09-28,1.0
Pyth Network,GITHUB_comments_daily,2024-05-28,16.0
Open Source Observer,GITHUB_comments_daily,2024-05-28,12.0
Pyth Network,GITHUB_releases_daily,2024-05-28,1.0
thirdweb,GITHUB_forks_daily,2024-05-28,4.0
Open Source Observer,GITHUB_forks_daily,2024-05-28,2.0
Runtime Verification,GITHUB_repositories_daily,2024-05-28,11.0
Walnut,GITHUB_repositories_daily,2024-05-28,2.0
Trail of Bits Security Reviews,GITHUB_repositories_daily,2024-05-28,15.0
thirdweb,GITHUB_contributors_daily,2024-05-28,17.0
thirdweb,GITHUB_active_developers_daily,2024-05-28,11.0
Redstone Finance,GITHUB_active_developers_daily,2024-05-28,2.0
Runtime Verification,GITHUB_active_developers_daily,2024-05-28,5.0
Walnut,GITHUB_active_developers_daily,2024-05-28,1.0
Pyth Network,GITHUB_active_developers_daily,2024-05-28,8.0
Runtime Verification,GITHUB_opened_pull_requests_daily,2024-05-28,10.0
Pyth Network,GITHUB_opened_pull_requests_daily,2024-05-28,6.0
Runtime Verification,GITHUB_merged_pull_requests_daily,2024-05-28,11.0
Trail of Bits Security Reviews,GITHUB_merged_pull_requests_daily,2024-05-28,4.0
Trail of Bits Security Reviews,GITHUB_opened_issues_daily,2024-05-28,1.0
Open Source Observer,GITHUB_closed_issues_daily,2024-05-28,1.0
thirdweb,GITHUB_forks_weekly,2024-10-07,12.0
Passport XYZ,GITHUB_comments_daily,2024-10-07,4.0
Enclave,GITHUB_comments_daily,2024-10-07,4.0
Trail of Bits Security Reviews,GITHUB_stars_daily,2024-10-07,18.0
Redstone Finance,GITHUB_commits_daily,2024-10-07,2.0
thirdweb,GITHUB_commits_daily,2024-10-07,10.0
Solang,GITHUB_stars_weekly,2024-10-07,2.0
Trail of Bits Security Reviews,GITHUB_stars_weekly,2024-10-07,120.0
Pyth Network,GITHUB_stars_weekly,2024-10-07,4.0
Redstone Finance,GITHUB_releases_daily,2024-10-07,1.0
Runtime Verification,GITHUB_releases_daily,2024-10-07,9.0
Runtime Verification,GITHUB_releases_weekly,2024-10-07,27.0
Runtime Verification,GITHUB_commits_weekly,2024-10-07,51.0
thirdweb,GITHUB_commits_weekly,2024-10-07,106.0
Solang,GITHUB_comments_weekly,2024-10-07,4.0
thirdweb,GITHUB_comments_weekly,2024-10-07,572.0
Pyth Network,GITHUB_repositories_daily,2024-10-07,4.0
Passport XYZ,GITHUB_repositories_daily,2024-10-07,2.0
Trail of Bits Security Reviews,GITHUB_repositories_daily,2024-10-07,15.0
thirdweb,GITHUB_repositories_daily,2024-10-07,4.0
Trail of Bits Security Reviews,GITHUB_repositories_weekly,2024-10-07,37.0
Solang,GITHUB_repositories_weekly,2024-10-07,1.0
Enclave,GITHUB_repositories_weekly,2024-10-07,1.0
Passport XYZ,GITHUB_contributors_daily,2024-10-07,1.0
Enclave,GITHUB_contributors_weekly,2024-10-07,1.0
Passport XYZ,GITHUB_contributors_weekly,2024-10-07,5.0
Pyth Network,GITHUB_active_developers_daily,2024-10-07,7.0
Passport XYZ,GITHUB_active_developers_weekly,2024-10-07,4.0
Remix IDE plugin for Arbitrum Stylus,GITHUB_opened_pull_requests_weekly,2024-10-07,2.0
Enclave,GITHUB_opened_pull_requests_weekly,2024-10-07,4.0
Redstone Finance,GITHUB_opened_pull_requests_daily,2024-10-07,1.0
Debid - Fairblock,GITHUB_merged_pull_requests_weekly,2024-10-07,7.0
Pyth Network,GITHUB_merged_pull_requests_weekly,2024-10-07,51.0
Remix IDE plugin for Arbitrum Stylus,GITHUB_merged_pull_requests_weekly,2024-10-07,3.0
thirdweb,GITHUB_merged_pull_requests_daily,2024-10-07,9.0
Runtime Verification,GITHUB_merged_pull_requests_daily,2024-10-07,11.0
Trail of Bits Security Reviews,GITHUB_merged_pull_requests_daily,2024-10-07,21.0
Trail of Bits Security Reviews,GITHUB_opened_issues_daily,2024-10-07,1.0
Runtime Verification,GITHUB_opened_issues_daily,2024-10-07,1.0
Enclave,GITHUB_opened_issues_daily,2024-10-07,2.0
Open Source Observer,GITHUB_opened_issues_daily,2024-10-07,1.0
Trail of Bits Security Reviews,GITHUB_opened_issues_weekly,2024-10-07,4.0
Enclave,GITHUB_opened_issues_weekly,2024-10-07,3.0
Enclave,GITHUB_closed_issues_weekly,2024-10-07,5.0
Pyth Network,GITHUB_comments_daily,2024-05-02,34.0
Open Source Observer,GITHUB_comments_daily,2024-05-02,20.0
Pyth Network,GITHUB_commits_daily,2024-05-02,4.0
thirdweb,GITHUB_commits_daily,2024-05-02,4.0
Trail of Bits Security Reviews,GITHUB_active_developers_daily,2024-05-02,3.0
Walnut,GITHUB_active_developers_daily,2024-05-02,1.0
thirdweb,GITHUB_active_developers_daily,2024-05-02,4.0
Redstone Finance,GITHUB_contributors_daily,2024-05-02,1.0
Trail of Bits Security Reviews,GITHUB_forks_daily,2024-05-02,1.0
Trail of Bits Security Reviews,GITHUB_repositories_daily,2024-05-02,15.0
Pyth Network,GITHUB_repositories_daily,2024-05-02,7.0
thirdweb,GITHUB_opened_pull_requests_daily,2024-05-02,6.0
Runtime Verification,GITHUB_opened_pull_requests_daily,2024-05-02,11.0
Trail of Bits Security Reviews,GITHUB_merged_pull_requests_daily,2024-05-02,7.0
Runtime Verification,GITHUB_merged_pull_requests_daily,2024-05-02,12.0
Runtime Verification,GITHUB_opened_issues_daily,2024-05-02,2.0
Runtime Verification,GITHUB_closed_issues_daily,2024-05-02,2.0
Trail of Bits Security Reviews,GITHUB_active_contributors_quarterly,2024-08-01,49.0
Redstone Finance,GITHUB_active_contributors_quarterly,2024-08-01,11.0
Arbos Foundry,GITHUB_part_time_contributors_quarterly,2024-08-01,2.0
Enclave,GITHUB_active_contributors_quarterly,2024-08-01,4.0
Debid - Fairblock,GITHUB_new_contributors_quarterly,2024-08-01,13.0
Walnut,GITHUB_part_time_contributors_quarterly,2024-08-01,20.0
Redstone Finance,GITHUB_new_contributors_quarterly,2024-08-01,6.0
Remix IDE plugin for Arbitrum Stylus,GITHUB_part_time_contributors_quarterly,2024-08-01,2.0
Open Source Observer,GITHUB_part_time_contributors_quarterly,2024-08-01,16.0
thirdweb,GITHUB_new_contributors_quarterly,2024-08-01,36.0
Passport XYZ,GITHUB_releases_biannually,2024-08-01,14.0
Trail of Bits Security Reviews,GITHUB_releases_biannually,2024-08-01,35.0
Pyth Network,GITHUB_releases_biannually,2024-08-01,17.0
thirdweb,GITHUB_releases_biannually,2024-08-01,40.0
Remix IDE plugin for Arbitrum Stylus,GITHUB_releases_biannually,2024-08-01,1.0
Passport XYZ,GITHUB_releases_quarterly,2024-08-01,14.0
Trail of Bits Security Reviews,GITHUB_commits_biannually,2024-08-01,350.0
Debid - Fairblock,GITHUB_commits_biannually,2024-08-01,97.0
Enclave,GITHUB_commits_biannually,2024-08-01,5.0
Open Source Observer,GITHUB_active_developers_biannually,2024-08-01,12.0
Pyth Network,GITHUB_active_developers_biannually,2024-08-01,15.0
Debid - Fairblock,GITHUB_repositories_quarterly,2024-08-01,6.0
Remix IDE plugin for Arbitrum Stylus,GITHUB_repositories_quarterly,2024-08-01,2.0
Pyth Network,GITHUB_active_developers_quarterly,2024-08-01,15.0
Redstone Finance,GITHUB_active_developers_quarterly,2024-08-01,7.0
Trail of Bits Security Reviews,GITHUB_active_developers_quarterly,2024-08-01,16.0
Pyth Network,GITHUB_forks_monthly,2024-08-01,11.0
Passport XYZ,GITHUB_forks_monthly,2024-08-01,10.0
Walnut,GITHUB_forks_monthly,2024-08-01,4.0
Runtime Verification,GITHUB_forks_monthly,2024-08-01,9.0
Arbos Foundry,GITHUB_part_time_developers_quarterly,2024-08-01,1.0
Runtime Verification,GITHUB_part_time_developers_quarterly,2024-08-01,13.0
Debid - Fairblock,GITHUB_part_time_developers_quarterly,2024-08-01,4.0
thirdweb,GITHUB_stars_biannually,2024-08-01,47.0
Debid - Fairblock,GITHUB_stars_biannually,2024-08-01,2.0
Trail of Bits Security Reviews,GITHUB_stars_biannually,2024-08-01,710.0
Open Source Observer,GITHUB_comments_daily,2024-08-01,10.0
Redstone Finance,GITHUB_comments_daily,2024-08-01,1.0
Open Source Observer,GITHUB_commits_daily,2024-08-01,1.0
Passport XYZ,GITHUB_commits_monthly,2024-08-01,120.0
Trail of Bits Security Reviews,GITHUB_commits_monthly,2024-08-01,350.0
Enclave,GITHUB_commits_monthly,2024-08-01,5.0
Pyth Network,GITHUB_stars_quarterly,2024-08-01,21.0
Debid - Fairblock,GITHUB_comments_monthly,2024-08-01,1.0
Debid - Fairblock,GITHUB_stars_quarterly,2024-08-01,2.0
thirdweb,GITHUB_stars_monthly,2024-08-01,47.0
Runtime Verification,GITHUB_stars_monthly,2024-08-01,42.0
Enclave,GITHUB_stars_monthly,2024-08-01,2.0
Open Source Observer,GITHUB_stars_monthly,2024-08-01,22.0
Debid - Fairblock,GITHUB_stars_monthly,2024-08-01,2.0
Runtime Verification,GITHUB_stars_daily,2024-08-01,6.0
Passport XYZ,GITHUB_releases_monthly,2024-08-01,14.0
Redstone Finance,GITHUB_releases_monthly,2024-08-01,1.0
thirdweb,GITHUB_commits_quarterly,2024-08-01,385.0
Enclave,GITHUB_commits_quarterly,2024-08-01,5.0
Trail of Bits Security Reviews,GITHUB_commits_quarterly,2024-08-01,350.0
Trail of Bits Security Reviews,GITHUB_forks_biannually,2024-08-01,62.0
Walnut,GITHUB_forks_quarterly,2024-08-01,4.0
Redstone Finance,GITHUB_forks_quarterly,2024-08-01,4.0
Runtime Verification,GITHUB_forks_biannually,2024-08-01,9.0
thirdweb,GITHUB_repositories_daily,2024-08-01,5.0
Arbos Foundry,GITHUB_repositories_biannually,2024-08-01,3.0
Redstone Finance,GITHUB_repositories_monthly,2024-08-01,10.0
Remix IDE plugin for Arbitrum Stylus,GITHUB_repositories_monthly,2024-08-01,2.0
thirdweb,GITHUB_repositories_monthly,2024-08-01,15.0
Debid - Fairblock,GITHUB_repositories_biannually,2024-08-01,6.0
Remix IDE plugin for Arbitrum Stylus,GITHUB_repositories_biannually,2024-08-01,2.0
Runtime Verification,GITHUB_contributors_daily,2024-08-01,12.0
Walnut,GITHUB_contributors_monthly,2024-08-01,20.0
Passport XYZ,GITHUB_contributors_monthly,2024-08-01,11.0
Debid - Fairblock,GITHUB_contributors_daily,2024-08-01,12.0
Passport XYZ,GITHUB_contributors_quarterly,2024-08-01,11.0
Open Source Observer,GITHUB_contributors_quarterly,2024-08-01,16.0
Enclave,GITHUB_contributors_quarterly,2024-08-01,4.0
Arbos Foundry,GITHUB_contributors_quarterly,2024-08-01,2.0
Runtime Verification,GITHUB_contributors_biannually,2024-08-01,33.0
Remix IDE plugin for Arbitrum Stylus,GITHUB_contributors_quarterly,2024-08-01,2.0
Runtime Verification,GITHUB_active_developers_daily,2024-08-01,4.0
thirdweb,GITHUB_active_developers_daily,2024-08-01,6.0
Runtime Verification,GITHUB_active_developers_monthly,2024-08-01,13.0
thirdweb,GITHUB_active_developers_monthly,2024-08-01,11.0
Remix IDE plugin for Arbitrum Stylus,GITHUB_active_developers_monthly,2024-08-01,2.0
Redstone Finance,GITHUB_full_time_developers_monthly,2024-08-01,2.0
Pyth Network,GITHUB_full_time_developers_monthly,2024-08-01,2.0
thirdweb,GITHUB_part_time_developers_monthly,2024-08-01,7.0
Redstone Finance,GITHUB_active_developers_monthly,2024-08-01,7.0
Trail of Bits Security Reviews,GITHUB_active_developers_monthly,2024-08-01,16.0
Runtime Verification,GITHUB_full_time_developers_monthly,2024-08-01,3.0
Arbos Foundry,GITHUB_active_developers_monthly,2024-08-01,1.0
Redstone Finance,GITHUB_part_time_developers_monthly,2024-08-01,5.0
Open Source Observer,GITHUB_part_time_developers_monthly,2024-08-01,10.0
Debid - Fairblock,GITHUB_part_time_developers_biannually,2024-08-01,4.0
thirdweb,GITHUB_part_time_developers_biannually,2024-08-01,11.0
Open Source Observer,GITHUB_part_time_developers_biannually,2024-08-01,12.0
Arbos Foundry,GITHUB_part_time_developers_biannually,2024-08-01,1.0
Open Source Observer,GITHUB_active_contributors_monthly,2024-08-01,16.0
Arbos Foundry,GITHUB_part_time_contributors_monthly,2024-08-01,2.0
Debid - Fairblock,GITHUB_active_contributors_monthly,2024-08-01,15.0
Open Source Observer,GITHUB_part_time_contributors_monthly,2024-08-01,13.0
Walnut,GITHUB_full_time_contributors_monthly,2024-08-01,1.0
Runtime Verification,GITHUB_active_contributors_monthly,2024-08-01,33.0
Arbos Foundry,GITHUB_part_time_contributors_biannually,2024-08-01,2.0
Debid - Fairblock,GITHUB_new_contributors_biannually,2024-08-01,13.0
Trail of Bits Security Reviews,GITHUB_part_time_contributors_monthly,2024-08-01,44.0
Passport XYZ,GITHUB_part_time_contributors_monthly,2024-08-01,10.0
Redstone Finance,GITHUB_part_time_contributors_monthly,2024-08-01,9.0
Redstone Finance,GITHUB_active_contributors_monthly,2024-08-01,11.0
Trail of Bits Security Reviews,GITHUB_part_time_contributors_biannually,2024-08-01,49.0
Walnut,GITHUB_part_time_contributors_biannually,2024-08-01,20.0
Walnut,GITHUB_active_contributors_biannually,2024-08-01,20.0
thirdweb,GITHUB_new_contributors_biannually,2024-08-01,36.0
Passport XYZ,GITHUB_new_contributors_biannually,2024-08-01,11.0
Pyth Network,GITHUB_part_time_contributors_biannually,2024-08-01,25.0
Runtime Verification,GITHUB_new_contributors_biannually,2024-08-01,7.0
Redstone Finance,GITHUB_full_time_contributors_monthly,2024-08-01,2.0
Passport XYZ,GITHUB_change_in_part_time_contributors_monthly,2024-08-01,-4.0
Open Source Observer,GITHUB_change_in_part_time_contributors_monthly,2024-08-01,-1.0
Remix IDE plugin for Arbitrum Stylus,GITHUB_change_in_active_developers_monthly,2024-08-01,0.0
Remix IDE plugin for Arbitrum Stylus,GITHUB_change_in_part_time_contributors_monthly,2024-08-01,0.0
Arbos Foundry,GITHUB_change_in_active_developers_monthly,2024-08-01,-1.0
Walnut,GITHUB_change_in_active_developers_monthly,2024-08-01,-9.0
Trail of Bits Security Reviews,GITHUB_change_in_part_time_contributors_monthly,2024-08-01,0.0
Runtime Verification,GITHUB_change_in_full_time_contributors_monthly,2024-08-01,3.0
Redstone Finance,GITHUB_change_in_full_time_contributors_monthly,2024-08-01,0.0
Passport XYZ,GITHUB_change_in_part_time_contributors_biannually,2024-08-01,-5.0
Trail of Bits Security Reviews,GITHUB_change_in_active_developers_quarterly,2024-08-01,0.0
Walnut,GITHUB_change_in_part_time_contributors_quarterly,2024-08-01,-9.0
Pyth Network,GITHUB_change_in_active_developers_quarterly,2024-08-01,8.0
Debid - Fairblock,GITHUB_change_in_part_time_contributors_quarterly,2024-08-01,3.0
Runtime Verification,GITHUB_change_in_active_developers_quarterly,2024-08-01,6.0
Open Source Observer,GITHUB_change_in_active_developers_biannually,2024-08-01,-1.0
Arbos Foundry,GITHUB_change_in_part_time_contributors_biannually,2024-08-01,-1.0
thirdweb,GITHUB_change_in_part_time_contributors_quarterly,2024-08-01,-11.0
Runtime Verification,GITHUB_change_in_part_time_contributors_quarterly,2024-08-01,6.0
Enclave,GITHUB_change_in_part_time_contributors_quarterly,2024-08-01,-3.0
Trail of Bits Security Reviews,GITHUB_opened_pull_requests_monthly,2024-08-01,233.0
Walnut,GITHUB_opened_pull_requests_monthly,2024-08-01,37.0
Redstone Finance,GITHUB_opened_pull_requests_biannually,2024-08-01,21.0
Enclave,GITHUB_opened_pull_requests_quarterly,2024-08-01,22.0
Runtime Verification,GITHUB_opened_pull_requests_quarterly,2024-08-01,253.0
Redstone Finance,GITHUB_opened_pull_requests_quarterly,2024-08-01,21.0
Arbos Foundry,GITHUB_opened_pull_requests_quarterly,2024-08-01,1.0
Runtime Verification,GITHUB_opened_pull_requests_biannually,2024-08-01,253.0
Enclave,GITHUB_opened_pull_requests_biannually,2024-08-01,22.0
Remix IDE plugin for Arbitrum Stylus,GITHUB_merged_pull_requests_monthly,2024-08-01,1.0
Trail of Bits Security Reviews,GITHUB_merged_pull_requests_biannually,2024-08-01,202.0
Pyth Network,GITHUB_merged_pull_requests_biannually,2024-08-01,133.0
Enclave,GITHUB_merged_pull_requests_quarterly,2024-08-01,21.0
Remix IDE plugin for Arbitrum Stylus,GITHUB_merged_pull_requests_quarterly,2024-08-01,1.0
Open Source Observer,GITHUB_merged_pull_requests_quarterly,2024-08-01,89.0
Enclave,GITHUB_merged_pull_requests_biannually,2024-08-01,21.0
Trail of Bits Security Reviews,GITHUB_opened_issues_daily,2024-08-01,1.0
Walnut,GITHUB_opened_issues_daily,2024-08-01,4.0
Runtime Verification,GITHUB_opened_issues_daily,2024-08-01,3.0
Runtime Verification,GITHUB_opened_issues_monthly,2024-08-01,40.0
Pyth Network,GITHUB_opened_issues_monthly,2024-08-01,3.0
Trail of Bits Security Reviews,GITHUB_opened_issues_monthly,2024-08-01,21.0
Trail of Bits Security Reviews,GITHUB_opened_issues_quarterly,2024-08-01,21.0
Runtime Verification,GITHUB_opened_issues_quarterly,2024-08-01,40.0
Open Source Observer,GITHUB_opened_issues_biannually,2024-08-01,65.0
Pyth Network,GITHUB_opened_issues_biannually,2024-08-01,3.0
Runtime Verification,GITHUB_opened_issues_biannually,2024-08-01,40.0
thirdweb,GITHUB_closed_issues_monthly,2024-08-01,19.0
Open Source Observer,GITHUB_closed_issues_monthly,2024-08-01,52.0
Pyth Network,GITHUB_closed_issues_monthly,2024-08-01,3.0
Trail of Bits Security Reviews,GITHUB_closed_issues_monthly,2024-08-01,11.0
Open Source Observer,GITHUB_closed_issues_daily,2024-08-01,3.0
Runtime Verification,GITHUB_closed_issues_biannually,2024-08-01,31.0
Walnut,GITHUB_closed_issues_quarterly,2024-08-01,16.0
Passport XYZ,GITHUB_closed_issues_quarterly,2024-08-01,76.0
Open Source Observer,GITHUB_closed_issues_biannually,2024-08-01,52.0
Trail of Bits Security Reviews,GITHUB_avg_prs_time_to_merge_quarterly,2024-08-01,0.0
Walnut,GITHUB_avg_prs_time_to_merge_quarterly,2024-08-01,0.0
Solang,GITHUB_avg_prs_time_to_merge_quarterly,2024-08-01,0.0
thirdweb,GITHUB_avg_prs_time_to_merge_quarterly,2024-08-01,0.0
Enclave,GITHUB_avg_time_to_first_response_quarterly,2024-08-01,7450.222222222223
Runtime Verification,GITHUB_avg_time_to_first_response_quarterly,2024-08-01,421889.2350877193
Passport XYZ,GITHUB_avg_time_to_first_response_quarterly,2024-08-01,818068.1521739131
Remix IDE plugin for Arbitrum Stylus,GITHUB_avg_prs_time_to_merge_biannually,2024-08-01,0.0
Pyth Network,GITHUB_avg_prs_time_to_merge_biannually,2024-08-01,0.0
Enclave,GITHUB_avg_prs_time_to_merge_biannually,2024-08-01,0.0
Remix IDE plugin for Arbitrum Stylus,GITHUB_avg_time_to_first_response_quarterly,2024-08-01,0.0
Open Source Observer,GITHUB_avg_time_to_first_response_biannually,2024-08-01,1881033.7341772153
Solang,GITHUB_avg_time_to_first_response_biannually,2024-08-01,0.0
Enclave,GITHUB_avg_time_to_first_response_biannually,2024-08-01,7450.222222222223
Remix IDE plugin for Arbitrum Stylus,GITHUB_churned_contributors_monthly,2024-08-01,-1.0
Debid - Fairblock,GITHUB_churned_contributors_monthly,2024-08-01,-10.0
Runtime Verification,GITHUB_change_in_active_contributors_monthly,2024-08-01,6.0
Passport XYZ,GITHUB_change_in_active_contributors_monthly,2024-08-01,-5.0
Open Source Observer,GITHUB_churned_contributors_quarterly,2024-08-01,-14.0
Remix IDE plugin for Arbitrum Stylus,GITHUB_change_in_new_contributors_monthly,2024-08-01,0.0
Arbos Foundry,GITHUB_change_in_new_contributors_monthly,2024-08-01,0.0
Arbos Foundry,GITHUB_change_in_active_contributors_monthly,2024-08-01,-1.0
Debid - Fairblock,GITHUB_change_in_full_time_contributors_monthly,2024-08-01,0.0
Arbos Foundry,GITHUB_change_in_new_contributors_quarterly,2024-08-01,0.0
Pyth Network,GITHUB_change_in_full_time_contributors_quarterly,2024-08-01,0.0
Passport XYZ,GITHUB_change_in_full_time_contributors_quarterly,2024-08-01,0.0
Passport XYZ,GITHUB_churned_contributors_quarterly,2024-08-01,-16.0
Enclave,GITHUB_change_in_new_contributors_quarterly,2024-08-01,-3.0
Trail of Bits Security Reviews,GITHUB_change_in_active_contributors_monthly,2024-08-01,0.0
Redstone Finance,GITHUB_change_in_active_contributors_monthly,2024-08-01,-2.0
Redstone Finance,GITHUB_churned_contributors_monthly,2024-08-01,-8.0
Walnut,GITHUB_change_in_new_contributors_monthly,2024-08-01,-9.0
Open Source Observer,GITHUB_change_in_active_contributors_quarterly,2024-08-01,-1.0
Open Source Observer,GITHUB_change_in_full_time_contributors_quarterly,2024-08-01,0.0
Debid - Fairblock,GITHUB_change_in_full_time_contributors_quarterly,2024-08-01,0.0
Runtime Verification,GITHUB_change_in_active_contributors_quarterly,2024-08-01,6.0
Redstone Finance,GITHUB_change_in_active_contributors_biannually,2024-08-01,-2.0
Trail of Bits Security Reviews,GITHUB_change_in_new_contributors_biannually,2024-08-01,0.0
Walnut,GITHUB_churned_contributors_biannually,2024-08-01,-27.0
Open Source Observer,GITHUB_change_in_active_contributors_biannually,2024-08-01,-1.0
Remix IDE plugin for Arbitrum Stylus,GITHUB_change_in_full_time_contributors_biannually,2024-08-01,0.0
Debid - Fairblock,GITHUB_change_in_new_contributors_biannually,2024-08-01,2.0
Runtime Verification,GITHUB_churned_contributors_biannually,2024-08-01,-1.0
Pyth Network,GITHUB_churned_contributors_biannually,2024-08-01,-8.0
Passport XYZ,GITHUB_change_in_full_time_contributors_biannually,2024-08-01,0.0
Enclave,GITHUB_churned_contributors_biannually,2024-08-01,-7.0
Arbos Foundry,GITHUB_churned_contributors_biannually,2024-08-01,-1.0
Open Source Observer,GITHUB_comments_daily,2024-07-14,4.0
Trail of Bits Security Reviews,GITHUB_stars_daily,2024-07-14,10.0
Trail of Bits Security Reviews,GITHUB_forks_daily,2024-07-14,3.0
Trail of Bits Security Reviews,GITHUB_repositories_daily,2024-07-14,10.0
Open Source Observer,GITHUB_repositories_daily,2024-07-14,2.0
Open Source Observer,GITHUB_contributors_daily,2024-07-14,2.0
thirdweb,GITHUB_opened_pull_requests_daily,2024-07-14,4.0
Open Source Observer,GITHUB_merged_pull_requests_daily,2024-07-14,2.0
Open Source Observer,GITHUB_opened_issues_daily,2024-07-14,2.0
Open Source Observer,GITHUB_closed_issues_daily,2024-07-14,1.0
Pyth Network,GITHUB_comments_daily,2024-06-21,5.0
thirdweb,GITHUB_comments_daily,2024-06-21,162.0
Trail of Bits Security Reviews,GITHUB_comments_daily,2024-06-21,9.0
Trail of Bits Security Reviews,GITHUB_stars_daily,2024-06-21,10.0
Trail of Bits Security Reviews,GITHUB_commits_daily,2024-06-21,18.0
Trail of Bits Security Reviews,GITHUB_forks_daily,2024-06-21,1.0
Walnut,GITHUB_forks_daily,2024-06-21,3.0
Runtime Verification,GITHUB_forks_daily,2024-06-21,1.0
thirdweb,GITHUB_forks_daily,2024-06-21,1.0
Trail of Bits Security Reviews,GITHUB_repositories_daily,2024-06-21,12.0
Open Source Observer,GITHUB_repositories_daily,2024-06-21,2.0
Passport XYZ,GITHUB_repositories_daily,2024-06-21,1.0
Redstone Finance,GITHUB_contributors_daily,2024-06-21,1.0
Walnut,GITHUB_contributors_daily,2024-06-21,5.0
Pyth Network,GITHUB_active_developers_daily,2024-06-21,2.0
Runtime Verification,GITHUB_active_developers_daily,2024-06-21,3.0
Walnut,GITHUB_opened_pull_requests_daily,2024-06-21,5.0
Debid - Fairblock,GITHUB_opened_pull_requests_daily,2024-06-21,1.0
Pyth Network,GITHUB_opened_pull_requests_daily,2024-06-21,6.0
Passport XYZ,GITHUB_opened_pull_requests_daily,2024-06-21,2.0
Runtime Verification,GITHUB_merged_pull_requests_daily,2024-06-21,14.0
Open Source Observer,GITHUB_merged_pull_requests_daily,2024-06-21,10.0
Runtime Verification,GITHUB_closed_issues_daily,2024-06-21,2.0
Open Source Observer,GITHUB_comments_daily,2024-02-14,5.0
Walnut,GITHUB_comments_daily,2024-02-14,5.0
thirdweb,GITHUB_stars_daily,2024-02-14,1.0
thirdweb,GITHUB_commits_daily,2024-02-14,10.0
Redstone Finance,GITHUB_commits_daily,2024-02-14,7.0
Runtime Verification,GITHUB_releases_daily,2024-02-14,5.0
Trail of Bits Security Reviews,GITHUB_forks_daily,2024-02-14,2.0
Debid - Fairblock,GITHUB_forks_daily,2024-02-14,4.0
Pyth Network,GITHUB_repositories_daily,2024-02-14,6.0
Open Source Observer,GITHUB_repositories_daily,2024-02-14,1.0
thirdweb,GITHUB_repositories_daily,2024-02-14,32.0
Walnut,GITHUB_repositories_daily,2024-02-14,1.0
Trail of Bits Security Reviews,GITHUB_contributors_daily,2024-02-14,2.0
Syndicate Protocol,GITHUB_contributors_daily,2024-02-14,1.0
Walnut,GITHUB_opened_pull_requests_daily,2024-02-14,1.0
Trail of Bits Security Reviews,GITHUB_opened_pull_requests_daily,2024-02-14,2.0
thirdweb,GITHUB_merged_pull_requests_daily,2024-02-14,12.0
Open Source Observer,GITHUB_opened_issues_daily,2024-02-14,4.0
Open Source Observer,GITHUB_comments_daily,2024-08-24,1.0
Enclave,GITHUB_comments_daily,2024-08-24,1.0
Redstone Finance,GITHUB_stars_daily,2024-08-24,1.0
Trail of Bits Security Reviews,GITHUB_stars_daily,2024-08-24,9.0
thirdweb,GITHUB_releases_daily,2024-08-24,1.0
thirdweb,GITHUB_repositories_daily,2024-08-24,2.0
Open Source Observer,GITHUB_active_developers_daily,2024-08-24,1.0
Runtime Verification,GITHUB_active_developers_daily,2024-08-24,1.0
Trail of Bits Security Reviews,GITHUB_opened_pull_requests_daily,2024-08-24,2.0
Trail of Bits Security Reviews,GITHUB_merged_pull_requests_daily,2024-08-24,1.0
Redstone Finance,GITHUB_opened_issues_daily,2024-08-24,1.0
Open Source Observer,GITHUB_opened_issues_daily,2024-08-24,3.0
Open Source Observer,GITHUB_closed_issues_daily,2024-08-24,1.0
thirdweb,GITHUB_comments_daily,2024-11-07,116.0
Passport XYZ,GITHUB_comments_daily,2024-11-07,2.0
Pyth Network,GITHUB_commits_daily,2024-11-07,8.0
Redstone Finance,GITHUB_commits_daily,2024-11-07,4.0
Runtime Verification,GITHUB_releases_daily,2024-11-07,2.0
Runtime Verification,GITHUB_forks_daily,2024-11-07,2.0
Passport XYZ,GITHUB_contributors_daily,2024-11-07,2.0
thirdweb,GITHUB_contributors_daily,2024-11-07,8.0
Runtime Verification,GITHUB_active_developers_daily,2024-11-07,1.0
Open Source Observer,GITHUB_active_developers_daily,2024-11-07,3.0
Passport XYZ,GITHUB_opened_pull_requests_daily,2024-11-07,4.0
Pyth Network,GITHUB_merged_pull_requests_daily,2024-11-07,7.0
Passport XYZ,GITHUB_closed_issues_daily,2024-11-07,4.0
Open Source Observer,GITHUB_comments_daily,2024-12-10,21.0
Trail of Bits Security Reviews,GITHUB_comments_daily,2024-12-10,4.0
Trail of Bits Security Reviews,GITHUB_stars_daily,2024-12-10,15.0
Pyth Network,GITHUB_stars_daily,2024-12-10,2.0
Pyth Network,GITHUB_commits_daily,2024-12-10,4.0
Enclave,GITHUB_commits_daily,2024-12-10,21.0
Walnut,GITHUB_commits_daily,2024-12-10,1.0
Trail of Bits Security Reviews,GITHUB_commits_daily,2024-12-10,13.0
Passport XYZ,GITHUB_commits_daily,2024-12-10,4.0
Runtime Verification,GITHUB_releases_daily,2024-12-10,4.0
Runtime Verification,GITHUB_repositories_daily,2024-12-10,5.0
Pyth Network,GITHUB_repositories_daily,2024-12-10,5.0
Passport XYZ,GITHUB_repositories_daily,2024-12-10,2.0
Walnut,GITHUB_repositories_daily,2024-12-10,2.0
Solang,GITHUB_repositories_daily,2024-12-10,1.0
Redstone Finance,GITHUB_contributors_daily,2024-12-10,1.0
Runtime Verification,GITHUB_contributors_daily,2024-12-10,8.0
Enclave,GITHUB_active_developers_daily,2024-12-10,2.0
Open Source Observer,GITHUB_merged_pull_requests_daily,2024-12-10,3.0
Trail of Bits Security Reviews,GITHUB_merged_pull_requests_daily,2024-12-10,17.0
Pyth Network,GITHUB_merged_pull_requests_daily,2024-12-10,3.0
Runtime Verification,GITHUB_merged_pull_requests_daily,2024-12-10,5.0
Open Source Observer,GITHUB_opened_issues_daily,2024-12-10,3.0
Passport XYZ,GITHUB_opened_issues_daily,2024-12-10,4.0
thirdweb,GITHUB_opened_issues_daily,2024-12-10,1.0
Enclave,GITHUB_closed_issues_daily,2024-12-10,2.0
Redstone Finance,GITHUB_commits_daily,2024-12-14,1.0
Open Source Observer,GITHUB_commits_daily,2024-12-14,11.0
Pyth Network,GITHUB_commits_daily,2024-12-14,2.0
thirdweb,GITHUB_commits_daily,2024-12-14,10.0
Trail of Bits Security Reviews,GITHUB_commits_daily,2024-12-14,4.0
Runtime Verification,GITHUB_commits_daily,2024-12-14,3.0
Trail of Bits Security Reviews,GITHUB_stars_daily,2024-12-14,13.0
thirdweb,GITHUB_stars_daily,2024-12-14,1.0
Runtime Verification,GITHUB_releases_daily,2024-12-14,1.0
Open Source Observer,GITHUB_forks_daily,2024-12-14,1.0
Open Source Observer,GITHUB_repositories_daily,2024-12-14,3.0
Solang,GITHUB_repositories_daily,2024-12-14,1.0
Pyth Network,GITHUB_contributors_daily,2024-12-14,3.0
thirdweb,GITHUB_contributors_daily,2024-12-14,6.0
Runtime Verification,GITHUB_contributors_daily,2024-12-14,1.0
Walnut,GITHUB_active_developers_daily,2024-12-14,1.0
Pyth Network,GITHUB_active_developers_daily,2024-12-14,2.0
Open Source Observer,GITHUB_merged_pull_requests_daily,2024-12-14,9.0
Pyth Network,GITHUB_merged_pull_requests_daily,2024-12-14,2.0
thirdweb,GITHUB_commits_daily,2024-08-04,2.0
Open Source Observer,GITHUB_commits_daily,2024-08-04,2.0
Open Source Observer,GITHUB_repositories_daily,2024-08-04,2.0
Trail of Bits Security Reviews,GITHUB_contributors_daily,2024-08-04,2.0
Open Source Observer,GITHUB_active_developers_daily,2024-08-04,1.0
Pyth Network,GITHUB_opened_pull_requests_daily,2024-08-04,1.0
Walnut,GITHUB_opened_pull_requests_daily,2024-08-04,3.0
Walnut,GITHUB_merged_pull_requests_daily,2024-08-04,3.0
Pyth Network,GITHUB_forks_weekly,2024-11-11,4.0
thirdweb,GITHUB_comments_daily,2024-11-11,85.0
Walnut,GITHUB_comments_daily,2024-11-11,1.0
Debid - Fairblock,GITHUB_stars_weekly,2024-11-11,2.0
thirdweb,GITHUB_stars_weekly,2024-11-11,11.0
thirdweb,GITHUB_stars_daily,2024-11-11,2.0
Pyth Network,GITHUB_stars_daily,2024-11-11,1.0
Trail of Bits Security Reviews,GITHUB_releases_weekly,2024-11-11,6.0
thirdweb,GITHUB_releases_weekly,2024-11-11,4.0
Passport XYZ,GITHUB_commits_daily,2024-11-11,6.0
Runtime Verification,GITHUB_commits_daily,2024-11-11,9.0
Pyth Network,GITHUB_comments_weekly,2024-11-11,126.0
Enclave,GITHUB_commits_weekly,2024-11-11,1.0
Passport XYZ,GITHUB_commits_weekly,2024-11-11,50.0
Trail of Bits Security Reviews,GITHUB_comments_weekly,2024-11-11,24.0
Walnut,GITHUB_comments_weekly,2024-11-11,2.0
Runtime Verification,GITHUB_releases_daily,2024-11-11,2.0
thirdweb,GITHUB_repositories_weekly,2024-11-11,9.0
Walnut,GITHUB_repositories_weekly,2024-11-11,4.0
Remix IDE plugin for Arbitrum Stylus,GITHUB_repositories_weekly,2024-11-11,2.0
Solang,GITHUB_repositories_weekly,2024-11-11,1.0
Trail of Bits Security Reviews,GITHUB_repositories_weekly,2024-11-11,45.0
Runtime Verification,GITHUB_forks_daily,2024-11-11,2.0
Pyth Network,GITHUB_repositories_daily,2024-11-11,3.0
Open Source Observer,GITHUB_repositories_daily,2024-11-11,1.0
Walnut,GITHUB_repositories_daily,2024-11-11,3.0
Passport XYZ,GITHUB_repositories_daily,2024-11-11,1.0
Redstone Finance,GITHUB_contributors_weekly,2024-11-11,3.0
Open Source Observer,GITHUB_contributors_weekly,2024-11-11,3.0
thirdweb,GITHUB_contributors_weekly,2024-11-11,23.0
thirdweb,GITHUB_contributors_daily,2024-11-11,7.0
Walnut,GITHUB_contributors_daily,2024-11-11,3.0
Trail of Bits Security Reviews,GITHUB_contributors_daily,2024-11-11,5.0
Runtime Verification,GITHUB_contributors_daily,2024-11-11,5.0
Trail of Bits Security Reviews,GITHUB_active_developers_daily,2024-11-11,4.0
Runtime Verification,GITHUB_active_developers_daily,2024-11-11,3.0
thirdweb,GITHUB_active_developers_daily,2024-11-11,2.0
Runtime Verification,GITHUB_opened_pull_requests_weekly,2024-11-11,20.0
Pyth Network,GITHUB_opened_pull_requests_weekly,2024-11-11,36.0
Walnut,GITHUB_opened_pull_requests_weekly,2024-11-11,2.0
Trail of Bits Security Reviews,GITHUB_merged_pull_requests_weekly,2024-11-11,45.0
Remix IDE plugin for Arbitrum Stylus,GITHUB_merged_pull_requests_weekly,2024-11-11,2.0
Runtime Verification,GITHUB_merged_pull_requests_weekly,2024-11-11,17.0
thirdweb,GITHUB_merged_pull_requests_weekly,2024-11-11,46.0
Walnut,GITHUB_merged_pull_requests_daily,2024-11-11,1.0
Runtime Verification,GITHUB_opened_issues_weekly,2024-11-11,1.0
Enclave,GITHUB_opened_issues_weekly,2024-11-11,1.0
Passport XYZ,GITHUB_opened_issues_weekly,2024-11-11,14.0
Walnut,GITHUB_opened_issues_weekly,2024-11-11,1.0
thirdweb,GITHUB_opened_issues_weekly,2024-11-11,6.0
Walnut,GITHUB_closed_issues_weekly,2024-11-11,1.0
Debid - Fairblock,GITHUB_closed_issues_weekly,2024-11-11,1.0
Walnut,GITHUB_closed_issues_daily,2024-11-11,1.0
Open Source Observer,GITHUB_comments_daily,2024-10-10,10.0
thirdweb,GITHUB_comments_daily,2024-10-10,115.0
Redstone Finance,GITHUB_comments_daily,2024-10-10,2.0
Open Source Observer,GITHUB_stars_daily,2024-10-10,1.0
Pyth Network,GITHUB_commits_daily,2024-10-10,33.0
Trail of Bits Security Reviews,GITHUB_commits_daily,2024-10-10,3.0
Runtime Verification,GITHUB_releases_daily,2024-10-10,6.0
Pyth Network,GITHUB_forks_daily,2024-10-10,1.0
Enclave,GITHUB_repositories_daily,2024-10-10,1.0
Trail of Bits Security Reviews,GITHUB_repositories_daily,2024-10-10,12.0
Redstone Finance,GITHUB_repositories_daily,2024-10-10,5.0
Pyth Network,GITHUB_contributors_daily,2024-10-10,6.0
Open Source Observer,GITHUB_contributors_daily,2024-10-10,5.0
Redstone Finance,GITHUB_contributors_daily,2024-10-10,4.0
Runtime Verification,GITHUB_contributors_daily,2024-10-10,7.0
Passport XYZ,GITHUB_contributors_daily,2024-10-10,1.0
Trail of Bits Security Reviews,GITHUB_active_developers_daily,2024-10-10,2.0
thirdweb,GITHUB_active_developers_daily,2024-10-10,5.0
Runtime Verification,GITHUB_active_developers_daily,2024-10-10,3.0
Walnut,GITHUB_opened_pull_requests_daily,2024-10-10,1.0
Enclave,GITHUB_opened_pull_requests_daily,2024-10-10,1.0
Trail of Bits Security Reviews,GITHUB_stars_daily,2024-08-23,7.0
Passport XYZ,GITHUB_commits_daily,2024-08-23,2.0
Redstone Finance,GITHUB_commits_daily,2024-08-23,2.0
thirdweb,GITHUB_forks_daily,2024-08-23,1.0
Remix IDE plugin for Arbitrum Stylus,GITHUB_repositories_daily,2024-08-23,1.0
Pyth Network,GITHUB_repositories_daily,2024-08-23,4.0
Redstone Finance,GITHUB_contributors_daily,2024-08-23,2.0
Trail of Bits Security Reviews,GITHUB_contributors_daily,2024-08-23,6.0
Debid - Fairblock,GITHUB_contributors_daily,2024-08-23,1.0
Remix IDE plugin for Arbitrum Stylus,GITHUB_contributors_daily,2024-08-23,1.0
Pyth Network,GITHUB_contributors_daily,2024-08-23,6.0
Trail of Bits Security Reviews,GITHUB_active_developers_daily,2024-08-23,4.0
Walnut,GITHUB_active_developers_daily,2024-08-23,1.0
Pyth Network,GITHUB_active_developers_daily,2024-08-23,3.0
Open Source Observer,GITHUB_active_developers_daily,2024-08-23,1.0
Enclave,GITHUB_opened_pull_requests_daily,2024-08-23,2.0
Walnut,GITHUB_opened_pull_requests_daily,2024-08-23,3.0
Redstone Finance,GITHUB_opened_pull_requests_daily,2024-08-23,1.0
Walnut,GITHUB_merged_pull_requests_daily,2024-08-23,1.0
Open Source Observer,GITHUB_merged_pull_requests_daily,2024-08-23,2.0
Passport XYZ,GITHUB_merged_pull_requests_daily,2024-08-23,2.0
Runtime Verification,GITHUB_merged_pull_requests_daily,2024-08-23,9.0
Open Source Observer,GITHUB_opened_issues_daily,2024-08-23,1.0
Passport XYZ,GITHUB_closed_issues_daily,2024-08-23,6.0
Open Source Observer,GITHUB_comments_daily,2024-05-03,16.0
thirdweb,GITHUB_comments_daily,2024-05-03,31.0
Walnut,GITHUB_stars_daily,2024-05-03,1.0
Runtime Verification,GITHUB_commits_daily,2024-05-03,19.0
thirdweb,GITHUB_forks_daily,2024-05-03,2.0
Trail of Bits Security Reviews,GITHUB_repositories_daily,2024-05-03,21.0
Runtime Verification,GITHUB_repositories_daily,2024-05-03,9.0
Syndicate Protocol,GITHUB_contributors_daily,2024-05-03,1.0
Open Source Observer,GITHUB_contributors_daily,2024-05-03,3.0
Pyth Network,GITHUB_contributors_daily,2024-05-03,8.0
Open Source Observer,GITHUB_opened_pull_requests_daily,2024-05-03,7.0
Trail of Bits Security Reviews,GITHUB_merged_pull_requests_daily,2024-05-03,10.0
Passport XYZ,GITHUB_comments_daily,2024-05-14,4.0
Redstone Finance,GITHUB_commits_daily,2024-05-14,6.0
Runtime Verification,GITHUB_releases_daily,2024-05-14,8.0
Trail of Bits Security Reviews,GITHUB_forks_daily,2024-05-14,2.0
Passport XYZ,GITHUB_repositories_daily,2024-05-14,1.0
thirdweb,GITHUB_contributors_daily,2024-05-14,14.0
Trail of Bits Security Reviews,GITHUB_contributors_daily,2024-05-14,7.0
Runtime Verification,GITHUB_contributors_daily,2024-05-14,16.0
Trail of Bits Security Reviews,GITHUB_active_developers_daily,2024-05-14,5.0
Runtime Verification,GITHUB_opened_pull_requests_daily,2024-05-14,19.0
Pyth Network,GITHUB_opened_pull_requests_daily,2024-05-14,10.0
Passport XYZ,GITHUB_merged_pull_requests_daily,2024-05-14,2.0
Solang,GITHUB_comments_daily,2024-11-02,1.0
Redstone Finance,GITHUB_stars_daily,2024-11-02,1.0
Open Source Observer,GITHUB_stars_daily,2024-11-02,1.0
thirdweb,GITHUB_stars_daily,2024-11-02,1.0
Open Source Observer,GITHUB_commits_daily,2024-11-02,2.0
Redstone Finance,GITHUB_commits_daily,2024-11-02,1.0
thirdweb,GITHUB_repositories_daily,2024-11-02,2.0
Runtime Verification,GITHUB_repositories_daily,2024-11-02,4.0
Solang,GITHUB_repositories_daily,2024-11-02,1.0
Open Source Observer,GITHUB_repositories_daily,2024-11-02,2.0
Trail of Bits Security Reviews,GITHUB_repositories_daily,2024-11-02,6.0
Passport XYZ,GITHUB_repositories_daily,2024-11-02,2.0
Passport XYZ,GITHUB_contributors_daily,2024-11-02,2.0
Runtime Verification,GITHUB_opened_pull_requests_daily,2024-11-02,3.0
Open Source Observer,GITHUB_merged_pull_requests_daily,2024-11-02,2.0
Redstone Finance,GITHUB_comments_daily,2024-08-08,3.0
thirdweb,GITHUB_comments_daily,2024-08-08,178.0
Pyth Network,GITHUB_comments_daily,2024-08-08,29.0
Open Source Observer,GITHUB_commits_daily,2024-08-08,5.0
Arbos Foundry,GITHUB_commits_daily,2024-08-08,20.0
thirdweb,GITHUB_releases_daily,2024-08-08,1.0
Open Source Observer,GITHUB_forks_daily,2024-08-08,2.0
thirdweb,GITHUB_repositories_daily,2024-08-08,2.0
Remix IDE plugin for Arbitrum Stylus,GITHUB_repositories_daily,2024-08-08,1.0
Pyth Network,GITHUB_repositories_daily,2024-08-08,4.0
Passport XYZ,GITHUB_contributors_daily,2024-08-08,3.0
Remix IDE plugin for Arbitrum Stylus,GITHUB_contributors_daily,2024-08-08,1.0
Trail of Bits Security Reviews,GITHUB_contributors_daily,2024-08-08,7.0
Arbos Foundry,GITHUB_contributors_daily,2024-08-08,1.0
Runtime Verification,GITHUB_active_developers_daily,2024-08-08,3.0
Passport XYZ,GITHUB_opened_pull_requests_daily,2024-08-08,8.0
Trail of Bits Security Reviews,GITHUB_merged_pull_requests_daily,2024-08-08,4.0
Open Source Observer,GITHUB_merged_pull_requests_daily,2024-08-08,5.0
Passport XYZ,GITHUB_closed_issues_daily,2024-08-08,4.0
Trail of Bits Security Reviews,GITHUB_comments_daily,2024-01-17,7.0
Runtime Verification,GITHUB_comments_daily,2024-01-17,34.0
Trail of Bits Security Reviews,GITHUB_stars_daily,2024-01-17,19.0
Debid - Fairblock,GITHUB_commits_daily,2024-01-17,6.0
Pyth Network,GITHUB_forks_daily,2024-01-17,2.0
thirdweb,GITHUB_repositories_daily,2024-01-17,6.0
Open Source Observer,GITHUB_repositories_daily,2024-01-17,3.0
Trail of Bits Security Reviews,GITHUB_contributors_daily,2024-01-17,5.0
Remix IDE plugin for Arbitrum Stylus,GITHUB_contributors_daily,2024-01-17,1.0
thirdweb,GITHUB_contributors_daily,2024-01-17,14.0
Runtime Verification,GITHUB_contributors_daily,2024-01-17,13.0
thirdweb,GITHUB_merged_pull_requests_daily,2024-01-17,20.0
Pyth Network,GITHUB_merged_pull_requests_daily,2024-01-17,5.0
Open Source Observer,GITHUB_opened_issues_daily,2024-01-17,4.0
Pyth Network,GITHUB_comments_daily,2024-01-04,15.0
Trail of Bits Security Reviews,GITHUB_stars_daily,2024-01-04,22.0
thirdweb,GITHUB_commits_daily,2024-01-04,11.0
Pyth Network,GITHUB_commits_daily,2024-01-04,10.0
Debid - Fairblock,GITHUB_forks_daily,2024-01-04,4.0
Redstone Finance,GITHUB_forks_daily,2024-01-04,1.0
Runtime Verification,GITHUB_repositories_daily,2024-01-04,1.0
Trail of Bits Security Reviews,GITHUB_repositories_daily,2024-01-04,15.0
Trail of Bits Security Reviews,GITHUB_contributors_daily,2024-01-04,5.0
Pyth Network,GITHUB_contributors_daily,2024-01-04,4.0
Walnut,GITHUB_active_developers_daily,2024-01-04,1.0
Redstone Finance,GITHUB_active_developers_daily,2024-01-04,1.0
Debid - Fairblock,GITHUB_opened_pull_requests_daily,2024-01-04,6.0
Pyth Network,GITHUB_merged_pull_requests_daily,2024-01-04,9.0
Trail of Bits Security Reviews,GITHUB_merged_pull_requests_daily,2024-01-04,4.0
Passport XYZ,GITHUB_stars_daily,2024-11-16,8.0
Pyth Network,GITHUB_stars_daily,2024-11-16,1.0
Runtime Verification,GITHUB_commits_daily,2024-11-16,3.0
Pyth Network,GITHUB_repositories_daily,2024-11-16,1.0
Open Source Observer,GITHUB_opened_pull_requests_daily,2024-11-16,1.0
thirdweb,GITHUB_opened_pull_requests_daily,2024-11-16,1.0
Open Source Observer,GITHUB_contributors_daily,2024-11-16,1.0
Runtime Verification,GITHUB_active_developers_daily,2024-11-16,2.0
Open Source Observer,GITHUB_active_developers_daily,2024-11-16,1.0
thirdweb,GITHUB_comments_daily,2025-02-07,92.0
Open Source Observer,GITHUB_comments_daily,2025-02-07,13.0
Redstone Finance,GITHUB_commits_daily,2025-02-07,3.0
Trail of Bits Security Reviews,GITHUB_commits_daily,2025-02-07,2.0
Pyth Network,GITHUB_commits_daily,2025-02-07,20.0
Runtime Verification,GITHUB_commits_daily,2025-02-07,2.0
Walnut,GITHUB_repositories_daily,2025-02-07,4.0
Pyth Network,GITHUB_repositories_daily,2025-02-07,3.0
9Lives,GITHUB_contributors_daily,2025-02-07,2.0
Walnut,GITHUB_active_developers_daily,2025-02-07,2.0
thirdweb,GITHUB_active_developers_daily,2025-02-07,4.0
Open Source Observer,GITHUB_active_developers_daily,2025-02-07,2.0
Runtime Verification,GITHUB_active_developers_daily,2025-02-07,2.0
Open Source Observer,GITHUB_opened_pull_requests_daily,2025-02-07,2.0
thirdweb,GITHUB_merged_pull_requests_daily,2025-02-07,12.0
Pyth Network,GITHUB_merged_pull_requests_daily,2025-02-07,17.0
Passport XYZ,GITHUB_merged_pull_requests_daily,2025-02-07,4.0
Redstone Finance,GITHUB_merged_pull_requests_daily,2025-02-07,1.0
Enclave,GITHUB_merged_pull_requests_daily,2025-02-07,1.0
Runtime Verification,GITHUB_merged_pull_requests_daily,2025-02-07,2.0
Trail of Bits Security Reviews,GITHUB_closed_issues_daily,2025-02-07,1.0
Open Source Observer,GITHUB_closed_issues_daily,2025-02-07,2.0
thirdweb,GITHUB_stars_daily,2024-10-13,1.0
thirdweb,GITHUB_releases_daily,2024-10-13,1.0
Pyth Network,GITHUB_forks_daily,2024-10-13,1.0
thirdweb,GITHUB_forks_daily,2024-10-13,2.0
thirdweb,GITHUB_repositories_daily,2024-10-13,3.0
Open Source Observer,GITHUB_repositories_daily,2024-10-13,2.0
Open Source Observer,GITHUB_contributors_daily,2024-10-13,2.0
Redstone Finance,GITHUB_contributors_daily,2024-10-13,1.0
Trail of Bits Security Reviews,GITHUB_contributors_daily,2024-10-13,1.0
thirdweb,GITHUB_opened_pull_requests_daily,2024-10-13,4.0
Open Source Observer,GITHUB_merged_pull_requests_daily,2024-10-13,1.0
thirdweb,GITHUB_comments_daily,2024-04-02,105.0
Trail of Bits Security Reviews,GITHUB_commits_daily,2024-04-02,15.0
Trail of Bits Security Reviews,GITHUB_forks_daily,2024-04-02,1.0
thirdweb,GITHUB_forks_daily,2024-04-02,1.0
Open Source Observer,GITHUB_repositories_daily,2024-04-02,1.0
Runtime Verification,GITHUB_active_developers_daily,2024-04-02,3.0
Open Source Observer,GITHUB_active_developers_daily,2024-04-02,1.0
Trail of Bits Security Reviews,GITHUB_opened_pull_requests_daily,2024-04-02,8.0
Pyth Network,GITHUB_opened_pull_requests_daily,2024-04-02,8.0
Open Source Observer,GITHUB_opened_pull_requests_daily,2024-04-02,1.0
Runtime Verification,GITHUB_merged_pull_requests_daily,2024-04-02,11.0
Trail of Bits Security Reviews,GITHUB_opened_issues_daily,2024-04-02,3.0
thirdweb,GITHUB_closed_issues_daily,2024-04-02,2.0
Walnut,GITHUB_closed_issues_daily,2024-04-02,2.0
Passport XYZ,GITHUB_stars_daily,2024-09-06,1.0
Open Source Observer,GITHUB_stars_daily,2024-09-06,2.0
Runtime Verification,GITHUB_commits_daily,2024-09-06,22.0
Redstone Finance,GITHUB_commits_daily,2024-09-06,5.0
Trail of Bits Security Reviews,GITHUB_commits_daily,2024-09-06,8.0
Runtime Verification,GITHUB_releases_daily,2024-09-06,9.0
Walnut,GITHUB_repositories_daily,2024-09-06,1.0
thirdweb,GITHUB_repositories_daily,2024-09-06,4.0
Open Source Observer,GITHUB_repositories_daily,2024-09-06,3.0
Pyth Network,GITHUB_contributors_daily,2024-09-06,4.0
thirdweb,GITHUB_active_developers_daily,2024-09-06,5.0
Walnut,GITHUB_active_developers_daily,2024-09-06,1.0
Trail of Bits Security Reviews,GITHUB_active_developers_daily,2024-09-06,2.0
Runtime Verification,GITHUB_active_developers_daily,2024-09-06,2.0
Pyth Network,GITHUB_active_developers_daily,2024-09-06,1.0
Walnut,GITHUB_merged_pull_requests_daily,2024-09-06,1.0
Open Source Observer,GITHUB_merged_pull_requests_daily,2024-09-06,7.0
Redstone Finance,GITHUB_merged_pull_requests_daily,2024-09-06,1.0
Runtime Verification,GITHUB_releases_daily,2025-02-28,3.0
thirdweb,GITHUB_releases_daily,2025-02-28,3.0
Walnut,GITHUB_commits_daily,2025-02-28,6.0
Trail of Bits Security Reviews,GITHUB_commits_daily,2025-02-28,6.0
thirdweb,GITHUB_forks_daily,2025-02-28,2.0
Pyth Network,GITHUB_forks_daily,2025-02-28,3.0
Solang,GITHUB_forks_daily,2025-02-28,1.0
Trail of Bits Security Reviews,GITHUB_forks_daily,2025-02-28,3.0
thirdweb,GITHUB_repositories_daily,2025-02-28,4.0
Walnut,GITHUB_repositories_daily,2025-02-28,4.0
Passport XYZ,GITHUB_contributors_daily,2025-02-28,1.0
thirdweb,GITHUB_contributors_daily,2025-02-28,8.0
Open Source Observer,GITHUB_contributors_daily,2025-02-28,4.0
Open Source Observer,GITHUB_active_developers_daily,2025-02-28,4.0
Walnut,GITHUB_opened_pull_requests_daily,2025-02-28,2.0
Passport XYZ,GITHUB_opened_pull_requests_daily,2025-02-28,2.0
Runtime Verification,GITHUB_opened_pull_requests_daily,2025-02-28,5.0
Trail of Bits Security Reviews,GITHUB_merged_pull_requests_daily,2025-02-28,6.0
thirdweb,GITHUB_closed_issues_daily,2025-02-28,1.0
Open Source Observer,GITHUB_comments_daily,2024-01-22,15.0
thirdweb,GITHUB_comments_daily,2024-01-22,28.0
Runtime Verification,GITHUB_comments_daily,2024-01-22,12.0
Pyth Network,GITHUB_forks_weekly,2024-01-22,7.0
Trail of Bits Security Reviews,GITHUB_forks_weekly,2024-01-22,25.0
Trail of Bits Security Reviews,GITHUB_stars_weekly,2024-01-22,84.0
Debid - Fairblock,GITHUB_stars_weekly,2024-01-22,7.0
Open Source Observer,GITHUB_commits_daily,2024-01-22,6.0
Remix IDE plugin for Arbitrum Stylus,GITHUB_commits_daily,2024-01-22,5.0
thirdweb,GITHUB_commits_daily,2024-01-22,7.0
Trail of Bits Security Reviews,GITHUB_commits_daily,2024-01-22,29.0
Runtime Verification,GITHUB_commits_daily,2024-01-22,46.0
Trail of Bits Security Reviews,GITHUB_stars_daily,2024-01-22,8.0
Trail of Bits Security Reviews,GITHUB_releases_daily,2024-01-22,1.0
Trail of Bits Security Reviews,GITHUB_commits_weekly,2024-01-22,97.0
Runtime Verification,GITHUB_commits_weekly,2024-01-22,158.0
Walnut,GITHUB_commits_weekly,2024-01-22,34.0
Pyth Network,GITHUB_comments_weekly,2024-01-22,85.0
Syndicate Protocol,GITHUB_comments_weekly,2024-01-22,2.0
Runtime Verification,GITHUB_repositories_weekly,2024-01-22,20.0
thirdweb,GITHUB_repositories_weekly,2024-01-22,8.0
Debid - Fairblock,GITHUB_repositories_weekly,2024-01-22,6.0
Walnut,GITHUB_repositories_weekly,2024-01-22,1.0
Syndicate Protocol,GITHUB_repositories_weekly,2024-01-22,1.0
Remix IDE plugin for Arbitrum Stylus,GITHUB_repositories_daily,2024-01-22,1.0
Walnut,GITHUB_contributors_daily,2024-01-22,1.0
WakeUp Labs,GITHUB_contributors_daily,2024-01-22,1.0
thirdweb,GITHUB_contributors_daily,2024-01-22,7.0
Remix IDE plugin for Arbitrum Stylus,GITHUB_active_developers_weekly,2024-01-22,2.0
Walnut,GITHUB_active_developers_weekly,2024-01-22,2.0
Pyth Network,GITHUB_active_developers_daily,2024-01-22,5.0
Redstone Finance,GITHUB_active_developers_daily,2024-01-22,1.0
Walnut,GITHUB_active_developers_daily,2024-01-22,1.0
Walnut,GITHUB_opened_pull_requests_weekly,2024-01-22,1.0
Pyth Network,GITHUB_opened_pull_requests_weekly,2024-01-22,38.0
Debid - Fairblock,GITHUB_opened_pull_requests_weekly,2024-01-22,1.0
thirdweb,GITHUB_merged_pull_requests_daily,2024-01-22,7.0
Pyth Network,GITHUB_merged_pull_requests_daily,2024-01-22,8.0
Walnut,GITHUB_opened_issues_weekly,2024-01-22,17.0
Trail of Bits Security Reviews,GITHUB_opened_issues_daily,2024-01-22,1.0
Open Source Observer,GITHUB_closed_issues_weekly,2024-01-22,14.0
thirdweb,GITHUB_closed_issues_weekly,2024-01-22,8.0
Walnut,GITHUB_closed_issues_weekly,2024-01-22,7.0
Walnut,GITHUB_comments_daily,2024-08-07,2.0
Trail of Bits Security Reviews,GITHUB_stars_daily,2024-08-07,85.0
Open Source Observer,GITHUB_stars_daily,2024-08-07,1.0
Trail of Bits Security Reviews,GITHUB_commits_daily,2024-08-07,17.0
Open Source Observer,GITHUB_commits_daily,2024-08-07,7.0
Passport XYZ,GITHUB_commits_daily,2024-08-07,10.0
Trail of Bits Security Reviews,GITHUB_releases_daily,2024-08-07,1.0
Runtime Verification,GITHUB_contributors_daily,2024-08-07,13.0
Redstone Finance,GITHUB_contributors_daily,2024-08-07,2.0
Walnut,GITHUB_contributors_daily,2024-08-07,2.0
Passport XYZ,GITHUB_active_developers_daily,2024-08-07,2.0
Debid - Fairblock,GITHUB_active_developers_daily,2024-08-07,1.0
Arbos Foundry,GITHUB_active_developers_daily,2024-08-07,1.0
Redstone Finance,GITHUB_active_developers_daily,2024-08-07,2.0
Remix IDE plugin for Arbitrum Stylus,GITHUB_opened_pull_requests_daily,2024-08-07,1.0
Passport XYZ,GITHUB_opened_pull_requests_daily,2024-08-07,6.0
Open Source Observer,GITHUB_merged_pull_requests_daily,2024-08-07,6.0
Runtime Verification,GITHUB_opened_issues_daily,2024-08-07,1.0
Runtime Verification,GITHUB_closed_issues_daily,2024-08-07,1.0
Debid - Fairblock,GITHUB_comments_daily,2024-09-15,25.0
Redstone Finance,GITHUB_commits_daily,2024-09-15,1.0
Pyth Network,GITHUB_stars_daily,2024-09-15,2.0
Pyth Network,GITHUB_active_developers_daily,2024-09-15,2.0
thirdweb,GITHUB_forks_weekly,2024-04-15,16.0
Syndicate Protocol,GITHUB_forks_weekly,2024-04-15,1.0
Trail of Bits Security Reviews,GITHUB_comments_daily,2024-04-15,5.0
Open Source Observer,GITHUB_comments_daily,2024-04-15,2.0
Trail of Bits Security Reviews,GITHUB_stars_weekly,2024-04-15,87.0
Redstone Finance,GITHUB_stars_weekly,2024-04-15,8.0
thirdweb,GITHUB_stars_weekly,2024-04-15,8.0
thirdweb,GITHUB_releases_weekly,2024-04-15,44.0
Runtime Verification,GITHUB_commits_weekly,2024-04-15,138.0
Trail of Bits Security Reviews,GITHUB_commits_weekly,2024-04-15,92.0
Redstone Finance,GITHUB_comments_weekly,2024-04-15,1.0
Trail of Bits Security Reviews,GITHUB_comments_weekly,2024-04-15,47.0
Pyth Network,GITHUB_comments_weekly,2024-04-15,154.0
thirdweb,GITHUB_comments_weekly,2024-04-15,331.0
Pyth Network,GITHUB_forks_daily,2024-04-15,1.0
thirdweb,GITHUB_forks_daily,2024-04-15,2.0
Redstone Finance,GITHUB_repositories_weekly,2024-04-15,12.0
Trail of Bits Security Reviews,GITHUB_repositories_weekly,2024-04-15,45.0
Pyth Network,GITHUB_repositories_weekly,2024-04-15,7.0
Runtime Verification,GITHUB_repositories_weekly,2024-04-15,18.0
Trail of Bits Security Reviews,GITHUB_repositories_daily,2024-04-15,22.0
Runtime Verification,GITHUB_repositories_daily,2024-04-15,13.0
Pyth Network,GITHUB_repositories_daily,2024-04-15,5.0
Open Source Observer,GITHUB_repositories_daily,2024-04-15,2.0
Redstone Finance,GITHUB_active_developers_daily,2024-04-15,2.0
Syndicate Protocol,GITHUB_active_developers_daily,2024-04-15,1.0
Open Source Observer,GITHUB_opened_pull_requests_weekly,2024-04-15,27.0
Pyth Network,GITHUB_opened_pull_requests_weekly,2024-04-15,48.0
Syndicate Protocol,GITHUB_merged_pull_requests_weekly,2024-04-15,1.0
Pyth Network,GITHUB_opened_pull_requests_daily,2024-04-15,6.0
Open Source Observer,GITHUB_opened_pull_requests_daily,2024-04-15,1.0
Syndicate Protocol,GITHUB_opened_pull_requests_daily,2024-04-15,1.0
Trail of Bits Security Reviews,GITHUB_opened_pull_requests_daily,2024-04-15,17.0
Trail of Bits Security Reviews,GITHUB_merged_pull_requests_daily,2024-04-15,12.0
Open Source Observer,GITHUB_merged_pull_requests_daily,2024-04-15,2.0
Pyth Network,GITHUB_opened_issues_weekly,2024-04-15,1.0
Open Source Observer,GITHUB_opened_issues_weekly,2024-04-15,16.0
thirdweb,GITHUB_opened_issues_daily,2024-04-15,2.0
Trail of Bits Security Reviews,GITHUB_closed_issues_weekly,2024-04-15,6.0
Open Source Observer,GITHUB_closed_issues_weekly,2024-04-15,7.0
Runtime Verification,GITHUB_closed_issues_weekly,2024-04-15,17.0
Walnut,GITHUB_closed_issues_daily,2024-04-15,2.0
thirdweb,GITHUB_closed_issues_daily,2024-04-15,1.0
thirdweb,GITHUB_comments_daily,2024-02-04,1.0
Debid - Fairblock,GITHUB_commits_daily,2024-02-04,15.0
Trail of Bits Security Reviews,GITHUB_commits_daily,2024-02-04,5.0
thirdweb,GITHUB_contributors_daily,2024-02-04,1.0
Runtime Verification,GITHUB_active_developers_daily,2024-02-04,1.0
Trail of Bits Security Reviews,GITHUB_opened_issues_daily,2024-02-04,1.0
Open Source Observer,GITHUB_comments_daily,2024-01-24,5.0
thirdweb,GITHUB_comments_daily,2024-01-24,22.0
Runtime Verification,GITHUB_comments_daily,2024-01-24,24.0
Trail of Bits Security Reviews,GITHUB_comments_daily,2024-01-24,8.0
Redstone Finance,GITHUB_stars_daily,2024-01-24,2.0
Trail of Bits Security Reviews,GITHUB_stars_daily,2024-01-24,14.0
Runtime Verification,GITHUB_repositories_daily,2024-01-24,10.0
Remix IDE plugin for Arbitrum Stylus,GITHUB_repositories_daily,2024-01-24,1.0
Redstone Finance,GITHUB_contributors_daily,2024-01-24,2.0
Redstone Finance,GITHUB_active_developers_daily,2024-01-24,2.0
Trail of Bits Security Reviews,GITHUB_active_developers_daily,2024-01-24,5.0
thirdweb,GITHUB_opened_issues_daily,2024-01-24,6.0
Walnut,GITHUB_opened_issues_daily,2024-01-24,2.0
Open Source Observer,GITHUB_forks_weekly,2025-03-24,6.0
Sylow,GITHUB_forks_weekly,2025-03-24,1.0
Sylow,GITHUB_stars_weekly,2025-03-24,4.0
Solang,GITHUB_stars_weekly,2025-03-24,1.0
Trail of Bits Security Reviews,GITHUB_stars_weekly,2025-03-24,55.0
CodeTracer,GITHUB_stars_weekly,2025-03-24,47.0
Runtime Verification,GITHUB_releases_daily,2025-03-24,1.0
CodeTracer,GITHUB_releases_weekly,2025-03-24,4.0
Enclave,GITHUB_commits_weekly,2025-03-24,1.0
Runtime Verification,GITHUB_commits_weekly,2025-03-24,20.0
Walnut,GITHUB_commits_weekly,2025-03-24,54.0
CodeTracer,GITHUB_comments_daily,2025-03-24,1.0
Runtime Verification,GITHUB_commits_daily,2025-03-24,5.0
Walnut,GITHUB_commits_daily,2025-03-24,35.0
Trail of Bits Security Reviews,GITHUB_commits_daily,2025-03-24,11.0
Redstone Finance,GITHUB_contributors_daily,2025-03-24,3.0
Passport XYZ,GITHUB_contributors_daily,2025-03-24,2.0
Walnut,GITHUB_contributors_weekly,2025-03-24,7.0
Passport XYZ,GITHUB_contributors_weekly,2025-03-24,3.0
Redstone Finance,GITHUB_active_developers_daily,2025-03-24,2.0
Open Source Observer,GITHUB_active_developers_daily,2025-03-24,7.0
thirdweb,GITHUB_active_developers_weekly,2025-03-24,6.0
Pyth Network,GITHUB_comments_weekly,2025-03-24,125.0
Passport XYZ,GITHUB_comments_weekly,2025-03-24,1.0
Redstone Finance,GITHUB_comments_weekly,2025-03-24,5.0
Trail of Bits Security Reviews,GITHUB_comments_weekly,2025-03-24,65.0
CodeTracer,GITHUB_repositories_daily,2025-03-24,1.0
Passport XYZ,GITHUB_repositories_daily,2025-03-24,2.0
Trail of Bits Security Reviews,GITHUB_repositories_daily,2025-03-24,18.0
Solang,GITHUB_repositories_weekly,2025-03-24,1.0
Sylow,GITHUB_repositories_weekly,2025-03-24,1.0
CodeTracer,GITHUB_repositories_weekly,2025-03-24,1.0
Arbos Foundry,GITHUB_repositories_weekly,2025-03-24,1.0
Open Source Observer,GITHUB_repositories_weekly,2025-03-24,5.0
Pyth Network,GITHUB_forks_daily,2025-03-24,1.0
Redstone Finance,GITHUB_opened_pull_requests_daily,2025-03-24,3.0
CodeTracer,GITHUB_opened_pull_requests_daily,2025-03-24,3.0
Passport XYZ,GITHUB_opened_pull_requests_weekly,2025-03-24,13.0
Redstone Finance,GITHUB_opened_pull_requests_weekly,2025-03-24,6.0
Runtime Verification,GITHUB_opened_pull_requests_weekly,2025-03-24,31.0
CodeTracer,GITHUB_merged_pull_requests_daily,2025-03-24,3.0
Pyth Network,GITHUB_merged_pull_requests_daily,2025-03-24,8.0
Redstone Finance,GITHUB_merged_pull_requests_weekly,2025-03-24,5.0
Pyth Network,GITHUB_merged_pull_requests_weekly,2025-03-24,29.0
Open Source Observer,GITHUB_merged_pull_requests_weekly,2025-03-24,51.0
thirdweb,GITHUB_merged_pull_requests_weekly,2025-03-24,51.0
Runtime Verification,GITHUB_merged_pull_requests_weekly,2025-03-24,27.0
Open Source Observer,GITHUB_closed_issues_daily,2025-03-24,3.0
Runtime Verification,GITHUB_closed_issues_daily,2025-03-24,1.0
Passport XYZ,GITHUB_closed_issues_weekly,2025-03-24,7.0
thirdweb,GITHUB_closed_issues_weekly,2025-03-24,5.0
thirdweb,GITHUB_comments_daily,2024-09-22,41.0
Open Source Observer,GITHUB_commits_daily,2024-09-22,3.0
thirdweb,GITHUB_stars_daily,2024-09-22,1.0
thirdweb,GITHUB_forks_daily,2024-09-22,2.0
Trail of Bits Security Reviews,GITHUB_repositories_daily,2024-09-22,5.0
Runtime Verification,GITHUB_contributors_daily,2024-09-22,2.0
thirdweb,GITHUB_contributors_daily,2024-09-22,3.0
Walnut,GITHUB_contributors_daily,2024-09-22,1.0
Pyth Network,GITHUB_contributors_daily,2024-09-22,1.0
Open Source Observer,GITHUB_opened_pull_requests_daily,2024-09-22,1.0
Trail of Bits Security Reviews,GITHUB_merged_pull_requests_daily,2024-09-22,2.0
Walnut,GITHUB_opened_issues_daily,2024-09-22,1.0
Runtime Verification,GITHUB_comments_daily,2025-01-12,1.0
Trail of Bits Security Reviews,GITHUB_stars_daily,2025-01-12,5.0
thirdweb,GITHUB_commits_daily,2025-01-12,3.0
Walnut,GITHUB_repositories_daily,2025-01-12,1.0
Pyth Network,GITHUB_repositories_daily,2025-01-12,1.0
Open Source Observer,GITHUB_repositories_daily,2025-01-12,2.0
thirdweb,GITHUB_repositories_daily,2025-01-12,3.0
Walnut,GITHUB_contributors_daily,2025-01-12,1.0
9Lives,GITHUB_active_developers_daily,2025-01-12,2.0
Trail of Bits Security Reviews,GITHUB_opened_pull_requests_daily,2025-01-12,6.0
Pyth Network,GITHUB_comments_daily,2024-11-26,15.0
Passport XYZ,GITHUB_releases_daily,2024-11-26,6.0
Trail of Bits Security Reviews,GITHUB_forks_daily,2024-11-26,1.0
Redstone Finance,GITHUB_repositories_daily,2024-11-26,2.0
Open Source Observer,GITHUB_repositories_daily,2024-11-26,3.0
thirdweb,GITHUB_repositories_daily,2024-11-26,3.0
Pyth Network,GITHUB_contributors_daily,2024-11-26,7.0
Redstone Finance,GITHUB_contributors_daily,2024-11-26,2.0
Debid - Fairblock,GITHUB_contributors_daily,2024-11-26,2.0
Debid - Fairblock,GITHUB_active_developers_daily,2024-11-26,2.0
thirdweb,GITHUB_active_developers_daily,2024-11-26,3.0
Pyth Network,GITHUB_opened_pull_requests_daily,2024-11-26,4.0
Runtime Verification,GITHUB_merged_pull_requests_daily,2024-11-26,7.0
Debid - Fairblock,GITHUB_merged_pull_requests_daily,2024-11-26,1.0
Trail of Bits Security Reviews,GITHUB_closed_issues_daily,2024-11-26,1.0
Open Source Observer,GITHUB_closed_issues_daily,2024-11-26,3.0
Open Source Observer,GITHUB_stars_daily,2024-08-31,1.0
thirdweb,GITHUB_stars_daily,2024-08-31,1.0
Walnut,GITHUB_contributors_daily,2024-08-31,1.0
thirdweb,GITHUB_contributors_daily,2024-08-31,8.0
Runtime Verification,GITHUB_active_developers_daily,2024-08-31,1.0
Trail of Bits Security Reviews,GITHUB_active_developers_daily,2024-08-31,1.0
Open Source Observer,GITHUB_active_developers_daily,2024-08-31,2.0
Walnut,GITHUB_opened_pull_requests_daily,2024-08-31,1.0
Runtime Verification,GITHUB_opened_pull_requests_daily,2024-08-31,1.0
Open Source Observer,GITHUB_closed_issues_daily,2024-08-31,1.0
Passport XYZ,GITHUB_comments_daily,2024-10-30,6.0
Open Source Observer,GITHUB_comments_daily,2024-10-30,13.0
thirdweb,GITHUB_stars_daily,2024-10-30,1.0
Redstone Finance,GITHUB_commits_daily,2024-10-30,6.0
Walnut,GITHUB_commits_daily,2024-10-30,20.0
Debid - Fairblock,GITHUB_commits_daily,2024-10-30,1.0
Trail of Bits Security Reviews,GITHUB_releases_daily,2024-10-30,1.0
Pyth Network,GITHUB_forks_daily,2024-10-30,1.0
Open Source Observer,GITHUB_forks_daily,2024-10-30,2.0
Trail of Bits Security Reviews,GITHUB_repositories_daily,2024-10-30,8.0
Solang,GITHUB_repositories_daily,2024-10-30,1.0
Open Source Observer,GITHUB_repositories_daily,2024-10-30,6.0
Pyth Network,GITHUB_merged_pull_requests_daily,2024-10-30,8.0
Redstone Finance,GITHUB_contributors_daily,2024-10-30,3.0
Solang,GITHUB_contributors_daily,2024-10-30,1.0
Debid - Fairblock,GITHUB_active_developers_daily,2024-10-30,1.0
Passport XYZ,GITHUB_opened_pull_requests_daily,2024-10-30,2.0
Trail of Bits Security Reviews,GITHUB_opened_pull_requests_daily,2024-10-30,3.0
thirdweb,GITHUB_opened_pull_requests_daily,2024-10-30,17.0
Passport XYZ,GITHUB_closed_issues_daily,2024-10-30,2.0
Trail of Bits Security Reviews,GITHUB_comments_daily,2024-02-26,11.0
thirdweb,GITHUB_comments_daily,2024-02-26,31.0
thirdweb,GITHUB_forks_weekly,2024-02-26,18.0
Redstone Finance,GITHUB_stars_weekly,2024-02-26,3.0
Pyth Network,GITHUB_commits_daily,2024-02-26,1.0
Runtime Verification,GITHUB_commits_daily,2024-02-26,13.0
thirdweb,GITHUB_commits_daily,2024-02-26,10.0
Pyth Network,GITHUB_commits_weekly,2024-02-26,47.0
Walnut,GITHUB_commits_weekly,2024-02-26,43.0
Runtime Verification,GITHUB_comments_weekly,2024-02-26,209.0
thirdweb,GITHUB_forks_daily,2024-02-26,8.0
Remix IDE plugin for Arbitrum Stylus,GITHUB_forks_daily,2024-02-26,1.0
Syndicate Protocol,GITHUB_repositories_weekly,2024-02-26,1.0
Runtime Verification,GITHUB_repositories_weekly,2024-02-26,16.0
thirdweb,GITHUB_repositories_weekly,2024-02-26,11.0
Open Source Observer,GITHUB_repositories_weekly,2024-02-26,3.0
Redstone Finance,GITHUB_repositories_weekly,2024-02-26,8.0
Pyth Network,GITHUB_repositories_weekly,2024-02-26,10.0
Pyth Network,GITHUB_repositories_daily,2024-02-26,1.0
thirdweb,GITHUB_repositories_daily,2024-02-26,6.0
Debid - Fairblock,GITHUB_repositories_daily,2024-02-26,1.0
Redstone Finance,GITHUB_contributors_weekly,2024-02-26,4.0
Debid - Fairblock,GITHUB_contributors_weekly,2024-02-26,2.0
Syndicate Protocol,GITHUB_active_developers_weekly,2024-02-26,1.0
Walnut,GITHUB_active_developers_weekly,2024-02-26,2.0
Runtime Verification,GITHUB_active_developers_daily,2024-02-26,3.0
Walnut,GITHUB_opened_pull_requests_daily,2024-02-26,1.0
thirdweb,GITHUB_opened_pull_requests_daily,2024-02-26,15.0
Debid - Fairblock,GITHUB_merged_pull_requests_daily,2024-02-26,2.0
Trail of Bits Security Reviews,GITHUB_merged_pull_requests_daily,2024-02-26,11.0
Trail of Bits Security Reviews,GITHUB_opened_issues_weekly,2024-02-26,9.0
Pyth Network,GITHUB_opened_issues_weekly,2024-02-26,2.0
Trail of Bits Security Reviews,GITHUB_opened_issues_daily,2024-02-26,3.0
Pyth Network,GITHUB_closed_issues_weekly,2024-02-26,1.0
Open Source Observer,GITHUB_closed_issues_weekly,2024-02-26,15.0
Runtime Verification,GITHUB_closed_issues_daily,2024-02-26,2.0
thirdweb,GITHUB_comments_daily,2024-06-16,47.0
Pyth Network,GITHUB_stars_daily,2024-06-16,1.0
Trail of Bits Security Reviews,GITHUB_forks_daily,2024-06-16,1.0
Redstone Finance,GITHUB_repositories_daily,2024-06-16,1.0
thirdweb,GITHUB_repositories_daily,2024-06-16,3.0
thirdweb,GITHUB_contributors_daily,2024-06-16,5.0
thirdweb,GITHUB_active_developers_daily,2024-06-16,1.0
Open Source Observer,GITHUB_active_developers_daily,2024-06-16,2.0
Open Source Observer,GITHUB_opened_pull_requests_daily,2024-06-16,2.0
thirdweb,GITHUB_merged_pull_requests_daily,2024-06-16,4.0
thirdweb,GITHUB_closed_issues_daily,2024-06-16,2.0
Redstone Finance,GITHUB_comments_daily,2025-01-23,10.0
Runtime Verification,GITHUB_comments_daily,2025-01-23,28.0
9Lives,GITHUB_commits_daily,2025-01-23,5.0
Passport XYZ,GITHUB_commits_daily,2025-01-23,5.0
Pyth Network,GITHUB_commits_daily,2025-01-23,6.0
Open Source Observer,GITHUB_commits_daily,2025-01-23,9.0
Runtime Verification,GITHUB_commits_daily,2025-01-23,9.0
Pyth Network,GITHUB_repositories_daily,2025-01-23,2.0
Trail of Bits Security Reviews,GITHUB_repositories_daily,2025-01-23,8.0
Runtime Verification,GITHUB_repositories_daily,2025-01-23,7.0
Walnut,GITHUB_contributors_daily,2025-01-23,2.0
Pyth Network,GITHUB_contributors_daily,2025-01-23,7.0
Debid - Fairblock,GITHUB_active_developers_daily,2025-01-23,1.0
Trail of Bits Security Reviews,GITHUB_active_developers_daily,2025-01-23,3.0
Redstone Finance,GITHUB_active_developers_daily,2025-01-23,2.0
9Lives,GITHUB_active_developers_daily,2025-01-23,2.0
Runtime Verification,GITHUB_opened_pull_requests_daily,2025-01-23,5.0
thirdweb,GITHUB_opened_issues_daily,2025-01-23,1.0
Trail of Bits Security Reviews,GITHUB_comments_daily,2024-04-05,1.0
Pyth Network,GITHUB_comments_daily,2024-04-05,17.0
Open Source Observer,GITHUB_comments_daily,2024-04-05,25.0
Runtime Verification,GITHUB_comments_daily,2024-04-05,11.0
thirdweb,GITHUB_stars_daily,2024-04-05,1.0
Debid - Fairblock,GITHUB_releases_daily,2024-04-05,3.0
Trail of Bits Security Reviews,GITHUB_repositories_daily,2024-04-05,16.0
Debid - Fairblock,GITHUB_repositories_daily,2024-04-05,2.0
Runtime Verification,GITHUB_repositories_daily,2024-04-05,10.0
Redstone Finance,GITHUB_repositories_daily,2024-04-05,2.0
Open Source Observer,GITHUB_active_developers_daily,2024-04-05,2.0
thirdweb,GITHUB_opened_pull_requests_daily,2024-04-05,27.0
Trail of Bits Security Reviews,GITHUB_opened_pull_requests_daily,2024-04-05,11.0
Trail of Bits Security Reviews,GITHUB_merged_pull_requests_daily,2024-04-05,9.0
Runtime Verification,GITHUB_opened_issues_daily,2024-04-05,3.0
Trail of Bits Security Reviews,GITHUB_stars_daily,2024-05-05,5.0
Open Source Observer,GITHUB_stars_daily,2024-05-05,3.0
Open Source Observer,GITHUB_commits_daily,2024-05-05,3.0
Pyth Network,GITHUB_repositories_daily,2024-05-05,2.0
Debid - Fairblock,GITHUB_repositories_daily,2024-05-05,1.0
Open Source Observer,GITHUB_contributors_daily,2024-05-05,2.0
Walnut,GITHUB_comments_daily,2025-01-30,1.0
Runtime Verification,GITHUB_stars_daily,2025-01-30,1.0
Solang,GITHUB_stars_daily,2025-01-30,1.0
thirdweb,GITHUB_commits_daily,2025-01-30,18.0
Runtime Verification,GITHUB_commits_daily,2025-01-30,2.0
Passport XYZ,GITHUB_releases_daily,2025-01-30,2.0
Passport XYZ,GITHUB_forks_daily,2025-01-30,2.0
Open Source Observer,GITHUB_repositories_daily,2025-01-30,2.0
thirdweb,GITHUB_contributors_daily,2025-01-30,11.0
Redstone Finance,GITHUB_contributors_daily,2025-01-30,4.0
Trail of Bits Security Reviews,GITHUB_contributors_daily,2025-01-30,4.0
Pyth Network,GITHUB_opened_pull_requests_daily,2025-01-30,8.0
Redstone Finance,GITHUB_merged_pull_requests_daily,2025-01-30,3.0
Open Source Observer,GITHUB_closed_issues_daily,2025-01-30,1.0
Pyth Network,GITHUB_comments_daily,2024-09-13,60.0
Walnut,GITHUB_comments_daily,2024-09-13,1.0
Pyth Network,GITHUB_stars_daily,2024-09-13,32.0
Redstone Finance,GITHUB_commits_daily,2024-09-13,10.0
Trail of Bits Security Reviews,GITHUB_forks_daily,2024-09-13,1.0
thirdweb,GITHUB_forks_daily,2024-09-13,1.0
Open Source Observer,GITHUB_active_developers_daily,2024-09-13,1.0
thirdweb,GITHUB_active_developers_daily,2024-09-13,3.0
Pyth Network,GITHUB_contributors_daily,2024-09-13,8.0
thirdweb,GITHUB_opened_pull_requests_daily,2024-09-13,15.0
Redstone Finance,GITHUB_merged_pull_requests_daily,2024-09-13,4.0
thirdweb,GITHUB_merged_pull_requests_daily,2024-09-13,13.0
Trail of Bits Security Reviews,GITHUB_merged_pull_requests_daily,2024-09-13,1.0
Runtime Verification,GITHUB_stars_daily,2024-08-10,1.0
Runtime Verification,GITHUB_releases_daily,2024-08-10,4.0
Trail of Bits Security Reviews,GITHUB_forks_daily,2024-08-10,2.0
thirdweb,GITHUB_repositories_daily,2024-08-10,4.0
Walnut,GITHUB_repositories_daily,2024-08-10,2.0
Runtime Verification,GITHUB_repositories_daily,2024-08-10,6.0
Walnut,GITHUB_active_developers_daily,2024-08-10,1.0
Walnut,GITHUB_opened_pull_requests_daily,2024-08-10,1.0
Trail of Bits Security Reviews,GITHUB_comments_daily,2024-11-14,6.0
Trail of Bits Security Reviews,GITHUB_stars_daily,2024-11-14,16.0
thirdweb,GITHUB_commits_daily,2024-11-14,11.0
Pyth Network,GITHUB_releases_daily,2024-11-14,1.0
Open Source Observer,GITHUB_repositories_daily,2024-11-14,1.0
Pyth Network,GITHUB_repositories_daily,2024-11-14,5.0
Redstone Finance,GITHUB_contributors_daily,2024-11-14,3.0
Open Source Observer,GITHUB_active_developers_daily,2024-11-14,1.0
Walnut,GITHUB_active_developers_daily,2024-11-14,1.0
Passport XYZ,GITHUB_active_developers_daily,2024-11-14,5.0
thirdweb,GITHUB_active_developers_daily,2024-11-14,2.0
thirdweb,GITHUB_opened_pull_requests_daily,2024-11-14,8.0
Pyth Network,GITHUB_opened_pull_requests_daily,2024-11-14,4.0
Redstone Finance,GITHUB_merged_pull_requests_daily,2024-11-14,1.0
thirdweb,GITHUB_merged_pull_requests_daily,2024-11-14,11.0
Pyth Network,GITHUB_merged_pull_requests_daily,2024-11-14,5.0
Pyth Network,GITHUB_comments_daily,2024-01-09,7.0
thirdweb,GITHUB_comments_daily,2024-01-09,34.0
thirdweb,GITHUB_commits_daily,2024-01-09,14.0
Pyth Network,GITHUB_commits_daily,2024-01-09,3.0
Runtime Verification,GITHUB_commits_daily,2024-01-09,11.0
Open Source Observer,GITHUB_stars_daily,2024-01-09,1.0
Runtime Verification,GITHUB_contributors_daily,2024-01-09,10.0
Redstone Finance,GITHUB_active_developers_daily,2024-01-09,1.0
WakeUp Labs,GITHUB_opened_pull_requests_daily,2024-01-09,1.0
Runtime Verification,GITHUB_opened_pull_requests_daily,2024-01-09,20.0
Open Source Observer,GITHUB_opened_pull_requests_daily,2024-01-09,1.0
Debid - Fairblock,GITHUB_opened_pull_requests_daily,2024-01-09,5.0
Debid - Fairblock,GITHUB_repositories_daily,2024-01-09,1.0
Trail of Bits Security Reviews,GITHUB_repositories_daily,2024-01-09,16.0
Trail of Bits Security Reviews,GITHUB_merged_pull_requests_daily,2024-01-09,7.0
Trail of Bits Security Reviews,GITHUB_closed_issues_daily,2024-01-09,1.0
Runtime Verification,GITHUB_closed_issues_daily,2024-01-09,1.0
Redstone Finance,GITHUB_forks_weekly,2025-01-27,3.0
Trail of Bits Security Reviews,GITHUB_forks_weekly,2025-01-27,5.0
thirdweb,GITHUB_comments_daily,2025-01-27,90.0
Enclave,GITHUB_comments_daily,2025-01-27,1.0
Redstone Finance,GITHUB_comments_daily,2025-01-27,6.0
Trail of Bits Security Reviews,GITHUB_stars_daily,2025-01-27,13.0
9Lives,GITHUB_commits_daily,2025-01-27,10.0
thirdweb,GITHUB_commits_daily,2025-01-27,13.0
Open Source Observer,GITHUB_commits_daily,2025-01-27,1.0
thirdweb,GITHUB_releases_daily,2025-01-27,6.0
Pyth Network,GITHUB_releases_weekly,2025-01-27,4.0
Redstone Finance,GITHUB_releases_weekly,2025-01-27,1.0
Solang,GITHUB_commits_weekly,2025-01-27,5.0
Trail of Bits Security Reviews,GITHUB_commits_weekly,2025-01-27,38.0
9Lives,GITHUB_commits_weekly,2025-01-27,51.0
Debid - Fairblock,GITHUB_commits_weekly,2025-01-27,2.0
Arbos Foundry,GITHUB_commits_weekly,2025-01-27,10.0
Open Source Observer,GITHUB_comments_weekly,2025-01-27,150.0
Pyth Network,GITHUB_comments_weekly,2025-01-27,143.0
Trail of Bits Security Reviews,GITHUB_forks_daily,2025-01-27,3.0
Walnut,GITHUB_repositories_daily,2025-01-27,2.0
Trail of Bits Security Reviews,GITHUB_repositories_daily,2025-01-27,16.0
Open Source Observer,GITHUB_repositories_daily,2025-01-27,2.0
Passport XYZ,GITHUB_repositories_weekly,2025-01-27,4.0
9Lives,GITHUB_repositories_weekly,2025-01-27,1.0
Trail of Bits Security Reviews,GITHUB_repositories_weekly,2025-01-27,32.0
thirdweb,GITHUB_contributors_daily,2025-01-27,6.0
Runtime Verification,GITHUB_contributors_daily,2025-01-27,8.0
9Lives,GITHUB_contributors_daily,2025-01-27,2.0
Walnut,GITHUB_contributors_weekly,2025-01-27,5.0
Open Source Observer,GITHUB_active_developers_weekly,2025-01-27,7.0
Walnut,GITHUB_active_developers_weekly,2025-01-27,4.0
Debid - Fairblock,GITHUB_active_developers_weekly,2025-01-27,1.0
Open Source Observer,GITHUB_contributors_weekly,2025-01-27,9.0
Runtime Verification,GITHUB_active_developers_daily,2025-01-27,3.0
Pyth Network,GITHUB_active_developers_daily,2025-01-27,6.0
Walnut,GITHUB_opened_pull_requests_weekly,2025-01-27,9.0
9Lives,GITHUB_opened_pull_requests_weekly,2025-01-27,2.0
Enclave,GITHUB_opened_pull_requests_weekly,2025-01-27,1.0
Solang,GITHUB_opened_pull_requests_weekly,2025-01-27,1.0
Pyth Network,GITHUB_opened_pull_requests_daily,2025-01-27,5.0
Redstone Finance,GITHUB_merged_pull_requests_weekly,2025-01-27,8.0
Passport XYZ,GITHUB_opened_issues_daily,2025-01-27,18.0
Trail of Bits Security Reviews,GITHUB_opened_issues_weekly,2025-01-27,6.0
thirdweb,GITHUB_closed_issues_daily,2025-01-27,2.0
Walnut,GITHUB_closed_issues_daily,2025-01-27,4.0
Runtime Verification,GITHUB_closed_issues_daily,2025-01-27,1.0
Passport XYZ,GITHUB_closed_issues_weekly,2025-01-27,16.0
Walnut,GITHUB_closed_issues_weekly,2025-01-27,11.0
Open Source Observer,GITHUB_forks_weekly,2025-02-17,5.0
thirdweb,GITHUB_comments_daily,2025-02-17,56.0
Open Source Observer,GITHUB_comments_daily,2025-02-17,4.0
Pyth Network,GITHUB_comments_daily,2025-02-17,8.0
Runtime Verification,GITHUB_stars_daily,2025-02-17,1.0
Runtime Verification,GITHUB_stars_weekly,2025-02-17,8.0
Runtime Verification,GITHUB_commits_daily,2025-02-17,2.0
Trail of Bits Security Reviews,GITHUB_commits_daily,2025-02-17,8.0
Passport XYZ,GITHUB_commits_daily,2025-02-17,2.0
thirdweb,GITHUB_commits_daily,2025-02-17,6.0
Passport XYZ,GITHUB_releases_weekly,2025-02-17,6.0
Pyth Network,GITHUB_releases_weekly,2025-02-17,6.0
Trail of Bits Security Reviews,GITHUB_releases_weekly,2025-02-17,1.0
Runtime Verification,GITHUB_releases_weekly,2025-02-17,8.0
Runtime Verification,GITHUB_commits_weekly,2025-02-17,64.0
Open Source Observer,GITHUB_commits_weekly,2025-02-17,24.0
thirdweb,GITHUB_comments_weekly,2025-02-17,311.0
Walnut,GITHUB_comments_weekly,2025-02-17,57.0
Solang,GITHUB_comments_weekly,2025-02-17,1.0
Trail of Bits Security Reviews,GITHUB_forks_daily,2025-02-17,1.0
thirdweb,GITHUB_forks_daily,2025-02-17,4.0
Runtime Verification,GITHUB_repositories_weekly,2025-02-17,21.0
Walnut,GITHUB_repositories_weekly,2025-02-17,4.0
Passport XYZ,GITHUB_repositories_daily,2025-02-17,2.0
Redstone Finance,GITHUB_contributors_weekly,2025-02-17,11.0
Runtime Verification,GITHUB_contributors_weekly,2025-02-17,16.0
9Lives,GITHUB_contributors_weekly,2025-02-17,3.0
Pyth Network,GITHUB_contributors_weekly,2025-02-17,15.0
9Lives,GITHUB_contributors_daily,2025-02-17,1.0
Trail of Bits Security Reviews,GITHUB_contributors_daily,2025-02-17,4.0
Runtime Verification,GITHUB_active_developers_daily,2025-02-17,2.0
thirdweb,GITHUB_opened_pull_requests_weekly,2025-02-17,58.0
Open Source Observer,GITHUB_opened_pull_requests_weekly,2025-02-17,21.0
Pyth Network,GITHUB_opened_pull_requests_weekly,2025-02-17,38.0
thirdweb,GITHUB_merged_pull_requests_weekly,2025-02-17,39.0
Walnut,GITHUB_merged_pull_requests_weekly,2025-02-17,26.0
Pyth Network,GITHUB_opened_pull_requests_daily,2025-02-17,6.0
Runtime Verification,GITHUB_opened_issues_weekly,2025-02-17,7.0
Passport XYZ,GITHUB_closed_issues_weekly,2025-02-17,8.0
Walnut,GITHUB_closed_issues_daily,2025-02-17,15.0
Runtime Verification,GITHUB_comments_daily,2025-03-13,19.0
9Lives,GITHUB_comments_daily,2025-03-13,1.0
Trail of Bits Security Reviews,GITHUB_comments_daily,2025-03-13,14.0
Pyth Network,GITHUB_stars_daily,2025-03-13,1.0
Passport XYZ,GITHUB_stars_daily,2025-03-13,2.0
Open Source Observer,GITHUB_stars_daily,2025-03-13,3.0
Trail of Bits Security Reviews,GITHUB_stars_daily,2025-03-13,4.0
Redstone Finance,GITHUB_commits_daily,2025-03-13,7.0
Pyth Network,GITHUB_releases_daily,2025-03-13,1.0
Pyth Network,GITHUB_forks_daily,2025-03-13,1.0
Passport XYZ,GITHUB_repositories_daily,2025-03-13,2.0
Redstone Finance,GITHUB_repositories_daily,2025-03-13,2.0
Passport XYZ,GITHUB_contributors_daily,2025-03-13,1.0
Trail of Bits Security Reviews,GITHUB_contributors_daily,2025-03-13,5.0
thirdweb,GITHUB_contributors_daily,2025-03-13,7.0
9Lives,GITHUB_opened_pull_requests_daily,2025-03-13,1.0
Redstone Finance,GITHUB_merged_pull_requests_daily,2025-03-13,1.0
Open Source Observer,GITHUB_merged_pull_requests_daily,2025-03-13,14.0
Pyth Network,GITHUB_merged_pull_requests_daily,2025-03-13,8.0
Sylow,GITHUB_merged_pull_requests_daily,2025-03-13,1.0
Trail of Bits Security Reviews,GITHUB_opened_issues_daily,2025-03-13,1.0
Open Source Observer,GITHUB_closed_issues_daily,2025-03-13,2.0
Trail of Bits Security Reviews,GITHUB_closed_issues_daily,2025-03-13,3.0
Walnut,GITHUB_comments_daily,2024-02-25,4.0
Pyth Network,GITHUB_releases_daily,2024-02-25,1.0
Pyth Network,GITHUB_forks_daily,2024-02-25,1.0
thirdweb,GITHUB_forks_daily,2024-02-25,1.0
Redstone Finance,GITHUB_forks_daily,2024-02-25,5.0
Trail of Bits Security Reviews,GITHUB_repositories_daily,2024-02-25,5.0
Debid - Fairblock,GITHUB_repositories_daily,2024-02-25,1.0
Open Source Observer,GITHUB_repositories_daily,2024-02-25,1.0
Pyth Network,GITHUB_repositories_daily,2024-02-25,3.0
Walnut,GITHUB_contributors_daily,2024-02-25,3.0
Redstone Finance,GITHUB_active_developers_daily,2024-02-25,1.0
Pyth Network,GITHUB_active_developers_daily,2024-02-25,1.0
Trail of Bits Security Reviews,GITHUB_opened_pull_requests_daily,2024-02-25,8.0
Redstone Finance,GITHUB_opened_pull_requests_daily,2024-02-25,1.0
Runtime Verification,GITHUB_comments_daily,2024-08-09,27.0
thirdweb,GITHUB_releases_daily,2024-08-09,1.0
Passport XYZ,GITHUB_forks_daily,2024-08-09,2.0
Trail of Bits Security Reviews,GITHUB_forks_daily,2024-08-09,2.0
Arbos Foundry,GITHUB_repositories_daily,2024-08-09,1.0
Pyth Network,GITHUB_contributors_daily,2024-08-09,4.0
Redstone Finance,GITHUB_contributors_daily,2024-08-09,1.0
Runtime Verification,GITHUB_active_developers_daily,2024-08-09,6.0
Pyth Network,GITHUB_active_developers_daily,2024-08-09,3.0
Open Source Observer,GITHUB_active_developers_daily,2024-08-09,1.0
thirdweb,GITHUB_opened_pull_requests_daily,2024-08-09,16.0
Trail of Bits Security Reviews,GITHUB_merged_pull_requests_daily,2024-08-09,6.0
Open Source Observer,GITHUB_merged_pull_requests_daily,2024-08-09,2.0
Passport XYZ,GITHUB_closed_issues_daily,2024-08-09,4.0
Runtime Verification,GITHUB_closed_issues_daily,2024-08-09,3.0
Pyth Network,GITHUB_comments_daily,2024-03-08,11.0
Redstone Finance,GITHUB_comments_daily,2024-03-08,1.0
Runtime Verification,GITHUB_comments_daily,2024-03-08,40.0
thirdweb,GITHUB_comments_daily,2024-03-08,37.0
Runtime Verification,GITHUB_stars_daily,2024-03-08,1.0
Trail of Bits Security Reviews,GITHUB_stars_daily,2024-03-08,12.0
Debid - Fairblock,GITHUB_commits_daily,2024-03-08,5.0
thirdweb,GITHUB_commits_daily,2024-03-08,13.0
Debid - Fairblock,GITHUB_releases_daily,2024-03-08,2.0
Trail of Bits Security Reviews,GITHUB_forks_daily,2024-03-08,1.0
Pyth Network,GITHUB_forks_daily,2024-03-08,2.0
Open Source Observer,GITHUB_repositories_daily,2024-03-08,3.0
Walnut,GITHUB_contributors_daily,2024-03-08,3.0
Trail of Bits Security Reviews,GITHUB_contributors_daily,2024-03-08,7.0
Runtime Verification,GITHUB_contributors_daily,2024-03-08,14.0
Pyth Network,GITHUB_contributors_daily,2024-03-08,5.0
Trail of Bits Security Reviews,GITHUB_active_developers_daily,2024-03-08,3.0
Pyth Network,GITHUB_active_developers_daily,2024-03-08,4.0
Redstone Finance,GITHUB_active_developers_daily,2024-03-08,2.0
thirdweb,GITHUB_opened_pull_requests_daily,2024-03-08,15.0
Walnut,GITHUB_opened_pull_requests_daily,2024-03-08,1.0
Trail of Bits Security Reviews,GITHUB_opened_pull_requests_daily,2024-03-08,5.0
Pyth Network,GITHUB_merged_pull_requests_daily,2024-03-08,5.0
Pyth Network,GITHUB_comments_daily,2025-02-27,38.0
Redstone Finance,GITHUB_comments_daily,2025-02-27,6.0
Trail of Bits Security Reviews,GITHUB_stars_daily,2025-02-27,8.0
Open Source Observer,GITHUB_stars_daily,2025-02-27,1.0
thirdweb,GITHUB_releases_daily,2025-02-27,3.0
Walnut,GITHUB_repositories_daily,2025-02-27,2.0
9Lives,GITHUB_repositories_daily,2025-02-27,1.0
Trail of Bits Security Reviews,GITHUB_repositories_daily,2025-02-27,8.0
Open Source Observer,GITHUB_repositories_daily,2025-02-27,2.0
Runtime Verification,GITHUB_contributors_daily,2025-02-27,3.0
Trail of Bits Security Reviews,GITHUB_contributors_daily,2025-02-27,2.0
9Lives,GITHUB_contributors_daily,2025-02-27,2.0
Passport XYZ,GITHUB_active_developers_daily,2025-02-27,1.0
CodeTracer,GITHUB_active_developers_daily,2025-02-27,1.0
CodeTracer,GITHUB_opened_pull_requests_daily,2025-02-27,3.0
Open Source Observer,GITHUB_comments_daily,2024-01-13,2.0
Trail of Bits Security Reviews,GITHUB_commits_daily,2024-01-13,1.0
Trail of Bits Security Reviews,GITHUB_forks_daily,2024-01-13,2.0
thirdweb,GITHUB_repositories_daily,2024-01-13,2.0
Debid - Fairblock,GITHUB_contributors_daily,2024-01-13,1.0
Trail of Bits Security Reviews,GITHUB_active_developers_daily,2024-01-13,1.0
Open Source Observer,GITHUB_active_developers_daily,2024-01-13,1.0
thirdweb,GITHUB_merged_pull_requests_daily,2024-01-13,2.0
Open Source Observer,GITHUB_closed_issues_daily,2024-01-13,1.0
Runtime Verification,GITHUB_comments_daily,2024-12-03,10.0
Open Source Observer,GITHUB_comments_daily,2024-12-03,16.0
thirdweb,GITHUB_comments_daily,2024-12-03,55.0
Passport XYZ,GITHUB_comments_daily,2024-12-03,8.0
thirdweb,GITHUB_stars_daily,2024-12-03,1.0
Open Source Observer,GITHUB_stars_daily,2024-12-03,3.0
Runtime Verification,GITHUB_repositories_daily,2024-12-03,11.0
thirdweb,GITHUB_repositories_daily,2024-12-03,3.0
Remix IDE plugin for Arbitrum Stylus,GITHUB_repositories_daily,2024-12-03,1.0
Open Source Observer,GITHUB_repositories_daily,2024-12-03,5.0
Pyth Network,GITHUB_repositories_daily,2024-12-03,5.0
Passport XYZ,GITHUB_repositories_daily,2024-12-03,3.0
Redstone Finance,GITHUB_contributors_daily,2024-12-03,2.0
Open Source Observer,GITHUB_contributors_daily,2024-12-03,7.0
Runtime Verification,GITHUB_opened_pull_requests_daily,2024-12-03,4.0
Walnut,GITHUB_merged_pull_requests_daily,2024-12-03,2.0
Runtime Verification,GITHUB_active_developers_daily,2024-12-03,2.0
thirdweb,GITHUB_active_developers_daily,2024-12-03,4.0
Passport XYZ,GITHUB_active_developers_daily,2024-12-03,4.0
Trail of Bits Security Reviews,GITHUB_active_developers_daily,2024-12-03,2.0
Passport XYZ,GITHUB_closed_issues_daily,2024-12-03,8.0
Open Source Observer,GITHUB_closed_issues_daily,2024-12-03,5.0
Walnut,GITHUB_closed_issues_daily,2024-12-03,1.0
thirdweb,GITHUB_comments_daily,2024-06-29,37.0
Pyth Network,GITHUB_forks_daily,2024-06-29,1.0
Walnut,GITHUB_merged_pull_requests_daily,2024-06-29,3.0
Walnut,GITHUB_closed_issues_daily,2024-06-29,4.0
Trail of Bits Security Reviews,GITHUB_comments_daily,2024-01-05,8.0
thirdweb,GITHUB_comments_daily,2024-01-05,35.0
Redstone Finance,GITHUB_commits_daily,2024-01-05,3.0
Trail of Bits Security Reviews,GITHUB_forks_daily,2024-01-05,3.0
Remix IDE plugin for Arbitrum Stylus,GITHUB_contributors_daily,2024-01-05,1.0
thirdweb,GITHUB_contributors_daily,2024-01-05,14.0
Runtime Verification,GITHUB_contributors_daily,2024-01-05,1.0
Debid - Fairblock,GITHUB_opened_pull_requests_daily,2024-01-05,1.0
Trail of Bits Security Reviews,GITHUB_merged_pull_requests_daily,2024-01-05,2.0
thirdweb,GITHUB_opened_issues_daily,2024-01-05,2.0
Walnut,GITHUB_comments_daily,2025-03-18,2.0
Remix IDE plugin for Arbitrum Stylus,GITHUB_comments_daily,2025-03-18,1.0
Trail of Bits Security Reviews,GITHUB_comments_daily,2025-03-18,8.0
thirdweb,GITHUB_stars_daily,2025-03-18,3.0
Trail of Bits Security Reviews,GITHUB_stars_daily,2025-03-18,8.0
CodeTracer,GITHUB_stars_daily,2025-03-18,3.0
Pyth Network,GITHUB_forks_daily,2025-03-18,2.0
Debid - Fairblock,GITHUB_repositories_daily,2025-03-18,1.0
Open Source Observer,GITHUB_repositories_daily,2025-03-18,2.0
Runtime Verification,GITHUB_contributors_daily,2025-03-18,4.0
Solang,GITHUB_contributors_daily,2025-03-18,1.0
Walnut,GITHUB_contributors_daily,2025-03-18,3.0
Open Source Observer,GITHUB_contributors_daily,2025-03-18,5.0
Walnut,GITHUB_active_developers_daily,2025-03-18,1.0
Remix IDE plugin for Arbitrum Stylus,GITHUB_active_developers_daily,2025-03-18,1.0
Pyth Network,GITHUB_active_developers_daily,2025-03-18,3.0
Passport XYZ,GITHUB_active_developers_daily,2025-03-18,2.0
Enclave,GITHUB_opened_pull_requests_daily,2025-03-18,1.0
Redstone Finance,GITHUB_opened_pull_requests_daily,2025-03-18,3.0
Pyth Network,GITHUB_merged_pull_requests_daily,2025-03-18,10.0
CodeTracer,GITHUB_merged_pull_requests_daily,2025-03-18,1.0
Redstone Finance,GITHUB_merged_pull_requests_daily,2025-03-18,1.0
Passport XYZ,GITHUB_closed_issues_daily,2025-03-18,4.0
Pyth Network,GITHUB_comments_daily,2025-02-12,22.0
Passport XYZ,GITHUB_stars_daily,2025-02-12,44.0
Pyth Network,GITHUB_commits_daily,2025-02-12,9.0
thirdweb,GITHUB_commits_daily,2025-02-12,8.0
9Lives,GITHUB_commits_daily,2025-02-12,12.0
thirdweb,GITHUB_releases_daily,2025-02-12,5.0
Pyth Network,GITHUB_forks_daily,2025-02-12,7.0
Runtime Verification,GITHUB_forks_daily,2025-02-12,2.0
thirdweb,GITHUB_forks_daily,2025-02-12,4.0
Runtime Verification,GITHUB_repositories_daily,2025-02-12,5.0
Pyth Network,GITHUB_repositories_daily,2025-02-12,10.0
thirdweb,GITHUB_repositories_daily,2025-02-12,3.0
thirdweb,GITHUB_contributors_daily,2025-02-12,4.0
9Lives,GITHUB_contributors_daily,2025-02-12,2.0
Redstone Finance,GITHUB_active_developers_daily,2025-02-12,2.0
thirdweb,GITHUB_active_developers_daily,2025-02-12,2.0
thirdweb,GITHUB_opened_pull_requests_daily,2025-02-12,8.0
Runtime Verification,GITHUB_opened_pull_requests_daily,2025-02-12,1.0
Trail of Bits Security Reviews,GITHUB_opened_pull_requests_daily,2025-02-12,5.0
Pyth Network,GITHUB_merged_pull_requests_daily,2025-02-12,9.0
Walnut,GITHUB_merged_pull_requests_daily,2025-02-12,1.0
Runtime Verification,GITHUB_merged_pull_requests_daily,2025-02-12,1.0
thirdweb,GITHUB_forks_weekly,2025-01-20,15.0
Pyth Network,GITHUB_forks_weekly,2025-01-20,3.0
Debid - Fairblock,GITHUB_stars_weekly,2025-01-20,1.0
Passport XYZ,GITHUB_releases_weekly,2025-01-20,4.0
thirdweb,GITHUB_releases_weekly,2025-01-20,8.0
Runtime Verification,GITHUB_releases_weekly,2025-01-20,19.0
Pyth Network,GITHUB_commits_daily,2025-01-20,12.0
thirdweb,GITHUB_commits_daily,2025-01-20,25.0
Trail of Bits Security Reviews,GITHUB_commits_daily,2025-01-20,4.0
Open Source Observer,GITHUB_commits_weekly,2025-01-20,31.0
Walnut,GITHUB_commits_weekly,2025-01-20,26.0
Redstone Finance,GITHUB_comments_weekly,2025-01-20,11.0
Open Source Observer,GITHUB_comments_weekly,2025-01-20,87.0
Walnut,GITHUB_comments_weekly,2025-01-20,5.0
Trail of Bits Security Reviews,GITHUB_repositories_weekly,2025-01-20,38.0
CoBuilders,GITHUB_repositories_weekly,2025-01-20,1.0
Debid - Fairblock,GITHUB_repositories_weekly,2025-01-20,2.0
9Lives,GITHUB_repositories_daily,2025-01-20,1.0
thirdweb,GITHUB_repositories_daily,2025-01-20,3.0
Passport XYZ,GITHUB_contributors_weekly,2025-01-20,5.0
Pyth Network,GITHUB_contributors_weekly,2025-01-20,17.0
Trail of Bits Security Reviews,GITHUB_contributors_weekly,2025-01-20,19.0
CoBuilders,GITHUB_contributors_weekly,2025-01-20,1.0
Walnut,GITHUB_contributors_weekly,2025-01-20,4.0
Runtime Verification,GITHUB_active_developers_weekly,2025-01-20,5.0
thirdweb,GITHUB_active_developers_weekly,2025-01-20,4.0
9Lives,GITHUB_active_developers_weekly,2025-01-20,2.0
thirdweb,GITHUB_contributors_daily,2025-01-20,5.0
9Lives,GITHUB_contributors_daily,2025-01-20,3.0
9Lives,GITHUB_active_developers_daily,2025-01-20,2.0
Open Source Observer,GITHUB_active_developers_daily,2025-01-20,1.0
Trail of Bits Security Reviews,GITHUB_active_developers_daily,2025-01-20,2.0
Trail of Bits Security Reviews,GITHUB_opened_pull_requests_weekly,2025-01-20,25.0
Moving Stylus,GITHUB_opened_pull_requests_weekly,2025-01-20,2.0
thirdweb,GITHUB_opened_pull_requests_weekly,2025-01-20,60.0
Pyth Network,GITHUB_opened_pull_requests_weekly,2025-01-20,56.0
Pyth Network,GITHUB_opened_pull_requests_daily,2025-01-20,14.0
CoBuilders,GITHUB_opened_pull_requests_daily,2025-01-20,1.0
Runtime Verification,GITHUB_merged_pull_requests_weekly,2025-01-20,22.0
Open Source Observer,GITHUB_merged_pull_requests_weekly,2025-01-20,25.0
Redstone Finance,GITHUB_merged_pull_requests_weekly,2025-01-20,2.0
Open Source Observer,GITHUB_merged_pull_requests_daily,2025-01-20,3.0
Open Source Observer,GITHUB_opened_issues_weekly,2025-01-20,29.0
Passport XYZ,GITHUB_closed_issues_weekly,2025-01-20,10.0
Trail of Bits Security Reviews,GITHUB_closed_issues_weekly,2025-01-20,2.0
Trail of Bits Security Reviews,GITHUB_forks_daily,2024-07-21,1.0
Trail of Bits Security Reviews,GITHUB_repositories_daily,2024-07-21,12.0
Redstone Finance,GITHUB_repositories_daily,2024-07-21,1.0
Trail of Bits Security Reviews,GITHUB_contributors_daily,2024-07-21,2.0
Trail of Bits Security Reviews,GITHUB_opened_pull_requests_daily,2024-07-21,10.0
Trail of Bits Security Reviews,GITHUB_merged_pull_requests_daily,2024-07-21,7.0
thirdweb,GITHUB_closed_issues_daily,2024-07-21,2.0
thirdweb,GITHUB_comments_daily,2024-03-06,34.0
Open Source Observer,GITHUB_comments_daily,2024-03-06,3.0
Open Source Observer,GITHUB_stars_daily,2024-03-06,3.0
Pyth Network,GITHUB_stars_daily,2024-03-06,2.0
thirdweb,GITHUB_commits_daily,2024-03-06,37.0
Debid - Fairblock,GITHUB_commits_daily,2024-03-06,46.0
Redstone Finance,GITHUB_commits_daily,2024-03-06,4.0
Pyth Network,GITHUB_commits_daily,2024-03-06,3.0
thirdweb,GITHUB_releases_daily,2024-03-06,21.0
Pyth Network,GITHUB_releases_daily,2024-03-06,2.0
Walnut,GITHUB_repositories_daily,2024-03-06,1.0
Trail of Bits Security Reviews,GITHUB_repositories_daily,2024-03-06,11.0
Runtime Verification,GITHUB_repositories_daily,2024-03-06,14.0
Arbos Foundry,GITHUB_contributors_daily,2024-03-06,1.0
Open Source Observer,GITHUB_contributors_daily,2024-03-06,2.0
Pyth Network,GITHUB_contributors_daily,2024-03-06,4.0
Debid - Fairblock,GITHUB_contributors_daily,2024-03-06,14.0
Open Source Observer,GITHUB_active_developers_daily,2024-03-06,2.0
Redstone Finance,GITHUB_active_developers_daily,2024-03-06,1.0
Runtime Verification,GITHUB_opened_pull_requests_daily,2024-03-06,19.0
Pyth Network,GITHUB_opened_pull_requests_daily,2024-03-06,3.0
Debid - Fairblock,GITHUB_opened_pull_requests_daily,2024-03-06,7.0
Trail of Bits Security Reviews,GITHUB_merged_pull_requests_daily,2024-03-06,2.0
Debid - Fairblock,GITHUB_merged_pull_requests_daily,2024-03-06,10.0
Trail of Bits Security Reviews,GITHUB_opened_issues_daily,2024-03-06,3.0
Runtime Verification,GITHUB_closed_issues_daily,2024-03-06,6.0
thirdweb,GITHUB_closed_issues_daily,2024-03-06,1.0
Enclave,GITHUB_comments_daily,2024-10-29,11.0
Passport XYZ,GITHUB_stars_daily,2024-10-29,6.0
Pyth Network,GITHUB_stars_daily,2024-10-29,3.0
Pyth Network,GITHUB_commits_daily,2024-10-29,7.0
Open Source Observer,GITHUB_repositories_daily,2024-10-29,3.0
Debid - Fairblock,GITHUB_repositories_daily,2024-10-29,3.0
Trail of Bits Security Reviews,GITHUB_repositories_daily,2024-10-29,10.0
Runtime Verification,GITHUB_repositories_daily,2024-10-29,13.0
Passport XYZ,GITHUB_contributors_daily,2024-10-29,3.0
Debid - Fairblock,GITHUB_active_developers_daily,2024-10-29,2.0
Runtime Verification,GITHUB_active_developers_daily,2024-10-29,3.0
Pyth Network,GITHUB_active_developers_daily,2024-10-29,4.0
Trail of Bits Security Reviews,GITHUB_active_developers_daily,2024-10-29,3.0
thirdweb,GITHUB_opened_pull_requests_daily,2024-10-29,14.0
Debid - Fairblock,GITHUB_opened_pull_requests_daily,2024-10-29,1.0
Redstone Finance,GITHUB_opened_pull_requests_daily,2024-10-29,3.0
Pyth Network,GITHUB_opened_pull_requests_daily,2024-10-29,7.0
Trail of Bits Security Reviews,GITHUB_opened_pull_requests_daily,2024-10-29,5.0
Redstone Finance,GITHUB_merged_pull_requests_daily,2024-10-29,2.0
Pyth Network,GITHUB_merged_pull_requests_daily,2024-10-29,6.0
thirdweb,GITHUB_merged_pull_requests_daily,2024-10-29,13.0
Runtime Verification,GITHUB_merged_pull_requests_daily,2024-10-29,5.0
thirdweb,GITHUB_comments_daily,2024-08-17,99.0
Trail of Bits Security Reviews,GITHUB_comments_daily,2024-08-17,4.0
Trail of Bits Security Reviews,GITHUB_stars_daily,2024-08-17,5.0
thirdweb,GITHUB_commits_daily,2024-08-17,8.0
thirdweb,GITHUB_repositories_daily,2024-08-17,3.0
Pyth Network,GITHUB_repositories_daily,2024-08-17,1.0
Trail of Bits Security Reviews,GITHUB_repositories_daily,2024-08-17,9.0
Runtime Verification,GITHUB_active_developers_daily,2024-08-17,2.0
Open Source Observer,GITHUB_opened_pull_requests_daily,2024-08-17,1.0
Pyth Network,GITHUB_comments_daily,2025-01-28,23.0
thirdweb,GITHUB_stars_daily,2025-01-28,3.0
Passport XYZ,GITHUB_stars_daily,2025-01-28,2.0
Trail of Bits Security Reviews,GITHUB_stars_daily,2025-01-28,11.0
Walnut,GITHUB_commits_daily,2025-01-28,4.0
Pyth Network,GITHUB_commits_daily,2025-01-28,3.0
Trail of Bits Security Reviews,GITHUB_releases_daily,2025-01-28,1.0
thirdweb,GITHUB_repositories_daily,2025-01-28,5.0
Open Source Observer,GITHUB_repositories_daily,2025-01-28,4.0
Pyth Network,GITHUB_repositories_daily,2025-01-28,3.0
Walnut,GITHUB_repositories_daily,2025-01-28,2.0
Arbos Foundry,GITHUB_contributors_daily,2025-01-28,1.0
Redstone Finance,GITHUB_contributors_daily,2025-01-28,2.0
thirdweb,GITHUB_contributors_daily,2025-01-28,7.0
Runtime Verification,GITHUB_contributors_daily,2025-01-28,8.0
Pyth Network,GITHUB_active_developers_daily,2025-01-28,2.0
Trail of Bits Security Reviews,GITHUB_active_developers_daily,2025-01-28,2.0
thirdweb,GITHUB_active_developers_daily,2025-01-28,4.0
Open Source Observer,GITHUB_active_developers_daily,2025-01-28,4.0
Pyth Network,GITHUB_opened_pull_requests_daily,2025-01-28,6.0
thirdweb,GITHUB_opened_pull_requests_daily,2025-01-28,12.0
Open Source Observer,GITHUB_merged_pull_requests_daily,2025-01-28,9.0
Passport XYZ,GITHUB_closed_issues_daily,2025-01-28,4.0
Walnut,GITHUB_closed_issues_daily,2025-01-28,2.0
Redstone Finance,GITHUB_forks_weekly,2024-04-29,4.0
Runtime Verification,GITHUB_comments_daily,2024-04-29,52.0
Redstone Finance,GITHUB_stars_daily,2024-04-29,1.0
Runtime Verification,GITHUB_stars_weekly,2024-04-29,7.0
Walnut,GITHUB_stars_weekly,2024-04-29,1.0
Open Source Observer,GITHUB_stars_weekly,2024-04-29,4.0
Pyth Network,GITHUB_stars_weekly,2024-04-29,15.0
Syndicate Protocol,GITHUB_commits_weekly,2024-04-29,7.0
thirdweb,GITHUB_commits_weekly,2024-04-29,63.0
Trail of Bits Security Reviews,GITHUB_commits_weekly,2024-04-29,90.0
Open Source Observer,GITHUB_commits_weekly,2024-04-29,33.0
Runtime Verification,GITHUB_comments_weekly,2024-04-29,164.0
Runtime Verification,GITHUB_repositories_weekly,2024-04-29,15.0
Syndicate Protocol,GITHUB_repositories_weekly,2024-04-29,2.0
thirdweb,GITHUB_forks_daily,2024-04-29,1.0
Redstone Finance,GITHUB_repositories_daily,2024-04-29,2.0
Debid - Fairblock,GITHUB_repositories_daily,2024-04-29,1.0
Syndicate Protocol,GITHUB_contributors_weekly,2024-04-29,2.0
Walnut,GITHUB_contributors_weekly,2024-04-29,5.0
Trail of Bits Security Reviews,GITHUB_active_developers_weekly,2024-04-29,11.0
Walnut,GITHUB_contributors_daily,2024-04-29,3.0
Open Source Observer,GITHUB_contributors_daily,2024-04-29,1.0
Open Source Observer,GITHUB_active_developers_daily,2024-04-29,1.0
Debid - Fairblock,GITHUB_opened_pull_requests_daily,2024-04-29,1.0
thirdweb,GITHUB_merged_pull_requests_daily,2024-04-29,22.0
Runtime Verification,GITHUB_merged_pull_requests_daily,2024-04-29,6.0
Walnut,GITHUB_merged_pull_requests_weekly,2024-04-29,3.0
thirdweb,GITHUB_opened_issues_weekly,2024-04-29,2.0
thirdweb,GITHUB_opened_issues_daily,2024-04-29,1.0
Walnut,GITHUB_closed_issues_weekly,2024-04-29,4.0
Runtime Verification,GITHUB_forks_weekly,2025-01-06,4.0
Pyth Network,GITHUB_forks_weekly,2025-01-06,6.0
Pyth Network,GITHUB_comments_daily,2025-01-06,14.0
Open Source Observer,GITHUB_comments_daily,2025-01-06,9.0
Redstone Finance,GITHUB_comments_daily,2025-01-06,7.0
Pyth Network,GITHUB_stars_daily,2025-01-06,2.0
Passport XYZ,GITHUB_stars_daily,2025-01-06,2.0
Trail of Bits Security Reviews,GITHUB_commits_daily,2025-01-06,11.0
Open Source Observer,GITHUB_commits_daily,2025-01-06,4.0
9Lives,GITHUB_commits_daily,2025-01-06,7.0
Debid - Fairblock,GITHUB_stars_weekly,2025-01-06,1.0
Redstone Finance,GITHUB_stars_weekly,2025-01-06,2.0
Pyth Network,GITHUB_stars_weekly,2025-01-06,6.0
Pyth Network,GITHUB_releases_daily,2025-01-06,1.0
Runtime Verification,GITHUB_releases_weekly,2025-01-06,6.0
Pyth Network,GITHUB_releases_weekly,2025-01-06,14.0
Pyth Network,GITHUB_commits_weekly,2025-01-06,48.0
Trail of Bits Security Reviews,GITHUB_commits_weekly,2025-01-06,38.0
CoBuilders,GITHUB_comments_weekly,2025-01-06,2.0
Solang,GITHUB_comments_weekly,2025-01-06,1.0
Trail of Bits Security Reviews,GITHUB_forks_daily,2025-01-06,1.0
Open Source Observer,GITHUB_comments_weekly,2025-01-06,88.0
Enclave,GITHUB_comments_weekly,2025-01-06,21.0
thirdweb,GITHUB_repositories_daily,2025-01-06,2.0
Open Source Observer,GITHUB_repositories_daily,2025-01-06,2.0
9Lives,GITHUB_repositories_daily,2025-01-06,1.0
Open Source Observer,GITHUB_repositories_weekly,2025-01-06,5.0
Sylow,GITHUB_repositories_weekly,2025-01-06,1.0
Debid - Fairblock,GITHUB_contributors_weekly,2025-01-06,1.0
thirdweb,GITHUB_contributors_weekly,2025-01-06,21.0
Pyth Network,GITHUB_contributors_weekly,2025-01-06,21.0
Passport XYZ,GITHUB_contributors_weekly,2025-01-06,5.0
CoBuilders,GITHUB_contributors_weekly,2025-01-06,1.0
Open Source Observer,GITHUB_active_developers_daily,2025-01-06,2.0
Pyth Network,GITHUB_active_developers_daily,2025-01-06,4.0
thirdweb,GITHUB_active_developers_daily,2025-01-06,3.0
9Lives,GITHUB_active_developers_daily,2025-01-06,1.0
Trail of Bits Security Reviews,GITHUB_active_developers_weekly,2025-01-06,9.0
Pyth Network,GITHUB_active_developers_weekly,2025-01-06,13.0
thirdweb,GITHUB_active_developers_weekly,2025-01-06,6.0
thirdweb,GITHUB_opened_pull_requests_weekly,2025-01-06,41.0
Sylow,GITHUB_opened_pull_requests_weekly,2025-01-06,1.0
Pyth Network,GITHUB_merged_pull_requests_weekly,2025-01-06,43.0
Runtime Verification,GITHUB_merged_pull_requests_weekly,2025-01-06,10.0
Sylow,GITHUB_merged_pull_requests_weekly,2025-01-06,2.0
Syndicate Protocol,GITHUB_merged_pull_requests_weekly,2025-01-06,1.0
thirdweb,GITHUB_merged_pull_requests_daily,2025-01-06,10.0
Open Source Observer,GITHUB_merged_pull_requests_daily,2025-01-06,3.0
9Lives,GITHUB_merged_pull_requests_daily,2025-01-06,2.0
Walnut,GITHUB_opened_issues_daily,2025-01-06,5.0
thirdweb,GITHUB_opened_issues_weekly,2025-01-06,6.0
Walnut,GITHUB_opened_issues_weekly,2025-01-06,5.0
Runtime Verification,GITHUB_opened_issues_weekly,2025-01-06,10.0
Runtime Verification,GITHUB_closed_issues_daily,2025-01-06,1.0
Runtime Verification,GITHUB_closed_issues_weekly,2025-01-06,3.0
Trail of Bits Security Reviews,GITHUB_comments_daily,2024-07-03,3.0
Open Source Observer,GITHUB_stars_daily,2024-07-03,1.0
Redstone Finance,GITHUB_commits_daily,2024-07-03,8.0
Pyth Network,GITHUB_commits_daily,2024-07-03,1.0
Runtime Verification,GITHUB_commits_daily,2024-07-03,14.0
thirdweb,GITHUB_releases_daily,2024-07-03,1.0
Trail of Bits Security Reviews,GITHUB_forks_daily,2024-07-03,2.0
Passport XYZ,GITHUB_repositories_daily,2024-07-03,1.0
Redstone Finance,GITHUB_repositories_daily,2024-07-03,5.0
Open Source Observer,GITHUB_repositories_daily,2024-07-03,3.0
Walnut,GITHUB_contributors_daily,2024-07-03,3.0
Remix IDE plugin for Arbitrum Stylus,GITHUB_contributors_daily,2024-07-03,1.0
Debid - Fairblock,GITHUB_contributors_daily,2024-07-03,2.0
Open Source Observer,GITHUB_active_developers_daily,2024-07-03,3.0
Pyth Network,GITHUB_active_developers_daily,2024-07-03,1.0
Debid - Fairblock,GITHUB_active_developers_daily,2024-07-03,1.0
Redstone Finance,GITHUB_opened_pull_requests_daily,2024-07-03,1.0
thirdweb,GITHUB_merged_pull_requests_daily,2024-07-03,13.0
Runtime Verification,GITHUB_merged_pull_requests_daily,2024-07-03,7.0
thirdweb,GITHUB_comments_daily,2024-05-27,44.0
Walnut,GITHUB_comments_daily,2024-05-27,5.0
Walnut,GITHUB_stars_daily,2024-05-27,1.0
Runtime Verification,GITHUB_commits_daily,2024-05-27,36.0
Pyth Network,GITHUB_releases_weekly,2024-05-27,4.0
Debid - Fairblock,GITHUB_releases_daily,2024-05-27,2.0
Redstone Finance,GITHUB_commits_weekly,2024-05-27,19.0
Debid - Fairblock,GITHUB_commits_weekly,2024-05-27,21.0
Passport XYZ,GITHUB_comments_weekly,2024-05-27,18.0
Runtime Verification,GITHUB_forks_daily,2024-05-27,1.0
Open Source Observer,GITHUB_repositories_weekly,2024-05-27,3.0
Debid - Fairblock,GITHUB_repositories_weekly,2024-05-27,2.0
Syndicate Protocol,GITHUB_repositories_weekly,2024-05-27,1.0
Debid - Fairblock,GITHUB_repositories_daily,2024-05-27,1.0
thirdweb,GITHUB_repositories_daily,2024-05-27,6.0
Pyth Network,GITHUB_repositories_daily,2024-05-27,4.0
Runtime Verification,GITHUB_repositories_daily,2024-05-27,11.0
Debid - Fairblock,GITHUB_contributors_weekly,2024-05-27,3.0
Redstone Finance,GITHUB_contributors_daily,2024-05-27,2.0
Walnut,GITHUB_contributors_daily,2024-05-27,3.0
Redstone Finance,GITHUB_contributors_weekly,2024-05-27,3.0
Pyth Network,GITHUB_active_developers_daily,2024-05-27,4.0
thirdweb,GITHUB_contributors_daily,2024-05-27,4.0
Debid - Fairblock,GITHUB_contributors_daily,2024-05-27,2.0
Runtime Verification,GITHUB_active_developers_daily,2024-05-27,7.0
Open Source Observer,GITHUB_active_developers_weekly,2024-05-27,3.0
Remix IDE plugin for Arbitrum Stylus,GITHUB_active_developers_weekly,2024-05-27,1.0
Open Source Observer,GITHUB_opened_pull_requests_daily,2024-05-27,13.0
Walnut,GITHUB_opened_pull_requests_weekly,2024-05-27,7.0
Syndicate Protocol,GITHUB_opened_pull_requests_weekly,2024-05-27,1.0
Trail of Bits Security Reviews,GITHUB_merged_pull_requests_weekly,2024-05-27,19.0
Open Source Observer,GITHUB_merged_pull_requests_daily,2024-05-27,12.0
Debid - Fairblock,GITHUB_merged_pull_requests_daily,2024-05-27,1.0
thirdweb,GITHUB_opened_issues_weekly,2024-05-27,7.0
thirdweb,GITHUB_closed_issues_weekly,2024-05-27,9.0
Open Source Observer,GITHUB_closed_issues_weekly,2024-05-27,19.0
Walnut,GITHUB_closed_issues_weekly,2024-05-27,2.0
Walnut,GITHUB_comments_daily,2024-07-26,1.0
Pyth Network,GITHUB_comments_daily,2024-07-26,16.0
Trail of Bits Security Reviews,GITHUB_stars_daily,2024-07-26,15.0
Runtime Verification,GITHUB_commits_daily,2024-07-26,44.0
Runtime Verification,GITHUB_releases_daily,2024-07-26,16.0
Redstone Finance,GITHUB_repositories_daily,2024-07-26,3.0
thirdweb,GITHUB_repositories_daily,2024-07-26,4.0
Walnut,GITHUB_contributors_daily,2024-07-26,1.0
Open Source Observer,GITHUB_active_developers_daily,2024-07-26,3.0
Passport XYZ,GITHUB_active_developers_daily,2024-07-26,2.0
thirdweb,GITHUB_active_developers_daily,2024-07-26,6.0
thirdweb,GITHUB_opened_pull_requests_daily,2024-07-26,17.0
Debid - Fairblock,GITHUB_opened_pull_requests_daily,2024-07-26,1.0
Open Source Observer,GITHUB_opened_pull_requests_daily,2024-07-26,4.0
Pyth Network,GITHUB_merged_pull_requests_daily,2024-07-26,11.0
Runtime Verification,GITHUB_merged_pull_requests_daily,2024-07-26,20.0
Trail of Bits Security Reviews,GITHUB_merged_pull_requests_daily,2024-07-26,4.0
Passport XYZ,GITHUB_stars_daily,2024-12-22,2.0
Enclave,GITHUB_repositories_daily,2024-12-22,1.0
Trail of Bits Security Reviews,GITHUB_contributors_daily,2024-12-22,2.0
Pyth Network,GITHUB_opened_pull_requests_daily,2024-12-22,2.0
Pyth Network,GITHUB_merged_pull_requests_daily,2024-12-22,1.0
thirdweb,GITHUB_opened_issues_daily,2024-12-22,1.0
thirdweb,GITHUB_forks_weekly,2024-10-21,15.0
Runtime Verification,GITHUB_comments_daily,2024-10-21,3.0
thirdweb,GITHUB_stars_weekly,2024-10-21,10.0
Redstone Finance,GITHUB_stars_weekly,2024-10-21,2.0
Syndicate Protocol,GITHUB_stars_weekly,2024-10-21,1.0
Syndicate Protocol,GITHUB_stars_daily,2024-10-21,1.0
Passport XYZ,GITHUB_commits_daily,2024-10-21,11.0
Runtime Verification,GITHUB_commits_weekly,2024-10-21,28.0
Remix IDE plugin for Arbitrum Stylus,GITHUB_commits_weekly,2024-10-21,3.0
Debid - Fairblock,GITHUB_commits_weekly,2024-10-21,78.0
thirdweb,GITHUB_commits_weekly,2024-10-21,85.0
thirdweb,GITHUB_comments_weekly,2024-10-21,605.0
Open Source Observer,GITHUB_comments_weekly,2024-10-21,108.0
Passport XYZ,GITHUB_comments_weekly,2024-10-21,42.0
Runtime Verification,GITHUB_comments_weekly,2024-10-21,26.0
Debid - Fairblock,GITHUB_repositories_weekly,2024-10-21,4.0
Trail of Bits Security Reviews,GITHUB_repositories_weekly,2024-10-21,38.0
Solang,GITHUB_repositories_weekly,2024-10-21,1.0
Pyth Network,GITHUB_repositories_weekly,2024-10-21,6.0
thirdweb,GITHUB_repositories_weekly,2024-10-21,8.0
Passport XYZ,GITHUB_releases_daily,2024-10-21,2.0
Walnut,GITHUB_repositories_weekly,2024-10-21,3.0
Passport XYZ,GITHUB_forks_daily,2024-10-21,4.0
Open Source Observer,GITHUB_forks_daily,2024-10-21,1.0
Solang,GITHUB_forks_daily,2024-10-21,1.0
Debid - Fairblock,GITHUB_contributors_daily,2024-10-21,13.0
Runtime Verification,GITHUB_contributors_daily,2024-10-21,6.0
Open Source Observer,GITHUB_active_developers_daily,2024-10-21,4.0
Runtime Verification,GITHUB_opened_pull_requests_weekly,2024-10-21,18.0
Runtime Verification,GITHUB_opened_pull_requests_daily,2024-10-21,6.0
Runtime Verification,GITHUB_repositories_daily,2024-10-21,12.0
Arbos Foundry,GITHUB_contributors_weekly,2024-10-21,1.0
Debid - Fairblock,GITHUB_repositories_daily,2024-10-21,2.0
Enclave,GITHUB_contributors_weekly,2024-10-21,3.0
Passport XYZ,GITHUB_contributors_weekly,2024-10-21,7.0
Debid - Fairblock,GITHUB_contributors_weekly,2024-10-21,21.0
Redstone Finance,GITHUB_active_developers_weekly,2024-10-21,2.0
Runtime Verification,GITHUB_active_developers_weekly,2024-10-21,5.0
Pyth Network,GITHUB_active_developers_weekly,2024-10-21,10.0
thirdweb,GITHUB_active_developers_weekly,2024-10-21,6.0
Runtime Verification,GITHUB_opened_issues_daily,2024-10-21,2.0
Trail of Bits Security Reviews,GITHUB_closed_issues_weekly,2024-10-21,2.0
Enclave,GITHUB_closed_issues_weekly,2024-10-21,2.0
Enclave,GITHUB_merged_pull_requests_weekly,2024-10-21,2.0
Trail of Bits Security Reviews,GITHUB_merged_pull_requests_weekly,2024-10-21,48.0
thirdweb,GITHUB_merged_pull_requests_daily,2024-10-21,17.0
Runtime Verification,GITHUB_merged_pull_requests_daily,2024-10-21,6.0
Open Source Observer,GITHUB_opened_issues_weekly,2024-10-21,23.0
Passport XYZ,GITHUB_opened_issues_weekly,2024-10-21,14.0
Arbos Foundry,GITHUB_active_contributors_quarterly,2024-02-01,1.0
Syndicate Protocol,GITHUB_active_contributors_quarterly,2024-02-01,2.0
Trail of Bits Security Reviews,GITHUB_active_contributors_quarterly,2024-02-01,48.0
Debid - Fairblock,GITHUB_new_contributors_quarterly,2024-02-01,1.0
Pyth Network,GITHUB_active_contributors_quarterly,2024-02-01,37.0
Redstone Finance,GITHUB_part_time_contributors_quarterly,2024-02-01,7.0
Open Source Observer,GITHUB_active_contributors_quarterly,2024-02-01,6.0
Walnut,GITHUB_part_time_contributors_quarterly,2024-02-01,11.0
Runtime Verification,GITHUB_part_time_contributors_quarterly,2024-02-01,30.0
Runtime Verification,GITHUB_new_contributors_quarterly,2024-02-01,2.0
WakeUp Labs,GITHUB_new_contributors_quarterly,2024-02-01,1.0
Trail of Bits Security Reviews,GITHUB_releases_biannually,2024-02-01,3.0
Redstone Finance,GITHUB_commits_biannually,2024-02-01,140.0
Trail of Bits Security Reviews,GITHUB_commits_biannually,2024-02-01,328.0
Trail of Bits Security Reviews,GITHUB_active_developers_biannually,2024-02-01,19.0
WakeUp Labs,GITHUB_active_developers_biannually,2024-02-01,2.0
Runtime Verification,GITHUB_active_developers_biannually,2024-02-01,19.0
Arbos Foundry,GITHUB_active_developers_biannually,2024-02-01,1.0
thirdweb,GITHUB_active_developers_biannually,2024-02-01,20.0
Runtime Verification,GITHUB_comments_daily,2024-02-01,29.0
thirdweb,GITHUB_comments_daily,2024-02-01,28.0
Trail of Bits Security Reviews,GITHUB_comments_daily,2024-02-01,5.0
Open Source Observer,GITHUB_active_developers_biannually,2024-02-01,4.0
WakeUp Labs,GITHUB_repositories_quarterly,2024-02-01,1.0
Arbos Foundry,GITHUB_repositories_quarterly,2024-02-01,2.0
Trail of Bits Security Reviews,GITHUB_repositories_quarterly,2024-02-01,76.0
Syndicate Protocol,GITHUB_repositories_quarterly,2024-02-01,2.0
Trail of Bits Security Reviews,GITHUB_active_developers_quarterly,2024-02-01,19.0
Open Source Observer,GITHUB_active_developers_quarterly,2024-02-01,4.0
Pyth Network,GITHUB_active_developers_quarterly,2024-02-01,10.0
Syndicate Protocol,GITHUB_forks_monthly,2024-02-01,1.0
Remix IDE plugin for Arbitrum Stylus,GITHUB_forks_monthly,2024-02-01,1.0
Pyth Network,GITHUB_part_time_developers_quarterly,2024-02-01,10.0
Walnut,GITHUB_part_time_developers_quarterly,2024-02-01,2.0
Arbos Foundry,GITHUB_part_time_developers_quarterly,2024-02-01,1.0
Runtime Verification,GITHUB_stars_biannually,2024-02-01,24.0
Pyth Network,GITHUB_stars_biannually,2024-02-01,63.0
Open Source Observer,GITHUB_stars_biannually,2024-02-01,7.0
Walnut,GITHUB_stars_monthly,2024-02-01,8.0
Trail of Bits Security Reviews,GITHUB_stars_monthly,2024-02-01,411.0
Redstone Finance,GITHUB_stars_monthly,2024-02-01,22.0
Runtime Verification,GITHUB_stars_monthly,2024-02-01,24.0
Debid - Fairblock,GITHUB_stars_monthly,2024-02-01,3.0
Open Source Observer,GITHUB_stars_monthly,2024-02-01,7.0
Open Source Observer,GITHUB_stars_daily,2024-02-01,1.0
Trail of Bits Security Reviews,GITHUB_commits_monthly,2024-02-01,328.0
Redstone Finance,GITHUB_commits_monthly,2024-02-01,140.0
Debid - Fairblock,GITHUB_commits_monthly,2024-02-01,53.0
Runtime Verification,GITHUB_commits_monthly,2024-02-01,540.0
WakeUp Labs,GITHUB_commits_monthly,2024-02-01,11.0
WakeUp Labs,GITHUB_comments_monthly,2024-02-01,1.0
Trail of Bits Security Reviews,GITHUB_stars_quarterly,2024-02-01,411.0
Debid - Fairblock,GITHUB_stars_quarterly,2024-02-01,3.0
Pyth Network,GITHUB_commits_daily,2024-02-01,10.0
thirdweb,GITHUB_commits_daily,2024-02-01,14.0
Open Source Observer,GITHUB_commits_daily,2024-02-01,2.0
Runtime Verification,GITHUB_releases_monthly,2024-02-01,159.0
Trail of Bits Security Reviews,GITHUB_releases_monthly,2024-02-01,3.0
Syndicate Protocol,GITHUB_commits_quarterly,2024-02-01,21.0
Pyth Network,GITHUB_commits_quarterly,2024-02-01,141.0
Runtime Verification,GITHUB_forks_biannually,2024-02-01,3.0
Syndicate Protocol,GITHUB_forks_quarterly,2024-02-01,1.0
Open Source Observer,GITHUB_repositories_daily,2024-02-01,3.0
Redstone Finance,GITHUB_repositories_daily,2024-02-01,1.0
Remix IDE plugin for Arbitrum Stylus,GITHUB_repositories_daily,2024-02-01,1.0
thirdweb,GITHUB_repositories_biannually,2024-02-01,36.0
Remix IDE plugin for Arbitrum Stylus,GITHUB_repositories_biannually,2024-02-01,1.0
Open Source Observer,GITHUB_repositories_monthly,2024-02-01,3.0
Trail of Bits Security Reviews,GITHUB_repositories_monthly,2024-02-01,76.0
Walnut,GITHUB_repositories_monthly,2024-02-01,3.0
Syndicate Protocol,GITHUB_repositories_biannually,2024-02-01,2.0
WakeUp Labs,GITHUB_contributors_monthly,2024-02-01,2.0
Trail of Bits Security Reviews,GITHUB_contributors_monthly,2024-02-01,48.0
Pyth Network,GITHUB_contributors_monthly,2024-02-01,37.0
Open Source Observer,GITHUB_contributors_monthly,2024-02-01,6.0
Arbos Foundry,GITHUB_contributors_monthly,2024-02-01,1.0
thirdweb,GITHUB_contributors_monthly,2024-02-01,46.0
WakeUp Labs,GITHUB_contributors_quarterly,2024-02-01,2.0
Runtime Verification,GITHUB_contributors_quarterly,2024-02-01,30.0
Remix IDE plugin for Arbitrum Stylus,GITHUB_contributors_quarterly,2024-02-01,2.0
Redstone Finance,GITHUB_contributors_biannually,2024-02-01,7.0
Trail of Bits Security Reviews,GITHUB_contributors_biannually,2024-02-01,48.0
Debid - Fairblock,GITHUB_contributors_biannually,2024-02-01,3.0
thirdweb,GITHUB_contributors_daily,2024-02-01,12.0
Runtime Verification,GITHUB_contributors_daily,2024-02-01,8.0
Pyth Network,GITHUB_contributors_daily,2024-02-01,5.0
Remix IDE plugin for Arbitrum Stylus,GITHUB_contributors_daily,2024-02-01,1.0
Debid - Fairblock,GITHUB_active_developers_monthly,2024-02-01,2.0
Walnut,GITHUB_part_time_developers_monthly,2024-02-01,1.0
Pyth Network,GITHUB_active_developers_monthly,2024-02-01,10.0
Redstone Finance,GITHUB_active_developers_monthly,2024-02-01,5.0
Trail of Bits Security Reviews,GITHUB_part_time_developers_monthly,2024-02-01,17.0
Debid - Fairblock,GITHUB_full_time_developers_monthly,2024-02-01,1.0
thirdweb,GITHUB_full_time_developers_monthly,2024-02-01,6.0
Debid - Fairblock,GITHUB_part_time_developers_monthly,2024-02-01,1.0
Pyth Network,GITHUB_full_time_developers_monthly,2024-02-01,3.0
Syndicate Protocol,GITHUB_part_time_developers_biannually,2024-02-01,2.0
Walnut,GITHUB_part_time_developers_biannually,2024-02-01,2.0
Redstone Finance,GITHUB_part_time_developers_biannually,2024-02-01,5.0
Remix IDE plugin for Arbitrum Stylus,GITHUB_active_developers_daily,2024-02-01,1.0
Open Source Observer,GITHUB_active_developers_daily,2024-02-01,1.0
WakeUp Labs,GITHUB_active_contributors_monthly,2024-02-01,2.0
Debid - Fairblock,GITHUB_new_contributors_monthly,2024-02-01,1.0
Remix IDE plugin for Arbitrum Stylus,GITHUB_part_time_contributors_monthly,2024-02-01,2.0
Pyth Network,GITHUB_full_time_contributors_monthly,2024-02-01,7.0
Debid - Fairblock,GITHUB_part_time_contributors_monthly,2024-02-01,2.0
Pyth Network,GITHUB_active_contributors_monthly,2024-02-01,37.0
thirdweb,GITHUB_part_time_contributors_monthly,2024-02-01,36.0
Redstone Finance,GITHUB_active_contributors_monthly,2024-02-01,7.0
Trail of Bits Security Reviews,GITHUB_new_contributors_biannually,2024-02-01,19.0
Runtime Verification,GITHUB_active_contributors_biannually,2024-02-01,30.0
Runtime Verification,GITHUB_part_time_contributors_biannually,2024-02-01,30.0
Redstone Finance,GITHUB_new_contributors_biannually,2024-02-01,2.0
Syndicate Protocol,GITHUB_part_time_contributors_biannually,2024-02-01,2.0
Trail of Bits Security Reviews,GITHUB_active_contributors_biannually,2024-02-01,48.0
thirdweb,GITHUB_active_contributors_biannually,2024-02-01,46.0
Remix IDE plugin for Arbitrum Stylus,GITHUB_active_contributors_biannually,2024-02-01,2.0
WakeUp Labs,GITHUB_new_contributors_biannually,2024-02-01,1.0
Remix IDE plugin for Arbitrum Stylus,GITHUB_change_in_active_developers_monthly,2024-02-01,0.0
Pyth Network,GITHUB_change_in_full_time_contributors_monthly,2024-02-01,-3.0
Syndicate Protocol,GITHUB_change_in_part_time_contributors_monthly,2024-02-01,1.0
thirdweb,GITHUB_change_in_active_developers_monthly,2024-02-01,2.0
Syndicate Protocol,GITHUB_change_in_active_developers_monthly,2024-02-01,1.0
Debid - Fairblock,GITHUB_change_in_part_time_contributors_monthly,2024-02-01,13.0
Open Source Observer,GITHUB_change_in_part_time_contributors_quarterly,2024-02-01,0.0
WakeUp Labs,GITHUB_change_in_part_time_contributors_quarterly,2024-02-01,2.0
Arbos Foundry,GITHUB_change_in_part_time_contributors_quarterly,2024-02-01,0.0
Redstone Finance,GITHUB_change_in_part_time_contributors_quarterly,2024-02-01,-2.0
Walnut,GITHUB_change_in_active_developers_quarterly,2024-02-01,-9.0
Arbos Foundry,GITHUB_change_in_active_developers_quarterly,2024-02-01,0.0
Runtime Verification,GITHUB_change_in_part_time_contributors_biannually,2024-02-01,-1.0
Debid - Fairblock,GITHUB_change_in_active_developers_biannually,2024-02-01,12.0
WakeUp Labs,GITHUB_change_in_part_time_contributors_biannually,2024-02-01,2.0
Walnut,GITHUB_change_in_active_developers_biannually,2024-02-01,-9.0
Syndicate Protocol,GITHUB_change_in_part_time_contributors_biannually,2024-02-01,1.0
Runtime Verification,GITHUB_change_in_active_developers_biannually,2024-02-01,-1.0
Open Source Observer,GITHUB_change_in_active_developers_quarterly,2024-02-01,0.0
Walnut,GITHUB_opened_pull_requests_monthly,2024-02-01,28.0
Redstone Finance,GITHUB_opened_pull_requests_monthly,2024-02-01,4.0
WakeUp Labs,GITHUB_opened_pull_requests_quarterly,2024-02-01,4.0
Walnut,GITHUB_opened_pull_requests_biannually,2024-02-01,28.0
Open Source Observer,GITHUB_merged_pull_requests_daily,2024-02-01,2.0
Pyth Network,GITHUB_merged_pull_requests_daily,2024-02-01,10.0
Debid - Fairblock,GITHUB_merged_pull_requests_monthly,2024-02-01,15.0
WakeUp Labs,GITHUB_merged_pull_requests_monthly,2024-02-01,3.0
Pyth Network,GITHUB_merged_pull_requests_biannually,2024-02-01,130.0
thirdweb,GITHUB_merged_pull_requests_quarterly,2024-02-01,294.0
Trail of Bits Security Reviews,GITHUB_merged_pull_requests_quarterly,2024-02-01,171.0
thirdweb,GITHUB_opened_issues_monthly,2024-02-01,12.0
Walnut,GITHUB_opened_issues_monthly,2024-02-01,22.0
Walnut,GITHUB_opened_issues_quarterly,2024-02-01,22.0
Open Source Observer,GITHUB_opened_issues_quarterly,2024-02-01,69.0
Pyth Network,GITHUB_opened_issues_quarterly,2024-02-01,6.0
Open Source Observer,GITHUB_opened_issues_daily,2024-02-01,3.0
Open Source Observer,GITHUB_opened_issues_biannually,2024-02-01,69.0
Walnut,GITHUB_opened_issues_biannually,2024-02-01,22.0
thirdweb,GITHUB_closed_issues_monthly,2024-02-01,13.0
Open Source Observer,GITHUB_closed_issues_monthly,2024-02-01,56.0
Pyth Network,GITHUB_closed_issues_monthly,2024-02-01,2.0
Trail of Bits Security Reviews,GITHUB_closed_issues_monthly,2024-02-01,17.0
Trail of Bits Security Reviews,GITHUB_closed_issues_biannually,2024-02-01,17.0
Runtime Verification,GITHUB_closed_issues_daily,2024-02-01,1.0
WakeUp Labs,GITHUB_avg_prs_time_to_merge_quarterly,2024-02-01,0.0
Walnut,GITHUB_avg_prs_time_to_merge_quarterly,2024-02-01,0.0
WakeUp Labs,GITHUB_avg_prs_time_to_merge_biannually,2024-02-01,0.0
Walnut,GITHUB_avg_prs_time_to_merge_biannually,2024-02-01,0.0
Pyth Network,GITHUB_avg_time_to_first_response_quarterly,2024-02-01,3870.8513513513512
thirdweb,GITHUB_avg_time_to_first_response_quarterly,2024-02-01,22769.118343195267
Open Source Observer,GITHUB_avg_prs_time_to_merge_biannually,2024-02-01,0.0
Runtime Verification,GITHUB_avg_prs_time_to_merge_biannually,2024-02-01,0.0
Trail of Bits Security Reviews,GITHUB_avg_time_to_first_response_biannually,2024-02-01,2448466.328888889
WakeUp Labs,GITHUB_change_in_active_contributors_quarterly,2024-02-01,2.0
WakeUp Labs,GITHUB_change_in_full_time_contributors_quarterly,2024-02-01,0.0
Pyth Network,GITHUB_change_in_full_time_contributors_quarterly,2024-02-01,0.0
Open Source Observer,GITHUB_change_in_active_contributors_quarterly,2024-02-01,0.0
Open Source Observer,GITHUB_change_in_full_time_contributors_quarterly,2024-02-01,0.0
Redstone Finance,GITHUB_change_in_active_contributors_quarterly,2024-02-01,-2.0
Redstone Finance,GITHUB_churned_contributors_quarterly,2024-02-01,-4.0
Trail of Bits Security Reviews,GITHUB_churned_contributors_quarterly,2024-02-01,-15.0
Trail of Bits Security Reviews,GITHUB_change_in_active_contributors_quarterly,2024-02-01,4.0
Walnut,GITHUB_change_in_active_contributors_quarterly,2024-02-01,-9.0
Walnut,GITHUB_change_in_new_contributors_quarterly,2024-02-01,-9.0
Trail of Bits Security Reviews,GITHUB_churned_contributors_monthly,2024-02-01,-15.0
Trail of Bits Security Reviews,GITHUB_change_in_active_contributors_monthly,2024-02-01,4.0
Redstone Finance,GITHUB_change_in_active_contributors_monthly,2024-02-01,-2.0
Walnut,GITHUB_change_in_active_contributors_monthly,2024-02-01,-9.0
Open Source Observer,GITHUB_change_in_active_contributors_monthly,2024-02-01,0.0
thirdweb,GITHUB_change_in_active_contributors_quarterly,2024-02-01,2.0
thirdweb,GITHUB_change_in_full_time_contributors_quarterly,2024-02-01,0.0
Runtime Verification,GITHUB_churned_contributors_quarterly,2024-02-01,-3.0
Runtime Verification,GITHUB_change_in_active_contributors_quarterly,2024-02-01,-1.0
Arbos Foundry,GITHUB_change_in_full_time_contributors_quarterly,2024-02-01,0.0
Open Source Observer,GITHUB_change_in_active_contributors_biannually,2024-02-01,0.0
WakeUp Labs,GITHUB_churned_contributors_monthly,2024-02-01,1.0
Pyth Network,GITHUB_change_in_active_contributors_monthly,2024-02-01,-18.0
Syndicate Protocol,GITHUB_change_in_full_time_contributors_monthly,2024-02-01,0.0
Remix IDE plugin for Arbitrum Stylus,GITHUB_churned_contributors_quarterly,2024-02-01,0.0
thirdweb,GITHUB_change_in_new_contributors_biannually,2024-02-01,-2.0
thirdweb,GITHUB_change_in_active_contributors_biannually,2024-02-01,2.0
Remix IDE plugin for Arbitrum Stylus,GITHUB_change_in_full_time_contributors_biannually,2024-02-01,0.0
Remix IDE plugin for Arbitrum Stylus,GITHUB_change_in_new_contributors_biannually,2024-02-01,0.0
Arbos Foundry,GITHUB_churned_contributors_biannually,2024-02-01,0.0
Arbos Foundry,GITHUB_change_in_new_contributors_monthly,2024-02-01,0.0
Debid - Fairblock,GITHUB_change_in_full_time_contributors_monthly,2024-02-01,-1.0
Runtime Verification,GITHUB_change_in_new_contributors_monthly,2024-02-01,-2.0
Pyth Network,GITHUB_change_in_full_time_contributors_biannually,2024-02-01,0.0
Redstone Finance,GITHUB_churned_contributors_biannually,2024-02-01,-4.0
Walnut,GITHUB_change_in_new_contributors_biannually,2024-02-01,-9.0
Walnut,GITHUB_churned_contributors_biannually,2024-02-01,-18.0
Trail of Bits Security Reviews,GITHUB_change_in_full_time_contributors_biannually,2024-02-01,0.0
Redstone Finance,GITHUB_change_in_full_time_contributors_biannually,2024-02-01,0.0
thirdweb,GITHUB_comments_daily,2024-09-09,170.0
Sylow,GITHUB_comments_daily,2024-09-09,1.0
Pyth Network,GITHUB_forks_weekly,2024-09-09,31.0
Pyth Network,GITHUB_stars_daily,2024-09-09,1.0
Redstone Finance,GITHUB_stars_daily,2024-09-09,1.0
Passport XYZ,GITHUB_stars_weekly,2024-09-09,2.0
Sylow,GITHUB_stars_weekly,2024-09-09,13.0
thirdweb,GITHUB_commits_daily,2024-09-09,19.0
Redstone Finance,GITHUB_commits_daily,2024-09-09,5.0
Open Source Observer,GITHUB_commits_daily,2024-09-09,5.0
Pyth Network,GITHUB_commits_daily,2024-09-09,12.0
thirdweb,GITHUB_releases_weekly,2024-09-09,9.0
Remix IDE plugin for Arbitrum Stylus,GITHUB_releases_weekly,2024-09-09,3.0
Redstone Finance,GITHUB_releases_daily,2024-09-09,1.0
Runtime Verification,GITHUB_releases_daily,2024-09-09,12.0
Pyth Network,GITHUB_releases_daily,2024-09-09,1.0
Passport XYZ,GITHUB_commits_weekly,2024-09-09,28.0
Walnut,GITHUB_commits_weekly,2024-09-09,7.0
Open Source Observer,GITHUB_commits_weekly,2024-09-09,33.0
Enclave,GITHUB_comments_weekly,2024-09-09,26.0
Trail of Bits Security Reviews,GITHUB_comments_weekly,2024-09-09,36.0
Debid - Fairblock,GITHUB_comments_weekly,2024-09-09,29.0
thirdweb,GITHUB_repositories_weekly,2024-09-09,5.0
Walnut,GITHUB_repositories_weekly,2024-09-09,3.0
Enclave,GITHUB_repositories_weekly,2024-09-09,1.0
Redstone Finance,GITHUB_repositories_daily,2024-09-09,4.0
Pyth Network,GITHUB_repositories_daily,2024-09-09,7.0
thirdweb,GITHUB_repositories_daily,2024-09-09,2.0
Sylow,GITHUB_repositories_daily,2024-09-09,1.0
Trail of Bits Security Reviews,GITHUB_contributors_weekly,2024-09-09,22.0
Debid - Fairblock,GITHUB_contributors_weekly,2024-09-09,2.0
Runtime Verification,GITHUB_contributors_weekly,2024-09-09,17.0
Sylow,GITHUB_active_developers_weekly,2024-09-09,1.0
Walnut,GITHUB_active_developers_weekly,2024-09-09,2.0
Runtime Verification,GITHUB_active_developers_weekly,2024-09-09,8.0
Open Source Observer,GITHUB_contributors_daily,2024-09-09,5.0
Trail of Bits Security Reviews,GITHUB_contributors_daily,2024-09-09,11.0
thirdweb,GITHUB_merged_pull_requests_daily,2024-09-09,19.0
Open Source Observer,GITHUB_merged_pull_requests_daily,2024-09-09,5.0
Runtime Verification,GITHUB_active_developers_daily,2024-09-09,5.0
Trail of Bits Security Reviews,GITHUB_opened_pull_requests_daily,2024-09-09,29.0
Redstone Finance,GITHUB_opened_pull_requests_daily,2024-09-09,2.0
Sylow,GITHUB_opened_pull_requests_daily,2024-09-09,1.0
Passport XYZ,GITHUB_opened_pull_requests_daily,2024-09-09,2.0
Walnut,GITHUB_opened_pull_requests_weekly,2024-09-09,2.0
Trail of Bits Security Reviews,GITHUB_opened_pull_requests_weekly,2024-09-09,54.0
Debid - Fairblock,GITHUB_merged_pull_requests_weekly,2024-09-09,1.0
thirdweb,GITHUB_opened_issues_weekly,2024-09-09,3.0
Walnut,GITHUB_opened_issues_weekly,2024-09-09,1.0
Enclave,GITHUB_opened_issues_weekly,2024-09-09,4.0
Open Source Observer,GITHUB_opened_issues_daily,2024-09-09,7.0
Redstone Finance,GITHUB_closed_issues_weekly,2024-09-09,2.0
Runtime Verification,GITHUB_closed_issues_weekly,2024-09-09,1.0
Trail of Bits Security Reviews,GITHUB_closed_issues_weekly,2024-09-09,2.0
thirdweb,GITHUB_closed_issues_weekly,2024-09-09,3.0
Walnut,GITHUB_closed_issues_daily,2024-09-09,1.0
Passport XYZ,GITHUB_closed_issues_daily,2024-09-09,4.0
thirdweb,GITHUB_comments_daily,2024-03-10,4.0
Runtime Verification,GITHUB_comments_daily,2024-03-10,1.0
Pyth Network,GITHUB_comments_daily,2024-03-10,15.0
Open Source Observer,GITHUB_comments_daily,2024-03-10,6.0
Trail of Bits Security Reviews,GITHUB_stars_daily,2024-03-10,13.0
Redstone Finance,GITHUB_stars_daily,2024-03-10,3.0
Pyth Network,GITHUB_commits_daily,2024-03-10,1.0
Pyth Network,GITHUB_repositories_daily,2024-03-10,2.0
Open Source Observer,GITHUB_repositories_daily,2024-03-10,3.0
Pyth Network,GITHUB_contributors_daily,2024-03-10,3.0
Trail of Bits Security Reviews,GITHUB_active_developers_daily,2024-03-10,3.0
Open Source Observer,GITHUB_merged_pull_requests_daily,2024-03-10,2.0
Trail of Bits Security Reviews,GITHUB_closed_issues_daily,2024-03-10,1.0
Trail of Bits Security Reviews,GITHUB_comments_daily,2024-11-05,4.0
Sylow,GITHUB_comments_daily,2024-11-05,1.0
Enclave,GITHUB_comments_daily,2024-11-05,21.0
Open Source Observer,GITHUB_comments_daily,2024-11-05,14.0
Passport XYZ,GITHUB_stars_daily,2024-11-05,2.0
Remix IDE plugin for Arbitrum Stylus,GITHUB_releases_daily,2024-11-05,1.0
Enclave,GITHUB_commits_daily,2024-11-05,2.0
Redstone Finance,GITHUB_commits_daily,2024-11-05,4.0
Open Source Observer,GITHUB_repositories_daily,2024-11-05,5.0
Passport XYZ,GITHUB_repositories_daily,2024-11-05,3.0
Passport XYZ,GITHUB_contributors_daily,2024-11-05,3.0
Enclave,GITHUB_contributors_daily,2024-11-05,1.0
thirdweb,GITHUB_contributors_daily,2024-11-05,9.0
Debid - Fairblock,GITHUB_contributors_daily,2024-11-05,1.0
Open Source Observer,GITHUB_contributors_daily,2024-11-05,6.0
Redstone Finance,GITHUB_contributors_daily,2024-11-05,2.0
Sylow,GITHUB_opened_pull_requests_daily,2024-11-05,1.0
Open Source Observer,GITHUB_opened_pull_requests_daily,2024-11-05,8.0
Debid - Fairblock,GITHUB_opened_pull_requests_daily,2024-11-05,1.0
Passport XYZ,GITHUB_opened_pull_requests_daily,2024-11-05,6.0
Runtime Verification,GITHUB_merged_pull_requests_daily,2024-11-05,1.0
thirdweb,GITHUB_merged_pull_requests_daily,2024-11-05,20.0
Passport XYZ,GITHUB_opened_issues_daily,2024-11-05,2.0
Enclave,GITHUB_opened_issues_daily,2024-11-05,5.0
thirdweb,GITHUB_commits_daily,2024-05-15,15.0
Runtime Verification,GITHUB_comments_daily,2024-05-15,53.0
Trail of Bits Security Reviews,GITHUB_forks_daily,2024-05-15,1.0
Redstone Finance,GITHUB_forks_daily,2024-05-15,1.0
thirdweb,GITHUB_forks_daily,2024-05-15,1.0
Debid - Fairblock,GITHUB_forks_daily,2024-05-15,1.0
Runtime Verification,GITHUB_repositories_daily,2024-05-15,12.0
thirdweb,GITHUB_contributors_daily,2024-05-15,12.0
Pyth Network,GITHUB_contributors_daily,2024-05-15,9.0
Open Source Observer,GITHUB_active_developers_daily,2024-05-15,2.0
Trail of Bits Security Reviews,GITHUB_opened_issues_daily,2024-05-15,1.0
WakeUp Labs,GITHUB_forks_weekly,2024-09-02,1.0
Debid - Fairblock,GITHUB_forks_weekly,2024-09-02,1.0
Runtime Verification,GITHUB_forks_weekly,2024-09-02,3.0
Open Source Observer,GITHUB_forks_weekly,2024-09-02,9.0
Redstone Finance,GITHUB_forks_weekly,2024-09-02,1.0
thirdweb,GITHUB_forks_weekly,2024-09-02,12.0
Passport XYZ,GITHUB_forks_weekly,2024-09-02,5.0
Open Source Observer,GITHUB_comments_daily,2024-09-02,14.0
Pyth Network,GITHUB_comments_daily,2024-09-02,40.0
Passport XYZ,GITHUB_comments_daily,2024-09-02,4.0
Debid - Fairblock,GITHUB_stars_weekly,2024-09-02,2.0
Passport XYZ,GITHUB_releases_weekly,2024-09-02,10.0
Open Source Observer,GITHUB_commits_daily,2024-09-02,2.0
thirdweb,GITHUB_commits_daily,2024-09-02,18.0
Walnut,GITHUB_commits_daily,2024-09-02,20.0
Trail of Bits Security Reviews,GITHUB_commits_daily,2024-09-02,2.0
Pyth Network,GITHUB_commits_weekly,2024-09-02,28.0
Remix IDE plugin for Arbitrum Stylus,GITHUB_commits_weekly,2024-09-02,3.0
Redstone Finance,GITHUB_comments_weekly,2024-09-02,6.0
Walnut,GITHUB_repositories_weekly,2024-09-02,3.0
Syndicate Protocol,GITHUB_repositories_weekly,2024-09-02,1.0
thirdweb,GITHUB_forks_daily,2024-09-02,2.0
Walnut,GITHUB_repositories_daily,2024-09-02,3.0
Enclave,GITHUB_contributors_weekly,2024-09-02,2.0
Redstone Finance,GITHUB_contributors_weekly,2024-09-02,6.0
Runtime Verification,GITHUB_active_developers_weekly,2024-09-02,10.0
Pyth Network,GITHUB_active_developers_weekly,2024-09-02,8.0
Open Source Observer,GITHUB_active_developers_weekly,2024-09-02,10.0
Trail of Bits Security Reviews,GITHUB_active_developers_weekly,2024-09-02,7.0
Walnut,GITHUB_active_developers_weekly,2024-09-02,2.0
Runtime Verification,GITHUB_contributors_daily,2024-09-02,10.0
thirdweb,GITHUB_contributors_daily,2024-09-02,10.0
Walnut,GITHUB_contributors_daily,2024-09-02,2.0
Enclave,GITHUB_active_developers_daily,2024-09-02,1.0
Runtime Verification,GITHUB_active_developers_daily,2024-09-02,5.0
thirdweb,GITHUB_active_developers_daily,2024-09-02,3.0
Trail of Bits Security Reviews,GITHUB_opened_pull_requests_weekly,2024-09-02,50.0
Runtime Verification,GITHUB_opened_pull_requests_weekly,2024-09-02,53.0
WakeUp Labs,GITHUB_opened_pull_requests_weekly,2024-09-02,2.0
Pyth Network,GITHUB_opened_pull_requests_daily,2024-09-02,5.0
Open Source Observer,GITHUB_merged_pull_requests_weekly,2024-09-02,43.0
Enclave,GITHUB_merged_pull_requests_weekly,2024-09-02,14.0
Walnut,GITHUB_merged_pull_requests_weekly,2024-09-02,3.0
Redstone Finance,GITHUB_merged_pull_requests_daily,2024-09-02,1.0
Trail of Bits Security Reviews,GITHUB_merged_pull_requests_weekly,2024-09-02,35.0
Runtime Verification,GITHUB_merged_pull_requests_weekly,2024-09-02,40.0
Pyth Network,GITHUB_merged_pull_requests_daily,2024-09-02,6.0
Enclave,GITHUB_opened_issues_weekly,2024-09-02,1.0
thirdweb,GITHUB_opened_issues_weekly,2024-09-02,3.0
Open Source Observer,GITHUB_opened_issues_daily,2024-09-02,5.0
thirdweb,GITHUB_closed_issues_weekly,2024-09-02,3.0
Passport XYZ,GITHUB_closed_issues_weekly,2024-09-02,12.0
Open Source Observer,GITHUB_closed_issues_weekly,2024-09-02,38.0
Runtime Verification,GITHUB_closed_issues_daily,2024-09-02,1.0
Open Source Observer,GITHUB_closed_issues_daily,2024-09-02,4.0
thirdweb,GITHUB_comments_daily,2024-03-09,16.0
Runtime Verification,GITHUB_comments_daily,2024-03-09,4.0
Trail of Bits Security Reviews,GITHUB_comments_daily,2024-03-09,5.0
Trail of Bits Security Reviews,GITHUB_commits_daily,2024-03-09,6.0
thirdweb,GITHUB_commits_daily,2024-03-09,10.0
Runtime Verification,GITHUB_releases_daily,2024-03-09,2.0
Open Source Observer,GITHUB_repositories_daily,2024-03-09,1.0
Open Source Observer,GITHUB_contributors_daily,2024-03-09,2.0
Runtime Verification,GITHUB_active_developers_daily,2024-03-09,2.0
thirdweb,GITHUB_merged_pull_requests_daily,2024-03-09,7.0
Runtime Verification,GITHUB_merged_pull_requests_daily,2024-03-09,3.0
Pyth Network,GITHUB_merged_pull_requests_daily,2024-03-09,1.0
Trail of Bits Security Reviews,GITHUB_merged_pull_requests_daily,2024-03-09,1.0
Open Source Observer,GITHUB_opened_issues_daily,2024-03-09,4.0
Open Source Observer,GITHUB_closed_issues_daily,2024-03-09,2.0
Open Source Observer,GITHUB_forks_weekly,2024-05-06,1.0
thirdweb,GITHUB_forks_weekly,2024-05-06,7.0
Trail of Bits Security Reviews,GITHUB_forks_weekly,2024-05-06,15.0
Pyth Network,GITHUB_forks_weekly,2024-05-06,3.0
Runtime Verification,GITHUB_comments_daily,2024-05-06,28.0
Trail of Bits Security Reviews,GITHUB_comments_daily,2024-05-06,6.0
Redstone Finance,GITHUB_stars_weekly,2024-05-06,14.0
thirdweb,GITHUB_stars_weekly,2024-05-06,9.0
Redstone Finance,GITHUB_commits_daily,2024-05-06,2.0
Walnut,GITHUB_commits_daily,2024-05-06,13.0
Runtime Verification,GITHUB_commits_daily,2024-05-06,20.0
Debid - Fairblock,GITHUB_releases_weekly,2024-05-06,4.0
thirdweb,GITHUB_releases_weekly,2024-05-06,39.0
Debid - Fairblock,GITHUB_releases_daily,2024-05-06,4.0
Redstone Finance,GITHUB_commits_weekly,2024-05-06,28.0
Pyth Network,GITHUB_comments_weekly,2024-05-06,75.0
Redstone Finance,GITHUB_forks_daily,2024-05-06,3.0
Debid - Fairblock,GITHUB_forks_daily,2024-05-06,1.0
Runtime Verification,GITHUB_repositories_weekly,2024-05-06,15.0
thirdweb,GITHUB_repositories_daily,2024-05-06,4.0
Walnut,GITHUB_repositories_daily,2024-05-06,1.0
Walnut,GITHUB_contributors_daily,2024-05-06,1.0
Runtime Verification,GITHUB_contributors_weekly,2024-05-06,19.0
thirdweb,GITHUB_contributors_weekly,2024-05-06,20.0
Redstone Finance,GITHUB_contributors_weekly,2024-05-06,3.0
Remix IDE plugin for Arbitrum Stylus,GITHUB_active_developers_weekly,2024-05-06,1.0
Pyth Network,GITHUB_active_developers_weekly,2024-05-06,10.0
Redstone Finance,GITHUB_active_developers_weekly,2024-05-06,3.0
Debid - Fairblock,GITHUB_active_developers_weekly,2024-05-06,1.0
Passport XYZ,GITHUB_active_developers_weekly,2024-05-06,1.0
Trail of Bits Security Reviews,GITHUB_active_developers_daily,2024-05-06,3.0
Passport XYZ,GITHUB_opened_pull_requests_weekly,2024-05-06,6.0
Syndicate Protocol,GITHUB_opened_pull_requests_weekly,2024-05-06,1.0
Passport XYZ,GITHUB_merged_pull_requests_weekly,2024-05-06,2.0
Trail of Bits Security Reviews,GITHUB_merged_pull_requests_weekly,2024-05-06,53.0
Walnut,GITHUB_merged_pull_requests_weekly,2024-05-06,1.0
Pyth Network,GITHUB_opened_pull_requests_daily,2024-05-06,7.0
thirdweb,GITHUB_opened_issues_weekly,2024-05-06,6.0
thirdweb,GITHUB_closed_issues_daily,2024-05-06,1.0
Pyth Network,GITHUB_forks_weekly,2024-11-04,4.0
Redstone Finance,GITHUB_forks_weekly,2024-11-04,1.0
Pyth Network,GITHUB_comments_daily,2024-11-04,17.0
Passport XYZ,GITHUB_comments_daily,2024-11-04,4.0
Debid - Fairblock,GITHUB_comments_daily,2024-11-04,1.0
Passport XYZ,GITHUB_stars_daily,2024-11-04,2.0
Solang,GITHUB_stars_daily,2024-11-04,1.0
thirdweb,GITHUB_stars_weekly,2024-11-04,18.0
Pyth Network,GITHUB_stars_weekly,2024-11-04,6.0
Pyth Network,GITHUB_releases_weekly,2024-11-04,3.0
Remix IDE plugin for Arbitrum Stylus,GITHUB_commits_weekly,2024-11-04,2.0
Passport XYZ,GITHUB_commits_weekly,2024-11-04,22.0
Trail of Bits Security Reviews,GITHUB_comments_weekly,2024-11-04,28.0
Enclave,GITHUB_repositories_daily,2024-11-04,1.0
Redstone Finance,GITHUB_repositories_daily,2024-11-04,3.0
Trail of Bits Security Reviews,GITHUB_repositories_daily,2024-11-04,16.0
Enclave,GITHUB_repositories_weekly,2024-11-04,1.0
Solang,GITHUB_repositories_weekly,2024-11-04,1.0
thirdweb,GITHUB_repositories_weekly,2024-11-04,5.0
Pyth Network,GITHUB_repositories_weekly,2024-11-04,5.0
Redstone Finance,GITHUB_contributors_daily,2024-11-04,1.0
Open Source Observer,GITHUB_contributors_daily,2024-11-04,2.0
Debid - Fairblock,GITHUB_contributors_weekly,2024-11-04,4.0
Walnut,GITHUB_contributors_weekly,2024-11-04,3.0
Pyth Network,GITHUB_contributors_weekly,2024-11-04,13.0
Passport XYZ,GITHUB_contributors_weekly,2024-11-04,7.0
Pyth Network,GITHUB_active_developers_weekly,2024-11-04,12.0
Walnut,GITHUB_active_developers_weekly,2024-11-04,1.0
Debid - Fairblock,GITHUB_active_developers_daily,2024-11-04,1.0
thirdweb,GITHUB_active_developers_daily,2024-11-04,4.0
Trail of Bits Security Reviews,GITHUB_active_developers_daily,2024-11-04,5.0
Debid - Fairblock,GITHUB_merged_pull_requests_weekly,2024-11-04,1.0
Pyth Network,GITHUB_merged_pull_requests_weekly,2024-11-04,35.0
Open Source Observer,GITHUB_merged_pull_requests_weekly,2024-11-04,22.0
Debid - Fairblock,GITHUB_merged_pull_requests_daily,2024-11-04,1.0
Passport XYZ,GITHUB_opened_issues_daily,2024-11-04,6.0
Runtime Verification,GITHUB_opened_issues_weekly,2024-11-04,3.0
Trail of Bits Security Reviews,GITHUB_closed_issues_weekly,2024-11-04,3.0
thirdweb,GITHUB_closed_issues_weekly,2024-11-04,2.0
Runtime Verification,GITHUB_comments_daily,2025-02-04,10.0
Solang,GITHUB_comments_daily,2025-02-04,1.0
Walnut,GITHUB_comments_daily,2025-02-04,9.0
Runtime Verification,GITHUB_commits_daily,2025-02-04,6.0
Redstone Finance,GITHUB_commits_daily,2025-02-04,11.0
9Lives,GITHUB_commits_daily,2025-02-04,6.0
Pyth Network,GITHUB_releases_daily,2025-02-04,4.0
Runtime Verification,GITHUB_releases_daily,2025-02-04,3.0
Trail of Bits Security Reviews,GITHUB_releases_daily,2025-02-04,2.0
Passport XYZ,GITHUB_repositories_daily,2025-02-04,1.0
thirdweb,GITHUB_repositories_daily,2025-02-04,5.0
9Lives,GITHUB_active_developers_daily,2025-02-04,1.0
Open Source Observer,GITHUB_active_developers_daily,2025-02-04,5.0
Moving Stylus,GITHUB_opened_pull_requests_daily,2025-02-04,5.0
Pyth Network,GITHUB_opened_pull_requests_daily,2025-02-04,7.0
Enclave,GITHUB_opened_pull_requests_daily,2025-02-04,1.0
Enclave,GITHUB_merged_pull_requests_daily,2025-02-04,1.0
thirdweb,GITHUB_merged_pull_requests_daily,2025-02-04,6.0
Walnut,GITHUB_opened_issues_daily,2025-02-04,2.0
Runtime Verification,GITHUB_opened_issues_daily,2025-02-04,6.0
thirdweb,GITHUB_forks_weekly,2024-10-28,9.0
Open Source Observer,GITHUB_forks_weekly,2024-10-28,5.0
Trail of Bits Security Reviews,GITHUB_forks_weekly,2024-10-28,4.0
Passport XYZ,GITHUB_comments_daily,2024-10-28,2.0
Pyth Network,GITHUB_stars_daily,2024-10-28,2.0
thirdweb,GITHUB_stars_daily,2024-10-28,1.0
Runtime Verification,GITHUB_commits_daily,2024-10-28,5.0
Open Source Observer,GITHUB_commits_daily,2024-10-28,2.0
Passport XYZ,GITHUB_releases_weekly,2024-10-28,6.0
Debid - Fairblock,GITHUB_releases_weekly,2024-10-28,5.0
Pyth Network,GITHUB_commits_weekly,2024-10-28,46.0
Enclave,GITHUB_comments_weekly,2024-10-28,114.0
Trail of Bits Security Reviews,GITHUB_forks_daily,2024-10-28,1.0
Open Source Observer,GITHUB_repositories_weekly,2024-10-28,7.0
Remix IDE plugin for Arbitrum Stylus,GITHUB_repositories_weekly,2024-10-28,1.0
Walnut,GITHUB_repositories_weekly,2024-10-28,3.0
Remix IDE plugin for Arbitrum Stylus,GITHUB_repositories_daily,2024-10-28,1.0
Runtime Verification,GITHUB_repositories_daily,2024-10-28,9.0
Passport XYZ,GITHUB_repositories_daily,2024-10-28,3.0
Trail of Bits Security Reviews,GITHUB_contributors_weekly,2024-10-28,16.0
Pyth Network,GITHUB_contributors_weekly,2024-10-28,14.0
Remix IDE plugin for Arbitrum Stylus,GITHUB_contributors_daily,2024-10-28,2.0
Redstone Finance,GITHUB_active_developers_weekly,2024-10-28,3.0
Walnut,GITHUB_active_developers_weekly,2024-10-28,2.0
thirdweb,GITHUB_active_developers_weekly,2024-10-28,8.0
Debid - Fairblock,GITHUB_active_developers_weekly,2024-10-28,3.0
Runtime Verification,GITHUB_active_developers_weekly,2024-10-28,7.0
Runtime Verification,GITHUB_active_developers_daily,2024-10-28,2.0
Remix IDE plugin for Arbitrum Stylus,GITHUB_active_developers_daily,2024-10-28,2.0
Redstone Finance,GITHUB_active_developers_daily,2024-10-28,2.0
Debid - Fairblock,GITHUB_opened_pull_requests_weekly,2024-10-28,6.0
Runtime Verification,GITHUB_opened_pull_requests_weekly,2024-10-28,26.0
Open Source Observer,GITHUB_merged_pull_requests_weekly,2024-10-28,24.0
Trail of Bits Security Reviews,GITHUB_merged_pull_requests_weekly,2024-10-28,33.0
Runtime Verification,GITHUB_merged_pull_requests_daily,2024-10-28,4.0
Passport XYZ,GITHUB_opened_issues_daily,2024-10-28,4.0
Enclave,GITHUB_closed_issues_weekly,2024-10-28,4.0
Trail of Bits Security Reviews,GITHUB_closed_issues_daily,2024-10-28,2.0
Trail of Bits Security Reviews,GITHUB_comments_daily,2024-10-11,5.0
Passport XYZ,GITHUB_comments_daily,2024-10-11,2.0
Redstone Finance,GITHUB_commits_daily,2024-10-11,5.0
thirdweb,GITHUB_commits_daily,2024-10-11,11.0
Debid - Fairblock,GITHUB_releases_daily,2024-10-11,4.0
Solang,GITHUB_repositories_daily,2024-10-11,1.0
Walnut,GITHUB_repositories_daily,2024-10-11,1.0
Debid - Fairblock,GITHUB_repositories_daily,2024-10-11,2.0
Runtime Verification,GITHUB_contributors_daily,2024-10-11,4.0
Passport XYZ,GITHUB_active_developers_daily,2024-10-11,1.0
Pyth Network,GITHUB_active_developers_daily,2024-10-11,4.0
Open Source Observer,GITHUB_opened_pull_requests_daily,2024-10-11,6.0
Redstone Finance,GITHUB_merged_pull_requests_daily,2024-10-11,1.0
Enclave,GITHUB_opened_issues_daily,2024-10-11,1.0
Open Source Observer,GITHUB_opened_issues_daily,2024-10-11,2.0
Trail of Bits Security Reviews,GITHUB_opened_issues_daily,2024-10-11,2.0
Solang,GITHUB_opened_issues_daily,2024-10-11,1.0
Walnut,GITHUB_comments_daily,2024-08-27,6.0
Pyth Network,GITHUB_comments_daily,2024-08-27,36.0
Enclave,GITHUB_comments_daily,2024-08-27,6.0
Pyth Network,GITHUB_commits_daily,2024-08-27,25.0
Runtime Verification,GITHUB_commits_daily,2024-08-27,29.0
Trail of Bits Security Reviews,GITHUB_stars_daily,2024-08-27,19.0
Trail of Bits Security Reviews,GITHUB_forks_daily,2024-08-27,5.0
Enclave,GITHUB_forks_daily,2024-08-27,1.0
Runtime Verification,GITHUB_repositories_daily,2024-08-27,13.0
Debid - Fairblock,GITHUB_repositories_daily,2024-08-27,1.0
Walnut,GITHUB_repositories_daily,2024-08-27,1.0
Arbos Foundry,GITHUB_contributors_daily,2024-08-27,1.0
Open Source Observer,GITHUB_contributors_daily,2024-08-27,3.0
Pyth Network,GITHUB_contributors_daily,2024-08-27,7.0
Runtime Verification,GITHUB_active_developers_daily,2024-08-27,4.0
Trail of Bits Security Reviews,GITHUB_active_developers_daily,2024-08-27,6.0
Arbos Foundry,GITHUB_active_developers_daily,2024-08-27,1.0
Passport XYZ,GITHUB_active_developers_daily,2024-08-27,3.0
Trail of Bits Security Reviews,GITHUB_opened_pull_requests_daily,2024-08-27,9.0
Trail of Bits Security Reviews,GITHUB_merged_pull_requests_daily,2024-08-27,11.0
thirdweb,GITHUB_stars_daily,2024-07-20,6.0
Pyth Network,GITHUB_forks_daily,2024-07-20,1.0
thirdweb,GITHUB_contributors_daily,2024-07-20,12.0
Runtime Verification,GITHUB_active_developers_daily,2024-07-20,1.0
thirdweb,GITHUB_active_developers_daily,2024-07-20,5.0
thirdweb,GITHUB_opened_pull_requests_daily,2024-07-20,7.0
thirdweb,GITHUB_merged_pull_requests_daily,2024-07-20,7.0
Trail of Bits Security Reviews,GITHUB_opened_issues_daily,2024-07-20,2.0
Trail of Bits Security Reviews,GITHUB_comments_daily,2025-02-05,1.0
Open Source Observer,GITHUB_comments_daily,2025-02-05,16.0
Pyth Network,GITHUB_comments_daily,2025-02-05,32.0
Redstone Finance,GITHUB_commits_daily,2025-02-05,8.0
9Lives,GITHUB_commits_daily,2025-02-05,12.0
Runtime Verification,GITHUB_repositories_daily,2025-02-05,8.0
Pyth Network,GITHUB_repositories_daily,2025-02-05,4.0
Open Source Observer,GITHUB_repositories_daily,2025-02-05,3.0
Walnut,GITHUB_repositories_daily,2025-02-05,2.0
9Lives,GITHUB_repositories_daily,2025-02-05,1.0
Passport XYZ,GITHUB_contributors_daily,2025-02-05,3.0
thirdweb,GITHUB_contributors_daily,2025-02-05,11.0
Trail of Bits Security Reviews,GITHUB_contributors_daily,2025-02-05,10.0
Open Source Observer,GITHUB_active_developers_daily,2025-02-05,4.0
Pyth Network,GITHUB_active_developers_daily,2025-02-05,5.0
Passport XYZ,GITHUB_active_developers_daily,2025-02-05,1.0
9Lives,GITHUB_active_developers_daily,2025-02-05,2.0
thirdweb,GITHUB_active_developers_daily,2025-02-05,3.0
Runtime Verification,GITHUB_active_developers_daily,2025-02-05,2.0
Walnut,GITHUB_active_developers_daily,2025-02-05,1.0
Passport XYZ,GITHUB_opened_pull_requests_daily,2025-02-05,4.0
thirdweb,GITHUB_opened_pull_requests_daily,2025-02-05,19.0
Open Source Observer,GITHUB_opened_pull_requests_daily,2025-02-05,6.0
Open Source Observer,GITHUB_merged_pull_requests_daily,2025-02-05,6.0
thirdweb,GITHUB_merged_pull_requests_daily,2025-02-05,10.0
Runtime Verification,GITHUB_merged_pull_requests_daily,2025-02-05,3.0
Walnut,GITHUB_opened_issues_daily,2025-02-05,10.0
Trail of Bits Security Reviews,GITHUB_closed_issues_daily,2025-02-05,3.0
Walnut,GITHUB_closed_issues_daily,2025-02-05,3.0
Passport XYZ,GITHUB_closed_issues_daily,2025-02-05,6.0
Passport XYZ,GITHUB_comments_daily,2024-10-31,6.0
Walnut,GITHUB_commits_daily,2024-10-31,20.0
Runtime Verification,GITHUB_forks_daily,2024-10-31,1.0
Runtime Verification,GITHUB_repositories_daily,2024-10-31,9.0
Pyth Network,GITHUB_repositories_daily,2024-10-31,4.0
Passport XYZ,GITHUB_repositories_daily,2024-10-31,1.0
Debid - Fairblock,GITHUB_contributors_daily,2024-10-31,2.0
Passport XYZ,GITHUB_contributors_daily,2024-10-31,1.0
thirdweb,GITHUB_active_developers_daily,2024-10-31,2.0
Runtime Verification,GITHUB_opened_pull_requests_daily,2024-10-31,5.0
thirdweb,GITHUB_opened_pull_requests_daily,2024-10-31,12.0
Pyth Network,GITHUB_opened_pull_requests_daily,2024-10-31,6.0
Open Source Observer,GITHUB_opened_pull_requests_daily,2024-10-31,6.0
Passport XYZ,GITHUB_merged_pull_requests_daily,2024-10-31,2.0
thirdweb,GITHUB_merged_pull_requests_daily,2024-10-31,8.0
Pyth Network,GITHUB_opened_issues_daily,2024-10-31,1.0
Passport XYZ,GITHUB_closed_issues_daily,2024-10-31,2.0
Trail of Bits Security Reviews,GITHUB_stars_daily,2024-11-03,4.0
Redstone Finance,GITHUB_commits_daily,2024-11-03,1.0
thirdweb,GITHUB_forks_daily,2024-11-03,1.0
Open Source Observer,GITHUB_forks_daily,2024-11-03,1.0
Pyth Network,GITHUB_forks_daily,2024-11-03,2.0
thirdweb,GITHUB_repositories_daily,2024-11-03,4.0
Pyth Network,GITHUB_contributors_daily,2024-11-03,2.0
Open Source Observer,GITHUB_active_developers_daily,2024-11-03,1.0
Open Source Observer,GITHUB_merged_pull_requests_daily,2024-11-03,1.0
Walnut,GITHUB_comments_daily,2025-01-09,6.0
Passport XYZ,GITHUB_commits_daily,2025-01-09,8.0
Debid - Fairblock,GITHUB_commits_daily,2025-01-09,1.0
thirdweb,GITHUB_repositories_daily,2025-01-09,5.0
Runtime Verification,GITHUB_repositories_daily,2025-01-09,3.0
Solang,GITHUB_repositories_daily,2025-01-09,1.0
Trail of Bits Security Reviews,GITHUB_active_developers_daily,2025-01-09,1.0
Passport XYZ,GITHUB_active_developers_daily,2025-01-09,2.0
Passport XYZ,GITHUB_opened_pull_requests_daily,2025-01-09,4.0
Runtime Verification,GITHUB_opened_pull_requests_daily,2025-01-09,3.0
Redstone Finance,GITHUB_opened_pull_requests_daily,2025-01-09,1.0
Pyth Network,GITHUB_opened_pull_requests_daily,2025-01-09,9.0
thirdweb,GITHUB_opened_pull_requests_daily,2025-01-09,8.0
Passport XYZ,GITHUB_merged_pull_requests_daily,2025-01-09,6.0
thirdweb,GITHUB_opened_issues_daily,2025-01-09,1.0
Open Source Observer,GITHUB_opened_issues_daily,2025-01-09,8.0
Passport XYZ,GITHUB_closed_issues_daily,2025-01-09,2.0
Runtime Verification,GITHUB_comments_daily,2024-04-23,26.0
Trail of Bits Security Reviews,GITHUB_stars_daily,2024-04-23,13.0
Pyth Network,GITHUB_commits_daily,2024-04-23,8.0
thirdweb,GITHUB_commits_daily,2024-04-23,17.0
Redstone Finance,GITHUB_commits_daily,2024-04-23,3.0
Walnut,GITHUB_commits_daily,2024-04-23,4.0
Runtime Verification,GITHUB_releases_daily,2024-04-23,5.0
thirdweb,GITHUB_releases_daily,2024-04-23,24.0
thirdweb,GITHUB_forks_daily,2024-04-23,1.0
Trail of Bits Security Reviews,GITHUB_forks_daily,2024-04-23,1.0
Redstone Finance,GITHUB_repositories_daily,2024-04-23,1.0
thirdweb,GITHUB_repositories_daily,2024-04-23,5.0
Runtime Verification,GITHUB_repositories_daily,2024-04-23,8.0
Walnut,GITHUB_contributors_daily,2024-04-23,2.0
Trail of Bits Security Reviews,GITHUB_contributors_daily,2024-04-23,5.0
Redstone Finance,GITHUB_contributors_daily,2024-04-23,1.0
Arbos Foundry,GITHUB_active_developers_daily,2024-04-23,1.0
Trail of Bits Security Reviews,GITHUB_opened_pull_requests_daily,2024-04-23,6.0
Pyth Network,GITHUB_opened_pull_requests_daily,2024-04-23,12.0
Runtime Verification,GITHUB_opened_pull_requests_daily,2024-04-23,9.0
thirdweb,GITHUB_merged_pull_requests_daily,2024-04-23,17.0
Trail of Bits Security Reviews,GITHUB_opened_issues_daily,2024-04-23,3.0
Walnut,GITHUB_opened_issues_daily,2024-04-23,1.0
Open Source Observer,GITHUB_comments_daily,2024-01-20,2.0
thirdweb,GITHUB_repositories_daily,2024-01-20,5.0
Open Source Observer,GITHUB_repositories_daily,2024-01-20,2.0
thirdweb,GITHUB_active_developers_daily,2024-01-20,2.0
Open Source Observer,GITHUB_active_developers_daily,2024-01-20,2.0
Open Source Observer,GITHUB_opened_pull_requests_daily,2024-01-20,3.0
Open Source Observer,GITHUB_merged_pull_requests_daily,2024-01-20,3.0
thirdweb,GITHUB_opened_issues_daily,2024-01-20,1.0
thirdweb,GITHUB_closed_issues_daily,2024-01-20,1.0
Trail of Bits Security Reviews,GITHUB_forks_daily,2024-05-11,2.0
Trail of Bits Security Reviews,GITHUB_repositories_daily,2024-05-11,10.0
thirdweb,GITHUB_repositories_daily,2024-05-11,3.0
Redstone Finance,GITHUB_repositories_daily,2024-05-11,7.0
thirdweb,GITHUB_active_developers_daily,2024-05-11,3.0
Trail of Bits Security Reviews,GITHUB_opened_pull_requests_daily,2024-05-11,8.0
thirdweb,GITHUB_merged_pull_requests_daily,2024-05-11,5.0
Arbos Foundry,GITHUB_part_time_contributors_quarterly,2024-09-01,2.0
Remix IDE plugin for Arbitrum Stylus,GITHUB_active_contributors_quarterly,2024-09-01,2.0
Solang,GITHUB_active_contributors_quarterly,2024-09-01,2.0
Redstone Finance,GITHUB_new_contributors_quarterly,2024-09-01,6.0
Trail of Bits Security Reviews,GITHUB_active_contributors_quarterly,2024-09-01,40.0
Remix IDE plugin for Arbitrum Stylus,GITHUB_part_time_contributors_quarterly,2024-09-01,2.0
Open Source Observer,GITHUB_part_time_contributors_quarterly,2024-09-01,24.0
Pyth Network,GITHUB_new_contributors_quarterly,2024-09-01,9.0
Remix IDE plugin for Arbitrum Stylus,GITHUB_new_contributors_quarterly,2024-09-01,1.0
Sylow,GITHUB_new_contributors_quarterly,2024-09-01,2.0
Redstone Finance,GITHUB_part_time_contributors_quarterly,2024-09-01,12.0
thirdweb,GITHUB_new_contributors_quarterly,2024-09-01,31.0
Runtime Verification,GITHUB_active_contributors_quarterly,2024-09-01,29.0
Trail of Bits Security Reviews,GITHUB_part_time_contributors_quarterly,2024-09-01,40.0
Enclave,GITHUB_releases_biannually,2024-09-01,4.0
Runtime Verification,GITHUB_releases_biannually,2024-09-01,116.0
Remix IDE plugin for Arbitrum Stylus,GITHUB_releases_quarterly,2024-09-01,6.0
Enclave,GITHUB_releases_quarterly,2024-09-01,4.0
Passport XYZ,GITHUB_releases_quarterly,2024-09-01,29.0
Redstone Finance,GITHUB_commits_biannually,2024-09-01,177.0
Walnut,GITHUB_commits_biannually,2024-09-01,138.0
Passport XYZ,GITHUB_commits_biannually,2024-09-01,138.0
Debid - Fairblock,GITHUB_commits_biannually,2024-09-01,32.0
WakeUp Labs,GITHUB_commits_biannually,2024-09-01,4.0
Arbos Foundry,GITHUB_commits_biannually,2024-09-01,18.0
Runtime Verification,GITHUB_active_developers_biannually,2024-09-01,16.0
Debid - Fairblock,GITHUB_active_developers_biannually,2024-09-01,2.0
WakeUp Labs,GITHUB_active_developers_biannually,2024-09-01,1.0
Enclave,GITHUB_active_developers_biannually,2024-09-01,3.0
Open Source Observer,GITHUB_active_developers_biannually,2024-09-01,16.0
Arbos Foundry,GITHUB_active_developers_biannually,2024-09-01,1.0
Open Source Observer,GITHUB_repositories_quarterly,2024-09-01,7.0
Walnut,GITHUB_active_developers_quarterly,2024-09-01,4.0
Runtime Verification,GITHUB_active_developers_quarterly,2024-09-01,16.0
Trail of Bits Security Reviews,GITHUB_active_developers_quarterly,2024-09-01,20.0
Pyth Network,GITHUB_forks_monthly,2024-09-01,42.0
Sylow,GITHUB_part_time_developers_quarterly,2024-09-01,1.0
Open Source Observer,GITHUB_part_time_developers_quarterly,2024-09-01,16.0
Arbos Foundry,GITHUB_part_time_developers_quarterly,2024-09-01,1.0
Pyth Network,GITHUB_stars_biannually,2024-09-01,57.0
Runtime Verification,GITHUB_stars_biannually,2024-09-01,16.0
Debid - Fairblock,GITHUB_stars_biannually,2024-09-01,2.0
Sylow,GITHUB_stars_monthly,2024-09-01,16.0
Passport XYZ,GITHUB_stars_monthly,2024-09-01,23.0
thirdweb,GITHUB_stars_daily,2024-09-01,1.0
WakeUp Labs,GITHUB_commits_monthly,2024-09-01,4.0
Pyth Network,GITHUB_commits_monthly,2024-09-01,244.0
Remix IDE plugin for Arbitrum Stylus,GITHUB_commits_monthly,2024-09-01,33.0
Syndicate Protocol,GITHUB_commits_monthly,2024-09-01,1.0
Pyth Network,GITHUB_comments_monthly,2024-09-01,675.0
Open Source Observer,GITHUB_stars_quarterly,2024-09-01,13.0
Walnut,GITHUB_stars_quarterly,2024-09-01,2.0
Debid - Fairblock,GITHUB_stars_quarterly,2024-09-01,2.0
Passport XYZ,GITHUB_releases_monthly,2024-09-01,29.0
thirdweb,GITHUB_releases_monthly,2024-09-01,46.0
Passport XYZ,GITHUB_commits_quarterly,2024-09-01,138.0
Redstone Finance,GITHUB_commits_quarterly,2024-09-01,177.0
Solang,GITHUB_commits_quarterly,2024-09-01,1.0
Syndicate Protocol,GITHUB_commits_quarterly,2024-09-01,1.0
thirdweb,GITHUB_forks_quarterly,2024-09-01,40.0
Trail of Bits Security Reviews,GITHUB_forks_quarterly,2024-09-01,35.0
Runtime Verification,GITHUB_forks_quarterly,2024-09-01,4.0
Runtime Verification,GITHUB_forks_biannually,2024-09-01,4.0
thirdweb,GITHUB_repositories_daily,2024-09-01,2.0
Trail of Bits Security Reviews,GITHUB_repositories_daily,2024-09-01,8.0
Open Source Observer,GITHUB_repositories_daily,2024-09-01,1.0
Enclave,GITHUB_repositories_biannually,2024-09-01,1.0
Solang,GITHUB_repositories_monthly,2024-09-01,1.0
Arbos Foundry,GITHUB_repositories_biannually,2024-09-01,1.0
Trail of Bits Security Reviews,GITHUB_repositories_biannually,2024-09-01,76.0
WakeUp Labs,GITHUB_repositories_biannually,2024-09-01,1.0
Open Source Observer,GITHUB_repositories_biannually,2024-09-01,7.0
Pyth Network,GITHUB_repositories_biannually,2024-09-01,31.0
Passport XYZ,GITHUB_repositories_biannually,2024-09-01,13.0
Remix IDE plugin for Arbitrum Stylus,GITHUB_contributors_monthly,2024-09-01,2.0
Arbos Foundry,GITHUB_contributors_monthly,2024-09-01,2.0
thirdweb,GITHUB_contributors_monthly,2024-09-01,50.0
Solang,GITHUB_contributors_monthly,2024-09-01,2.0
Open Source Observer,GITHUB_contributors_daily,2024-09-01,1.0
Redstone Finance,GITHUB_contributors_quarterly,2024-09-01,12.0
Arbos Foundry,GITHUB_contributors_quarterly,2024-09-01,2.0
thirdweb,GITHUB_contributors_quarterly,2024-09-01,50.0
thirdweb,GITHUB_active_developers_daily,2024-09-01,1.0
Trail of Bits Security Reviews,GITHUB_active_developers_daily,2024-09-01,1.0
Pyth Network,GITHUB_part_time_developers_monthly,2024-09-01,9.0
Open Source Observer,GITHUB_part_time_developers_monthly,2024-09-01,12.0
Arbos Foundry,GITHUB_active_developers_monthly,2024-09-01,1.0
Walnut,GITHUB_active_developers_monthly,2024-09-01,4.0
Remix IDE plugin for Arbitrum Stylus,GITHUB_contributors_quarterly,2024-09-01,2.0
Pyth Network,GITHUB_active_developers_monthly,2024-09-01,13.0
Remix IDE plugin for Arbitrum Stylus,GITHUB_active_developers_monthly,2024-09-01,2.0
Trail of Bits Security Reviews,GITHUB_part_time_developers_monthly,2024-09-01,18.0
Open Source Observer,GITHUB_full_time_developers_monthly,2024-09-01,4.0
Runtime Verification,GITHUB_full_time_developers_monthly,2024-09-01,2.0
Solang,GITHUB_part_time_developers_biannually,2024-09-01,1.0
Redstone Finance,GITHUB_part_time_developers_biannually,2024-09-01,8.0
Syndicate Protocol,GITHUB_part_time_developers_biannually,2024-09-01,1.0
thirdweb,GITHUB_part_time_contributors_monthly,2024-09-01,40.0
Solang,GITHUB_new_contributors_biannually,2024-09-01,2.0
Arbos Foundry,GITHUB_part_time_contributors_monthly,2024-09-01,2.0
thirdweb,GITHUB_full_time_contributors_monthly,2024-09-01,10.0
Sylow,GITHUB_new_contributors_monthly,2024-09-01,2.0
Passport XYZ,GITHUB_active_contributors_monthly,2024-09-01,7.0
thirdweb,GITHUB_new_contributors_biannually,2024-09-01,31.0
Syndicate Protocol,GITHUB_active_contributors_biannually,2024-09-01,1.0
Sylow,GITHUB_active_contributors_biannually,2024-09-01,2.0
Redstone Finance,GITHUB_part_time_contributors_biannually,2024-09-01,12.0
Redstone Finance,GITHUB_active_contributors_biannually,2024-09-01,12.0
Syndicate Protocol,GITHUB_active_contributors_monthly,2024-09-01,1.0
Remix IDE plugin for Arbitrum Stylus,GITHUB_new_contributors_monthly,2024-09-01,1.0
Pyth Network,GITHUB_part_time_contributors_monthly,2024-09-01,9.0
Debid - Fairblock,GITHUB_active_contributors_monthly,2024-09-01,3.0
Open Source Observer,GITHUB_part_time_contributors_monthly,2024-09-01,20.0
Redstone Finance,GITHUB_part_time_contributors_monthly,2024-09-01,10.0
Remix IDE plugin for Arbitrum Stylus,GITHUB_part_time_contributors_monthly,2024-09-01,2.0
WakeUp Labs,GITHUB_new_contributors_monthly,2024-09-01,1.0
Passport XYZ,GITHUB_full_time_contributors_monthly,2024-09-01,4.0
Walnut,GITHUB_new_contributors_monthly,2024-09-01,5.0
Enclave,GITHUB_new_contributors_monthly,2024-09-01,4.0
Sylow,GITHUB_part_time_contributors_monthly,2024-09-01,2.0
Syndicate Protocol,GITHUB_part_time_contributors_monthly,2024-09-01,1.0
Solang,GITHUB_active_contributors_monthly,2024-09-01,2.0
Trail of Bits Security Reviews,GITHUB_part_time_contributors_monthly,2024-09-01,38.0
Redstone Finance,GITHUB_new_contributors_monthly,2024-09-01,6.0
Open Source Observer,GITHUB_full_time_contributors_monthly,2024-09-01,4.0
Enclave,GITHUB_part_time_contributors_biannually,2024-09-01,4.0
Open Source Observer,GITHUB_new_contributors_biannually,2024-09-01,19.0
Passport XYZ,GITHUB_new_contributors_biannually,2024-09-01,7.0
Runtime Verification,GITHUB_new_contributors_biannually,2024-09-01,3.0
Arbos Foundry,GITHUB_active_contributors_biannually,2024-09-01,2.0
WakeUp Labs,GITHUB_new_contributors_biannually,2024-09-01,1.0
Redstone Finance,GITHUB_change_in_part_time_contributors_monthly,2024-09-01,-1.0
Runtime Verification,GITHUB_change_in_active_developers_monthly,2024-09-01,4.0
Open Source Observer,GITHUB_change_in_part_time_contributors_monthly,2024-09-01,-7.0
Sylow,GITHUB_change_in_active_developers_monthly,2024-09-01,
Redstone Finance,GITHUB_change_in_active_developers_quarterly,2024-09-01,-1.0
thirdweb,GITHUB_change_in_full_time_contributors_monthly,2024-09-01,-2.0
Pyth Network,GITHUB_change_in_full_time_contributors_monthly,2024-09-01,-3.0
Pyth Network,GITHUB_change_in_active_developers_monthly,2024-09-01,8.0
Pyth Network,GITHUB_change_in_part_time_contributors_monthly,2024-09-01,11.0
Sylow,GITHUB_change_in_active_developers_quarterly,2024-09-01,
Debid - Fairblock,GITHUB_change_in_part_time_contributors_quarterly,2024-09-01,12.0
Trail of Bits Security Reviews,GITHUB_change_in_active_developers_quarterly,2024-09-01,9.0
WakeUp Labs,GITHUB_change_in_part_time_contributors_quarterly,2024-09-01,-1.0
Walnut,GITHUB_change_in_part_time_contributors_quarterly,2024-09-01,13.0
Redstone Finance,GITHUB_change_in_part_time_contributors_quarterly,2024-09-01,-1.0
Solang,GITHUB_change_in_active_developers_biannually,2024-09-01,
Open Source Observer,GITHUB_change_in_part_time_contributors_biannually,2024-09-01,-8.0
Redstone Finance,GITHUB_change_in_part_time_contributors_biannually,2024-09-01,-1.0
Arbos Foundry,GITHUB_change_in_part_time_contributors_biannually,2024-09-01,0.0
Enclave,GITHUB_change_in_part_time_contributors_biannually,2024-09-01,0.0
Debid - Fairblock,GITHUB_change_in_active_developers_biannually,2024-09-01,12.0
Debid - Fairblock,GITHUB_change_in_part_time_contributors_biannually,2024-09-01,12.0
Enclave,GITHUB_change_in_active_developers_biannually,2024-09-01,0.0
Enclave,GITHUB_opened_pull_requests_monthly,2024-09-01,52.0
Passport XYZ,GITHUB_opened_pull_requests_monthly,2024-09-01,135.0
WakeUp Labs,GITHUB_opened_pull_requests_monthly,2024-09-01,2.0
Redstone Finance,GITHUB_opened_pull_requests_monthly,2024-09-01,49.0
Passport XYZ,GITHUB_opened_pull_requests_quarterly,2024-09-01,135.0
Solang,GITHUB_opened_pull_requests_biannually,2024-09-01,1.0
WakeUp Labs,GITHUB_opened_pull_requests_biannually,2024-09-01,2.0
Solang,GITHUB_opened_pull_requests_quarterly,2024-09-01,1.0
Sylow,GITHUB_opened_pull_requests_biannually,2024-09-01,1.0
Remix IDE plugin for Arbitrum Stylus,GITHUB_opened_pull_requests_biannually,2024-09-01,1.0
Debid - Fairblock,GITHUB_opened_pull_requests_biannually,2024-09-01,3.0
Pyth Network,GITHUB_opened_pull_requests_biannually,2024-09-01,200.0
Passport XYZ,GITHUB_merged_pull_requests_monthly,2024-09-01,112.0
Enclave,GITHUB_merged_pull_requests_monthly,2024-09-01,55.0
thirdweb,GITHUB_merged_pull_requests_monthly,2024-09-01,500.0
Syndicate Protocol,GITHUB_merged_pull_requests_monthly,2024-09-01,1.0
Sylow,GITHUB_merged_pull_requests_biannually,2024-09-01,2.0
WakeUp Labs,GITHUB_merged_pull_requests_biannually,2024-09-01,2.0
thirdweb,GITHUB_merged_pull_requests_quarterly,2024-09-01,500.0
Redstone Finance,GITHUB_merged_pull_requests_quarterly,2024-09-01,48.0
Sylow,GITHUB_merged_pull_requests_quarterly,2024-09-01,2.0
Sylow,GITHUB_opened_issues_quarterly,2024-09-01,1.0
Trail of Bits Security Reviews,GITHUB_opened_issues_monthly,2024-09-01,15.0
Passport XYZ,GITHUB_opened_issues_quarterly,2024-09-01,58.0
thirdweb,GITHUB_opened_issues_quarterly,2024-09-01,16.0
Passport XYZ,GITHUB_opened_issues_biannually,2024-09-01,58.0
Walnut,GITHUB_opened_issues_biannually,2024-09-01,2.0
Passport XYZ,GITHUB_closed_issues_monthly,2024-09-01,60.0
Enclave,GITHUB_closed_issues_monthly,2024-09-01,22.0
thirdweb,GITHUB_closed_issues_monthly,2024-09-01,16.0
Solang,GITHUB_closed_issues_biannually,2024-09-01,1.0
thirdweb,GITHUB_closed_issues_biannually,2024-09-01,16.0
Redstone Finance,GITHUB_closed_issues_biannually,2024-09-01,2.0
Walnut,GITHUB_closed_issues_biannually,2024-09-01,1.0
thirdweb,GITHUB_closed_issues_quarterly,2024-09-01,16.0
Walnut,GITHUB_closed_issues_quarterly,2024-09-01,1.0
Runtime Verification,GITHUB_closed_issues_quarterly,2024-09-01,9.0
Sylow,GITHUB_avg_prs_time_to_merge_quarterly,2024-09-01,0.0
Enclave,GITHUB_avg_prs_time_to_merge_quarterly,2024-09-01,0.0
Runtime Verification,GITHUB_avg_prs_time_to_merge_quarterly,2024-09-01,0.0
Redstone Finance,GITHUB_avg_prs_time_to_merge_quarterly,2024-09-01,0.0
WakeUp Labs,GITHUB_avg_time_to_first_response_quarterly,2024-09-01,0.0
Runtime Verification,GITHUB_avg_prs_time_to_merge_biannually,2024-09-01,0.0
Open Source Observer,GITHUB_avg_prs_time_to_merge_biannually,2024-09-01,0.0
Enclave,GITHUB_avg_time_to_first_response_quarterly,2024-09-01,137755.58823529413
Trail of Bits Security Reviews,GITHUB_avg_time_to_first_response_biannually,2024-09-01,1657942.6893617022
thirdweb,GITHUB_avg_time_to_first_response_biannually,2024-09-01,53712.916666666664
Pyth Network,GITHUB_avg_time_to_first_response_biannually,2024-09-01,101413.0052631579
Open Source Observer,GITHUB_avg_time_to_first_response_biannually,2024-09-01,1169046.1779661018
Enclave,GITHUB_avg_time_to_first_response_biannually,2024-09-01,137755.58823529413
Walnut,GITHUB_avg_prs_time_to_merge_biannually,2024-09-01,0.0
Remix IDE plugin for Arbitrum Stylus,GITHUB_churned_contributors_biannually,2024-09-01,-1.0
Remix IDE plugin for Arbitrum Stylus,GITHUB_change_in_full_time_contributors_biannually,2024-09-01,0.0
Debid - Fairblock,GITHUB_change_in_new_contributors_monthly,2024-09-01,13.0
thirdweb,GITHUB_churned_contributors_monthly,2024-09-01,-30.0
Remix IDE plugin for Arbitrum Stylus,GITHUB_change_in_active_contributors_monthly,2024-09-01,0.0
Sylow,GITHUB_churned_contributors_monthly,2024-09-01,
Enclave,GITHUB_change_in_active_contributors_monthly,2024-09-01,0.0
Enclave,GITHUB_churned_contributors_monthly,2024-09-01,-4.0
Enclave,GITHUB_change_in_new_contributors_monthly,2024-09-01,0.0
Walnut,GITHUB_change_in_active_contributors_monthly,2024-09-01,13.0
Walnut,GITHUB_change_in_new_contributors_monthly,2024-09-01,13.0
Trail of Bits Security Reviews,GITHUB_change_in_active_contributors_monthly,2024-09-01,9.0
Arbos Foundry,GITHUB_change_in_full_time_contributors_quarterly,2024-09-01,0.0
Sylow,GITHUB_change_in_new_contributors_quarterly,2024-09-01,
Arbos Foundry,GITHUB_churned_contributors_biannually,2024-09-01,0.0
Sylow,GITHUB_change_in_active_contributors_biannually,2024-09-01,
Debid - Fairblock,GITHUB_churned_contributors_biannually,2024-09-01,12.0
WakeUp Labs,GITHUB_change_in_active_contributors_biannually,2024-09-01,-1.0
Pyth Network,GITHUB_change_in_full_time_contributors_biannually,2024-09-01,0.0
Pyth Network,GITHUB_change_in_active_contributors_biannually,2024-09-01,8.0
Pyth Network,GITHUB_change_in_new_contributors_biannually,2024-09-01,7.0
Syndicate Protocol,GITHUB_change_in_active_contributors_biannually,2024-09-01,0.0
Syndicate Protocol,GITHUB_change_in_active_contributors_monthly,2024-09-01,0.0
Enclave,GITHUB_change_in_full_time_contributors_monthly,2024-09-01,-2.0
WakeUp Labs,GITHUB_change_in_active_contributors_quarterly,2024-09-01,-1.0
Pyth Network,GITHUB_change_in_active_contributors_quarterly,2024-09-01,8.0
Pyth Network,GITHUB_change_in_new_contributors_quarterly,2024-09-01,7.0
Passport XYZ,GITHUB_change_in_full_time_contributors_quarterly,2024-09-01,0.0
Passport XYZ,GITHUB_churned_contributors_quarterly,2024-09-01,-3.0
Syndicate Protocol,GITHUB_churned_contributors_quarterly,2024-09-01,0.0
Syndicate Protocol,GITHUB_change_in_active_contributors_quarterly,2024-09-01,0.0
Enclave,GITHUB_change_in_new_contributors_biannually,2024-09-01,0.0
Trail of Bits Security Reviews,GITHUB_change_in_active_contributors_biannually,2024-09-01,9.0
Trail of Bits Security Reviews,GITHUB_change_in_new_contributors_biannually,2024-09-01,5.0
Open Source Observer,GITHUB_change_in_new_contributors_biannually,2024-09-01,-6.0
Solang,GITHUB_change_in_active_contributors_biannually,2024-09-01,
thirdweb,GITHUB_change_in_full_time_contributors_biannually,2024-09-01,0.0
Runtime Verification,GITHUB_churned_contributors_biannually,2024-09-01,1.0
Runtime Verification,GITHUB_change_in_new_contributors_biannually,2024-09-01,4.0
Runtime Verification,GITHUB_change_in_active_contributors_biannually,2024-09-01,4.0
Walnut,GITHUB_change_in_full_time_contributors_quarterly,2024-09-01,0.0
Open Source Observer,GITHUB_comments_daily,2024-11-24,1.0
Walnut,GITHUB_comments_daily,2024-11-24,1.0
Open Source Observer,GITHUB_stars_daily,2024-11-24,1.0
Trail of Bits Security Reviews,GITHUB_stars_daily,2024-11-24,14.0
Walnut,GITHUB_commits_daily,2024-11-24,2.0
Open Source Observer,GITHUB_commits_daily,2024-11-24,2.0
thirdweb,GITHUB_commits_daily,2024-11-24,2.0
Trail of Bits Security Reviews,GITHUB_repositories_daily,2024-11-24,15.0
thirdweb,GITHUB_repositories_daily,2024-11-24,2.0
Walnut,GITHUB_active_developers_daily,2024-11-24,1.0
thirdweb,GITHUB_active_developers_daily,2024-11-24,1.0
Walnut,GITHUB_opened_pull_requests_daily,2024-11-24,1.0
Pyth Network,GITHUB_comments_daily,2025-01-17,57.0
Open Source Observer,GITHUB_comments_daily,2025-01-17,59.0
Trail of Bits Security Reviews,GITHUB_comments_daily,2025-01-17,9.0
Runtime Verification,GITHUB_comments_daily,2025-01-17,8.0
Runtime Verification,GITHUB_stars_daily,2025-01-17,1.0
Walnut,GITHUB_commits_daily,2025-01-17,4.0
Trail of Bits Security Reviews,GITHUB_releases_daily,2025-01-17,1.0
thirdweb,GITHUB_forks_daily,2025-01-17,1.0
Pyth Network,GITHUB_forks_daily,2025-01-17,1.0
Trail of Bits Security Reviews,GITHUB_forks_daily,2025-01-17,2.0
Redstone Finance,GITHUB_repositories_daily,2025-01-17,2.0
9Lives,GITHUB_repositories_daily,2025-01-17,1.0
Walnut,GITHUB_repositories_daily,2025-01-17,2.0
Pyth Network,GITHUB_contributors_daily,2025-01-17,9.0
thirdweb,GITHUB_contributors_daily,2025-01-17,9.0
thirdweb,GITHUB_active_developers_daily,2025-01-17,2.0
Runtime Verification,GITHUB_opened_pull_requests_daily,2025-01-17,11.0
Walnut,GITHUB_opened_pull_requests_daily,2025-01-17,1.0
Pyth Network,GITHUB_merged_pull_requests_daily,2025-01-17,11.0
Runtime Verification,GITHUB_merged_pull_requests_daily,2025-01-17,7.0
Runtime Verification,GITHUB_closed_issues_daily,2025-01-17,3.0
Open Source Observer,GITHUB_closed_issues_daily,2025-01-17,5.0
Pyth Network,GITHUB_stars_daily,2024-07-07,2.0
Pyth Network,GITHUB_commits_daily,2024-07-07,1.0
Open Source Observer,GITHUB_commits_daily,2024-07-07,1.0
Runtime Verification,GITHUB_releases_daily,2024-07-07,2.0
Pyth Network,GITHUB_forks_daily,2024-07-07,1.0
Runtime Verification,GITHUB_repositories_daily,2024-07-07,3.0
thirdweb,GITHUB_repositories_daily,2024-07-07,4.0
Pyth Network,GITHUB_repositories_daily,2024-07-07,3.0
Pyth Network,GITHUB_contributors_daily,2024-07-07,1.0
Pyth Network,GITHUB_active_developers_daily,2024-07-07,1.0
Trail of Bits Security Reviews,GITHUB_active_developers_daily,2024-07-07,1.0
Trail of Bits Security Reviews,GITHUB_opened_pull_requests_daily,2024-07-07,5.0
Walnut,GITHUB_opened_pull_requests_daily,2024-07-07,2.0
Trail of Bits Security Reviews,GITHUB_merged_pull_requests_daily,2024-07-07,4.0
Open Source Observer,GITHUB_merged_pull_requests_daily,2024-07-07,1.0
thirdweb,GITHUB_stars_daily,2024-02-20,1.0
Pyth Network,GITHUB_commits_daily,2024-02-20,5.0
Redstone Finance,GITHUB_repositories_daily,2024-02-20,3.0
Trail of Bits Security Reviews,GITHUB_contributors_daily,2024-02-20,4.0
Redstone Finance,GITHUB_contributors_daily,2024-02-20,2.0
thirdweb,GITHUB_contributors_daily,2024-02-20,6.0
Debid - Fairblock,GITHUB_active_developers_daily,2024-02-20,1.0
Trail of Bits Security Reviews,GITHUB_active_developers_daily,2024-02-20,3.0
Runtime Verification,GITHUB_closed_issues_daily,2024-02-20,2.0
thirdweb,GITHUB_closed_issues_daily,2024-02-20,3.0
Trail of Bits Security Reviews,GITHUB_closed_issues_daily,2024-02-20,1.0
thirdweb,GITHUB_opened_pull_requests_daily,2024-02-20,8.0
Runtime Verification,GITHUB_merged_pull_requests_daily,2024-02-20,21.0
Runtime Verification,GITHUB_opened_issues_daily,2024-02-20,4.0
thirdweb,GITHUB_comments_daily,2025-03-20,24.0
Pyth Network,GITHUB_comments_daily,2025-03-20,13.0
CodeTracer,GITHUB_stars_daily,2025-03-20,49.0
Solang,GITHUB_stars_daily,2025-03-20,1.0
Redstone Finance,GITHUB_commits_daily,2025-03-20,13.0
thirdweb,GITHUB_commits_daily,2025-03-20,14.0
CodeTracer,GITHUB_commits_daily,2025-03-20,2.0
CodeTracer,GITHUB_forks_daily,2025-03-20,1.0
Walnut,GITHUB_repositories_daily,2025-03-20,1.0
Solang,GITHUB_repositories_daily,2025-03-20,1.0
Pyth Network,GITHUB_contributors_daily,2025-03-20,8.0
thirdweb,GITHUB_contributors_daily,2025-03-20,8.0
Passport XYZ,GITHUB_opened_pull_requests_daily,2025-03-20,2.0
Pyth Network,GITHUB_opened_pull_requests_daily,2025-03-20,10.0
thirdweb,GITHUB_merged_pull_requests_daily,2025-03-20,13.0
Trail of Bits Security Reviews,GITHUB_merged_pull_requests_daily,2025-03-20,2.0
Runtime Verification,GITHUB_merged_pull_requests_daily,2025-03-20,10.0
Enclave,GITHUB_opened_issues_daily,2025-03-20,6.0
Runtime Verification,GITHUB_closed_issues_daily,2025-03-20,1.0
Runtime Verification,GITHUB_part_time_contributors_quarterly,2024-05-01,32.0
Pyth Network,GITHUB_new_contributors_quarterly,2024-05-01,12.0
Debid - Fairblock,GITHUB_part_time_contributors_quarterly,2024-05-01,4.0
Pyth Network,GITHUB_active_contributors_quarterly,2024-05-01,23.0
Debid - Fairblock,GITHUB_active_contributors_quarterly,2024-05-01,4.0
Passport XYZ,GITHUB_active_contributors_quarterly,2024-05-01,2.0
Redstone Finance,GITHUB_part_time_contributors_quarterly,2024-05-01,7.0
Trail of Bits Security Reviews,GITHUB_new_contributors_quarterly,2024-05-01,22.0
Walnut,GITHUB_part_time_contributors_quarterly,2024-05-01,11.0
Arbos Foundry,GITHUB_part_time_contributors_quarterly,2024-05-01,1.0
Redstone Finance,GITHUB_new_contributors_quarterly,2024-05-01,2.0
Remix IDE plugin for Arbitrum Stylus,GITHUB_part_time_contributors_quarterly,2024-05-01,1.0
Syndicate Protocol,GITHUB_active_contributors_quarterly,2024-05-01,2.0
Open Source Observer,GITHUB_part_time_contributors_quarterly,2024-05-01,28.0
thirdweb,GITHUB_releases_biannually,2024-05-01,147.0
Runtime Verification,GITHUB_releases_biannually,2024-05-01,228.0
Debid - Fairblock,GITHUB_releases_quarterly,2024-05-01,10.0
WakeUp Labs,GITHUB_commits_biannually,2024-05-01,1.0
Runtime Verification,GITHUB_commits_biannually,2024-05-01,598.0
Pyth Network,GITHUB_commits_biannually,2024-05-01,160.0
Remix IDE plugin for Arbitrum Stylus,GITHUB_active_developers_biannually,2024-05-01,1.0
Walnut,GITHUB_active_developers_biannually,2024-05-01,2.0
WakeUp Labs,GITHUB_active_developers_biannually,2024-05-01,1.0
WakeUp Labs,GITHUB_repositories_quarterly,2024-05-01,1.0
Passport XYZ,GITHUB_repositories_quarterly,2024-05-01,1.0
Syndicate Protocol,GITHUB_repositories_quarterly,2024-05-01,2.0
Open Source Observer,GITHUB_repositories_quarterly,2024-05-01,4.0
Trail of Bits Security Reviews,GITHUB_repositories_quarterly,2024-05-01,81.0
Remix IDE plugin for Arbitrum Stylus,GITHUB_repositories_quarterly,2024-05-01,1.0
Arbos Foundry,GITHUB_repositories_quarterly,2024-05-01,1.0
Pyth Network,GITHUB_active_developers_quarterly,2024-05-01,16.0
Trail of Bits Security Reviews,GITHUB_active_developers_quarterly,2024-05-01,20.0
Passport XYZ,GITHUB_forks_monthly,2024-05-01,2.0
Runtime Verification,GITHUB_forks_monthly,2024-05-01,6.0
Redstone Finance,GITHUB_stars_biannually,2024-05-01,34.0
Remix IDE plugin for Arbitrum Stylus,GITHUB_part_time_developers_quarterly,2024-05-01,1.0
Runtime Verification,GITHUB_stars_monthly,2024-05-01,33.0
Walnut,GITHUB_stars_monthly,2024-05-01,9.0
Pyth Network,GITHUB_stars_monthly,2024-05-01,42.0
Redstone Finance,GITHUB_stars_monthly,2024-05-01,34.0
thirdweb,GITHUB_stars_monthly,2024-05-01,73.0
Redstone Finance,GITHUB_stars_daily,2024-05-01,3.0
Remix IDE plugin for Arbitrum Stylus,GITHUB_commits_monthly,2024-05-01,2.0
Open Source Observer,GITHUB_commits_monthly,2024-05-01,205.0
Trail of Bits Security Reviews,GITHUB_commits_monthly,2024-05-01,377.0
Passport XYZ,GITHUB_comments_monthly,2024-05-01,46.0
Redstone Finance,GITHUB_stars_quarterly,2024-05-01,34.0
Trail of Bits Security Reviews,GITHUB_stars_quarterly,2024-05-01,381.0
Trail of Bits Security Reviews,GITHUB_commits_daily,2024-05-01,11.0
thirdweb,GITHUB_releases_daily,2024-05-01,9.0
Open Source Observer,GITHUB_commits_quarterly,2024-05-01,205.0
Trail of Bits Security Reviews,GITHUB_commits_quarterly,2024-05-01,377.0
WakeUp Labs,GITHUB_commits_quarterly,2024-05-01,1.0
Trail of Bits Security Reviews,GITHUB_forks_quarterly,2024-05-01,41.0
Passport XYZ,GITHUB_forks_quarterly,2024-05-01,2.0
Runtime Verification,GITHUB_forks_quarterly,2024-05-01,6.0
Pyth Network,GITHUB_forks_quarterly,2024-05-01,21.0
Redstone Finance,GITHUB_forks_daily,2024-05-01,4.0
Walnut,GITHUB_repositories_daily,2024-05-01,1.0
Open Source Observer,GITHUB_repositories_daily,2024-05-01,2.0
Open Source Observer,GITHUB_repositories_biannually,2024-05-01,4.0
Debid - Fairblock,GITHUB_repositories_monthly,2024-05-01,4.0
Walnut,GITHUB_repositories_monthly,2024-05-01,6.0
Redstone Finance,GITHUB_repositories_monthly,2024-05-01,28.0
Remix IDE plugin for Arbitrum Stylus,GITHUB_repositories_monthly,2024-05-01,1.0
Syndicate Protocol,GITHUB_repositories_monthly,2024-05-01,2.0
Remix IDE plugin for Arbitrum Stylus,GITHUB_contributors_monthly,2024-05-01,1.0
Walnut,GITHUB_contributors_monthly,2024-05-01,11.0
Pyth Network,GITHUB_contributors_monthly,2024-05-01,23.0
Syndicate Protocol,GITHUB_contributors_monthly,2024-05-01,2.0
WakeUp Labs,GITHUB_contributors_quarterly,2024-05-01,1.0
Remix IDE plugin for Arbitrum Stylus,GITHUB_contributors_quarterly,2024-05-01,1.0
Runtime Verification,GITHUB_contributors_biannually,2024-05-01,32.0
thirdweb,GITHUB_contributors_biannually,2024-05-01,46.0
thirdweb,GITHUB_contributors_daily,2024-05-01,8.0
Walnut,GITHUB_active_developers_monthly,2024-05-01,2.0
Debid - Fairblock,GITHUB_part_time_developers_monthly,2024-05-01,3.0
thirdweb,GITHUB_part_time_developers_monthly,2024-05-01,20.0
Open Source Observer,GITHUB_full_time_developers_monthly,2024-05-01,3.0
Redstone Finance,GITHUB_full_time_developers_monthly,2024-05-01,1.0
WakeUp Labs,GITHUB_active_developers_monthly,2024-05-01,1.0
Debid - Fairblock,GITHUB_part_time_developers_biannually,2024-05-01,3.0
Debid - Fairblock,GITHUB_active_developers_daily,2024-05-01,1.0
Open Source Observer,GITHUB_active_developers_daily,2024-05-01,2.0
Trail of Bits Security Reviews,GITHUB_new_contributors_monthly,2024-05-01,22.0
Passport XYZ,GITHUB_active_contributors_monthly,2024-05-01,2.0
Pyth Network,GITHUB_active_contributors_monthly,2024-05-01,23.0
Open Source Observer,GITHUB_part_time_contributors_monthly,2024-05-01,25.0
Pyth Network,GITHUB_part_time_contributors_monthly,2024-05-01,16.0
Debid - Fairblock,GITHUB_active_contributors_monthly,2024-05-01,4.0
Open Source Observer,GITHUB_active_contributors_monthly,2024-05-01,28.0
Debid - Fairblock,GITHUB_part_time_contributors_monthly,2024-05-01,4.0
Redstone Finance,GITHUB_full_time_contributors_monthly,2024-05-01,2.0
Redstone Finance,GITHUB_new_contributors_monthly,2024-05-01,2.0
Trail of Bits Security Reviews,GITHUB_active_contributors_biannually,2024-05-01,46.0
WakeUp Labs,GITHUB_active_contributors_monthly,2024-05-01,1.0
Open Source Observer,GITHUB_new_contributors_monthly,2024-05-01,23.0
Open Source Observer,GITHUB_full_time_contributors_monthly,2024-05-01,3.0
WakeUp Labs,GITHUB_part_time_contributors_monthly,2024-05-01,1.0
Walnut,GITHUB_part_time_contributors_monthly,2024-05-01,11.0
Redstone Finance,GITHUB_active_contributors_monthly,2024-05-01,7.0
thirdweb,GITHUB_part_time_contributors_biannually,2024-05-01,46.0
Redstone Finance,GITHUB_active_contributors_biannually,2024-05-01,7.0
thirdweb,GITHUB_new_contributors_biannually,2024-05-01,23.0
Runtime Verification,GITHUB_active_contributors_biannually,2024-05-01,32.0
Remix IDE plugin for Arbitrum Stylus,GITHUB_part_time_contributors_biannually,2024-05-01,1.0
WakeUp Labs,GITHUB_active_contributors_biannually,2024-05-01,1.0
Trail of Bits Security Reviews,GITHUB_part_time_contributors_biannually,2024-05-01,46.0
Pyth Network,GITHUB_part_time_contributors_biannually,2024-05-01,23.0
Arbos Foundry,GITHUB_part_time_contributors_biannually,2024-05-01,1.0
Open Source Observer,GITHUB_change_in_full_time_contributors_monthly,2024-05-01,0.0
Arbos Foundry,GITHUB_change_in_active_developers_monthly,2024-05-01,1.0
Runtime Verification,GITHUB_change_in_active_developers_monthly,2024-05-01,8.0
thirdweb,GITHUB_change_in_active_developers_monthly,2024-05-01,-1.0
Trail of Bits Security Reviews,GITHUB_change_in_part_time_contributors_monthly,2024-05-01,-1.0
Pyth Network,GITHUB_change_in_active_developers_monthly,2024-05-01,8.0
Syndicate Protocol,GITHUB_change_in_active_developers_monthly,2024-05-01,0.0
Runtime Verification,GITHUB_change_in_full_time_contributors_monthly,2024-05-01,0.0
Pyth Network,GITHUB_change_in_part_time_contributors_monthly,2024-05-01,8.0
Debid - Fairblock,GITHUB_change_in_part_time_contributors_monthly,2024-05-01,0.0
Open Source Observer,GITHUB_change_in_part_time_contributors_monthly,2024-05-01,-19.0
Runtime Verification,GITHUB_change_in_active_developers_biannually,2024-05-01,8.0
Pyth Network,GITHUB_change_in_active_developers_biannually,2024-05-01,8.0
thirdweb,GITHUB_change_in_part_time_contributors_biannually,2024-05-01,-1.0
Syndicate Protocol,GITHUB_change_in_active_developers_biannually,2024-05-01,0.0
WakeUp Labs,GITHUB_change_in_part_time_contributors_biannually,2024-05-01,0.0
Walnut,GITHUB_change_in_active_developers_biannually,2024-05-01,-4.0
WakeUp Labs,GITHUB_change_in_active_developers_biannually,2024-05-01,0.0
Remix IDE plugin for Arbitrum Stylus,GITHUB_change_in_active_developers_quarterly,2024-05-01,0.0
thirdweb,GITHUB_change_in_active_developers_biannually,2024-05-01,-1.0
Remix IDE plugin for Arbitrum Stylus,GITHUB_change_in_active_developers_biannually,2024-05-01,0.0
WakeUp Labs,GITHUB_change_in_active_developers_quarterly,2024-05-01,0.0
WakeUp Labs,GITHUB_change_in_part_time_contributors_quarterly,2024-05-01,0.0
Debid - Fairblock,GITHUB_change_in_active_developers_quarterly,2024-05-01,0.0
thirdweb,GITHUB_change_in_active_developers_quarterly,2024-05-01,-1.0
Redstone Finance,GITHUB_change_in_part_time_contributors_quarterly,2024-05-01,1.0
Trail of Bits Security Reviews,GITHUB_change_in_active_developers_biannually,2024-05-01,0.0
Debid - Fairblock,GITHUB_opened_pull_requests_monthly,2024-05-01,3.0
Open Source Observer,GITHUB_opened_pull_requests_monthly,2024-05-01,176.0
Redstone Finance,GITHUB_opened_pull_requests_monthly,2024-05-01,7.0
Debid - Fairblock,GITHUB_opened_pull_requests_quarterly,2024-05-01,3.0
Pyth Network,GITHUB_opened_pull_requests_biannually,2024-05-01,211.0
Pyth Network,GITHUB_merged_pull_requests_daily,2024-05-01,5.0
Open Source Observer,GITHUB_merged_pull_requests_daily,2024-05-01,6.0
Syndicate Protocol,GITHUB_merged_pull_requests_monthly,2024-05-01,5.0
Pyth Network,GITHUB_merged_pull_requests_monthly,2024-05-01,161.0
thirdweb,GITHUB_merged_pull_requests_biannually,2024-05-01,378.0
Pyth Network,GITHUB_merged_pull_requests_quarterly,2024-05-01,161.0
Debid - Fairblock,GITHUB_merged_pull_requests_quarterly,2024-05-01,5.0
Syndicate Protocol,GITHUB_merged_pull_requests_biannually,2024-05-01,5.0
Redstone Finance,GITHUB_merged_pull_requests_quarterly,2024-05-01,6.0
Walnut,GITHUB_merged_pull_requests_quarterly,2024-05-01,15.0
Runtime Verification,GITHUB_opened_issues_quarterly,2024-05-01,89.0
Redstone Finance,GITHUB_opened_issues_quarterly,2024-05-01,2.0
Open Source Observer,GITHUB_opened_issues_daily,2024-05-01,2.0
Runtime Verification,GITHUB_opened_issues_biannually,2024-05-01,89.0
Trail of Bits Security Reviews,GITHUB_opened_issues_biannually,2024-05-01,31.0
Open Source Observer,GITHUB_opened_issues_biannually,2024-05-01,96.0
Walnut,GITHUB_opened_issues_biannually,2024-05-01,17.0
Pyth Network,GITHUB_closed_issues_monthly,2024-05-01,3.0
Pyth Network,GITHUB_closed_issues_quarterly,2024-05-01,3.0
Open Source Observer,GITHUB_closed_issues_biannually,2024-05-01,71.0
Redstone Finance,GITHUB_closed_issues_biannually,2024-05-01,2.0
Trail of Bits Security Reviews,GITHUB_closed_issues_biannually,2024-05-01,37.0
thirdweb,GITHUB_avg_prs_time_to_merge_quarterly,2024-05-01,0.0
Trail of Bits Security Reviews,GITHUB_avg_prs_time_to_merge_quarterly,2024-05-01,0.0
Passport XYZ,GITHUB_avg_prs_time_to_merge_biannually,2024-05-01,0.0
Passport XYZ,GITHUB_avg_time_to_first_response_quarterly,2024-05-01,5.625
Walnut,GITHUB_avg_time_to_first_response_biannually,2024-05-01,57952.59459459459
Runtime Verification,GITHUB_change_in_new_contributors_monthly,2024-05-01,0.0
WakeUp Labs,GITHUB_change_in_new_contributors_monthly,2024-05-01,0.0
WakeUp Labs,GITHUB_change_in_full_time_contributors_monthly,2024-05-01,0.0
WakeUp Labs,GITHUB_churned_contributors_monthly,2024-05-01,-1.0
Pyth Network,GITHUB_change_in_new_contributors_monthly,2024-05-01,7.0
Pyth Network,GITHUB_churned_contributors_monthly,2024-05-01,-4.0
Syndicate Protocol,GITHUB_change_in_new_contributors_monthly,2024-05-01,1.0
thirdweb,GITHUB_change_in_active_contributors_quarterly,2024-05-01,-1.0
thirdweb,GITHUB_churned_contributors_quarterly,2024-05-01,-24.0
thirdweb,GITHUB_change_in_full_time_contributors_quarterly,2024-05-01,0.0
Open Source Observer,GITHUB_change_in_active_contributors_quarterly,2024-05-01,-19.0
WakeUp Labs,GITHUB_churned_contributors_quarterly,2024-05-01,-1.0
Passport XYZ,GITHUB_churned_contributors_quarterly,2024-05-01,
Syndicate Protocol,GITHUB_change_in_new_contributors_quarterly,2024-05-01,1.0
Passport XYZ,GITHUB_change_in_new_contributors_quarterly,2024-05-01,
Syndicate Protocol,GITHUB_change_in_full_time_contributors_quarterly,2024-05-01,0.0
Syndicate Protocol,GITHUB_churned_contributors_quarterly,2024-05-01,0.0
Syndicate Protocol,GITHUB_change_in_active_contributors_quarterly,2024-05-01,0.0
Walnut,GITHUB_churned_contributors_quarterly,2024-05-01,-13.0
Redstone Finance,GITHUB_change_in_active_contributors_quarterly,2024-05-01,1.0
Walnut,GITHUB_change_in_new_contributors_quarterly,2024-05-01,-4.0
Arbos Foundry,GITHUB_change_in_full_time_contributors_monthly,2024-05-01,0.0
Debid - Fairblock,GITHUB_change_in_full_time_contributors_monthly,2024-05-01,0.0
Debid - Fairblock,GITHUB_change_in_active_contributors_monthly,2024-05-01,0.0
Arbos Foundry,GITHUB_change_in_active_contributors_quarterly,2024-05-01,1.0
WakeUp Labs,GITHUB_change_in_full_time_contributors_biannually,2024-05-01,0.0
Pyth Network,GITHUB_change_in_new_contributors_biannually,2024-05-01,7.0
Passport XYZ,GITHUB_change_in_new_contributors_biannually,2024-05-01,
Trail of Bits Security Reviews,GITHUB_churned_contributors_biannually,2024-05-01,-22.0
Redstone Finance,GITHUB_change_in_active_contributors_biannually,2024-05-01,1.0
Redstone Finance,GITHUB_churned_contributors_biannually,2024-05-01,-1.0
Redstone Finance,GITHUB_change_in_full_time_contributors_biannually,2024-05-01,0.0
Runtime Verification,GITHUB_change_in_new_contributors_biannually,2024-05-01,0.0
Runtime Verification,GITHUB_change_in_active_contributors_biannually,2024-05-01,8.0
Arbos Foundry,GITHUB_change_in_new_contributors_biannually,2024-05-01,0.0
Debid - Fairblock,GITHUB_forks_weekly,2024-03-04,16.0
Runtime Verification,GITHUB_forks_weekly,2024-03-04,1.0
Open Source Observer,GITHUB_forks_weekly,2024-03-04,2.0
Trail of Bits Security Reviews,GITHUB_comments_daily,2024-03-04,7.0
Pyth Network,GITHUB_comments_daily,2024-03-04,3.0
Redstone Finance,GITHUB_stars_daily,2024-03-04,2.0
Open Source Observer,GITHUB_stars_weekly,2024-03-04,4.0
Pyth Network,GITHUB_commits_daily,2024-03-04,2.0
Runtime Verification,GITHUB_releases_daily,2024-03-04,5.0
Debid - Fairblock,GITHUB_releases_daily,2024-03-04,1.0
Walnut,GITHUB_commits_weekly,2024-03-04,9.0
Open Source Observer,GITHUB_commits_weekly,2024-03-04,27.0
Syndicate Protocol,GITHUB_commits_weekly,2024-03-04,10.0
Debid - Fairblock,GITHUB_repositories_weekly,2024-03-04,7.0
Trail of Bits Security Reviews,GITHUB_repositories_weekly,2024-03-04,40.0
Trail of Bits Security Reviews,GITHUB_repositories_daily,2024-03-04,19.0
Pyth Network,GITHUB_repositories_daily,2024-03-04,4.0
Runtime Verification,GITHUB_repositories_daily,2024-03-04,11.0
Pyth Network,GITHUB_contributors_weekly,2024-03-04,13.0
Open Source Observer,GITHUB_contributors_weekly,2024-03-04,4.0
Debid - Fairblock,GITHUB_contributors_weekly,2024-03-04,20.0
Walnut,GITHUB_active_developers_weekly,2024-03-04,1.0
Runtime Verification,GITHUB_active_developers_weekly,2024-03-04,11.0
Redstone Finance,GITHUB_contributors_daily,2024-03-04,2.0
Walnut,GITHUB_contributors_daily,2024-03-04,1.0
Runtime Verification,GITHUB_active_developers_daily,2024-03-04,5.0
Pyth Network,GITHUB_active_developers_daily,2024-03-04,1.0
Walnut,GITHUB_opened_pull_requests_daily,2024-03-04,2.0
Runtime Verification,GITHUB_opened_pull_requests_daily,2024-03-04,19.0
Trail of Bits Security Reviews,GITHUB_opened_pull_requests_weekly,2024-03-04,45.0
Walnut,GITHUB_opened_pull_requests_weekly,2024-03-04,6.0
Open Source Observer,GITHUB_opened_pull_requests_weekly,2024-03-04,16.0
Walnut,GITHUB_merged_pull_requests_weekly,2024-03-04,6.0
Open Source Observer,GITHUB_opened_issues_weekly,2024-03-04,29.0
Runtime Verification,GITHUB_opened_issues_daily,2024-03-04,3.0
Pyth Network,GITHUB_comments_daily,2024-03-19,21.0
Walnut,GITHUB_commits_daily,2024-03-19,3.0
Remix IDE plugin for Arbitrum Stylus,GITHUB_commits_daily,2024-03-19,3.0
thirdweb,GITHUB_commits_daily,2024-03-19,22.0
Runtime Verification,GITHUB_releases_daily,2024-03-19,8.0
Trail of Bits Security Reviews,GITHUB_releases_daily,2024-03-19,4.0
Remix IDE plugin for Arbitrum Stylus,GITHUB_repositories_daily,2024-03-19,1.0
thirdweb,GITHUB_repositories_daily,2024-03-19,5.0
Runtime Verification,GITHUB_contributors_daily,2024-03-19,15.0
Trail of Bits Security Reviews,GITHUB_contributors_daily,2024-03-19,9.0
Remix IDE plugin for Arbitrum Stylus,GITHUB_contributors_daily,2024-03-19,1.0
thirdweb,GITHUB_contributors_daily,2024-03-19,17.0
Trail of Bits Security Reviews,GITHUB_active_developers_daily,2024-03-19,4.0
Redstone Finance,GITHUB_active_developers_daily,2024-03-19,2.0
Open Source Observer,GITHUB_active_developers_daily,2024-03-19,3.0
Remix IDE plugin for Arbitrum Stylus,GITHUB_active_developers_daily,2024-03-19,1.0
Open Source Observer,GITHUB_opened_pull_requests_daily,2024-03-19,14.0
thirdweb,GITHUB_opened_pull_requests_daily,2024-03-19,25.0
Walnut,GITHUB_merged_pull_requests_daily,2024-03-19,1.0
Open Source Observer,GITHUB_opened_issues_daily,2024-03-19,5.0
thirdweb,GITHUB_opened_issues_daily,2024-03-19,1.0
Pyth Network,GITHUB_closed_issues_daily,2024-03-19,1.0
Runtime Verification,GITHUB_closed_issues_daily,2024-03-19,3.0
Pyth Network,GITHUB_comments_daily,2025-01-25,6.0
Passport XYZ,GITHUB_stars_daily,2025-01-25,4.0
Open Source Observer,GITHUB_stars_daily,2025-01-25,1.0
Pyth Network,GITHUB_releases_daily,2025-01-25,1.0
Trail of Bits Security Reviews,GITHUB_forks_daily,2025-01-25,2.0
Redstone Finance,GITHUB_repositories_daily,2025-01-25,1.0
Trail of Bits Security Reviews,GITHUB_repositories_daily,2025-01-25,3.0
thirdweb,GITHUB_active_developers_daily,2025-01-25,1.0
Walnut,GITHUB_active_developers_daily,2025-01-25,1.0
Solang,GITHUB_comments_daily,2024-10-05,3.0
Passport XYZ,GITHUB_comments_daily,2024-10-05,6.0
thirdweb,GITHUB_stars_daily,2024-10-05,1.0
Trail of Bits Security Reviews,GITHUB_stars_daily,2024-10-05,28.0
Open Source Observer,GITHUB_commits_daily,2024-10-05,10.0
Arbos Foundry,GITHUB_commits_daily,2024-10-05,20.0
Passport XYZ,GITHUB_forks_daily,2024-10-05,2.0
thirdweb,GITHUB_forks_daily,2024-10-05,1.0
Passport XYZ,GITHUB_repositories_daily,2024-10-05,1.0
Pyth Network,GITHUB_repositories_daily,2024-10-05,1.0
Open Source Observer,GITHUB_contributors_daily,2024-10-05,3.0
Solang,GITHUB_contributors_daily,2024-10-05,1.0
Arbos Foundry,GITHUB_active_developers_daily,2024-10-05,1.0
thirdweb,GITHUB_active_developers_daily,2024-10-05,2.0
Runtime Verification,GITHUB_active_developers_daily,2024-10-05,1.0
Open Source Observer,GITHUB_opened_pull_requests_daily,2024-10-05,4.0
Trail of Bits Security Reviews,GITHUB_opened_pull_requests_daily,2024-10-05,2.0
Solang,GITHUB_opened_issues_daily,2024-10-05,1.0
Debid - Fairblock,GITHUB_commits_daily,2024-12-12,2.0
Pyth Network,GITHUB_commits_daily,2024-12-12,7.0
Passport XYZ,GITHUB_repositories_daily,2024-12-12,3.0
Syndicate Protocol,GITHUB_repositories_daily,2024-12-12,1.0
Pyth Network,GITHUB_repositories_daily,2024-12-12,5.0
Trail of Bits Security Reviews,GITHUB_active_developers_daily,2024-12-12,2.0
Debid - Fairblock,GITHUB_active_developers_daily,2024-12-12,1.0
Open Source Observer,GITHUB_contributors_daily,2024-12-12,4.0
Redstone Finance,GITHUB_opened_pull_requests_daily,2024-12-12,1.0
Pyth Network,GITHUB_opened_pull_requests_daily,2024-12-12,8.0
Open Source Observer,GITHUB_merged_pull_requests_daily,2024-12-12,6.0
Runtime Verification,GITHUB_merged_pull_requests_daily,2024-12-12,2.0
Trail of Bits Security Reviews,GITHUB_opened_issues_daily,2024-12-12,4.0
thirdweb,GITHUB_comments_daily,2024-12-15,7.0
thirdweb,GITHUB_commits_daily,2024-12-15,1.0
thirdweb,GITHUB_repositories_daily,2024-12-15,3.0
Walnut,GITHUB_repositories_daily,2024-12-15,1.0
Solang,GITHUB_repositories_daily,2024-12-15,1.0
Trail of Bits Security Reviews,GITHUB_opened_pull_requests_daily,2024-12-15,9.0
Trail of Bits Security Reviews,GITHUB_merged_pull_requests_daily,2024-12-15,2.0
Solang,GITHUB_active_developers_daily,2024-12-15,1.0
Runtime Verification,GITHUB_comments_daily,2025-02-21,9.0
Trail of Bits Security Reviews,GITHUB_comments_daily,2025-02-21,8.0
Pyth Network,GITHUB_stars_daily,2025-02-21,2.0
Trail of Bits Security Reviews,GITHUB_stars_daily,2025-02-21,11.0
Runtime Verification,GITHUB_stars_daily,2025-02-21,2.0
Walnut,GITHUB_commits_daily,2025-02-21,7.0
Runtime Verification,GITHUB_commits_daily,2025-02-21,8.0
Runtime Verification,GITHUB_releases_daily,2025-02-21,2.0
thirdweb,GITHUB_releases_daily,2025-02-21,2.0
Pyth Network,GITHUB_repositories_daily,2025-02-21,3.0
Trail of Bits Security Reviews,GITHUB_repositories_daily,2025-02-21,13.0
thirdweb,GITHUB_repositories_daily,2025-02-21,3.0
Solang,GITHUB_repositories_daily,2025-02-21,1.0
Walnut,GITHUB_contributors_daily,2025-02-21,5.0
Solang,GITHUB_contributors_daily,2025-02-21,1.0
Redstone Finance,GITHUB_contributors_daily,2025-02-21,4.0
Pyth Network,GITHUB_active_developers_daily,2025-02-21,3.0
Redstone Finance,GITHUB_active_developers_daily,2025-02-21,3.0
Walnut,GITHUB_active_developers_daily,2025-02-21,2.0
thirdweb,GITHUB_active_developers_daily,2025-02-21,1.0
thirdweb,GITHUB_opened_pull_requests_daily,2025-02-21,6.0
Redstone Finance,GITHUB_opened_pull_requests_daily,2025-02-21,1.0
Runtime Verification,GITHUB_opened_pull_requests_daily,2025-02-21,8.0
Walnut,GITHUB_merged_pull_requests_daily,2025-02-21,9.0
Trail of Bits Security Reviews,GITHUB_merged_pull_requests_daily,2025-02-21,7.0
Walnut,GITHUB_closed_issues_daily,2025-02-21,3.0
Passport XYZ,GITHUB_comments_daily,2025-01-29,8.0
Passport XYZ,GITHUB_stars_daily,2025-01-29,4.0
Trail of Bits Security Reviews,GITHUB_releases_daily,2025-01-29,1.0
Passport XYZ,GITHUB_releases_daily,2025-01-29,4.0
Pyth Network,GITHUB_releases_daily,2025-01-29,1.0
Pyth Network,GITHUB_repositories_daily,2025-01-29,3.0
Open Source Observer,GITHUB_repositories_daily,2025-01-29,2.0
Redstone Finance,GITHUB_repositories_daily,2025-01-29,4.0
Moving Stylus,GITHUB_contributors_daily,2025-01-29,1.0
Runtime Verification,GITHUB_contributors_daily,2025-01-29,7.0
Pyth Network,GITHUB_active_developers_daily,2025-01-29,5.0
Moving Stylus,GITHUB_active_developers_daily,2025-01-29,1.0
Open Source Observer,GITHUB_opened_pull_requests_daily,2025-01-29,12.0
Moving Stylus,GITHUB_opened_pull_requests_daily,2025-01-29,3.0
Pyth Network,GITHUB_opened_pull_requests_daily,2025-01-29,4.0
Walnut,GITHUB_merged_pull_requests_daily,2025-01-29,2.0
Open Source Observer,GITHUB_opened_issues_daily,2025-01-29,8.0
Runtime Verification,GITHUB_comments_daily,2025-01-22,13.0
Pyth Network,GITHUB_comments_daily,2025-01-22,51.0
thirdweb,GITHUB_stars_daily,2025-01-22,3.0
Passport XYZ,GITHUB_commits_daily,2025-01-22,4.0
Open Source Observer,GITHUB_commits_daily,2025-01-22,3.0
Pyth Network,GITHUB_forks_daily,2025-01-22,1.0
Open Source Observer,GITHUB_forks_daily,2025-01-22,1.0
Pyth Network,GITHUB_contributors_daily,2025-01-22,12.0
Solang,GITHUB_contributors_daily,2025-01-22,1.0
Walnut,GITHUB_contributors_daily,2025-01-22,2.0
9Lives,GITHUB_active_developers_daily,2025-01-22,1.0
Runtime Verification,GITHUB_active_developers_daily,2025-01-22,2.0
Trail of Bits Security Reviews,GITHUB_active_developers_daily,2025-01-22,4.0
Trail of Bits Security Reviews,GITHUB_merged_pull_requests_daily,2025-01-22,1.0
thirdweb,GITHUB_merged_pull_requests_daily,2025-01-22,12.0
thirdweb,GITHUB_forks_weekly,2024-07-15,15.0
Runtime Verification,GITHUB_forks_weekly,2024-07-15,3.0
Passport XYZ,GITHUB_comments_daily,2024-07-15,4.0
Pyth Network,GITHUB_comments_daily,2024-07-15,13.0
Trail of Bits Security Reviews,GITHUB_comments_daily,2024-07-15,15.0
Open Source Observer,GITHUB_stars_weekly,2024-07-15,3.0
Walnut,GITHUB_stars_weekly,2024-07-15,2.0
thirdweb,GITHUB_stars_weekly,2024-07-15,19.0
Pyth Network,GITHUB_commits_daily,2024-07-15,5.0
Redstone Finance,GITHUB_commits_daily,2024-07-15,4.0
Open Source Observer,GITHUB_commits_daily,2024-07-15,11.0
Redstone Finance,GITHUB_releases_weekly,2024-07-15,1.0
Pyth Network,GITHUB_releases_weekly,2024-07-15,1.0
thirdweb,GITHUB_releases_weekly,2024-07-15,5.0
thirdweb,GITHUB_commits_weekly,2024-07-15,86.0
Walnut,GITHUB_commits_weekly,2024-07-15,14.0
Trail of Bits Security Reviews,GITHUB_commits_weekly,2024-07-15,51.0
Open Source Observer,GITHUB_comments_weekly,2024-07-15,71.0
Trail of Bits Security Reviews,GITHUB_comments_weekly,2024-07-15,48.0
Enclave,GITHUB_repositories_weekly,2024-07-15,1.0
Open Source Observer,GITHUB_repositories_weekly,2024-07-15,3.0
Trail of Bits Security Reviews,GITHUB_repositories_weekly,2024-07-15,39.0
Runtime Verification,GITHUB_repositories_weekly,2024-07-15,15.0
Passport XYZ,GITHUB_repositories_daily,2024-07-15,1.0
thirdweb,GITHUB_repositories_daily,2024-07-15,1.0
Debid - Fairblock,GITHUB_contributors_weekly,2024-07-15,2.0
Runtime Verification,GITHUB_contributors_weekly,2024-07-15,23.0
Enclave,GITHUB_contributors_weekly,2024-07-15,1.0
Pyth Network,GITHUB_contributors_weekly,2024-07-15,17.0
Trail of Bits Security Reviews,GITHUB_contributors_weekly,2024-07-15,18.0
Remix IDE plugin for Arbitrum Stylus,GITHUB_contributors_weekly,2024-07-15,2.0
Walnut,GITHUB_contributors_weekly,2024-07-15,4.0
Arbos Foundry,GITHUB_contributors_weekly,2024-07-15,1.0
Runtime Verification,GITHUB_active_developers_weekly,2024-07-15,10.0
Open Source Observer,GITHUB_active_developers_weekly,2024-07-15,4.0
Remix IDE plugin for Arbitrum Stylus,GITHUB_active_developers_weekly,2024-07-15,1.0
Passport XYZ,GITHUB_contributors_daily,2024-07-15,2.0
Redstone Finance,GITHUB_active_developers_daily,2024-07-15,2.0
Pyth Network,GITHUB_opened_pull_requests_daily,2024-07-15,4.0
Runtime Verification,GITHUB_opened_pull_requests_daily,2024-07-15,6.0
thirdweb,GITHUB_opened_pull_requests_weekly,2024-07-15,97.0
Pyth Network,GITHUB_opened_pull_requests_weekly,2024-07-15,34.0
Trail of Bits Security Reviews,GITHUB_opened_pull_requests_weekly,2024-07-15,56.0
Passport XYZ,GITHUB_opened_pull_requests_weekly,2024-07-15,11.0
Open Source Observer,GITHUB_merged_pull_requests_daily,2024-07-15,9.0
thirdweb,GITHUB_merged_pull_requests_daily,2024-07-15,11.0
Runtime Verification,GITHUB_merged_pull_requests_weekly,2024-07-15,60.0
Remix IDE plugin for Arbitrum Stylus,GITHUB_merged_pull_requests_weekly,2024-07-15,1.0
Redstone Finance,GITHUB_merged_pull_requests_weekly,2024-07-15,1.0
Runtime Verification,GITHUB_opened_issues_weekly,2024-07-15,12.0
Trail of Bits Security Reviews,GITHUB_opened_issues_weekly,2024-07-15,7.0
Trail of Bits Security Reviews,GITHUB_opened_issues_daily,2024-07-15,1.0
Open Source Observer,GITHUB_opened_issues_daily,2024-07-15,7.0
Runtime Verification,GITHUB_closed_issues_weekly,2024-07-15,9.0
thirdweb,GITHUB_closed_issues_weekly,2024-07-15,6.0
Redstone Finance,GITHUB_closed_issues_weekly,2024-07-15,1.0
Passport XYZ,GITHUB_comments_daily,2024-11-19,4.0
thirdweb,GITHUB_releases_daily,2024-11-19,3.0
Trail of Bits Security Reviews,GITHUB_releases_daily,2024-11-19,2.0
thirdweb,GITHUB_stars_daily,2024-11-19,4.0
Runtime Verification,GITHUB_commits_daily,2024-11-19,2.0
Walnut,GITHUB_repositories_daily,2024-11-19,1.0
Pyth Network,GITHUB_repositories_daily,2024-11-19,3.0
Open Source Observer,GITHUB_repositories_daily,2024-11-19,1.0
Walnut,GITHUB_contributors_daily,2024-11-19,1.0
Trail of Bits Security Reviews,GITHUB_contributors_daily,2024-11-19,10.0
Runtime Verification,GITHUB_active_developers_daily,2024-11-19,1.0
Trail of Bits Security Reviews,GITHUB_active_developers_daily,2024-11-19,2.0
Open Source Observer,GITHUB_active_developers_daily,2024-11-19,2.0
thirdweb,GITHUB_active_developers_daily,2024-11-19,5.0
Pyth Network,GITHUB_active_developers_daily,2024-11-19,5.0
Passport XYZ,GITHUB_opened_pull_requests_daily,2024-11-19,4.0
Open Source Observer,GITHUB_merged_pull_requests_daily,2024-11-19,2.0
Redstone Finance,GITHUB_merged_pull_requests_daily,2024-11-19,1.0
Runtime Verification,GITHUB_opened_issues_daily,2024-11-19,2.0
Pyth Network,GITHUB_opened_issues_daily,2024-11-19,1.0
thirdweb,GITHUB_closed_issues_daily,2024-11-19,1.0
Pyth Network,GITHUB_comments_daily,2024-05-09,9.0
Runtime Verification,GITHUB_comments_daily,2024-05-09,47.0
Runtime Verification,GITHUB_repositories_daily,2024-05-09,11.0
Redstone Finance,GITHUB_repositories_daily,2024-05-09,3.0
Passport XYZ,GITHUB_repositories_daily,2024-05-09,1.0
Pyth Network,GITHUB_repositories_daily,2024-05-09,3.0
Walnut,GITHUB_contributors_daily,2024-05-09,1.0
Pyth Network,GITHUB_contributors_daily,2024-05-09,5.0
Trail of Bits Security Reviews,GITHUB_contributors_daily,2024-05-09,4.0
Redstone Finance,GITHUB_opened_pull_requests_daily,2024-05-09,1.0
Passport XYZ,GITHUB_opened_pull_requests_daily,2024-05-09,2.0
Open Source Observer,GITHUB_comments_daily,2024-10-20,6.0
Trail of Bits Security Reviews,GITHUB_stars_daily,2024-10-20,16.0
Trail of Bits Security Reviews,GITHUB_repositories_daily,2024-10-20,10.0
thirdweb,GITHUB_contributors_daily,2024-10-20,2.0
Open Source Observer,GITHUB_contributors_daily,2024-10-20,3.0
Redstone Finance,GITHUB_opened_pull_requests_daily,2024-10-20,1.0
Debid - Fairblock,GITHUB_opened_pull_requests_daily,2024-10-20,6.0
Open Source Observer,GITHUB_opened_issues_daily,2024-10-20,2.0
Enclave,GITHUB_forks_weekly,2024-08-26,1.0
Trail of Bits Security Reviews,GITHUB_forks_weekly,2024-08-26,13.0
Pyth Network,GITHUB_forks_weekly,2024-08-26,2.0
thirdweb,GITHUB_forks_weekly,2024-08-26,13.0
thirdweb,GITHUB_comments_daily,2024-08-26,71.0
Trail of Bits Security Reviews,GITHUB_stars_weekly,2024-08-26,90.0
Open Source Observer,GITHUB_stars_weekly,2024-08-26,11.0
Redstone Finance,GITHUB_releases_weekly,2024-08-26,1.0
Runtime Verification,GITHUB_commits_daily,2024-08-26,33.0
Open Source Observer,GITHUB_commits_daily,2024-08-26,3.0
Runtime Verification,GITHUB_commits_weekly,2024-08-26,91.0
Redstone Finance,GITHUB_comments_weekly,2024-08-26,4.0
Pyth Network,GITHUB_comments_weekly,2024-08-26,172.0
Enclave,GITHUB_repositories_weekly,2024-08-26,1.0
Passport XYZ,GITHUB_repositories_weekly,2024-08-26,5.0
Trail of Bits Security Reviews,GITHUB_forks_daily,2024-08-26,5.0
Open Source Observer,GITHUB_repositories_daily,2024-08-26,1.0
Open Source Observer,GITHUB_contributors_weekly,2024-08-26,7.0
Redstone Finance,GITHUB_active_developers_weekly,2024-08-26,4.0
Runtime Verification,GITHUB_active_developers_weekly,2024-08-26,5.0
Debid - Fairblock,GITHUB_active_developers_weekly,2024-08-26,1.0
Open Source Observer,GITHUB_active_developers_weekly,2024-08-26,5.0
Enclave,GITHUB_contributors_daily,2024-08-26,1.0
thirdweb,GITHUB_contributors_daily,2024-08-26,10.0
Runtime Verification,GITHUB_contributors_daily,2024-08-26,6.0
Trail of Bits Security Reviews,GITHUB_contributors_daily,2024-08-26,7.0
Redstone Finance,GITHUB_active_developers_daily,2024-08-26,2.0
Passport XYZ,GITHUB_opened_pull_requests_daily,2024-08-26,4.0
Passport XYZ,GITHUB_merged_pull_requests_weekly,2024-08-26,28.0
thirdweb,GITHUB_merged_pull_requests_weekly,2024-08-26,61.0
Pyth Network,GITHUB_merged_pull_requests_daily,2024-08-26,5.0
Open Source Observer,GITHUB_merged_pull_requests_daily,2024-08-26,2.0
Runtime Verification,GITHUB_opened_issues_weekly,2024-08-26,5.0
Walnut,GITHUB_opened_issues_weekly,2024-08-26,2.0
Trail of Bits Security Reviews,GITHUB_opened_issues_weekly,2024-08-26,2.0
thirdweb,GITHUB_opened_issues_weekly,2024-08-26,5.0
Passport XYZ,GITHUB_opened_issues_weekly,2024-08-26,4.0
Walnut,GITHUB_closed_issues_weekly,2024-08-26,2.0
Open Source Observer,GITHUB_comments_daily,2024-05-26,3.0
Redstone Finance,GITHUB_stars_daily,2024-05-26,3.0
Trail of Bits Security Reviews,GITHUB_stars_daily,2024-05-26,10.0
Open Source Observer,GITHUB_forks_daily,2024-05-26,1.0
thirdweb,GITHUB_active_developers_daily,2024-05-26,2.0
Open Source Observer,GITHUB_opened_pull_requests_daily,2024-05-26,1.0
Trail of Bits Security Reviews,GITHUB_opened_pull_requests_daily,2024-05-26,2.0
Open Source Observer,GITHUB_comments_daily,2025-03-04,26.0
Runtime Verification,GITHUB_stars_daily,2025-03-04,3.0
thirdweb,GITHUB_stars_daily,2025-03-04,2.0
Pyth Network,GITHUB_commits_daily,2025-03-04,7.0
Open Source Observer,GITHUB_commits_daily,2025-03-04,8.0
Passport XYZ,GITHUB_commits_daily,2025-03-04,16.0
Debid - Fairblock,GITHUB_commits_daily,2025-03-04,6.0
9Lives,GITHUB_commits_daily,2025-03-04,8.0
CodeTracer,GITHUB_commits_daily,2025-03-04,7.0
Passport XYZ,GITHUB_releases_daily,2025-03-04,8.0
Open Source Observer,GITHUB_forks_daily,2025-03-04,1.0
Enclave,GITHUB_repositories_daily,2025-03-04,1.0
9Lives,GITHUB_repositories_daily,2025-03-04,1.0
thirdweb,GITHUB_repositories_daily,2025-03-04,4.0
Walnut,GITHUB_repositories_daily,2025-03-04,2.0
Debid - Fairblock,GITHUB_active_developers_daily,2025-03-04,2.0
CodeTracer,GITHUB_active_developers_daily,2025-03-04,3.0
Enclave,GITHUB_contributors_daily,2025-03-04,1.0
CodeTracer,GITHUB_contributors_daily,2025-03-04,4.0
Debid - Fairblock,GITHUB_contributors_daily,2025-03-04,2.0
Redstone Finance,GITHUB_opened_pull_requests_daily,2025-03-04,2.0
Passport XYZ,GITHUB_opened_pull_requests_daily,2025-03-04,8.0
Open Source Observer,GITHUB_opened_pull_requests_daily,2025-03-04,9.0
Runtime Verification,GITHUB_opened_pull_requests_daily,2025-03-04,4.0
thirdweb,GITHUB_merged_pull_requests_daily,2025-03-04,7.0
Trail of Bits Security Reviews,GITHUB_merged_pull_requests_daily,2025-03-04,3.0
Runtime Verification,GITHUB_opened_issues_daily,2025-03-04,1.0
Passport XYZ,GITHUB_opened_issues_daily,2025-03-04,8.0
Enclave,GITHUB_opened_issues_daily,2025-03-04,1.0
Trail of Bits Security Reviews,GITHUB_closed_issues_daily,2025-03-04,1.0
Pyth Network,GITHUB_opened_pull_requests_over_all_time,2025-04-14,4801.0
Runtime Verification,GITHUB_opened_pull_requests_over_all_time,2025-04-14,9263.0
WakeUp Labs,GITHUB_stars_over_all_time,2025-04-14,4.0
9Lives,GITHUB_active_developers_over_all_time,2025-04-14,3.0
Runtime Verification,GITHUB_stars_over_all_time,2025-04-14,2174.0
CodeTracer,GITHUB_merged_pull_requests_over_all_time,2025-04-14,34.0
WakeUp Labs,GITHUB_merged_pull_requests_over_all_time,2025-04-14,24.0
Walnut,GITHUB_merged_pull_requests_over_all_time,2025-04-14,358.0
Trail of Bits Security Reviews,GITHUB_merged_pull_requests_over_all_time,2025-04-14,8993.0
StylusPort,GITHUB_active_developers_over_all_time,2025-04-14,1.0
Pyth Network,GITHUB_avg_time_to_first_response_over_all_time,2025-04-14,195623.39258114374
CodeTracer,GITHUB_opened_pull_requests_over_all_time,2025-04-14,37.0
Moving Stylus,GITHUB_opened_pull_requests_over_all_time,2025-04-14,31.0
9Lives,GITHUB_opened_pull_requests_over_all_time,2025-04-14,12.0
Runtime Verification,GITHUB_opened_issues_over_all_time,2025-04-14,2829.0
Moving Stylus,GITHUB_active_developers_over_all_time,2025-04-14,8.0
Moving Stylus,GITHUB_releases_over_all_time,2025-04-14,15.0
Redstone Finance,GITHUB_avg_time_to_first_response_over_all_time,2025-04-14,577927.5275437459
Debid - Fairblock,GITHUB_stars_over_all_time,2025-04-14,65.0
Debid - Fairblock,GITHUB_releases_over_all_time,2025-04-14,123.0
Sylow,GITHUB_avg_time_to_first_response_over_all_time,2025-04-14,3579936.5714285714
Walnut,GITHUB_avg_time_to_first_response_over_all_time,2025-04-14,276868.55047318613
Walnut,GITHUB_stars_over_all_time,2025-04-14,53.0
CodeTracer,GITHUB_stars_over_all_time,2025-04-14,975.0
Redstone Finance,GITHUB_active_developers_over_all_time,2025-04-14,30.0
thirdweb,GITHUB_closed_issues_over_all_time,2025-04-14,547.0
Enclave,GITHUB_opened_issues_over_all_time,2025-04-14,160.0
Pyth Network,GITHUB_opened_issues_over_all_time,2025-04-14,142.0
Remix IDE plugin for Arbitrum Stylus,GITHUB_opened_issues_over_all_time,2025-04-14,1.0
Open Source Observer,GITHUB_contributors_over_all_time,2025-04-14,176.0
Enclave,GITHUB_comments_over_all_time,2025-04-14,1334.0
Open Source Observer,GITHUB_comments_over_all_time,2025-04-14,6188.0
Runtime Verification,GITHUB_avg_prs_time_to_merge_over_all_time,2025-04-14,0.0
9Lives,GITHUB_avg_prs_time_to_merge_over_all_time,2025-04-14,0.0
9Lives,GITHUB_commits_over_all_time,2025-04-14,445.0
Runtime Verification,GITHUB_commits_over_all_time,2025-04-14,15368.0
Solang,GITHUB_commits_over_all_time,2025-04-14,18.0
WakeUp Labs,GITHUB_commits_over_all_time,2025-04-14,78.0
CodeTracer,GITHUB_commits_over_all_time,2025-04-14,91.0
Remix IDE plugin for Arbitrum Stylus,GITHUB_commits_over_all_time,2025-04-14,729.0
thirdweb,GITHUB_commits_over_all_time,2025-04-14,14397.0
Sylow,GITHUB_avg_prs_time_to_merge_over_all_time,2025-04-14,0.0
Enclave,GITHUB_forks_over_all_time,2025-04-14,3.0
CodeTracer,GITHUB_forks_over_all_time,2025-04-14,15.0
Trail of Bits Security Reviews,GITHUB_comments_over_all_time,2025-04-14,24541.0
Walnut,GITHUB_comments_over_all_time,2025-04-14,943.0
Pyth Network,GITHUB_forks_over_all_time,2025-04-14,737.0
Passport XYZ,GITHUB_forks_over_all_time,2025-04-14,55.0
Passport XYZ,GITHUB_avg_prs_time_to_merge_over_all_time,2025-04-14,0.0
Passport XYZ,GITHUB_repositories_over_all_time,2025-04-14,17.0
9Lives,GITHUB_repositories_over_all_time,2025-04-14,1.0
Solang,GITHUB_repositories_over_all_time,2025-04-14,1.0
Walnut,GITHUB_repositories_over_all_time,2025-04-14,22.0
Enclave,GITHUB_repositories_over_all_time,2025-04-14,1.0
Moving Stylus,GITHUB_repositories_over_all_time,2025-04-14,12.0
Pyth Network,GITHUB_repositories_over_all_time,2025-04-14,33.0
Pyth Network,GITHUB_comments_daily,2024-11-23,2.0
Runtime Verification,GITHUB_releases_daily,2024-11-23,1.0
Pyth Network,GITHUB_commits_daily,2024-11-23,2.0
Open Source Observer,GITHUB_repositories_daily,2024-11-23,1.0
Pyth Network,GITHUB_contributors_daily,2024-11-23,2.0
Runtime Verification,GITHUB_contributors_daily,2024-11-23,2.0
Open Source Observer,GITHUB_active_developers_daily,2024-11-23,1.0
Walnut,GITHUB_stars_weekly,2024-02-19,2.0
Trail of Bits Security Reviews,GITHUB_stars_weekly,2024-02-19,70.0
Runtime Verification,GITHUB_commits_daily,2024-02-19,41.0
Redstone Finance,GITHUB_commits_daily,2024-02-19,6.0
thirdweb,GITHUB_releases_weekly,2024-02-19,10.0
Redstone Finance,GITHUB_commits_weekly,2024-02-19,39.0
Trail of Bits Security Reviews,GITHUB_comments_weekly,2024-02-19,15.0
thirdweb,GITHUB_comments_weekly,2024-02-19,236.0
Pyth Network,GITHUB_repositories_weekly,2024-02-19,11.0
Redstone Finance,GITHUB_repositories_weekly,2024-02-19,8.0
Runtime Verification,GITHUB_repositories_daily,2024-02-19,12.0
Open Source Observer,GITHUB_repositories_daily,2024-02-19,3.0
thirdweb,GITHUB_repositories_daily,2024-02-19,5.0
Syndicate Protocol,GITHUB_contributors_weekly,2024-02-19,1.0
thirdweb,GITHUB_contributors_daily,2024-02-19,5.0
Open Source Observer,GITHUB_contributors_daily,2024-02-19,3.0
Pyth Network,GITHUB_contributors_daily,2024-02-19,9.0
Trail of Bits Security Reviews,GITHUB_contributors_daily,2024-02-19,3.0
thirdweb,GITHUB_active_developers_weekly,2024-02-19,10.0
Walnut,GITHUB_active_developers_weekly,2024-02-19,2.0
Trail of Bits Security Reviews,GITHUB_active_developers_daily,2024-02-19,2.0
Walnut,GITHUB_opened_pull_requests_weekly,2024-02-19,8.0
thirdweb,GITHUB_opened_pull_requests_weekly,2024-02-19,87.0
Redstone Finance,GITHUB_opened_pull_requests_weekly,2024-02-19,2.0
Walnut,GITHUB_merged_pull_requests_weekly,2024-02-19,8.0
Runtime Verification,GITHUB_opened_pull_requests_daily,2024-02-19,26.0
Walnut,GITHUB_merged_pull_requests_daily,2024-02-19,1.0
thirdweb,GITHUB_merged_pull_requests_daily,2024-02-19,7.0
Runtime Verification,GITHUB_merged_pull_requests_daily,2024-02-19,24.0
Runtime Verification,GITHUB_opened_issues_daily,2024-02-19,3.0
Open Source Observer,GITHUB_closed_issues_daily,2024-02-19,1.0
Trail of Bits Security Reviews,GITHUB_closed_issues_weekly,2024-02-19,2.0
thirdweb,GITHUB_comments_daily,2024-10-26,7.0
Open Source Observer,GITHUB_forks_daily,2024-10-26,2.0
thirdweb,GITHUB_contributors_daily,2024-10-26,1.0
thirdweb,GITHUB_opened_pull_requests_daily,2024-10-26,1.0
Pyth Network,GITHUB_merged_pull_requests_daily,2024-10-26,1.0
Trail of Bits Security Reviews,GITHUB_merged_pull_requests_daily,2024-10-26,5.0
Open Source Observer,GITHUB_opened_issues_daily,2024-10-26,1.0
Pyth Network,GITHUB_new_contributors_quarterly,2025-01-01,3.0
Runtime Verification,GITHUB_new_contributors_quarterly,2025-01-01,1.0
thirdweb,GITHUB_part_time_contributors_quarterly,2025-01-01,41.0
Trail of Bits Security Reviews,GITHUB_new_contributors_quarterly,2025-01-01,10.0
Sylow,GITHUB_part_time_contributors_quarterly,2025-01-01,1.0
Solang,GITHUB_part_time_contributors_quarterly,2025-01-01,4.0
Enclave,GITHUB_part_time_contributors_quarterly,2025-01-01,2.0
Moving Stylus,GITHUB_active_contributors_quarterly,2025-01-01,4.0
Pyth Network,GITHUB_part_time_contributors_quarterly,2025-01-01,29.0
Open Source Observer,GITHUB_new_contributors_quarterly,2025-01-01,1.0
Syndicate Protocol,GITHUB_part_time_contributors_quarterly,2025-01-01,1.0
Solang,GITHUB_active_contributors_quarterly,2025-01-01,4.0
Walnut,GITHUB_active_contributors_quarterly,2025-01-01,8.0
Moving Stylus,GITHUB_new_contributors_quarterly,2025-01-01,2.0
Redstone Finance,GITHUB_part_time_contributors_quarterly,2025-01-01,11.0
Sylow,GITHUB_active_contributors_quarterly,2025-01-01,1.0
Debid - Fairblock,GITHUB_releases_biannually,2025-01-01,2.0
Pyth Network,GITHUB_releases_biannually,2025-01-01,35.0
Trail of Bits Security Reviews,GITHUB_releases_biannually,2025-01-01,22.0
Passport XYZ,GITHUB_releases_biannually,2025-01-01,22.0
Redstone Finance,GITHUB_releases_quarterly,2025-01-01,3.0
Runtime Verification,GITHUB_releases_quarterly,2025-01-01,60.0
Pyth Network,GITHUB_releases_quarterly,2025-01-01,35.0
Debid - Fairblock,GITHUB_commits_biannually,2025-01-01,20.0
thirdweb,GITHUB_commits_biannually,2025-01-01,291.0
9Lives,GITHUB_commits_biannually,2025-01-01,232.0
Redstone Finance,GITHUB_commits_biannually,2025-01-01,132.0
Pyth Network,GITHUB_commits_biannually,2025-01-01,201.0
Arbos Foundry,GITHUB_commits_biannually,2025-01-01,10.0
thirdweb,GITHUB_active_developers_biannually,2025-01-01,13.0
Sylow,GITHUB_active_developers_biannually,2025-01-01,1.0
Syndicate Protocol,GITHUB_active_developers_biannually,2025-01-01,1.0
Syndicate Protocol,GITHUB_repositories_quarterly,2025-01-01,2.0
Runtime Verification,GITHUB_repositories_quarterly,2025-01-01,26.0
Solang,GITHUB_repositories_quarterly,2025-01-01,1.0
Trail of Bits Security Reviews,GITHUB_repositories_quarterly,2025-01-01,74.0
Debid - Fairblock,GITHUB_repositories_quarterly,2025-01-01,5.0
Moving Stylus,GITHUB_repositories_quarterly,2025-01-01,3.0
Syndicate Protocol,GITHUB_active_developers_quarterly,2025-01-01,1.0
Enclave,GITHUB_active_developers_quarterly,2025-01-01,1.0
Sylow,GITHUB_active_developers_quarterly,2025-01-01,1.0
Passport XYZ,GITHUB_active_developers_quarterly,2025-01-01,4.0
Debid - Fairblock,GITHUB_forks_monthly,2025-01-01,4.0
Trail of Bits Security Reviews,GITHUB_forks_monthly,2025-01-01,36.0
Debid - Fairblock,GITHUB_part_time_developers_quarterly,2025-01-01,3.0
Enclave,GITHUB_stars_biannually,2025-01-01,2.0
Passport XYZ,GITHUB_stars_monthly,2025-01-01,64.0
Redstone Finance,GITHUB_stars_monthly,2025-01-01,16.0
Solang,GITHUB_stars_monthly,2025-01-01,7.0
9Lives,GITHUB_stars_monthly,2025-01-01,2.0
Runtime Verification,GITHUB_stars_daily,2025-01-01,1.0
Redstone Finance,GITHUB_commits_monthly,2025-01-01,132.0
Debid - Fairblock,GITHUB_commits_monthly,2025-01-01,20.0
thirdweb,GITHUB_commits_monthly,2025-01-01,291.0
Trail of Bits Security Reviews,GITHUB_commits_monthly,2025-01-01,285.0
Solang,GITHUB_comments_monthly,2025-01-01,7.0
Moving Stylus,GITHUB_comments_monthly,2025-01-01,2.0
Enclave,GITHUB_stars_quarterly,2025-01-01,2.0
Trail of Bits Security Reviews,GITHUB_stars_quarterly,2025-01-01,256.0
Syndicate Protocol,GITHUB_stars_quarterly,2025-01-01,3.0
Trail of Bits Security Reviews,GITHUB_commits_daily,2025-01-01,10.0
Open Source Observer,GITHUB_commits_daily,2025-01-01,1.0
Runtime Verification,GITHUB_releases_monthly,2025-01-01,60.0
Passport XYZ,GITHUB_releases_monthly,2025-01-01,22.0
thirdweb,GITHUB_commits_quarterly,2025-01-01,291.0
9Lives,GITHUB_commits_quarterly,2025-01-01,232.0
Enclave,GITHUB_commits_quarterly,2025-01-01,1.0
Solang,GITHUB_forks_biannually,2025-01-01,3.0
Pyth Network,GITHUB_forks_quarterly,2025-01-01,16.0
Trail of Bits Security Reviews,GITHUB_forks_quarterly,2025-01-01,36.0
Passport XYZ,GITHUB_forks_quarterly,2025-01-01,8.0
Solang,GITHUB_forks_quarterly,2025-01-01,3.0
Redstone Finance,GITHUB_forks_biannually,2025-01-01,4.0
thirdweb,GITHUB_forks_daily,2025-01-01,2.0
Open Source Observer,GITHUB_repositories_daily,2025-01-01,3.0
Pyth Network,GITHUB_repositories_monthly,2025-01-01,15.0
thirdweb,GITHUB_repositories_monthly,2025-01-01,22.0
Walnut,GITHUB_repositories_monthly,2025-01-01,9.0
Debid - Fairblock,GITHUB_repositories_monthly,2025-01-01,5.0
Trail of Bits Security Reviews,GITHUB_repositories_biannually,2025-01-01,74.0
Pyth Network,GITHUB_repositories_biannually,2025-01-01,15.0
Syndicate Protocol,GITHUB_repositories_biannually,2025-01-01,2.0
Open Source Observer,GITHUB_contributors_monthly,2025-01-01,15.0
Arbos Foundry,GITHUB_contributors_monthly,2025-01-01,1.0
Redstone Finance,GITHUB_contributors_monthly,2025-01-01,11.0
Walnut,GITHUB_contributors_biannually,2025-01-01,8.0
Arbos Foundry,GITHUB_contributors_quarterly,2025-01-01,1.0
Sylow,GITHUB_contributors_biannually,2025-01-01,1.0
9Lives,GITHUB_contributors_biannually,2025-01-01,4.0
Trail of Bits Security Reviews,GITHUB_contributors_biannually,2025-01-01,41.0
Walnut,GITHUB_contributors_quarterly,2025-01-01,8.0
Syndicate Protocol,GITHUB_contributors_biannually,2025-01-01,1.0
Trail of Bits Security Reviews,GITHUB_contributors_quarterly,2025-01-01,41.0
9Lives,GITHUB_contributors_quarterly,2025-01-01,4.0
Syndicate Protocol,GITHUB_contributors_quarterly,2025-01-01,1.0
Arbos Foundry,GITHUB_active_developers_monthly,2025-01-01,1.0
Open Source Observer,GITHUB_active_developers_monthly,2025-01-01,9.0
9Lives,GITHUB_active_developers_monthly,2025-01-01,3.0
Trail of Bits Security Reviews,GITHUB_active_developers_monthly,2025-01-01,21.0
Runtime Verification,GITHUB_active_developers_monthly,2025-01-01,13.0
Passport XYZ,GITHUB_part_time_developers_monthly,2025-01-01,4.0
Moving Stylus,GITHUB_part_time_developers_monthly,2025-01-01,3.0
Redstone Finance,GITHUB_full_time_developers_monthly,2025-01-01,1.0
Syndicate Protocol,GITHUB_part_time_developers_monthly,2025-01-01,1.0
Walnut,GITHUB_contributors_daily,2025-01-01,1.0
Arbos Foundry,GITHUB_part_time_developers_biannually,2025-01-01,1.0
Open Source Observer,GITHUB_part_time_developers_biannually,2025-01-01,9.0
Passport XYZ,GITHUB_part_time_developers_biannually,2025-01-01,4.0
Sylow,GITHUB_part_time_developers_biannually,2025-01-01,1.0
Moving Stylus,GITHUB_part_time_developers_biannually,2025-01-01,3.0
Enclave,GITHUB_active_contributors_monthly,2025-01-01,2.0
Trail of Bits Security Reviews,GITHUB_new_contributors_monthly,2025-01-01,10.0
9Lives,GITHUB_full_time_contributors_monthly,2025-01-01,2.0
CoBuilders,GITHUB_active_contributors_monthly,2025-01-01,1.0
Redstone Finance,GITHUB_active_contributors_monthly,2025-01-01,11.0
Runtime Verification,GITHUB_new_contributors_monthly,2025-01-01,1.0
Walnut,GITHUB_full_time_contributors_monthly,2025-01-01,2.0
Open Source Observer,GITHUB_active_contributors_monthly,2025-01-01,15.0
Arbos Foundry,GITHUB_part_time_contributors_monthly,2025-01-01,1.0
thirdweb,GITHUB_new_contributors_monthly,2025-01-01,11.0
Pyth Network,GITHUB_part_time_contributors_biannually,2025-01-01,29.0
Open Source Observer,GITHUB_active_contributors_biannually,2025-01-01,15.0
thirdweb,GITHUB_active_contributors_biannually,2025-01-01,41.0
thirdweb,GITHUB_part_time_contributors_biannually,2025-01-01,41.0
Pyth Network,GITHUB_active_contributors_biannually,2025-01-01,29.0
Runtime Verification,GITHUB_new_contributors_biannually,2025-01-01,1.0
Solang,GITHUB_new_contributors_biannually,2025-01-01,4.0
Walnut,GITHUB_part_time_contributors_biannually,2025-01-01,8.0
thirdweb,GITHUB_new_contributors_biannually,2025-01-01,11.0
Solang,GITHUB_active_contributors_biannually,2025-01-01,4.0
Moving Stylus,GITHUB_part_time_contributors_biannually,2025-01-01,4.0
Syndicate Protocol,GITHUB_new_contributors_biannually,2025-01-01,1.0
Debid - Fairblock,GITHUB_new_contributors_biannually,2025-01-01,1.0
Runtime Verification,GITHUB_active_contributors_biannually,2025-01-01,25.0
Redstone Finance,GITHUB_active_contributors_biannually,2025-01-01,11.0
Trail of Bits Security Reviews,GITHUB_new_contributors_biannually,2025-01-01,10.0
Pyth Network,GITHUB_active_developers_daily,2025-01-01,1.0
Runtime Verification,GITHUB_change_in_part_time_contributors_monthly,2025-01-01,4.0
thirdweb,GITHUB_change_in_full_time_contributors_monthly,2025-01-01,0.0
Pyth Network,GITHUB_change_in_full_time_contributors_monthly,2025-01-01,-4.0
Enclave,GITHUB_change_in_part_time_contributors_monthly,2025-01-01,-1.0
Redstone Finance,GITHUB_change_in_part_time_contributors_monthly,2025-01-01,-2.0
Debid - Fairblock,GITHUB_change_in_active_developers_monthly,2025-01-01,0.0
Runtime Verification,GITHUB_change_in_active_developers_quarterly,2025-01-01,3.0
Syndicate Protocol,GITHUB_change_in_part_time_contributors_quarterly,2025-01-01,0.0
Debid - Fairblock,GITHUB_change_in_active_developers_quarterly,2025-01-01,0.0
Sylow,GITHUB_change_in_part_time_contributors_quarterly,2025-01-01,0.0
Redstone Finance,GITHUB_change_in_part_time_contributors_quarterly,2025-01-01,-2.0
Pyth Network,GITHUB_change_in_active_developers_quarterly,2025-01-01,3.0
thirdweb,GITHUB_change_in_active_developers_quarterly,2025-01-01,11.0
Redstone Finance,GITHUB_change_in_active_developers_biannually,2025-01-01,-2.0
Open Source Observer,GITHUB_change_in_active_developers_biannually,2025-01-01,-3.0
Runtime Verification,GITHUB_change_in_active_developers_biannually,2025-01-01,3.0
Arbos Foundry,GITHUB_change_in_part_time_contributors_biannually,2025-01-01,1.0
Enclave,GITHUB_change_in_part_time_contributors_biannually,2025-01-01,0.0
Open Source Observer,GITHUB_change_in_active_developers_quarterly,2025-01-01,-3.0
Syndicate Protocol,GITHUB_change_in_active_developers_monthly,2025-01-01,0.0
Runtime Verification,GITHUB_change_in_full_time_contributors_monthly,2025-01-01,-1.0
Walnut,GITHUB_change_in_part_time_contributors_monthly,2025-01-01,1.0
Redstone Finance,GITHUB_change_in_part_time_contributors_biannually,2025-01-01,-2.0
Sylow,GITHUB_change_in_part_time_contributors_monthly,2025-01-01,0.0
9Lives,GITHUB_change_in_full_time_contributors_monthly,2025-01-01,
Open Source Observer,GITHUB_change_in_full_time_contributors_monthly,2025-01-01,-2.0
CoBuilders,GITHUB_change_in_part_time_contributors_quarterly,2025-01-01,0.0
Enclave,GITHUB_change_in_active_developers_quarterly,2025-01-01,0.0
Arbos Foundry,GITHUB_change_in_active_developers_quarterly,2025-01-01,1.0
Solang,GITHUB_opened_pull_requests_monthly,2025-01-01,2.0
Moving Stylus,GITHUB_opened_pull_requests_monthly,2025-01-01,7.0
Passport XYZ,GITHUB_opened_pull_requests_monthly,2025-01-01,54.0
Enclave,GITHUB_opened_pull_requests_monthly,2025-01-01,3.0
Debid - Fairblock,GITHUB_opened_pull_requests_monthly,2025-01-01,3.0
Runtime Verification,GITHUB_opened_pull_requests_monthly,2025-01-01,101.0
Pyth Network,GITHUB_opened_pull_requests_daily,2025-01-01,1.0
Syndicate Protocol,GITHUB_opened_pull_requests_biannually,2025-01-01,1.0
CoBuilders,GITHUB_opened_pull_requests_biannually,2025-01-01,5.0
Walnut,GITHUB_opened_pull_requests_biannually,2025-01-01,32.0
CoBuilders,GITHUB_opened_pull_requests_quarterly,2025-01-01,5.0
Solang,GITHUB_opened_pull_requests_biannually,2025-01-01,2.0
Enclave,GITHUB_opened_pull_requests_biannually,2025-01-01,3.0
Sylow,GITHUB_opened_pull_requests_quarterly,2025-01-01,1.0
thirdweb,GITHUB_opened_pull_requests_biannually,2025-01-01,267.0
Trail of Bits Security Reviews,GITHUB_merged_pull_requests_monthly,2025-01-01,137.0
Runtime Verification,GITHUB_merged_pull_requests_monthly,2025-01-01,78.0
Moving Stylus,GITHUB_merged_pull_requests_monthly,2025-01-01,5.0
Pyth Network,GITHUB_merged_pull_requests_monthly,2025-01-01,178.0
Enclave,GITHUB_merged_pull_requests_quarterly,2025-01-01,3.0
Moving Stylus,GITHUB_merged_pull_requests_quarterly,2025-01-01,5.0
Pyth Network,GITHUB_merged_pull_requests_quarterly,2025-01-01,178.0
Syndicate Protocol,GITHUB_merged_pull_requests_quarterly,2025-01-01,1.0
Debid - Fairblock,GITHUB_merged_pull_requests_biannually,2025-01-01,2.0
Runtime Verification,GITHUB_merged_pull_requests_biannually,2025-01-01,78.0
Syndicate Protocol,GITHUB_merged_pull_requests_biannually,2025-01-01,1.0
Runtime Verification,GITHUB_opened_issues_quarterly,2025-01-01,27.0
Open Source Observer,GITHUB_opened_issues_quarterly,2025-01-01,128.0
Enclave,GITHUB_opened_issues_quarterly,2025-01-01,3.0
thirdweb,GITHUB_opened_issues_quarterly,2025-01-01,20.0
Runtime Verification,GITHUB_opened_issues_monthly,2025-01-01,27.0
Open Source Observer,GITHUB_opened_issues_monthly,2025-01-01,128.0
thirdweb,GITHUB_opened_issues_biannually,2025-01-01,20.0
Open Source Observer,GITHUB_opened_issues_daily,2025-01-01,1.0
Walnut,GITHUB_closed_issues_biannually,2025-01-01,20.0
9Lives,GITHUB_avg_prs_time_to_merge_quarterly,2025-01-01,0.0
Open Source Observer,GITHUB_avg_prs_time_to_merge_quarterly,2025-01-01,0.0
Sylow,GITHUB_avg_prs_time_to_merge_quarterly,2025-01-01,0.0
Redstone Finance,GITHUB_avg_prs_time_to_merge_quarterly,2025-01-01,0.0
Walnut,GITHUB_avg_prs_time_to_merge_quarterly,2025-01-01,0.0
Runtime Verification,GITHUB_closed_issues_quarterly,2025-01-01,12.0
Moving Stylus,GITHUB_avg_time_to_first_response_quarterly,2025-01-01,2.6
9Lives,GITHUB_avg_time_to_first_response_quarterly,2025-01-01,0.0
Moving Stylus,GITHUB_avg_prs_time_to_merge_biannually,2025-01-01,0.0
Walnut,GITHUB_avg_prs_time_to_merge_biannually,2025-01-01,0.0
Redstone Finance,GITHUB_avg_prs_time_to_merge_biannually,2025-01-01,0.0
Solang,GITHUB_avg_prs_time_to_merge_biannually,2025-01-01,0.0
Solang,GITHUB_avg_time_to_first_response_quarterly,2025-01-01,978.1666666666666
Redstone Finance,GITHUB_avg_time_to_first_response_biannually,2025-01-01,925.3333333333334
Enclave,GITHUB_avg_time_to_first_response_biannually,2025-01-01,405275.3333333333
Runtime Verification,GITHUB_avg_time_to_first_response_biannually,2025-01-01,418279.6
Solang,GITHUB_avg_time_to_first_response_biannually,2025-01-01,978.1666666666666
Walnut,GITHUB_avg_time_to_first_response_biannually,2025-01-01,306697.11320754717
Pyth Network,GITHUB_avg_time_to_first_response_biannually,2025-01-01,261785.84422110554
Solang,GITHUB_closed_issues_monthly,2025-01-01,2.0
Walnut,GITHUB_closed_issues_monthly,2025-01-01,20.0
thirdweb,GITHUB_closed_issues_daily,2025-01-01,1.0
Arbos Foundry,GITHUB_change_in_full_time_contributors_biannually,2025-01-01,0.0
Sylow,GITHUB_change_in_active_contributors_biannually,2025-01-01,0.0
Solang,GITHUB_change_in_full_time_contributors_monthly,2025-01-01,0.0
Solang,GITHUB_change_in_new_contributors_monthly,2025-01-01,0.0
CoBuilders,GITHUB_change_in_active_contributors_biannually,2025-01-01,0.0
CoBuilders,GITHUB_change_in_full_time_contributors_biannually,2025-01-01,0.0
Pyth Network,GITHUB_change_in_new_contributors_biannually,2025-01-01,20.0
Pyth Network,GITHUB_churned_contributors_biannually,2025-01-01,0.0
Passport XYZ,GITHUB_change_in_active_contributors_biannually,2025-01-01,0.0
Moving Stylus,GITHUB_change_in_full_time_contributors_biannually,2025-01-01,0.0
Enclave,GITHUB_churned_contributors_biannually,2025-01-01,0.0
Arbos Foundry,GITHUB_change_in_active_contributors_monthly,2025-01-01,1.0
Sylow,GITHUB_change_in_active_contributors_monthly,2025-01-01,0.0
Sylow,GITHUB_churned_contributors_monthly,2025-01-01,0.0
Redstone Finance,GITHUB_churned_contributors_quarterly,2025-01-01,-3.0
Trail of Bits Security Reviews,GITHUB_change_in_full_time_contributors_quarterly,2025-01-01,0.0
Redstone Finance,GITHUB_change_in_new_contributors_quarterly,2025-01-01,5.0
Open Source Observer,GITHUB_change_in_new_contributors_monthly,2025-01-01,8.0
Debid - Fairblock,GITHUB_churned_contributors_quarterly,2025-01-01,-1.0
thirdweb,GITHUB_change_in_new_contributors_quarterly,2025-01-01,27.0
Runtime Verification,GITHUB_change_in_active_contributors_quarterly,2025-01-01,3.0
Sylow,GITHUB_change_in_active_contributors_quarterly,2025-01-01,0.0
thirdweb,GITHUB_churned_contributors_monthly,2025-01-01,0.0
Runtime Verification,GITHUB_churned_contributors_monthly,2025-01-01,2.0
Runtime Verification,GITHUB_change_in_active_contributors_monthly,2025-01-01,3.0
Arbos Foundry,GITHUB_change_in_new_contributors_quarterly,2025-01-01,0.0
Arbos Foundry,GITHUB_churned_contributors_quarterly,2025-01-01,1.0
Arbos Foundry,GITHUB_change_in_full_time_contributors_quarterly,2025-01-01,0.0
Arbos Foundry,GITHUB_change_in_active_contributors_quarterly,2025-01-01,1.0
Sylow,GITHUB_change_in_full_time_contributors_quarterly,2025-01-01,0.0
Debid - Fairblock,GITHUB_change_in_new_contributors_quarterly,2025-01-01,0.0
Debid - Fairblock,GITHUB_change_in_active_contributors_quarterly,2025-01-01,0.0
Open Source Observer,GITHUB_churned_contributors_biannually,2025-01-01,-4.0
Solang,GITHUB_change_in_new_contributors_biannually,2025-01-01,0.0
CoBuilders,GITHUB_change_in_full_time_contributors_monthly,2025-01-01,0.0
Pyth Network,GITHUB_churned_contributors_monthly,2025-01-01,0.0
9Lives,GITHUB_change_in_active_contributors_monthly,2025-01-01,
Moving Stylus,GITHUB_change_in_full_time_contributors_monthly,2025-01-01,0.0
Solang,GITHUB_change_in_full_time_contributors_quarterly,2025-01-01,0.0
Redstone Finance,GITHUB_churned_contributors_monthly,2025-01-01,-3.0
Trail of Bits Security Reviews,GITHUB_churned_contributors_monthly,2025-01-01,3.0
Trail of Bits Security Reviews,GITHUB_change_in_new_contributors_monthly,2025-01-01,21.0
Trail of Bits Security Reviews,GITHUB_change_in_full_time_contributors_biannually,2025-01-01,0.0
Trail of Bits Security Reviews,GITHUB_change_in_active_contributors_biannually,2025-01-01,13.0
Redstone Finance,GITHUB_change_in_active_contributors_biannually,2025-01-01,-2.0
Pyth Network,GITHUB_churned_contributors_quarterly,2025-01-01,0.0
Passport XYZ,GITHUB_change_in_new_contributors_quarterly,2025-01-01,6.0
9Lives,GITHUB_change_in_full_time_contributors_quarterly,2025-01-01,
Moving Stylus,GITHUB_change_in_full_time_contributors_quarterly,2025-01-01,0.0
Enclave,GITHUB_churned_contributors_quarterly,2025-01-01,0.0
Debid - Fairblock,GITHUB_change_in_new_contributors_biannually,2025-01-01,0.0
thirdweb,GITHUB_change_in_full_time_contributors_biannually,2025-01-01,0.0
thirdweb,GITHUB_change_in_new_contributors_biannually,2025-01-01,27.0
Trail of Bits Security Reviews,GITHUB_comments_daily,2024-02-11,1.0
Trail of Bits Security Reviews,GITHUB_stars_daily,2024-02-11,10.0
thirdweb,GITHUB_forks_daily,2024-02-11,4.0
Runtime Verification,GITHUB_repositories_daily,2024-02-11,2.0
Open Source Observer,GITHUB_repositories_daily,2024-02-11,1.0
Runtime Verification,GITHUB_contributors_daily,2024-02-11,2.0
Open Source Observer,GITHUB_contributors_daily,2024-02-11,1.0
Runtime Verification,GITHUB_active_developers_daily,2024-02-11,1.0
Trail of Bits Security Reviews,GITHUB_opened_pull_requests_daily,2024-02-11,1.0
Runtime Verification,GITHUB_closed_issues_daily,2024-02-11,1.0
Trail of Bits Security Reviews,GITHUB_forks_weekly,2025-01-13,11.0
Passport XYZ,GITHUB_comments_daily,2025-01-13,14.0
CoBuilders,GITHUB_comments_daily,2025-01-13,2.0
Sylow,GITHUB_stars_weekly,2025-01-13,1.0
Open Source Observer,GITHUB_stars_weekly,2025-01-13,2.0
9Lives,GITHUB_stars_weekly,2025-01-13,1.0
Runtime Verification,GITHUB_stars_daily,2025-01-13,1.0
Pyth Network,GITHUB_releases_weekly,2025-01-13,10.0
thirdweb,GITHUB_releases_weekly,2025-01-13,8.0
Trail of Bits Security Reviews,GITHUB_releases_weekly,2025-01-13,10.0
Redstone Finance,GITHUB_releases_weekly,2025-01-13,2.0
Open Source Observer,GITHUB_commits_daily,2025-01-13,3.0
Pyth Network,GITHUB_commits_daily,2025-01-13,10.0
9Lives,GITHUB_commits_weekly,2025-01-13,59.0
thirdweb,GITHUB_commits_weekly,2025-01-13,59.0
Moving Stylus,GITHUB_commits_weekly,2025-01-13,20.0
Open Source Observer,GITHUB_comments_weekly,2025-01-13,177.0
Walnut,GITHUB_commits_weekly,2025-01-13,31.0
Runtime Verification,GITHUB_comments_weekly,2025-01-13,64.0
Solang,GITHUB_comments_weekly,2025-01-13,4.0
Redstone Finance,GITHUB_comments_weekly,2025-01-13,12.0
Trail of Bits Security Reviews,GITHUB_comments_weekly,2025-01-13,52.0
Trail of Bits Security Reviews,GITHUB_repositories_weekly,2025-01-13,34.0
Pyth Network,GITHUB_repositories_weekly,2025-01-13,9.0
Moving Stylus,GITHUB_repositories_weekly,2025-01-13,1.0
Redstone Finance,GITHUB_repositories_weekly,2025-01-13,4.0
Passport XYZ,GITHUB_repositories_weekly,2025-01-13,2.0
thirdweb,GITHUB_repositories_daily,2025-01-13,5.0
Walnut,GITHUB_repositories_daily,2025-01-13,4.0
9Lives,GITHUB_repositories_daily,2025-01-13,1.0
Trail of Bits Security Reviews,GITHUB_repositories_daily,2025-01-13,11.0
Open Source Observer,GITHUB_repositories_daily,2025-01-13,3.0
Debid - Fairblock,GITHUB_contributors_weekly,2025-01-13,4.0
Runtime Verification,GITHUB_active_developers_weekly,2025-01-13,8.0
Debid - Fairblock,GITHUB_active_developers_weekly,2025-01-13,3.0
Trail of Bits Security Reviews,GITHUB_active_developers_weekly,2025-01-13,9.0
CoBuilders,GITHUB_contributors_daily,2025-01-13,1.0
Walnut,GITHUB_contributors_daily,2025-01-13,5.0
Trail of Bits Security Reviews,GITHUB_contributors_daily,2025-01-13,7.0
9Lives,GITHUB_contributors_daily,2025-01-13,2.0
Pyth Network,GITHUB_contributors_daily,2025-01-13,10.0
9Lives,GITHUB_active_developers_daily,2025-01-13,2.0
Runtime Verification,GITHUB_active_developers_daily,2025-01-13,4.0
Walnut,GITHUB_active_developers_daily,2025-01-13,4.0
Trail of Bits Security Reviews,GITHUB_active_developers_daily,2025-01-13,3.0
Runtime Verification,GITHUB_opened_pull_requests_weekly,2025-01-13,29.0
CoBuilders,GITHUB_opened_pull_requests_weekly,2025-01-13,2.0
Pyth Network,GITHUB_opened_pull_requests_weekly,2025-01-13,59.0
Runtime Verification,GITHUB_opened_pull_requests_daily,2025-01-13,1.0
thirdweb,GITHUB_opened_pull_requests_daily,2025-01-13,12.0
Passport XYZ,GITHUB_merged_pull_requests_weekly,2025-01-13,16.0
Debid - Fairblock,GITHUB_merged_pull_requests_weekly,2025-01-13,2.0
Pyth Network,GITHUB_merged_pull_requests_daily,2025-01-13,10.0
Passport XYZ,GITHUB_opened_issues_weekly,2025-01-13,12.0
Walnut,GITHUB_opened_issues_weekly,2025-01-13,7.0
Walnut,GITHUB_opened_issues_daily,2025-01-13,7.0
Open Source Observer,GITHUB_opened_issues_daily,2025-01-13,1.0
Trail of Bits Security Reviews,GITHUB_closed_issues_weekly,2025-01-13,4.0
Walnut,GITHUB_closed_issues_daily,2025-01-13,1.0
thirdweb,GITHUB_closed_issues_daily,2025-01-13,2.0
thirdweb,GITHUB_commits_daily,2024-06-02,2.0
Pyth Network,GITHUB_repositories_daily,2024-06-02,1.0
Open Source Observer,GITHUB_contributors_daily,2024-06-02,3.0
thirdweb,GITHUB_active_developers_daily,2024-06-02,2.0
Open Source Observer,GITHUB_opened_pull_requests_daily,2024-06-02,2.0
thirdweb,GITHUB_opened_issues_daily,2024-06-02,1.0
thirdweb,GITHUB_closed_issues_daily,2024-06-02,1.0
Runtime Verification,GITHUB_comments_daily,2024-04-11,40.0
Open Source Observer,GITHUB_comments_daily,2024-04-11,6.0
Syndicate Protocol,GITHUB_stars_daily,2024-04-11,1.0
Trail of Bits Security Reviews,GITHUB_commits_daily,2024-04-11,10.0
Redstone Finance,GITHUB_commits_daily,2024-04-11,9.0
Runtime Verification,GITHUB_commits_daily,2024-04-11,30.0
Runtime Verification,GITHUB_releases_daily,2024-04-11,4.0
thirdweb,GITHUB_forks_daily,2024-04-11,1.0
Syndicate Protocol,GITHUB_repositories_daily,2024-04-11,1.0
Pyth Network,GITHUB_repositories_daily,2024-04-11,5.0
Trail of Bits Security Reviews,GITHUB_repositories_daily,2024-04-11,13.0
Walnut,GITHUB_repositories_daily,2024-04-11,1.0
Open Source Observer,GITHUB_active_developers_daily,2024-04-11,1.0
thirdweb,GITHUB_active_developers_daily,2024-04-11,9.0
Syndicate Protocol,GITHUB_contributors_daily,2024-04-11,1.0
Runtime Verification,GITHUB_contributors_daily,2024-04-11,20.0
Pyth Network,GITHUB_contributors_daily,2024-04-11,11.0
Trail of Bits Security Reviews,GITHUB_contributors_daily,2024-04-11,6.0
thirdweb,GITHUB_opened_pull_requests_daily,2024-04-11,16.0
Runtime Verification,GITHUB_opened_pull_requests_daily,2024-04-11,11.0
Runtime Verification,GITHUB_opened_issues_daily,2024-04-11,101.0
Open Source Observer,GITHUB_opened_issues_daily,2024-04-11,2.0
Walnut,GITHUB_opened_issues_daily,2024-04-11,2.0
Trail of Bits Security Reviews,GITHUB_opened_issues_daily,2024-04-11,1.0
thirdweb,GITHUB_closed_issues_daily,2024-04-11,1.0
Runtime Verification,GITHUB_closed_issues_daily,2024-04-11,3.0
Walnut,GITHUB_comments_daily,2024-10-22,2.0
Runtime Verification,GITHUB_commits_daily,2024-10-22,3.0
Passport XYZ,GITHUB_commits_daily,2024-10-22,6.0
Open Source Observer,GITHUB_commits_daily,2024-10-22,4.0
Debid - Fairblock,GITHUB_forks_daily,2024-10-22,1.0
thirdweb,GITHUB_repositories_daily,2024-10-22,3.0
thirdweb,GITHUB_contributors_daily,2024-10-22,7.0
Debid - Fairblock,GITHUB_active_developers_daily,2024-10-22,2.0
Walnut,GITHUB_active_developers_daily,2024-10-22,1.0
Trail of Bits Security Reviews,GITHUB_active_developers_daily,2024-10-22,6.0
thirdweb,GITHUB_opened_pull_requests_daily,2024-10-22,15.0
Runtime Verification,GITHUB_opened_pull_requests_daily,2024-10-22,1.0
Walnut,GITHUB_opened_pull_requests_daily,2024-10-22,1.0
Pyth Network,GITHUB_opened_pull_requests_daily,2024-10-22,6.0
Remix IDE plugin for Arbitrum Stylus,GITHUB_opened_pull_requests_daily,2024-10-22,1.0
Trail of Bits Security Reviews,GITHUB_merged_pull_requests_daily,2024-10-22,13.0
Open Source Observer,GITHUB_opened_issues_daily,2024-10-22,2.0
Passport XYZ,GITHUB_opened_issues_daily,2024-10-22,4.0
Enclave,GITHUB_opened_issues_daily,2024-10-22,3.0
Enclave,GITHUB_comments_daily,2024-10-23,46.0
Open Source Observer,GITHUB_comments_daily,2024-10-23,21.0
Trail of Bits Security Reviews,GITHUB_comments_daily,2024-10-23,7.0
Passport XYZ,GITHUB_comments_daily,2024-10-23,4.0
Trail of Bits Security Reviews,GITHUB_stars_daily,2024-10-23,12.0
Runtime Verification,GITHUB_commits_daily,2024-10-23,16.0
thirdweb,GITHUB_commits_daily,2024-10-23,15.0
Trail of Bits Security Reviews,GITHUB_commits_daily,2024-10-23,17.0
Passport XYZ,GITHUB_forks_daily,2024-10-23,2.0
Runtime Verification,GITHUB_forks_daily,2024-10-23,1.0
Redstone Finance,GITHUB_repositories_daily,2024-10-23,2.0
Pyth Network,GITHUB_repositories_daily,2024-10-23,3.0
thirdweb,GITHUB_contributors_daily,2024-10-23,8.0
Runtime Verification,GITHUB_active_developers_daily,2024-10-23,3.0
Passport XYZ,GITHUB_opened_pull_requests_daily,2024-10-23,2.0
Enclave,GITHUB_opened_pull_requests_daily,2024-10-23,1.0
Redstone Finance,GITHUB_merged_pull_requests_daily,2024-10-23,1.0
Passport XYZ,GITHUB_merged_pull_requests_daily,2024-10-23,2.0
Open Source Observer,GITHUB_closed_issues_daily,2024-10-23,3.0
Runtime Verification,GITHUB_comments_daily,2024-03-25,54.0
Walnut,GITHUB_comments_daily,2024-03-25,2.0
thirdweb,GITHUB_comments_daily,2024-03-25,59.0
Trail of Bits Security Reviews,GITHUB_stars_daily,2024-03-25,21.0
Walnut,GITHUB_commits_daily,2024-03-25,23.0
Trail of Bits Security Reviews,GITHUB_commits_daily,2024-03-25,13.0
Runtime Verification,GITHUB_stars_weekly,2024-03-25,1.0
Debid - Fairblock,GITHUB_releases_daily,2024-03-25,2.0
Runtime Verification,GITHUB_releases_weekly,2024-03-25,32.0
Pyth Network,GITHUB_releases_weekly,2024-03-25,2.0
thirdweb,GITHUB_releases_weekly,2024-03-25,61.0
Trail of Bits Security Reviews,GITHUB_commits_weekly,2024-03-25,28.0
Redstone Finance,GITHUB_commits_weekly,2024-03-25,45.0
Walnut,GITHUB_comments_weekly,2024-03-25,9.0
Trail of Bits Security Reviews,GITHUB_comments_weekly,2024-03-25,50.0
Pyth Network,GITHUB_repositories_daily,2024-03-25,4.0
Trail of Bits Security Reviews,GITHUB_contributors_daily,2024-03-25,6.0
Runtime Verification,GITHUB_contributors_weekly,2024-03-25,22.0
Trail of Bits Security Reviews,GITHUB_active_developers_weekly,2024-03-25,9.0
thirdweb,GITHUB_active_developers_daily,2024-03-25,6.0
Runtime Verification,GITHUB_active_developers_daily,2024-03-25,4.0
Debid - Fairblock,GITHUB_active_developers_daily,2024-03-25,1.0
Debid - Fairblock,GITHUB_opened_pull_requests_weekly,2024-03-25,2.0
Runtime Verification,GITHUB_opened_pull_requests_weekly,2024-03-25,76.0
Walnut,GITHUB_opened_pull_requests_weekly,2024-03-25,2.0
Redstone Finance,GITHUB_opened_pull_requests_weekly,2024-03-25,1.0
Open Source Observer,GITHUB_opened_pull_requests_daily,2024-03-25,3.0
Trail of Bits Security Reviews,GITHUB_merged_pull_requests_weekly,2024-03-25,18.0
Open Source Observer,GITHUB_merged_pull_requests_weekly,2024-03-25,15.0
Debid - Fairblock,GITHUB_merged_pull_requests_daily,2024-03-25,4.0
thirdweb,GITHUB_opened_issues_daily,2024-03-25,1.0
Walnut,GITHUB_opened_issues_daily,2024-03-25,1.0
Pyth Network,GITHUB_opened_issues_weekly,2024-03-25,3.0
thirdweb,GITHUB_opened_issues_weekly,2024-03-25,6.0
Open Source Observer,GITHUB_opened_issues_weekly,2024-03-25,17.0
Walnut,GITHUB_closed_issues_daily,2024-03-25,2.0
Runtime Verification,GITHUB_closed_issues_weekly,2024-03-25,24.0
thirdweb,GITHUB_closed_issues_weekly,2024-03-25,5.0
Solang,GITHUB_comments_daily,2024-10-03,6.0
Open Source Observer,GITHUB_stars_daily,2024-10-03,1.0
Debid - Fairblock,GITHUB_stars_daily,2024-10-03,1.0
Pyth Network,GITHUB_commits_daily,2024-10-03,7.0
Redstone Finance,GITHUB_commits_daily,2024-10-03,28.0
thirdweb,GITHUB_commits_daily,2024-10-03,26.0
thirdweb,GITHUB_forks_daily,2024-10-03,1.0
Runtime Verification,GITHUB_repositories_daily,2024-10-03,12.0
Trail of Bits Security Reviews,GITHUB_repositories_daily,2024-10-03,13.0
Open Source Observer,GITHUB_repositories_daily,2024-10-03,5.0
Trail of Bits Security Reviews,GITHUB_contributors_daily,2024-10-03,5.0
Enclave,GITHUB_contributors_daily,2024-10-03,1.0
Open Source Observer,GITHUB_contributors_daily,2024-10-03,4.0
Trail of Bits Security Reviews,GITHUB_active_developers_daily,2024-10-03,4.0
Pyth Network,GITHUB_active_developers_daily,2024-10-03,3.0
Redstone Finance,GITHUB_opened_pull_requests_daily,2024-10-03,1.0
Open Source Observer,GITHUB_opened_pull_requests_daily,2024-10-03,3.0
thirdweb,GITHUB_opened_pull_requests_daily,2024-10-03,21.0
Runtime Verification,GITHUB_merged_pull_requests_daily,2024-10-03,5.0
Trail of Bits Security Reviews,GITHUB_merged_pull_requests_daily,2024-10-03,7.0
Passport XYZ,GITHUB_merged_pull_requests_daily,2024-10-03,2.0
Pyth Network,GITHUB_comments_daily,2025-04-06,3.0
Open Source Observer,GITHUB_comments_daily,2025-04-06,1.0
9Lives,GITHUB_commits_daily,2025-04-06,1.0
Pyth Network,GITHUB_releases_daily,2025-04-06,3.0
Trail of Bits Security Reviews,GITHUB_repositories_daily,2025-04-06,4.0
Runtime Verification,GITHUB_repositories_daily,2025-04-06,1.0
Pyth Network,GITHUB_opened_pull_requests_daily,2025-04-06,3.0
Passport XYZ,GITHUB_opened_pull_requests_daily,2025-04-06,1.0
Pyth Network,GITHUB_merged_pull_requests_daily,2025-04-06,4.0
9Lives,GITHUB_contributors_daily,2025-04-06,3.0
thirdweb,GITHUB_closed_issues_daily,2025-04-06,1.0
Runtime Verification,GITHUB_releases_daily,2024-04-06,2.0
thirdweb,GITHUB_releases_daily,2024-04-06,11.0
Redstone Finance,GITHUB_active_developers_daily,2024-04-06,1.0
Runtime Verification,GITHUB_active_developers_daily,2024-04-06,2.0
Walnut,GITHUB_opened_pull_requests_daily,2024-04-06,1.0
Trail of Bits Security Reviews,GITHUB_opened_pull_requests_daily,2024-04-06,5.0
thirdweb,GITHUB_repositories_daily,2024-04-06,3.0
Trail of Bits Security Reviews,GITHUB_contributors_daily,2024-04-06,1.0
thirdweb,GITHUB_merged_pull_requests_daily,2024-04-06,7.0
Trail of Bits Security Reviews,GITHUB_comments_daily,2024-12-13,4.0
thirdweb,GITHUB_commits_daily,2024-12-13,38.0
Runtime Verification,GITHUB_commits_daily,2024-12-13,14.0
Redstone Finance,GITHUB_commits_daily,2024-12-13,4.0
Runtime Verification,GITHUB_releases_daily,2024-12-13,3.0
Open Source Observer,GITHUB_repositories_daily,2024-12-13,4.0
Pyth Network,GITHUB_repositories_daily,2024-12-13,6.0
Pyth Network,GITHUB_contributors_daily,2024-12-13,7.0
Debid - Fairblock,GITHUB_contributors_daily,2024-12-13,2.0
Runtime Verification,GITHUB_contributors_daily,2024-12-13,9.0
Pyth Network,GITHUB_active_developers_daily,2024-12-13,2.0
Redstone Finance,GITHUB_active_developers_daily,2024-12-13,2.0
thirdweb,GITHUB_active_developers_daily,2024-12-13,4.0
Trail of Bits Security Reviews,GITHUB_opened_pull_requests_daily,2024-12-13,3.0
Passport XYZ,GITHUB_merged_pull_requests_daily,2024-12-13,2.0
Open Source Observer,GITHUB_merged_pull_requests_daily,2024-12-13,5.0
Runtime Verification,GITHUB_merged_pull_requests_daily,2024-12-13,5.0
Trail of Bits Security Reviews,GITHUB_merged_pull_requests_daily,2024-12-13,1.0
Trail of Bits Security Reviews,GITHUB_opened_issues_daily,2024-12-13,11.0
Trail of Bits Security Reviews,GITHUB_comments_daily,2024-07-27,4.0
Trail of Bits Security Reviews,GITHUB_stars_daily,2024-07-27,7.0
Redstone Finance,GITHUB_commits_daily,2024-07-27,2.0
Open Source Observer,GITHUB_commits_daily,2024-07-27,4.0
Open Source Observer,GITHUB_repositories_daily,2024-07-27,2.0
thirdweb,GITHUB_contributors_daily,2024-07-27,11.0
Redstone Finance,GITHUB_active_developers_daily,2024-07-27,2.0
Trail of Bits Security Reviews,GITHUB_active_developers_daily,2024-07-27,1.0
Trail of Bits Security Reviews,GITHUB_merged_pull_requests_daily,2024-07-27,1.0
thirdweb,GITHUB_merged_pull_requests_daily,2024-07-27,14.0
Trail of Bits Security Reviews,GITHUB_comments_daily,2025-02-22,1.0
Open Source Observer,GITHUB_comments_daily,2025-02-22,6.0
9Lives,GITHUB_commits_daily,2025-02-22,1.0
Trail of Bits Security Reviews,GITHUB_commits_daily,2025-02-22,1.0
thirdweb,GITHUB_stars_daily,2025-02-22,1.0
Pyth Network,GITHUB_repositories_daily,2025-02-22,2.0
Passport XYZ,GITHUB_repositories_daily,2025-02-22,1.0
Redstone Finance,GITHUB_repositories_daily,2025-02-22,1.0
Open Source Observer,GITHUB_contributors_daily,2025-02-22,2.0
Trail of Bits Security Reviews,GITHUB_opened_pull_requests_daily,2025-02-22,2.0
Solang,GITHUB_merged_pull_requests_daily,2025-02-22,1.0
thirdweb,GITHUB_opened_issues_daily,2025-02-22,1.0
Open Source Observer,GITHUB_closed_issues_daily,2025-02-22,1.0
Redstone Finance,GITHUB_closed_issues_daily,2025-02-22,1.0
Pyth Network,GITHUB_comments_daily,2024-07-31,24.0
Passport XYZ,GITHUB_comments_daily,2024-07-31,14.0
thirdweb,GITHUB_commits_daily,2024-07-31,9.0
Redstone Finance,GITHUB_commits_daily,2024-07-31,7.0
Trail of Bits Security Reviews,GITHUB_releases_daily,2024-07-31,1.0
Pyth Network,GITHUB_releases_daily,2024-07-31,1.0
Trail of Bits Security Reviews,GITHUB_forks_daily,2024-07-31,5.0
Debid - Fairblock,GITHUB_repositories_daily,2024-07-31,1.0
Passport XYZ,GITHUB_contributors_daily,2024-07-31,2.0
Open Source Observer,GITHUB_contributors_daily,2024-07-31,4.0
Debid - Fairblock,GITHUB_contributors_daily,2024-07-31,13.0
Trail of Bits Security Reviews,GITHUB_contributors_daily,2024-07-31,10.0
thirdweb,GITHUB_active_developers_daily,2024-07-31,4.0
Redstone Finance,GITHUB_active_developers_daily,2024-07-31,2.0
Open Source Observer,GITHUB_active_developers_daily,2024-07-31,2.0
Walnut,GITHUB_active_developers_daily,2024-07-31,1.0
Open Source Observer,GITHUB_merged_pull_requests_daily,2024-07-31,4.0
Open Source Observer,GITHUB_opened_issues_daily,2024-07-31,3.0
Trail of Bits Security Reviews,GITHUB_opened_issues_daily,2024-07-31,2.0
Pyth Network,GITHUB_comments_daily,2024-06-12,36.0
thirdweb,GITHUB_stars_daily,2024-06-12,3.0
Open Source Observer,GITHUB_stars_daily,2024-06-12,1.0
Syndicate Protocol,GITHUB_commits_daily,2024-06-12,2.0
Redstone Finance,GITHUB_commits_daily,2024-06-12,8.0
Runtime Verification,GITHUB_releases_daily,2024-06-12,15.0
Walnut,GITHUB_repositories_daily,2024-06-12,3.0
Redstone Finance,GITHUB_repositories_daily,2024-06-12,3.0
Trail of Bits Security Reviews,GITHUB_repositories_daily,2024-06-12,15.0
Open Source Observer,GITHUB_repositories_daily,2024-06-12,3.0
Pyth Network,GITHUB_repositories_daily,2024-06-12,5.0
Runtime Verification,GITHUB_contributors_daily,2024-06-12,15.0
Trail of Bits Security Reviews,GITHUB_contributors_daily,2024-06-12,8.0
Open Source Observer,GITHUB_active_developers_daily,2024-06-12,3.0
Syndicate Protocol,GITHUB_active_developers_daily,2024-06-12,1.0
Passport XYZ,GITHUB_opened_pull_requests_daily,2024-06-12,2.0
thirdweb,GITHUB_merged_pull_requests_daily,2024-06-12,16.0
Runtime Verification,GITHUB_opened_issues_daily,2024-06-12,5.0
thirdweb,GITHUB_opened_issues_daily,2024-06-12,3.0
Runtime Verification,GITHUB_closed_issues_daily,2024-06-12,2.0
Open Source Observer,GITHUB_closed_issues_daily,2024-06-12,3.0
Passport XYZ,GITHUB_comments_daily,2024-11-12,2.0
Sylow,GITHUB_stars_daily,2024-11-12,1.0
Pyth Network,GITHUB_commits_daily,2024-11-12,6.0
Passport XYZ,GITHUB_commits_daily,2024-11-12,2.0
Open Source Observer,GITHUB_commits_daily,2024-11-12,1.0
Runtime Verification,GITHUB_releases_daily,2024-11-12,1.0
Trail of Bits Security Reviews,GITHUB_releases_daily,2024-11-12,2.0
thirdweb,GITHUB_repositories_daily,2024-11-12,3.0
Pyth Network,GITHUB_contributors_daily,2024-11-12,6.0
Redstone Finance,GITHUB_contributors_daily,2024-11-12,3.0
Solang,GITHUB_active_developers_daily,2024-11-12,1.0
Runtime Verification,GITHUB_active_developers_daily,2024-11-12,1.0
Redstone Finance,GITHUB_opened_pull_requests_daily,2024-11-12,4.0
Runtime Verification,GITHUB_opened_pull_requests_daily,2024-11-12,5.0
Passport XYZ,GITHUB_merged_pull_requests_daily,2024-11-12,2.0
Redstone Finance,GITHUB_merged_pull_requests_daily,2024-11-12,2.0
Remix IDE plugin for Arbitrum Stylus,GITHUB_merged_pull_requests_daily,2024-11-12,1.0
thirdweb,GITHUB_comments_daily,2024-06-30,80.0
Runtime Verification,GITHUB_releases_daily,2024-06-30,2.0
Redstone Finance,GITHUB_repositories_daily,2024-06-30,1.0
thirdweb,GITHUB_repositories_daily,2024-06-30,3.0
Open Source Observer,GITHUB_opened_pull_requests_daily,2024-06-30,5.0
Open Source Observer,GITHUB_contributors_daily,2024-06-30,3.0
thirdweb,GITHUB_active_developers_daily,2024-06-30,1.0
thirdweb,GITHUB_merged_pull_requests_daily,2024-06-30,1.0
Pyth Network,GITHUB_comments_daily,2024-03-29,16.0
Open Source Observer,GITHUB_commits_daily,2024-03-29,2.0
Runtime Verification,GITHUB_commits_daily,2024-03-29,2.0
Redstone Finance,GITHUB_repositories_daily,2024-03-29,1.0
thirdweb,GITHUB_contributors_daily,2024-03-29,13.0
Open Source Observer,GITHUB_opened_pull_requests_daily,2024-03-29,2.0
thirdweb,GITHUB_opened_pull_requests_daily,2024-03-29,24.0
Trail of Bits Security Reviews,GITHUB_opened_pull_requests_daily,2024-03-29,2.0
Trail of Bits Security Reviews,GITHUB_opened_issues_daily,2024-03-29,1.0
thirdweb,GITHUB_closed_issues_daily,2024-03-29,3.0
Enclave,GITHUB_comments_daily,2024-09-11,3.0
Trail of Bits Security Reviews,GITHUB_comments_daily,2024-09-11,1.0
Redstone Finance,GITHUB_stars_daily,2024-09-11,1.0
Sylow,GITHUB_stars_daily,2024-09-11,2.0
Trail of Bits Security Reviews,GITHUB_forks_daily,2024-09-11,3.0
Redstone Finance,GITHUB_forks_daily,2024-09-11,1.0
Enclave,GITHUB_repositories_daily,2024-09-11,1.0
thirdweb,GITHUB_repositories_daily,2024-09-11,3.0
thirdweb,GITHUB_contributors_daily,2024-09-11,12.0
Pyth Network,GITHUB_contributors_daily,2024-09-11,7.0
thirdweb,GITHUB_active_developers_daily,2024-09-11,6.0
Runtime Verification,GITHUB_active_developers_daily,2024-09-11,2.0
Trail of Bits Security Reviews,GITHUB_active_developers_daily,2024-09-11,5.0
Open Source Observer,GITHUB_active_developers_daily,2024-09-11,5.0
Redstone Finance,GITHUB_active_developers_daily,2024-09-11,3.0
Passport XYZ,GITHUB_opened_pull_requests_daily,2024-09-11,12.0
thirdweb,GITHUB_merged_pull_requests_daily,2024-09-11,25.0
Runtime Verification,GITHUB_comments_daily,2024-07-16,20.0
Walnut,GITHUB_comments_daily,2024-07-16,3.0
Debid - Fairblock,GITHUB_stars_daily,2024-07-16,1.0
Redstone Finance,GITHUB_commits_daily,2024-07-16,3.0
Runtime Verification,GITHUB_commits_daily,2024-07-16,24.0
Walnut,GITHUB_commits_daily,2024-07-16,2.0
Enclave,GITHUB_commits_daily,2024-07-16,2.0
Pyth Network,GITHUB_forks_daily,2024-07-16,1.0
Runtime Verification,GITHUB_forks_daily,2024-07-16,2.0
Walnut,GITHUB_repositories_daily,2024-07-16,1.0
Walnut,GITHUB_contributors_daily,2024-07-16,2.0
Runtime Verification,GITHUB_active_developers_daily,2024-07-16,4.0
Walnut,GITHUB_active_developers_daily,2024-07-16,1.0
Pyth Network,GITHUB_active_developers_daily,2024-07-16,1.0
Trail of Bits Security Reviews,GITHUB_opened_pull_requests_daily,2024-07-16,3.0
Runtime Verification,GITHUB_opened_pull_requests_daily,2024-07-16,13.0
thirdweb,GITHUB_opened_pull_requests_daily,2024-07-16,20.0
Redstone Finance,GITHUB_opened_pull_requests_daily,2024-07-16,1.0
Pyth Network,GITHUB_merged_pull_requests_daily,2024-07-16,2.0
Runtime Verification,GITHUB_merged_pull_requests_daily,2024-07-16,15.0
thirdweb,GITHUB_merged_pull_requests_daily,2024-07-16,16.0
Walnut,GITHUB_opened_issues_daily,2024-07-16,1.0
Redstone Finance,GITHUB_opened_issues_daily,2024-07-16,1.0
Trail of Bits Security Reviews,GITHUB_opened_issues_daily,2024-07-16,1.0
Runtime Verification,GITHUB_part_time_contributors_quarterly,2024-07-01,39.0
Arbos Foundry,GITHUB_active_contributors_quarterly,2024-07-01,1.0
Walnut,GITHUB_new_contributors_quarterly,2024-07-01,9.0
thirdweb,GITHUB_active_contributors_quarterly,2024-07-01,40.0
Debid - Fairblock,GITHUB_new_contributors_quarterly,2024-07-01,15.0
Trail of Bits Security Reviews,GITHUB_part_time_contributors_quarterly,2024-07-01,49.0
Runtime Verification,GITHUB_active_contributors_quarterly,2024-07-01,39.0
Pyth Network,GITHUB_new_contributors_quarterly,2024-07-01,21.0
Trail of Bits Security Reviews,GITHUB_active_contributors_quarterly,2024-07-01,49.0
Pyth Network,GITHUB_part_time_contributors_quarterly,2024-07-01,33.0
Enclave,GITHUB_new_contributors_quarterly,2024-07-01,1.0
Remix IDE plugin for Arbitrum Stylus,GITHUB_part_time_contributors_quarterly,2024-07-01,2.0
thirdweb,GITHUB_new_contributors_quarterly,2024-07-01,22.0
Redstone Finance,GITHUB_releases_biannually,2024-07-01,2.0
Debid - Fairblock,GITHUB_releases_biannually,2024-07-01,14.0
Redstone Finance,GITHUB_forks_weekly,2024-07-01,8.0
Pyth Network,GITHUB_releases_quarterly,2024-07-01,17.0
Pyth Network,GITHUB_commits_biannually,2024-07-01,107.0
Debid - Fairblock,GITHUB_active_developers_biannually,2024-07-01,5.0
Walnut,GITHUB_active_developers_biannually,2024-07-01,3.0
Passport XYZ,GITHUB_active_developers_biannually,2024-07-01,5.0
Pyth Network,GITHUB_active_developers_biannually,2024-07-01,13.0
Runtime Verification,GITHUB_repositories_quarterly,2024-07-01,30.0
Arbos Foundry,GITHUB_active_developers_quarterly,2024-07-01,1.0
Redstone Finance,GITHUB_active_developers_quarterly,2024-07-01,5.0
Trail of Bits Security Reviews,GITHUB_active_developers_quarterly,2024-07-01,20.0
Redstone Finance,GITHUB_forks_monthly,2024-07-01,11.0
Debid - Fairblock,GITHUB_forks_monthly,2024-07-01,10.0
Trail of Bits Security Reviews,GITHUB_part_time_developers_quarterly,2024-07-01,20.0
Redstone Finance,GITHUB_part_time_developers_quarterly,2024-07-01,5.0
Remix IDE plugin for Arbitrum Stylus,GITHUB_part_time_developers_quarterly,2024-07-01,1.0
Runtime Verification,GITHUB_stars_biannually,2024-07-01,34.0
Open Source Observer,GITHUB_stars_biannually,2024-07-01,8.0
Enclave,GITHUB_stars_biannually,2024-07-01,1.0
Debid - Fairblock,GITHUB_part_time_developers_quarterly,2024-07-01,5.0
Runtime Verification,GITHUB_comments_daily,2024-07-01,4.0
Debid - Fairblock,GITHUB_stars_monthly,2024-07-01,3.0
Runtime Verification,GITHUB_stars_daily,2024-07-01,2.0
thirdweb,GITHUB_stars_daily,2024-07-01,3.0
Open Source Observer,GITHUB_stars_daily,2024-07-01,1.0
Runtime Verification,GITHUB_stars_weekly,2024-07-01,8.0
thirdweb,GITHUB_stars_weekly,2024-07-01,8.0
Open Source Observer,GITHUB_stars_weekly,2024-07-01,4.0
Enclave,GITHUB_stars_weekly,2024-07-01,1.0
Open Source Observer,GITHUB_commits_daily,2024-07-01,5.0
Debid - Fairblock,GITHUB_commits_monthly,2024-07-01,64.0
Remix IDE plugin for Arbitrum Stylus,GITHUB_commits_monthly,2024-07-01,16.0
Redstone Finance,GITHUB_commits_monthly,2024-07-01,141.0
Trail of Bits Security Reviews,GITHUB_commits_monthly,2024-07-01,431.0
Redstone Finance,GITHUB_comments_monthly,2024-07-01,25.0
Runtime Verification,GITHUB_comments_monthly,2024-07-01,428.0
thirdweb,GITHUB_comments_monthly,2024-07-01,2873.0
Walnut,GITHUB_stars_quarterly,2024-07-01,4.0
Enclave,GITHUB_stars_quarterly,2024-07-01,1.0
Runtime Verification,GITHUB_releases_weekly,2024-07-01,38.0
Pyth Network,GITHUB_releases_weekly,2024-07-01,3.0
thirdweb,GITHUB_releases_weekly,2024-07-01,2.0
Remix IDE plugin for Arbitrum Stylus,GITHUB_releases_weekly,2024-07-01,3.0
Runtime Verification,GITHUB_releases_monthly,2024-07-01,218.0
Redstone Finance,GITHUB_releases_monthly,2024-07-01,2.0
Redstone Finance,GITHUB_commits_weekly,2024-07-01,32.0
Passport XYZ,GITHUB_commits_weekly,2024-07-01,8.0
Redstone Finance,GITHUB_commits_quarterly,2024-07-01,141.0
thirdweb,GITHUB_comments_weekly,2024-07-01,490.0
Redstone Finance,GITHUB_comments_weekly,2024-07-01,2.0
Walnut,GITHUB_comments_weekly,2024-07-01,11.0
Runtime Verification,GITHUB_forks_quarterly,2024-07-01,14.0
Walnut,GITHUB_forks_quarterly,2024-07-01,4.0
Debid - Fairblock,GITHUB_forks_biannually,2024-07-01,10.0
thirdweb,GITHUB_forks_biannually,2024-07-01,54.0
Runtime Verification,GITHUB_forks_biannually,2024-07-01,14.0
Remix IDE plugin for Arbitrum Stylus,GITHUB_repositories_weekly,2024-07-01,1.0
Passport XYZ,GITHUB_repositories_weekly,2024-07-01,1.0
Open Source Observer,GITHUB_repositories_weekly,2024-07-01,3.0
Trail of Bits Security Reviews,GITHUB_repositories_weekly,2024-07-01,39.0
Runtime Verification,GITHUB_repositories_monthly,2024-07-01,30.0
Walnut,GITHUB_repositories_biannually,2024-07-01,4.0
thirdweb,GITHUB_repositories_biannually,2024-07-01,17.0
Arbos Foundry,GITHUB_repositories_monthly,2024-07-01,1.0
Debid - Fairblock,GITHUB_repositories_biannually,2024-07-01,8.0
Redstone Finance,GITHUB_contributors_monthly,2024-07-01,9.0
Remix IDE plugin for Arbitrum Stylus,GITHUB_contributors_monthly,2024-07-01,2.0
Walnut,GITHUB_contributors_weekly,2024-07-01,9.0
Redstone Finance,GITHUB_contributors_weekly,2024-07-01,4.0
thirdweb,GITHUB_contributors_monthly,2024-07-01,40.0
Runtime Verification,GITHUB_contributors_daily,2024-07-01,10.0
Pyth Network,GITHUB_contributors_daily,2024-07-01,8.0
thirdweb,GITHUB_contributors_quarterly,2024-07-01,40.0
Trail of Bits Security Reviews,GITHUB_contributors_quarterly,2024-07-01,49.0
Redstone Finance,GITHUB_contributors_quarterly,2024-07-01,9.0
Debid - Fairblock,GITHUB_contributors_biannually,2024-07-01,18.0
Enclave,GITHUB_contributors_biannually,2024-07-01,1.0
Pyth Network,GITHUB_contributors_biannually,2024-07-01,33.0
Passport XYZ,GITHUB_contributors_biannually,2024-07-01,6.0
thirdweb,GITHUB_contributors_biannually,2024-07-01,40.0
Arbos Foundry,GITHUB_contributors_quarterly,2024-07-01,1.0
Passport XYZ,GITHUB_contributors_quarterly,2024-07-01,6.0
Enclave,GITHUB_contributors_quarterly,2024-07-01,1.0
Trail of Bits Security Reviews,GITHUB_active_developers_weekly,2024-07-01,9.0
Passport XYZ,GITHUB_active_developers_weekly,2024-07-01,1.0
Open Source Observer,GITHUB_active_developers_weekly,2024-07-01,5.0
Debid - Fairblock,GITHUB_active_developers_weekly,2024-07-01,2.0
Pyth Network,GITHUB_active_developers_daily,2024-07-01,1.0
Runtime Verification,GITHUB_active_developers_daily,2024-07-01,3.0
Open Source Observer,GITHUB_active_developers_monthly,2024-07-01,9.0
Trail of Bits Security Reviews,GITHUB_part_time_developers_monthly,2024-07-01,17.0
Passport XYZ,GITHUB_part_time_developers_monthly,2024-07-01,5.0
Enclave,GITHUB_part_time_developers_monthly,2024-07-01,1.0
Remix IDE plugin for Arbitrum Stylus,GITHUB_active_developers_monthly,2024-07-01,1.0
Trail of Bits Security Reviews,GITHUB_active_developers_monthly,2024-07-01,20.0
Walnut,GITHUB_full_time_developers_monthly,2024-07-01,1.0
Walnut,GITHUB_active_developers_monthly,2024-07-01,3.0
Open Source Observer,GITHUB_part_time_developers_monthly,2024-07-01,6.0
Pyth Network,GITHUB_part_time_developers_biannually,2024-07-01,13.0
Redstone Finance,GITHUB_part_time_developers_biannually,2024-07-01,5.0
thirdweb,GITHUB_part_time_developers_biannually,2024-07-01,18.0
Debid - Fairblock,GITHUB_active_contributors_monthly,2024-07-01,18.0
Enclave,GITHUB_new_contributors_monthly,2024-07-01,1.0
Enclave,GITHUB_part_time_contributors_monthly,2024-07-01,1.0
Remix IDE plugin for Arbitrum Stylus,GITHUB_active_contributors_monthly,2024-07-01,2.0
Pyth Network,GITHUB_new_contributors_monthly,2024-07-01,21.0
Walnut,GITHUB_full_time_contributors_monthly,2024-07-01,1.0
Passport XYZ,GITHUB_new_contributors_monthly,2024-07-01,6.0
Walnut,GITHUB_active_contributors_monthly,2024-07-01,11.0
Redstone Finance,GITHUB_active_contributors_monthly,2024-07-01,9.0
Runtime Verification,GITHUB_active_contributors_monthly,2024-07-01,39.0
Trail of Bits Security Reviews,GITHUB_new_contributors_biannually,2024-07-01,21.0
Debid - Fairblock,GITHUB_active_contributors_biannually,2024-07-01,18.0
Remix IDE plugin for Arbitrum Stylus,GITHUB_part_time_contributors_biannually,2024-07-01,2.0
Debid - Fairblock,GITHUB_change_in_active_developers_monthly,2024-07-01,-14.0
Remix IDE plugin for Arbitrum Stylus,GITHUB_change_in_active_developers_monthly,2024-07-01,1.0
Trail of Bits Security Reviews,GITHUB_change_in_active_developers_monthly,2024-07-01,-8.0
Open Source Observer,GITHUB_change_in_full_time_contributors_monthly,2024-07-01,0.0
Walnut,GITHUB_change_in_active_developers_monthly,2024-07-01,11.0
thirdweb,GITHUB_change_in_part_time_contributors_monthly,2024-07-01,14.0
Pyth Network,GITHUB_change_in_part_time_contributors_monthly,2024-07-01,1.0
Debid - Fairblock,GITHUB_change_in_part_time_contributors_monthly,2024-07-01,-14.0
Passport XYZ,GITHUB_change_in_part_time_contributors_monthly,2024-07-01,-1.0
Runtime Verification,GITHUB_change_in_part_time_contributors_monthly,2024-07-01,-8.0
Open Source Observer,GITHUB_change_in_part_time_contributors_monthly,2024-07-01,33.0
Passport XYZ,GITHUB_change_in_active_developers_monthly,2024-07-01,-1.0
Walnut,GITHUB_change_in_active_developers_quarterly,2024-07-01,11.0
Open Source Observer,GITHUB_change_in_part_time_contributors_biannually,2024-07-01,33.0
thirdweb,GITHUB_change_in_active_developers_biannually,2024-07-01,15.0
Redstone Finance,GITHUB_change_in_part_time_contributors_biannually,2024-07-01,-5.0
Remix IDE plugin for Arbitrum Stylus,GITHUB_change_in_active_developers_biannually,2024-07-01,1.0
Runtime Verification,GITHUB_change_in_active_developers_quarterly,2024-07-01,-6.0
Open Source Observer,GITHUB_change_in_active_developers_quarterly,2024-07-01,33.0
Pyth Network,GITHUB_change_in_active_developers_quarterly,2024-07-01,5.0
Passport XYZ,GITHUB_change_in_part_time_contributors_biannually,2024-07-01,-1.0
Debid - Fairblock,GITHUB_change_in_part_time_contributors_biannually,2024-07-01,-14.0
Walnut,GITHUB_change_in_active_developers_biannually,2024-07-01,11.0
Arbos Foundry,GITHUB_change_in_part_time_contributors_biannually,2024-07-01,0.0
Pyth Network,GITHUB_change_in_active_developers_biannually,2024-07-01,5.0
Passport XYZ,GITHUB_change_in_active_developers_biannually,2024-07-01,-1.0
Runtime Verification,GITHUB_change_in_part_time_contributors_biannually,2024-07-01,-6.0
Debid - Fairblock,GITHUB_opened_pull_requests_weekly,2024-07-01,1.0
Redstone Finance,GITHUB_opened_pull_requests_weekly,2024-07-01,2.0
Open Source Observer,GITHUB_opened_pull_requests_monthly,2024-07-01,106.0
Runtime Verification,GITHUB_opened_pull_requests_monthly,2024-07-01,274.0
Walnut,GITHUB_opened_pull_requests_biannually,2024-07-01,24.0
Runtime Verification,GITHUB_opened_pull_requests_biannually,2024-07-01,274.0
Walnut,GITHUB_opened_pull_requests_quarterly,2024-07-01,24.0
Open Source Observer,GITHUB_opened_pull_requests_biannually,2024-07-01,106.0
Runtime Verification,GITHUB_opened_pull_requests_quarterly,2024-07-01,274.0
Passport XYZ,GITHUB_opened_pull_requests_quarterly,2024-07-01,50.0
thirdweb,GITHUB_merged_pull_requests_weekly,2024-07-01,65.0
Walnut,GITHUB_merged_pull_requests_weekly,2024-07-01,10.0
Runtime Verification,GITHUB_merged_pull_requests_weekly,2024-07-01,42.0
Open Source Observer,GITHUB_opened_pull_requests_daily,2024-07-01,5.0
Runtime Verification,GITHUB_merged_pull_requests_monthly,2024-07-01,263.0
Trail of Bits Security Reviews,GITHUB_merged_pull_requests_monthly,2024-07-01,207.0
thirdweb,GITHUB_merged_pull_requests_monthly,2024-07-01,344.0
Redstone Finance,GITHUB_merged_pull_requests_quarterly,2024-07-01,7.0
Runtime Verification,GITHUB_merged_pull_requests_quarterly,2024-07-01,263.0
Walnut,GITHUB_merged_pull_requests_biannually,2024-07-01,23.0
Redstone Finance,GITHUB_merged_pull_requests_biannually,2024-07-01,7.0
Open Source Observer,GITHUB_merged_pull_requests_biannually,2024-07-01,102.0
Pyth Network,GITHUB_opened_issues_weekly,2024-07-01,2.0
Runtime Verification,GITHUB_opened_issues_daily,2024-07-01,3.0
Open Source Observer,GITHUB_opened_issues_quarterly,2024-07-01,68.0
Redstone Finance,GITHUB_opened_issues_quarterly,2024-07-01,4.0
Trail of Bits Security Reviews,GITHUB_opened_issues_biannually,2024-07-01,54.0
Open Source Observer,GITHUB_opened_issues_biannually,2024-07-01,68.0
Runtime Verification,GITHUB_opened_issues_biannually,2024-07-01,50.0
Walnut,GITHUB_closed_issues_weekly,2024-07-01,7.0
thirdweb,GITHUB_closed_issues_monthly,2024-07-01,10.0
Walnut,GITHUB_closed_issues_daily,2024-07-01,3.0
thirdweb,GITHUB_avg_prs_time_to_merge_quarterly,2024-07-01,0.0
Walnut,GITHUB_avg_prs_time_to_merge_quarterly,2024-07-01,0.0
thirdweb,GITHUB_avg_time_to_first_response_quarterly,2024-07-01,17568.8
Remix IDE plugin for Arbitrum Stylus,GITHUB_avg_time_to_first_response_quarterly,2024-07-01,0.0
Walnut,GITHUB_avg_prs_time_to_merge_biannually,2024-07-01,0.0
Remix IDE plugin for Arbitrum Stylus,GITHUB_avg_time_to_first_response_biannually,2024-07-01,0.0
thirdweb,GITHUB_avg_time_to_first_response_biannually,2024-07-01,17568.8
Runtime Verification,GITHUB_avg_time_to_first_response_biannually,2024-07-01,3420317.364431487
Open Source Observer,GITHUB_churned_contributors_monthly,2024-07-01,23.0
Pyth Network,GITHUB_change_in_new_contributors_monthly,2024-07-01,5.0
Passport XYZ,GITHUB_churned_contributors_monthly,2024-07-01,-7.0
Passport XYZ,GITHUB_change_in_full_time_contributors_monthly,2024-07-01,0.0
Redstone Finance,GITHUB_churned_contributors_quarterly,2024-07-01,-9.0
Walnut,GITHUB_change_in_active_contributors_quarterly,2024-07-01,11.0
Redstone Finance,GITHUB_change_in_new_contributors_quarterly,2024-07-01,-4.0
Walnut,GITHUB_change_in_full_time_contributors_quarterly,2024-07-01,0.0
Pyth Network,GITHUB_change_in_active_contributors_quarterly,2024-07-01,5.0
Passport XYZ,GITHUB_change_in_new_contributors_quarterly,2024-07-01,-1.0
Enclave,GITHUB_change_in_active_contributors_monthly,2024-07-01,2.0
Enclave,GITHUB_churned_contributors_monthly,2024-07-01,1.0
Redstone Finance,GITHUB_change_in_new_contributors_monthly,2024-07-01,-4.0
Walnut,GITHUB_change_in_active_contributors_monthly,2024-07-01,11.0
Debid - Fairblock,GITHUB_change_in_new_contributors_biannually,2024-07-01,-14.0
thirdweb,GITHUB_change_in_new_contributors_biannually,2024-07-01,13.0
thirdweb,GITHUB_churned_contributors_biannually,2024-07-01,-7.0
thirdweb,GITHUB_change_in_active_contributors_biannually,2024-07-01,15.0
Runtime Verification,GITHUB_change_in_full_time_contributors_biannually,2024-07-01,0.0
Runtime Verification,GITHUB_change_in_active_contributors_biannually,2024-07-01,-6.0
Pyth Network,GITHUB_change_in_full_time_contributors_biannually,2024-07-01,0.0
Passport XYZ,GITHUB_change_in_new_contributors_biannually,2024-07-01,-1.0
Enclave,GITHUB_change_in_active_contributors_biannually,2024-07-01,2.0
Trail of Bits Security Reviews,GITHUB_change_in_new_contributors_biannually,2024-07-01,-6.0
Redstone Finance,GITHUB_churned_contributors_biannually,2024-07-01,-9.0
Walnut,GITHUB_change_in_active_contributors_biannually,2024-07-01,11.0
Remix IDE plugin for Arbitrum Stylus,GITHUB_change_in_active_contributors_quarterly,2024-07-01,1.0
Debid - Fairblock,GITHUB_change_in_new_contributors_quarterly,2024-07-01,-14.0
thirdweb,GITHUB_change_in_active_contributors_quarterly,2024-07-01,15.0
Runtime Verification,GITHUB_change_in_new_contributors_quarterly,2024-07-01,-5.0
Runtime Verification,GITHUB_churned_contributors_quarterly,2024-07-01,-15.0
thirdweb,GITHUB_change_in_new_contributors_monthly,2024-07-01,13.0
Remix IDE plugin for Arbitrum Stylus,GITHUB_churned_contributors_monthly,2024-07-01,0.0
Arbos Foundry,GITHUB_churned_contributors_quarterly,2024-07-01,0.0
Open Source Observer,GITHUB_change_in_active_contributors_biannually,2024-07-01,33.0
Pyth Network,GITHUB_comments_daily,2024-11-21,24.0
Pyth Network,GITHUB_commits_daily,2024-11-21,15.0
Debid - Fairblock,GITHUB_commits_daily,2024-11-21,3.0
Runtime Verification,GITHUB_releases_daily,2024-11-21,4.0
Open Source Observer,GITHUB_stars_daily,2024-11-21,1.0
Pyth Network,GITHUB_contributors_daily,2024-11-21,7.0
thirdweb,GITHUB_contributors_daily,2024-11-21,7.0
thirdweb,GITHUB_forks_daily,2024-11-21,3.0
Solang,GITHUB_repositories_daily,2024-11-21,1.0
thirdweb,GITHUB_repositories_daily,2024-11-21,5.0
Pyth Network,GITHUB_active_developers_daily,2024-11-21,5.0
Debid - Fairblock,GITHUB_active_developers_daily,2024-11-21,1.0
thirdweb,GITHUB_opened_pull_requests_daily,2024-11-21,7.0
Open Source Observer,GITHUB_opened_pull_requests_daily,2024-11-21,5.0
Runtime Verification,GITHUB_opened_pull_requests_daily,2024-11-21,9.0
Trail of Bits Security Reviews,GITHUB_opened_pull_requests_daily,2024-11-21,2.0
Runtime Verification,GITHUB_merged_pull_requests_daily,2024-11-21,4.0
Passport XYZ,GITHUB_merged_pull_requests_daily,2024-11-21,4.0
Redstone Finance,GITHUB_merged_pull_requests_daily,2024-11-21,2.0
Pyth Network,GITHUB_merged_pull_requests_daily,2024-11-21,10.0
Passport XYZ,GITHUB_closed_issues_daily,2024-11-21,4.0
Open Source Observer,GITHUB_comments_daily,2024-08-25,8.0
Runtime Verification,GITHUB_commits_daily,2024-08-25,6.0
Runtime Verification,GITHUB_releases_daily,2024-08-25,3.0
Redstone Finance,GITHUB_forks_daily,2024-08-25,2.0
Passport XYZ,GITHUB_forks_daily,2024-08-25,2.0
Open Source Observer,GITHUB_contributors_daily,2024-08-25,4.0
Open Source Observer,GITHUB_active_developers_daily,2024-08-25,4.0
Runtime Verification,GITHUB_active_developers_daily,2024-08-25,3.0
Trail of Bits Security Reviews,GITHUB_active_developers_daily,2024-08-25,2.0
thirdweb,GITHUB_opened_pull_requests_daily,2024-08-25,2.0
thirdweb,GITHUB_closed_issues_daily,2024-08-25,1.0
Trail of Bits Security Reviews,GITHUB_comments_daily,2025-03-21,26.0
Runtime Verification,GITHUB_stars_daily,2025-03-21,1.0
9Lives,GITHUB_commits_daily,2025-03-21,2.0
Pyth Network,GITHUB_commits_daily,2025-03-21,4.0
Redstone Finance,GITHUB_commits_daily,2025-03-21,3.0
thirdweb,GITHUB_releases_daily,2025-03-21,3.0
Open Source Observer,GITHUB_forks_daily,2025-03-21,2.0
Pyth Network,GITHUB_repositories_daily,2025-03-21,3.0
Redstone Finance,GITHUB_repositories_daily,2025-03-21,1.0
Solang,GITHUB_repositories_daily,2025-03-21,1.0
CodeTracer,GITHUB_contributors_daily,2025-03-21,3.0
Enclave,GITHUB_contributors_daily,2025-03-21,2.0
Open Source Observer,GITHUB_contributors_daily,2025-03-21,7.0
CodeTracer,GITHUB_active_developers_daily,2025-03-21,3.0
Trail of Bits Security Reviews,GITHUB_active_developers_daily,2025-03-21,1.0
Open Source Observer,GITHUB_opened_pull_requests_daily,2025-03-21,10.0
thirdweb,GITHUB_opened_pull_requests_daily,2025-03-21,7.0
Solang,GITHUB_opened_pull_requests_daily,2025-03-21,1.0
CodeTracer,GITHUB_merged_pull_requests_daily,2025-03-21,4.0
Enclave,GITHUB_opened_issues_daily,2025-03-21,16.0
Open Source Observer,GITHUB_opened_issues_daily,2025-03-21,4.0
thirdweb,GITHUB_closed_issues_daily,2025-03-21,2.0
Open Source Observer,GITHUB_comments_daily,2024-07-11,35.0
thirdweb,GITHUB_commits_daily,2024-07-11,24.0
Open Source Observer,GITHUB_commits_daily,2024-07-11,13.0
Trail of Bits Security Reviews,GITHUB_commits_daily,2024-07-11,38.0
Runtime Verification,GITHUB_releases_daily,2024-07-11,11.0
Open Source Observer,GITHUB_repositories_daily,2024-07-11,2.0
thirdweb,GITHUB_contributors_daily,2024-07-11,9.0
Pyth Network,GITHUB_contributors_daily,2024-07-11,4.0
Open Source Observer,GITHUB_opened_pull_requests_daily,2024-07-11,8.0
thirdweb,GITHUB_merged_pull_requests_daily,2024-07-11,12.0
Open Source Observer,GITHUB_opened_issues_daily,2024-07-11,5.0
Runtime Verification,GITHUB_opened_issues_daily,2024-07-11,2.0
Open Source Observer,GITHUB_comments_daily,2024-02-29,2.0
Redstone Finance,GITHUB_stars_daily,2024-02-29,1.0
Debid - Fairblock,GITHUB_stars_daily,2024-02-29,2.0
Runtime Verification,GITHUB_commits_daily,2024-02-29,20.0
thirdweb,GITHUB_commits_daily,2024-02-29,18.0
Open Source Observer,GITHUB_commits_daily,2024-02-29,3.0
thirdweb,GITHUB_repositories_daily,2024-02-29,7.0
Runtime Verification,GITHUB_repositories_daily,2024-02-29,10.0
Open Source Observer,GITHUB_repositories_daily,2024-02-29,3.0
Runtime Verification,GITHUB_active_developers_daily,2024-02-29,3.0
Trail of Bits Security Reviews,GITHUB_active_developers_daily,2024-02-29,2.0
thirdweb,GITHUB_active_developers_daily,2024-02-29,6.0
Redstone Finance,GITHUB_contributors_daily,2024-02-29,3.0
Open Source Observer,GITHUB_contributors_daily,2024-02-29,2.0
Trail of Bits Security Reviews,GITHUB_contributors_daily,2024-02-29,4.0
thirdweb,GITHUB_opened_pull_requests_daily,2024-02-29,20.0
Walnut,GITHUB_opened_pull_requests_daily,2024-02-29,1.0
thirdweb,GITHUB_merged_pull_requests_daily,2024-02-29,20.0
Walnut,GITHUB_closed_issues_daily,2024-02-29,2.0
Trail of Bits Security Reviews,GITHUB_comments_daily,2024-05-10,7.0
Open Source Observer,GITHUB_comments_daily,2024-05-10,7.0
Pyth Network,GITHUB_stars_daily,2024-05-10,4.0
Pyth Network,GITHUB_commits_daily,2024-05-10,2.0
Trail of Bits Security Reviews,GITHUB_commits_daily,2024-05-10,9.0
Runtime Verification,GITHUB_releases_daily,2024-05-10,10.0
Trail of Bits Security Reviews,GITHUB_forks_daily,2024-05-10,1.0
Runtime Verification,GITHUB_repositories_daily,2024-05-10,9.0
Pyth Network,GITHUB_active_developers_daily,2024-05-10,2.0
Trail of Bits Security Reviews,GITHUB_active_developers_daily,2024-05-10,2.0
Open Source Observer,GITHUB_active_developers_daily,2024-05-10,1.0
Trail of Bits Security Reviews,GITHUB_opened_pull_requests_daily,2024-05-10,7.0
Redstone Finance,GITHUB_merged_pull_requests_daily,2024-05-10,1.0
Runtime Verification,GITHUB_closed_issues_daily,2024-05-10,5.0
Runtime Verification,GITHUB_forks_weekly,2024-02-12,1.0
thirdweb,GITHUB_forks_weekly,2024-02-12,43.0
Pyth Network,GITHUB_forks_weekly,2024-02-12,24.0
Debid - Fairblock,GITHUB_forks_weekly,2024-02-12,4.0
Walnut,GITHUB_forks_weekly,2024-02-12,1.0
Trail of Bits Security Reviews,GITHUB_forks_weekly,2024-02-12,8.0
Syndicate Protocol,GITHUB_forks_weekly,2024-02-12,1.0
Pyth Network,GITHUB_comments_daily,2024-02-12,7.0
thirdweb,GITHUB_stars_daily,2024-02-12,1.0
Trail of Bits Security Reviews,GITHUB_stars_weekly,2024-02-12,91.0
Runtime Verification,GITHUB_stars_weekly,2024-02-12,5.0
Arbos Foundry,GITHUB_commits_daily,2024-02-12,18.0
Syndicate Protocol,GITHUB_commits_weekly,2024-02-12,1.0
Arbos Foundry,GITHUB_commits_weekly,2024-02-12,53.0
Runtime Verification,GITHUB_commits_weekly,2024-02-12,107.0
Pyth Network,GITHUB_comments_weekly,2024-02-12,61.0
Trail of Bits Security Reviews,GITHUB_comments_weekly,2024-02-12,33.0
Trail of Bits Security Reviews,GITHUB_forks_daily,2024-02-12,2.0
Open Source Observer,GITHUB_repositories_weekly,2024-02-12,3.0
Redstone Finance,GITHUB_repositories_weekly,2024-02-12,3.0
Trail of Bits Security Reviews,GITHUB_repositories_weekly,2024-02-12,40.0
Trail of Bits Security Reviews,GITHUB_repositories_daily,2024-02-12,18.0
Runtime Verification,GITHUB_repositories_daily,2024-02-12,10.0
Redstone Finance,GITHUB_repositories_daily,2024-02-12,1.0
Open Source Observer,GITHUB_repositories_daily,2024-02-12,3.0
Debid - Fairblock,GITHUB_repositories_daily,2024-02-12,1.0
Arbos Foundry,GITHUB_repositories_daily,2024-02-12,1.0
Syndicate Protocol,GITHUB_contributors_weekly,2024-02-12,1.0
Runtime Verification,GITHUB_contributors_weekly,2024-02-12,23.0
Walnut,GITHUB_contributors_weekly,2024-02-12,6.0
Arbos Foundry,GITHUB_contributors_weekly,2024-02-12,1.0
Redstone Finance,GITHUB_contributors_daily,2024-02-12,1.0
thirdweb,GITHUB_contributors_daily,2024-02-12,7.0
Runtime Verification,GITHUB_contributors_daily,2024-02-12,13.0
Pyth Network,GITHUB_contributors_daily,2024-02-12,5.0
Arbos Foundry,GITHUB_contributors_daily,2024-02-12,1.0
Syndicate Protocol,GITHUB_active_developers_weekly,2024-02-12,1.0
Runtime Verification,GITHUB_active_developers_weekly,2024-02-12,6.0
Trail of Bits Security Reviews,GITHUB_active_developers_weekly,2024-02-12,5.0
Redstone Finance,GITHUB_active_developers_weekly,2024-02-12,3.0
Remix IDE plugin for Arbitrum Stylus,GITHUB_active_developers_weekly,2024-02-12,1.0
Walnut,GITHUB_active_developers_daily,2024-02-12,1.0
Pyth Network,GITHUB_active_developers_daily,2024-02-12,2.0
Redstone Finance,GITHUB_active_developers_daily,2024-02-12,1.0
thirdweb,GITHUB_opened_pull_requests_weekly,2024-02-12,74.0
Debid - Fairblock,GITHUB_opened_pull_requests_weekly,2024-02-12,5.0
Trail of Bits Security Reviews,GITHUB_merged_pull_requests_weekly,2024-02-12,24.0
Runtime Verification,GITHUB_merged_pull_requests_weekly,2024-02-12,54.0
Walnut,GITHUB_merged_pull_requests_weekly,2024-02-12,9.0
Pyth Network,GITHUB_opened_pull_requests_daily,2024-02-12,4.0
Open Source Observer,GITHUB_merged_pull_requests_daily,2024-02-12,2.0
Walnut,GITHUB_merged_pull_requests_daily,2024-02-12,3.0
Walnut,GITHUB_opened_issues_weekly,2024-02-12,7.0
Runtime Verification,GITHUB_opened_issues_daily,2024-02-12,7.0
Trail of Bits Security Reviews,GITHUB_opened_issues_daily,2024-02-12,2.0
Open Source Observer,GITHUB_closed_issues_weekly,2024-02-12,21.0
Runtime Verification,GITHUB_closed_issues_weekly,2024-02-12,8.0
thirdweb,GITHUB_closed_issues_daily,2024-02-12,2.0
Walnut,GITHUB_comments_daily,2024-12-29,1.0
thirdweb,GITHUB_comments_daily,2024-12-29,14.0
Open Source Observer,GITHUB_comments_daily,2024-12-29,2.0
Pyth Network,GITHUB_comments_daily,2024-12-29,2.0
Pyth Network,GITHUB_repositories_daily,2024-12-29,1.0
Open Source Observer,GITHUB_merged_pull_requests_daily,2024-12-29,1.0
Runtime Verification,GITHUB_contributors_daily,2024-12-29,2.0
Trail of Bits Security Reviews,GITHUB_contributors_daily,2024-12-29,3.0
Trail of Bits Security Reviews,GITHUB_opened_pull_requests_daily,2024-12-29,6.0
thirdweb,GITHUB_opened_pull_requests_daily,2024-12-29,3.0
Pyth Network,GITHUB_comments_daily,2024-11-30,2.0
Redstone Finance,GITHUB_comments_daily,2024-11-30,1.0
Walnut,GITHUB_stars_daily,2024-11-30,1.0
Passport XYZ,GITHUB_stars_daily,2024-11-30,2.0
Debid - Fairblock,GITHUB_stars_daily,2024-11-30,1.0
Debid - Fairblock,GITHUB_forks_daily,2024-11-30,1.0
Open Source Observer,GITHUB_repositories_daily,2024-11-30,2.0
Passport XYZ,GITHUB_repositories_daily,2024-11-30,1.0
Redstone Finance,GITHUB_repositories_daily,2024-11-30,1.0
Trail of Bits Security Reviews,GITHUB_contributors_daily,2024-11-30,2.0
Solang,GITHUB_contributors_daily,2024-11-30,1.0
Runtime Verification,GITHUB_contributors_daily,2024-11-30,1.0
Enclave,GITHUB_contributors_daily,2024-11-30,2.0
Enclave,GITHUB_active_developers_daily,2024-11-30,1.0
Open Source Observer,GITHUB_active_developers_daily,2024-11-30,1.0
Open Source Observer,GITHUB_opened_pull_requests_daily,2024-11-30,3.0
Trail of Bits Security Reviews,GITHUB_opened_pull_requests_daily,2024-11-30,6.0
thirdweb,GITHUB_stars_daily,2024-06-06,7.0
Redstone Finance,GITHUB_commits_daily,2024-06-06,3.0
Open Source Observer,GITHUB_commits_daily,2024-06-06,15.0
Pyth Network,GITHUB_releases_daily,2024-06-06,2.0
Open Source Observer,GITHUB_forks_daily,2024-06-06,12.0
Trail of Bits Security Reviews,GITHUB_repositories_daily,2024-06-06,8.0
Enclave,GITHUB_repositories_daily,2024-06-06,1.0
thirdweb,GITHUB_contributors_daily,2024-06-06,7.0
Enclave,GITHUB_active_developers_daily,2024-06-06,2.0
Pyth Network,GITHUB_active_developers_daily,2024-06-06,6.0
Open Source Observer,GITHUB_opened_pull_requests_daily,2024-06-06,12.0
Pyth Network,GITHUB_opened_pull_requests_daily,2024-06-06,16.0
Runtime Verification,GITHUB_opened_pull_requests_daily,2024-06-06,12.0
Trail of Bits Security Reviews,GITHUB_merged_pull_requests_daily,2024-06-06,3.0
Open Source Observer,GITHUB_merged_pull_requests_daily,2024-06-06,15.0
Runtime Verification,GITHUB_closed_issues_daily,2024-06-06,4.0
Runtime Verification,GITHUB_comments_daily,2024-02-03,14.0
thirdweb,GITHUB_commits_daily,2024-02-03,1.0
Trail of Bits Security Reviews,GITHUB_stars_daily,2024-02-03,5.0
Runtime Verification,GITHUB_releases_daily,2024-02-03,4.0
Pyth Network,GITHUB_forks_daily,2024-02-03,1.0
thirdweb,GITHUB_forks_daily,2024-02-03,2.0
Trail of Bits Security Reviews,GITHUB_contributors_daily,2024-02-03,2.0
thirdweb,GITHUB_contributors_daily,2024-02-03,2.0
Runtime Verification,GITHUB_contributors_daily,2024-02-03,5.0
Runtime Verification,GITHUB_opened_pull_requests_daily,2024-02-03,4.0
Runtime Verification,GITHUB_closed_issues_daily,2024-02-03,1.0
Open Source Observer,GITHUB_comments_daily,2024-10-27,2.0
Pyth Network,GITHUB_comments_daily,2024-10-27,3.0
Debid - Fairblock,GITHUB_commits_daily,2024-10-27,3.0
Pyth Network,GITHUB_repositories_daily,2024-10-27,2.0
Debid - Fairblock,GITHUB_repositories_daily,2024-10-27,1.0
Debid - Fairblock,GITHUB_contributors_daily,2024-10-27,2.0
Trail of Bits Security Reviews,GITHUB_contributors_daily,2024-10-27,2.0
Open Source Observer,GITHUB_opened_pull_requests_daily,2024-10-27,1.0
Trail of Bits Security Reviews,GITHUB_merged_pull_requests_daily,2024-10-27,1.0
Open Source Observer,GITHUB_opened_issues_daily,2024-10-27,1.0
Runtime Verification,GITHUB_stars_daily,2024-09-05,1.0
Runtime Verification,GITHUB_commits_daily,2024-09-05,9.0
Syndicate Protocol,GITHUB_commits_daily,2024-09-05,1.0
Trail of Bits Security Reviews,GITHUB_commits_daily,2024-09-05,5.0
Redstone Finance,GITHUB_forks_daily,2024-09-05,1.0
thirdweb,GITHUB_forks_daily,2024-09-05,4.0
Syndicate Protocol,GITHUB_repositories_daily,2024-09-05,1.0
Redstone Finance,GITHUB_contributors_daily,2024-09-05,1.0
Syndicate Protocol,GITHUB_contributors_daily,2024-09-05,1.0
Passport XYZ,GITHUB_contributors_daily,2024-09-05,1.0
Runtime Verification,GITHUB_contributors_daily,2024-09-05,8.0
Pyth Network,GITHUB_active_developers_daily,2024-09-05,1.0
Open Source Observer,GITHUB_active_developers_daily,2024-09-05,6.0
Enclave,GITHUB_opened_pull_requests_daily,2024-09-05,3.0
Pyth Network,GITHUB_opened_pull_requests_daily,2024-09-05,4.0
Trail of Bits Security Reviews,GITHUB_opened_pull_requests_daily,2024-09-05,9.0
thirdweb,GITHUB_opened_pull_requests_daily,2024-09-05,34.0
Pyth Network,GITHUB_merged_pull_requests_daily,2024-09-05,1.0
Trail of Bits Security Reviews,GITHUB_opened_issues_daily,2024-09-05,2.0
thirdweb,GITHUB_opened_issues_daily,2024-09-05,1.0
Runtime Verification,GITHUB_commits_daily,2024-11-15,1.0
Walnut,GITHUB_commits_daily,2024-11-15,4.0
Pyth Network,GITHUB_releases_daily,2024-11-15,1.0
Open Source Observer,GITHUB_forks_daily,2024-11-15,1.0
Pyth Network,GITHUB_forks_daily,2024-11-15,1.0
Trail of Bits Security Reviews,GITHUB_forks_daily,2024-11-15,1.0
Runtime Verification,GITHUB_repositories_daily,2024-11-15,6.0
Passport XYZ,GITHUB_contributors_daily,2024-11-15,4.0
Trail of Bits Security Reviews,GITHUB_contributors_daily,2024-11-15,6.0
Pyth Network,GITHUB_active_developers_daily,2024-11-15,4.0
Walnut,GITHUB_active_developers_daily,2024-11-15,1.0
Passport XYZ,GITHUB_opened_issues_daily,2024-11-15,4.0
thirdweb,GITHUB_comments_daily,2024-04-25,60.0
Pyth Network,GITHUB_comments_daily,2024-04-25,29.0
Trail of Bits Security Reviews,GITHUB_stars_daily,2024-04-25,10.0
Syndicate Protocol,GITHUB_stars_daily,2024-04-25,2.0
thirdweb,GITHUB_stars_daily,2024-04-25,7.0
Redstone Finance,GITHUB_commits_daily,2024-04-25,7.0
Trail of Bits Security Reviews,GITHUB_commits_daily,2024-04-25,28.0
thirdweb,GITHUB_releases_daily,2024-04-25,11.0
Syndicate Protocol,GITHUB_repositories_daily,2024-04-25,1.0
Walnut,GITHUB_repositories_daily,2024-04-25,1.0
Runtime Verification,GITHUB_contributors_daily,2024-04-25,11.0
Redstone Finance,GITHUB_contributors_daily,2024-04-25,2.0
Open Source Observer,GITHUB_contributors_daily,2024-04-25,4.0
thirdweb,GITHUB_contributors_daily,2024-04-25,13.0
Syndicate Protocol,GITHUB_contributors_daily,2024-04-25,1.0
Syndicate Protocol,GITHUB_active_developers_daily,2024-04-25,1.0
Walnut,GITHUB_active_developers_daily,2024-04-25,1.0
Open Source Observer,GITHUB_active_developers_daily,2024-04-25,2.0
Trail of Bits Security Reviews,GITHUB_merged_pull_requests_daily,2024-04-25,3.0
Trail of Bits Security Reviews,GITHUB_closed_issues_daily,2024-04-25,1.0
Open Source Observer,GITHUB_closed_issues_daily,2024-04-25,3.0
thirdweb,GITHUB_forks_weekly,2025-03-31,13.0
Runtime Verification,GITHUB_comments_daily,2025-03-31,2.0
Passport XYZ,GITHUB_comments_daily,2025-03-31,3.0
Walnut,GITHUB_commits_daily,2025-03-31,2.0
Passport XYZ,GITHUB_commits_daily,2025-03-31,7.0
Open Source Observer,GITHUB_commits_daily,2025-03-31,4.0
Moving Stylus,GITHUB_commits_daily,2025-03-31,4.0
Trail of Bits Security Reviews,GITHUB_commits_daily,2025-03-31,17.0
9Lives,GITHUB_stars_weekly,2025-03-31,1.0
CodeTracer,GITHUB_stars_weekly,2025-03-31,12.0
Pyth Network,GITHUB_releases_daily,2025-03-31,1.0
Runtime Verification,GITHUB_releases_weekly,2025-03-31,8.0
Pyth Network,GITHUB_releases_weekly,2025-03-31,5.0
Moving Stylus,GITHUB_commits_weekly,2025-03-31,4.0
StylusPort,GITHUB_commits_weekly,2025-03-31,18.0
Open Source Observer,GITHUB_comments_weekly,2025-03-31,141.0
CodeTracer,GITHUB_comments_weekly,2025-03-31,1.0
Enclave,GITHUB_comments_weekly,2025-03-31,16.0
Pyth Network,GITHUB_repositories_daily,2025-03-31,3.0
Redstone Finance,GITHUB_repositories_daily,2025-03-31,1.0
Open Source Observer,GITHUB_repositories_daily,2025-03-31,3.0
Sylow,GITHUB_repositories_daily,2025-03-31,1.0
Runtime Verification,GITHUB_repositories_daily,2025-03-31,5.0
Solang,GITHUB_repositories_weekly,2025-03-31,1.0
Pyth Network,GITHUB_repositories_weekly,2025-03-31,4.0
Debid - Fairblock,GITHUB_repositories_weekly,2025-03-31,4.0
StylusPort,GITHUB_repositories_weekly,2025-03-31,1.0
Trail of Bits Security Reviews,GITHUB_repositories_weekly,2025-03-31,46.0
Open Source Observer,GITHUB_repositories_weekly,2025-03-31,6.0
Trail of Bits Security Reviews,GITHUB_forks_daily,2025-03-31,1.0
Solang,GITHUB_forks_daily,2025-03-31,1.0
thirdweb,GITHUB_forks_daily,2025-03-31,1.0
CodeTracer,GITHUB_contributors_daily,2025-03-31,1.0
Moving Stylus,GITHUB_contributors_daily,2025-03-31,1.0
Open Source Observer,GITHUB_contributors_daily,2025-03-31,4.0
Runtime Verification,GITHUB_contributors_daily,2025-03-31,4.0
StylusPort,GITHUB_contributors_weekly,2025-03-31,1.0
Open Source Observer,GITHUB_contributors_weekly,2025-03-31,8.0
CodeTracer,GITHUB_contributors_weekly,2025-03-31,2.0
Walnut,GITHUB_contributors_weekly,2025-03-31,6.0
Passport XYZ,GITHUB_contributors_weekly,2025-03-31,6.0
Moving Stylus,GITHUB_contributors_weekly,2025-03-31,1.0
9Lives,GITHUB_contributors_weekly,2025-03-31,3.0
thirdweb,GITHUB_contributors_weekly,2025-03-31,17.0
Pyth Network,GITHUB_active_developers_daily,2025-03-31,5.0
Redstone Finance,GITHUB_active_developers_daily,2025-03-31,1.0
Redstone Finance,GITHUB_active_developers_weekly,2025-03-31,2.0
Passport XYZ,GITHUB_active_developers_weekly,2025-03-31,3.0
Passport XYZ,GITHUB_opened_pull_requests_daily,2025-03-31,2.0
Enclave,GITHUB_opened_pull_requests_weekly,2025-03-31,2.0
CoBuilders,GITHUB_opened_pull_requests_weekly,2025-03-31,3.0
thirdweb,GITHUB_opened_pull_requests_weekly,2025-03-31,71.0
CodeTracer,GITHUB_merged_pull_requests_daily,2025-03-31,1.0
CoBuilders,GITHUB_merged_pull_requests_weekly,2025-03-31,2.0
Pyth Network,GITHUB_merged_pull_requests_weekly,2025-03-31,33.0
Open Source Observer,GITHUB_merged_pull_requests_weekly,2025-03-31,34.0
Remix IDE plugin for Arbitrum Stylus,GITHUB_merged_pull_requests_weekly,2025-03-31,2.0
Walnut,GITHUB_merged_pull_requests_weekly,2025-03-31,7.0
Runtime Verification,GITHUB_opened_issues_daily,2025-03-31,1.0
Passport XYZ,GITHUB_opened_issues_daily,2025-03-31,2.0
Passport XYZ,GITHUB_opened_issues_weekly,2025-03-31,12.0
Enclave,GITHUB_opened_issues_weekly,2025-03-31,12.0
Trail of Bits Security Reviews,GITHUB_opened_issues_weekly,2025-03-31,7.0
thirdweb,GITHUB_opened_issues_weekly,2025-03-31,2.0
Trail of Bits Security Reviews,GITHUB_closed_issues_daily,2025-03-31,1.0
Open Source Observer,GITHUB_closed_issues_daily,2025-03-31,7.0
Runtime Verification,GITHUB_closed_issues_weekly,2025-03-31,8.0
Enclave,GITHUB_closed_issues_weekly,2025-03-31,6.0
Pyth Network,GITHUB_comments_daily,2024-11-20,16.0
Moving Stylus,GITHUB_commits_daily,2024-11-20,1.0
Runtime Verification,GITHUB_commits_daily,2024-11-20,10.0
thirdweb,GITHUB_forks_daily,2024-11-20,2.0
Pyth Network,GITHUB_forks_daily,2024-11-20,1.0
Redstone Finance,GITHUB_repositories_daily,2024-11-20,2.0
Debid - Fairblock,GITHUB_repositories_daily,2024-11-20,2.0
Open Source Observer,GITHUB_repositories_daily,2024-11-20,2.0
Passport XYZ,GITHUB_merged_pull_requests_daily,2024-11-20,2.0
Pyth Network,GITHUB_merged_pull_requests_daily,2024-11-20,7.0
thirdweb,GITHUB_contributors_daily,2024-11-20,12.0
Redstone Finance,GITHUB_contributors_daily,2024-11-20,2.0
Passport XYZ,GITHUB_contributors_daily,2024-11-20,3.0
Pyth Network,GITHUB_active_developers_daily,2024-11-20,4.0
Remix IDE plugin for Arbitrum Stylus,GITHUB_active_developers_daily,2024-11-20,1.0
Runtime Verification,GITHUB_active_developers_daily,2024-11-20,3.0
Pyth Network,GITHUB_opened_pull_requests_daily,2024-11-20,11.0
thirdweb,GITHUB_opened_pull_requests_daily,2024-11-20,7.0
Trail of Bits Security Reviews,GITHUB_stars_daily,2025-04-03,19.0
Passport XYZ,GITHUB_comments_daily,2025-04-03,4.0
CodeTracer,GITHUB_stars_daily,2025-04-03,3.0
Pyth Network,GITHUB_commits_daily,2025-04-03,12.0
CodeTracer,GITHUB_commits_daily,2025-04-03,1.0
Enclave,GITHUB_repositories_daily,2025-04-03,1.0
thirdweb,GITHUB_repositories_daily,2025-04-03,2.0
Walnut,GITHUB_repositories_daily,2025-04-03,5.0
Trail of Bits Security Reviews,GITHUB_forks_daily,2025-04-03,4.0
CodeTracer,GITHUB_contributors_daily,2025-04-03,1.0
Redstone Finance,GITHUB_contributors_daily,2025-04-03,2.0
Walnut,GITHUB_contributors_daily,2025-04-03,4.0
Redstone Finance,GITHUB_active_developers_daily,2025-04-03,2.0
Runtime Verification,GITHUB_active_developers_daily,2025-04-03,3.0
Pyth Network,GITHUB_active_developers_daily,2025-04-03,4.0
Passport XYZ,GITHUB_active_developers_daily,2025-04-03,2.0
Walnut,GITHUB_opened_pull_requests_daily,2025-04-03,2.0
Runtime Verification,GITHUB_opened_pull_requests_daily,2025-04-03,9.0
Pyth Network,GITHUB_opened_pull_requests_daily,2025-04-03,14.0
thirdweb,GITHUB_opened_pull_requests_daily,2025-04-03,13.0
Trail of Bits Security Reviews,GITHUB_merged_pull_requests_daily,2025-04-03,9.0
Pyth Network,GITHUB_opened_issues_daily,2025-04-03,1.0
Enclave,GITHUB_closed_issues_daily,2025-04-03,2.0
Passport XYZ,GITHUB_closed_issues_daily,2025-04-03,3.0
thirdweb,GITHUB_closed_issues_daily,2025-04-03,2.0
Open Source Observer,GITHUB_comments_daily,2024-02-10,10.0
Runtime Verification,GITHUB_comments_daily,2024-02-10,1.0
thirdweb,GITHUB_stars_daily,2024-02-10,1.0
Pyth Network,GITHUB_stars_daily,2024-02-10,1.0
Runtime Verification,GITHUB_commits_daily,2024-02-10,2.0
thirdweb,GITHUB_releases_daily,2024-02-10,12.0
Runtime Verification,GITHUB_releases_daily,2024-02-10,1.0
Trail of Bits Security Reviews,GITHUB_repositories_daily,2024-02-10,7.0
thirdweb,GITHUB_active_developers_daily,2024-02-10,5.0
Pyth Network,GITHUB_comments_daily,2024-12-24,3.0
Redstone Finance,GITHUB_commits_daily,2024-12-24,2.0
Open Source Observer,GITHUB_commits_daily,2024-12-24,4.0
Runtime Verification,GITHUB_repositories_daily,2024-12-24,2.0
Pyth Network,GITHUB_repositories_daily,2024-12-24,1.0
Solang,GITHUB_repositories_daily,2024-12-24,1.0
Trail of Bits Security Reviews,GITHUB_repositories_daily,2024-12-24,13.0
Runtime Verification,GITHUB_contributors_daily,2024-12-24,2.0
Debid - Fairblock,GITHUB_contributors_daily,2024-12-24,1.0
Pyth Network,GITHUB_contributors_daily,2024-12-24,1.0
Enclave,GITHUB_contributors_daily,2024-12-24,1.0
Walnut,GITHUB_contributors_daily,2024-12-24,1.0
Pyth Network,GITHUB_active_developers_daily,2024-12-24,1.0
Enclave,GITHUB_opened_issues_daily,2024-12-24,1.0
Trail of Bits Security Reviews,GITHUB_forks_weekly,2024-12-30,6.0
Passport XYZ,GITHUB_forks_weekly,2024-12-30,2.0
thirdweb,GITHUB_forks_weekly,2024-12-30,10.0
Solang,GITHUB_forks_weekly,2024-12-30,3.0
Walnut,GITHUB_comments_daily,2024-12-30,8.0
thirdweb,GITHUB_comments_daily,2024-12-30,33.0
Open Source Observer,GITHUB_stars_daily,2024-12-30,3.0
Open Source Observer,GITHUB_commits_daily,2024-12-30,1.0
Redstone Finance,GITHUB_commits_daily,2024-12-30,6.0
Enclave,GITHUB_commits_weekly,2024-12-30,1.0
Trail of Bits Security Reviews,GITHUB_commits_weekly,2024-12-30,83.0
thirdweb,GITHUB_comments_weekly,2024-12-30,288.0
Pyth Network,GITHUB_comments_weekly,2024-12-30,45.0
Pyth Network,GITHUB_repositories_weekly,2024-12-30,8.0
Open Source Observer,GITHUB_repositories_weekly,2024-12-30,4.0
Redstone Finance,GITHUB_repositories_weekly,2024-12-30,4.0
Sylow,GITHUB_repositories_weekly,2024-12-30,1.0
thirdweb,GITHUB_repositories_weekly,2024-12-30,11.0
thirdweb,GITHUB_forks_daily,2024-12-30,1.0
Open Source Observer,GITHUB_repositories_daily,2024-12-30,3.0
Pyth Network,GITHUB_repositories_daily,2024-12-30,3.0
Enclave,GITHUB_repositories_daily,2024-12-30,1.0
Passport XYZ,GITHUB_repositories_daily,2024-12-30,1.0
Pyth Network,GITHUB_contributors_weekly,2024-12-30,11.0
Moving Stylus,GITHUB_contributors_weekly,2024-12-30,1.0
Walnut,GITHUB_contributors_weekly,2024-12-30,4.0
Redstone Finance,GITHUB_active_developers_weekly,2024-12-30,4.0
Enclave,GITHUB_active_developers_weekly,2024-12-30,1.0
Walnut,GITHUB_contributors_daily,2024-12-30,1.0
Open Source Observer,GITHUB_active_developers_daily,2024-12-30,1.0
Pyth Network,GITHUB_active_developers_daily,2024-12-30,2.0
Enclave,GITHUB_merged_pull_requests_daily,2024-12-30,5.0
Pyth Network,GITHUB_merged_pull_requests_daily,2024-12-30,7.0
Runtime Verification,GITHUB_merged_pull_requests_weekly,2024-12-30,1.0
Open Source Observer,GITHUB_opened_issues_weekly,2024-12-30,3.0
Trail of Bits Security Reviews,GITHUB_opened_issues_weekly,2024-12-30,2.0
Enclave,GITHUB_opened_issues_daily,2024-12-30,2.0
Runtime Verification,GITHUB_comments_daily,2024-04-17,14.0
Open Source Observer,GITHUB_comments_daily,2024-04-17,9.0
Trail of Bits Security Reviews,GITHUB_commits_daily,2024-04-17,24.0
Open Source Observer,GITHUB_commits_daily,2024-04-17,7.0
thirdweb,GITHUB_commits_daily,2024-04-17,17.0
thirdweb,GITHUB_releases_daily,2024-04-17,10.0
thirdweb,GITHUB_forks_daily,2024-04-17,4.0
Pyth Network,GITHUB_opened_pull_requests_daily,2024-04-17,10.0
Trail of Bits Security Reviews,GITHUB_opened_pull_requests_daily,2024-04-17,7.0
Runtime Verification,GITHUB_opened_pull_requests_daily,2024-04-17,15.0
Pyth Network,GITHUB_active_developers_daily,2024-04-17,7.0
Trail of Bits Security Reviews,GITHUB_active_developers_daily,2024-04-17,4.0
Runtime Verification,GITHUB_contributors_daily,2024-04-17,10.0
Trail of Bits Security Reviews,GITHUB_contributors_daily,2024-04-17,7.0
thirdweb,GITHUB_opened_issues_daily,2024-04-17,1.0
Runtime Verification,GITHUB_opened_issues_daily,2024-04-17,3.0
Runtime Verification,GITHUB_closed_issues_daily,2024-04-17,4.0
Passport XYZ,GITHUB_comments_daily,2024-08-22,10.0
thirdweb,GITHUB_stars_daily,2024-08-22,2.0
Trail of Bits Security Reviews,GITHUB_commits_daily,2024-08-22,1.0
Runtime Verification,GITHUB_releases_daily,2024-08-22,9.0
thirdweb,GITHUB_releases_daily,2024-08-22,2.0
Pyth Network,GITHUB_forks_daily,2024-08-22,1.0
Pyth Network,GITHUB_repositories_daily,2024-08-22,6.0
Trail of Bits Security Reviews,GITHUB_repositories_daily,2024-08-22,8.0
Open Source Observer,GITHUB_contributors_daily,2024-08-22,4.0
thirdweb,GITHUB_contributors_daily,2024-08-22,13.0
Runtime Verification,GITHUB_contributors_daily,2024-08-22,11.0
Open Source Observer,GITHUB_active_developers_daily,2024-08-22,2.0
Pyth Network,GITHUB_active_developers_daily,2024-08-22,2.0
Pyth Network,GITHUB_opened_pull_requests_daily,2024-08-22,7.0
thirdweb,GITHUB_opened_pull_requests_daily,2024-08-22,19.0
Passport XYZ,GITHUB_opened_pull_requests_daily,2024-08-22,6.0
Trail of Bits Security Reviews,GITHUB_opened_issues_daily,2024-08-22,1.0
Pyth Network,GITHUB_new_contributors_quarterly,2025-03-01,14.0
Enclave,GITHUB_active_contributors_quarterly,2025-03-01,5.0
Redstone Finance,GITHUB_active_contributors_quarterly,2025-03-01,11.0
9Lives,GITHUB_new_contributors_quarterly,2025-03-01,5.0
Passport XYZ,GITHUB_new_contributors_quarterly,2025-03-01,1.0
CodeTracer,GITHUB_active_contributors_quarterly,2025-03-01,7.0
9Lives,GITHUB_active_contributors_quarterly,2025-03-01,5.0
thirdweb,GITHUB_new_contributors_quarterly,2025-03-01,19.0
CoBuilders,GITHUB_new_contributors_quarterly,2025-03-01,1.0
Open Source Observer,GITHUB_part_time_contributors_quarterly,2025-03-01,19.0
Pyth Network,GITHUB_releases_biannually,2025-03-01,18.0
Runtime Verification,GITHUB_releases_biannually,2025-03-01,51.0
Passport XYZ,GITHUB_releases_biannually,2025-03-01,20.0
Sylow,GITHUB_releases_quarterly,2025-03-01,1.0
Remix IDE plugin for Arbitrum Stylus,GITHUB_releases_quarterly,2025-03-01,4.0
Passport XYZ,GITHUB_releases_quarterly,2025-03-01,20.0
Arbos Foundry,GITHUB_commits_biannually,2025-03-01,26.0
Sylow,GITHUB_commits_biannually,2025-03-01,14.0
Remix IDE plugin for Arbitrum Stylus,GITHUB_commits_biannually,2025-03-01,1.0
Remix IDE plugin for Arbitrum Stylus,GITHUB_active_developers_biannually,2025-03-01,1.0
Walnut,GITHUB_active_developers_biannually,2025-03-01,4.0
Passport XYZ,GITHUB_active_developers_biannually,2025-03-01,3.0
Walnut,GITHUB_repositories_quarterly,2025-03-01,11.0
Remix IDE plugin for Arbitrum Stylus,GITHUB_repositories_quarterly,2025-03-01,3.0
Pyth Network,GITHUB_repositories_quarterly,2025-03-01,16.0
Enclave,GITHUB_repositories_quarterly,2025-03-01,1.0
9Lives,GITHUB_repositories_quarterly,2025-03-01,1.0
Passport XYZ,GITHUB_repositories_quarterly,2025-03-01,5.0
Trail of Bits Security Reviews,GITHUB_active_developers_quarterly,2025-03-01,18.0
Redstone Finance,GITHUB_active_developers_quarterly,2025-03-01,10.0
Debid - Fairblock,GITHUB_part_time_developers_quarterly,2025-03-01,2.0
CodeTracer,GITHUB_forks_monthly,2025-03-01,15.0
thirdweb,GITHUB_forks_monthly,2025-03-01,58.0
Runtime Verification,GITHUB_forks_monthly,2025-03-01,6.0
Pyth Network,GITHUB_forks_monthly,2025-03-01,20.0
Redstone Finance,GITHUB_forks_monthly,2025-03-01,4.0
Solang,GITHUB_part_time_developers_quarterly,2025-03-01,1.0
Open Source Observer,GITHUB_part_time_developers_quarterly,2025-03-01,13.0
thirdweb,GITHUB_part_time_developers_quarterly,2025-03-01,12.0
Moving Stylus,GITHUB_part_time_developers_quarterly,2025-03-01,1.0
Walnut,GITHUB_part_time_developers_quarterly,2025-03-01,4.0
thirdweb,GITHUB_comments_daily,2025-03-01,63.0
Debid - Fairblock,GITHUB_stars_monthly,2025-03-01,6.0
Pyth Network,GITHUB_stars_monthly,2025-03-01,14.0
Remix IDE plugin for Arbitrum Stylus,GITHUB_stars_monthly,2025-03-01,2.0
Trail of Bits Security Reviews,GITHUB_stars_monthly,2025-03-01,239.0
Walnut,GITHUB_stars_monthly,2025-03-01,4.0
Redstone Finance,GITHUB_stars_monthly,2025-03-01,12.0
Passport XYZ,GITHUB_stars_monthly,2025-03-01,32.0
9Lives,GITHUB_stars_daily,2025-03-01,1.0
CodeTracer,GITHUB_stars_daily,2025-03-01,1.0
Walnut,GITHUB_commits_daily,2025-03-01,1.0
CodeTracer,GITHUB_commits_monthly,2025-03-01,70.0
Trail of Bits Security Reviews,GITHUB_stars_quarterly,2025-03-01,239.0
Walnut,GITHUB_stars_quarterly,2025-03-01,4.0
Sylow,GITHUB_stars_quarterly,2025-03-01,6.0
Debid - Fairblock,GITHUB_commits_monthly,2025-03-01,8.0
9Lives,GITHUB_commits_monthly,2025-03-01,73.0
Remix IDE plugin for Arbitrum Stylus,GITHUB_comments_monthly,2025-03-01,1.0
Walnut,GITHUB_commits_monthly,2025-03-01,159.0
CodeTracer,GITHUB_stars_quarterly,2025-03-01,934.0
thirdweb,GITHUB_stars_quarterly,2025-03-01,47.0
Pyth Network,GITHUB_stars_quarterly,2025-03-01,14.0
Open Source Observer,GITHUB_stars_quarterly,2025-03-01,15.0
thirdweb,GITHUB_releases_daily,2025-03-01,1.0
Runtime Verification,GITHUB_releases_monthly,2025-03-01,51.0
Walnut,GITHUB_releases_monthly,2025-03-01,2.0
Walnut,GITHUB_commits_quarterly,2025-03-01,159.0
CodeTracer,GITHUB_commits_quarterly,2025-03-01,70.0
thirdweb,GITHUB_commits_quarterly,2025-03-01,222.0
Debid - Fairblock,GITHUB_commits_quarterly,2025-03-01,8.0
thirdweb,GITHUB_forks_biannually,2025-03-01,58.0
Solang,GITHUB_forks_biannually,2025-03-01,3.0
Trail of Bits Security Reviews,GITHUB_forks_biannually,2025-03-01,32.0
Solang,GITHUB_forks_quarterly,2025-03-01,3.0
CodeTracer,GITHUB_forks_quarterly,2025-03-01,15.0
Sylow,GITHUB_repositories_monthly,2025-03-01,1.0
Trail of Bits Security Reviews,GITHUB_repositories_biannually,2025-03-01,72.0
Trail of Bits Security Reviews,GITHUB_repositories_monthly,2025-03-01,72.0
Sylow,GITHUB_repositories_biannually,2025-03-01,1.0
Enclave,GITHUB_contributors_monthly,2025-03-01,5.0
Passport XYZ,GITHUB_contributors_monthly,2025-03-01,6.0
Remix IDE plugin for Arbitrum Stylus,GITHUB_contributors_monthly,2025-03-01,1.0
Solang,GITHUB_contributors_monthly,2025-03-01,5.0
Open Source Observer,GITHUB_contributors_monthly,2025-03-01,19.0
Moving Stylus,GITHUB_contributors_monthly,2025-03-01,1.0
thirdweb,GITHUB_contributors_monthly,2025-03-01,39.0
Walnut,GITHUB_contributors_monthly,2025-03-01,12.0
Runtime Verification,GITHUB_contributors_monthly,2025-03-01,27.0
Runtime Verification,GITHUB_contributors_daily,2025-03-01,1.0
Redstone Finance,GITHUB_contributors_biannually,2025-03-01,11.0
9Lives,GITHUB_contributors_biannually,2025-03-01,5.0
Arbos Foundry,GITHUB_contributors_quarterly,2025-03-01,1.0
Debid - Fairblock,GITHUB_contributors_quarterly,2025-03-01,4.0
Enclave,GITHUB_contributors_quarterly,2025-03-01,5.0
CoBuilders,GITHUB_contributors_biannually,2025-03-01,1.0
Runtime Verification,GITHUB_active_developers_monthly,2025-03-01,16.0
9Lives,GITHUB_active_developers_monthly,2025-03-01,3.0
Moving Stylus,GITHUB_active_developers_monthly,2025-03-01,1.0
Walnut,GITHUB_active_developers_daily,2025-03-01,1.0
Passport XYZ,GITHUB_part_time_developers_monthly,2025-03-01,3.0
Pyth Network,GITHUB_active_developers_monthly,2025-03-01,16.0
Remix IDE plugin for Arbitrum Stylus,GITHUB_active_developers_monthly,2025-03-01,1.0
Sylow,GITHUB_active_developers_monthly,2025-03-01,1.0
Moving Stylus,GITHUB_part_time_developers_monthly,2025-03-01,1.0
Trail of Bits Security Reviews,GITHUB_part_time_developers_monthly,2025-03-01,16.0
thirdweb,GITHUB_full_time_developers_monthly,2025-03-01,2.0
Pyth Network,GITHUB_full_time_developers_monthly,2025-03-01,4.0
Sylow,GITHUB_part_time_developers_monthly,2025-03-01,1.0
Solang,GITHUB_part_time_developers_monthly,2025-03-01,1.0
Arbos Foundry,GITHUB_part_time_developers_biannually,2025-03-01,1.0
Enclave,GITHUB_part_time_developers_biannually,2025-03-01,1.0
Runtime Verification,GITHUB_part_time_contributors_monthly,2025-03-01,24.0
Sylow,GITHUB_part_time_contributors_monthly,2025-03-01,3.0
thirdweb,GITHUB_part_time_contributors_monthly,2025-03-01,31.0
Solang,GITHUB_part_time_contributors_monthly,2025-03-01,5.0
Walnut,GITHUB_part_time_contributors_monthly,2025-03-01,9.0
Debid - Fairblock,GITHUB_new_contributors_monthly,2025-03-01,1.0
Trail of Bits Security Reviews,GITHUB_part_time_developers_biannually,2025-03-01,18.0
Solang,GITHUB_part_time_developers_biannually,2025-03-01,1.0
Remix IDE plugin for Arbitrum Stylus,GITHUB_active_contributors_biannually,2025-03-01,1.0
Moving Stylus,GITHUB_active_contributors_biannually,2025-03-01,1.0
Open Source Observer,GITHUB_new_contributors_monthly,2025-03-01,10.0
CodeTracer,GITHUB_part_time_contributors_monthly,2025-03-01,6.0
Redstone Finance,GITHUB_new_contributors_monthly,2025-03-01,1.0
thirdweb,GITHUB_full_time_contributors_monthly,2025-03-01,8.0
Remix IDE plugin for Arbitrum Stylus,GITHUB_active_contributors_monthly,2025-03-01,1.0
Pyth Network,GITHUB_active_contributors_monthly,2025-03-01,34.0
Pyth Network,GITHUB_new_contributors_monthly,2025-03-01,14.0
Passport XYZ,GITHUB_new_contributors_monthly,2025-03-01,1.0
Trail of Bits Security Reviews,GITHUB_active_contributors_biannually,2025-03-01,41.0
Open Source Observer,GITHUB_active_contributors_biannually,2025-03-01,19.0
thirdweb,GITHUB_active_contributors_biannually,2025-03-01,39.0
CodeTracer,GITHUB_active_contributors_biannually,2025-03-01,7.0
9Lives,GITHUB_active_contributors_biannually,2025-03-01,5.0
Runtime Verification,GITHUB_active_contributors_biannually,2025-03-01,27.0
CodeTracer,GITHUB_new_contributors_biannually,2025-03-01,7.0
9Lives,GITHUB_part_time_contributors_biannually,2025-03-01,5.0
Passport XYZ,GITHUB_change_in_full_time_contributors_monthly,2025-03-01,-1.0
Trail of Bits Security Reviews,GITHUB_change_in_active_developers_monthly,2025-03-01,7.0
Open Source Observer,GITHUB_change_in_part_time_contributors_quarterly,2025-03-01,11.0
Debid - Fairblock,GITHUB_change_in_part_time_contributors_quarterly,2025-03-01,-2.0
Walnut,GITHUB_change_in_active_developers_quarterly,2025-03-01,-3.0
Walnut,GITHUB_change_in_active_developers_monthly,2025-03-01,-3.0
thirdweb,GITHUB_change_in_active_developers_monthly,2025-03-01,8.0
9Lives,GITHUB_change_in_active_developers_monthly,2025-03-01,-1.0
Solang,GITHUB_change_in_active_developers_monthly,2025-03-01,7.0
thirdweb,GITHUB_change_in_active_developers_biannually,2025-03-01,8.0
Open Source Observer,GITHUB_change_in_active_developers_biannually,2025-03-01,11.0
Redstone Finance,GITHUB_change_in_active_developers_biannually,2025-03-01,6.0
Trail of Bits Security Reviews,GITHUB_change_in_part_time_contributors_biannually,2025-03-01,7.0
Runtime Verification,GITHUB_change_in_active_developers_biannually,2025-03-01,-3.0
Remix IDE plugin for Arbitrum Stylus,GITHUB_change_in_part_time_contributors_biannually,2025-03-01,1.0
Sylow,GITHUB_change_in_active_developers_monthly,2025-03-01,-2.0
Debid - Fairblock,GITHUB_change_in_active_developers_monthly,2025-03-01,-2.0
thirdweb,GITHUB_change_in_part_time_contributors_quarterly,2025-03-01,8.0
Moving Stylus,GITHUB_change_in_active_developers_quarterly,2025-03-01,1.0
Enclave,GITHUB_change_in_part_time_contributors_quarterly,2025-03-01,-4.0
Runtime Verification,GITHUB_opened_pull_requests_monthly,2025-03-01,131.0
CoBuilders,GITHUB_opened_pull_requests_monthly,2025-03-01,6.0
CodeTracer,GITHUB_opened_pull_requests_monthly,2025-03-01,21.0
Redstone Finance,GITHUB_opened_pull_requests_monthly,2025-03-01,17.0
Trail of Bits Security Reviews,GITHUB_change_in_full_time_contributors_monthly,2025-03-01,1.0
Runtime Verification,GITHUB_change_in_full_time_contributors_monthly,2025-03-01,1.0
Moving Stylus,GITHUB_change_in_active_developers_monthly,2025-03-01,1.0
Debid - Fairblock,GITHUB_change_in_part_time_contributors_monthly,2025-03-01,-2.0
Solang,GITHUB_change_in_active_developers_biannually,2025-03-01,7.0
Debid - Fairblock,GITHUB_opened_pull_requests_biannually,2025-03-01,2.0
Runtime Verification,GITHUB_opened_pull_requests_biannually,2025-03-01,131.0
thirdweb,GITHUB_opened_pull_requests_biannually,2025-03-01,234.0
Pyth Network,GITHUB_opened_pull_requests_quarterly,2025-03-01,171.0
Debid - Fairblock,GITHUB_change_in_active_developers_quarterly,2025-03-01,-2.0
Sylow,GITHUB_change_in_part_time_contributors_quarterly,2025-03-01,-2.0
Solang,GITHUB_opened_pull_requests_daily,2025-03-01,1.0
Debid - Fairblock,GITHUB_merged_pull_requests_monthly,2025-03-01,3.0
Solang,GITHUB_merged_pull_requests_monthly,2025-03-01,2.0
9Lives,GITHUB_merged_pull_requests_monthly,2025-03-01,1.0
Enclave,GITHUB_merged_pull_requests_monthly,2025-03-01,3.0
Sylow,GITHUB_merged_pull_requests_monthly,2025-03-01,1.0
Runtime Verification,GITHUB_merged_pull_requests_monthly,2025-03-01,110.0
Passport XYZ,GITHUB_merged_pull_requests_monthly,2025-03-01,74.0
Passport XYZ,GITHUB_merged_pull_requests_quarterly,2025-03-01,74.0
thirdweb,GITHUB_merged_pull_requests_quarterly,2025-03-01,190.0
Runtime Verification,GITHUB_merged_pull_requests_quarterly,2025-03-01,110.0
CoBuilders,GITHUB_merged_pull_requests_quarterly,2025-03-01,6.0
Redstone Finance,GITHUB_merged_pull_requests_biannually,2025-03-01,19.0
CoBuilders,GITHUB_merged_pull_requests_biannually,2025-03-01,6.0
Runtime Verification,GITHUB_merged_pull_requests_biannually,2025-03-01,110.0
Pyth Network,GITHUB_merged_pull_requests_biannually,2025-03-01,156.0
thirdweb,GITHUB_merged_pull_requests_daily,2025-03-01,8.0
9Lives,GITHUB_opened_issues_quarterly,2025-03-01,1.0
Walnut,GITHUB_opened_issues_monthly,2025-03-01,22.0
Open Source Observer,GITHUB_opened_issues_monthly,2025-03-01,138.0
Open Source Observer,GITHUB_opened_issues_biannually,2025-03-01,138.0
Passport XYZ,GITHUB_opened_issues_biannually,2025-03-01,60.0
Enclave,GITHUB_opened_issues_biannually,2025-03-01,45.0
Sylow,GITHUB_opened_issues_biannually,2025-03-01,1.0
Open Source Observer,GITHUB_closed_issues_monthly,2025-03-01,100.0
Trail of Bits Security Reviews,GITHUB_closed_issues_monthly,2025-03-01,18.0
thirdweb,GITHUB_closed_issues_monthly,2025-03-01,10.0
Open Source Observer,GITHUB_closed_issues_quarterly,2025-03-01,100.0
Passport XYZ,GITHUB_closed_issues_biannually,2025-03-01,62.0
Runtime Verification,GITHUB_avg_prs_time_to_merge_quarterly,2025-03-01,0.0
Enclave,GITHUB_avg_prs_time_to_merge_quarterly,2025-03-01,0.0
CodeTracer,GITHUB_avg_prs_time_to_merge_quarterly,2025-03-01,0.0
Pyth Network,GITHUB_avg_prs_time_to_merge_quarterly,2025-03-01,0.0
Sylow,GITHUB_avg_prs_time_to_merge_biannually,2025-03-01,0.0
Remix IDE plugin for Arbitrum Stylus,GITHUB_avg_time_to_first_response_quarterly,2025-03-01,1566005.0
Open Source Observer,GITHUB_avg_prs_time_to_merge_biannually,2025-03-01,0.0
Pyth Network,GITHUB_avg_prs_time_to_merge_biannually,2025-03-01,0.0
Trail of Bits Security Reviews,GITHUB_avg_prs_time_to_merge_biannually,2025-03-01,0.0
Enclave,GITHUB_avg_time_to_first_response_quarterly,2025-03-01,1931293.08
thirdweb,GITHUB_avg_prs_time_to_merge_biannually,2025-03-01,0.0
Passport XYZ,GITHUB_avg_time_to_first_response_biannually,2025-03-01,1587094.851851852
Open Source Observer,GITHUB_avg_time_to_first_response_biannually,2025-03-01,276263.8
Remix IDE plugin for Arbitrum Stylus,GITHUB_avg_time_to_first_response_biannually,2025-03-01,1566005.0
Redstone Finance,GITHUB_avg_time_to_first_response_biannually,2025-03-01,4.466666666666667
Pyth Network,GITHUB_avg_time_to_first_response_biannually,2025-03-01,107907.6625
thirdweb,GITHUB_avg_time_to_first_response_biannually,2025-03-01,12626.59090909091
CodeTracer,GITHUB_avg_time_to_first_response_biannually,2025-03-01,65727.75609756098
Solang,GITHUB_change_in_active_contributors_monthly,2025-03-01,7.0
CoBuilders,GITHUB_churned_contributors_monthly,2025-03-01,-1.0
Pyth Network,GITHUB_change_in_active_contributors_monthly,2025-03-01,-3.0
9Lives,GITHUB_change_in_active_contributors_monthly,2025-03-01,-1.0
9Lives,GITHUB_churned_contributors_monthly,2025-03-01,-6.0
Passport XYZ,GITHUB_churned_contributors_monthly,2025-03-01,0.0
Enclave,GITHUB_change_in_full_time_contributors_monthly,2025-03-01,0.0
Moving Stylus,GITHUB_change_in_new_contributors_monthly,2025-03-01,1.0
Walnut,GITHUB_churned_contributors_monthly,2025-03-01,-8.0
Walnut,GITHUB_change_in_active_contributors_monthly,2025-03-01,-3.0
Redstone Finance,GITHUB_churned_contributors_monthly,2025-03-01,5.0
Debid - Fairblock,GITHUB_change_in_new_contributors_monthly,2025-03-01,0.0
CodeTracer,GITHUB_churned_contributors_monthly,2025-03-01,-8.0
CodeTracer,GITHUB_change_in_full_time_contributors_monthly,2025-03-01,-1.0
thirdweb,GITHUB_change_in_active_contributors_monthly,2025-03-01,8.0
Arbos Foundry,GITHUB_change_in_new_contributors_monthly,2025-03-01,0.0
Remix IDE plugin for Arbitrum Stylus,GITHUB_change_in_full_time_contributors_biannually,2025-03-01,0.0
Remix IDE plugin for Arbitrum Stylus,GITHUB_churned_contributors_biannually,2025-03-01,1.0
CoBuilders,GITHUB_change_in_new_contributors_quarterly,2025-03-01,-1.0
CoBuilders,GITHUB_change_in_active_contributors_quarterly,2025-03-01,0.0
Pyth Network,GITHUB_change_in_new_contributors_quarterly,2025-03-01,-3.0
Pyth Network,GITHUB_change_in_active_contributors_quarterly,2025-03-01,-3.0
Pyth Network,GITHUB_churned_contributors_quarterly,2025-03-01,-17.0
Passport XYZ,GITHUB_change_in_new_contributors_quarterly,2025-03-01,1.0
9Lives,GITHUB_change_in_full_time_contributors_quarterly,2025-03-01,0.0
Moving Stylus,GITHUB_change_in_full_time_contributors_quarterly,2025-03-01,0.0
Moving Stylus,GITHUB_change_in_new_contributors_quarterly,2025-03-01,1.0
Enclave,GITHUB_change_in_new_contributors_quarterly,2025-03-01,-2.0
Solang,GITHUB_churned_contributors_quarterly,2025-03-01,4.0
Arbos Foundry,GITHUB_churned_contributors_quarterly,2025-03-01,0.0
Sylow,GITHUB_churned_contributors_quarterly,2025-03-01,-2.0
Sylow,GITHUB_change_in_active_contributors_quarterly,2025-03-01,-2.0
Sylow,GITHUB_change_in_full_time_contributors_quarterly,2025-03-01,0.0
Sylow,GITHUB_change_in_new_contributors_quarterly,2025-03-01,0.0
Debid - Fairblock,GITHUB_change_in_active_contributors_quarterly,2025-03-01,-2.0
Sylow,GITHUB_change_in_active_contributors_biannually,2025-03-01,-2.0
Sylow,GITHUB_churned_contributors_biannually,2025-03-01,-2.0
Solang,GITHUB_change_in_full_time_contributors_quarterly,2025-03-01,0.0
thirdweb,GITHUB_change_in_active_contributors_biannually,2025-03-01,8.0
Runtime Verification,GITHUB_change_in_new_contributors_biannually,2025-03-01,-1.0
Runtime Verification,GITHUB_change_in_active_contributors_biannually,2025-03-01,-3.0
Runtime Verification,GITHUB_churned_contributors_biannually,2025-03-01,-6.0
Solang,GITHUB_change_in_full_time_contributors_biannually,2025-03-01,0.0
Walnut,GITHUB_churned_contributors_quarterly,2025-03-01,-8.0
CoBuilders,GITHUB_churned_contributors_biannually,2025-03-01,-1.0
Pyth Network,GITHUB_change_in_full_time_contributors_biannually,2025-03-01,0.0
Passport XYZ,GITHUB_change_in_active_contributors_biannually,2025-03-01,1.0
9Lives,GITHUB_change_in_active_contributors_biannually,2025-03-01,-1.0
Enclave,GITHUB_change_in_active_contributors_biannually,2025-03-01,-4.0
Enclave,GITHUB_change_in_full_time_contributors_biannually,2025-03-01,0.0
Moving Stylus,GITHUB_churned_contributors_biannually,2025-03-01,1.0
Trail of Bits Security Reviews,GITHUB_change_in_full_time_contributors_biannually,2025-03-01,0.0
Trail of Bits Security Reviews,GITHUB_churned_contributors_biannually,2025-03-01,-12.0
Redstone Finance,GITHUB_change_in_new_contributors_biannually,2025-03-01,3.0
Redstone Finance,GITHUB_churned_contributors_biannually,2025-03-01,5.0
Open Source Observer,GITHUB_stars_daily,2024-11-27,3.0
Redstone Finance,GITHUB_stars_daily,2024-11-27,5.0
Enclave,GITHUB_commits_daily,2024-11-27,2.0
Solang,GITHUB_repositories_daily,2024-11-27,1.0
thirdweb,GITHUB_repositories_daily,2024-11-27,2.0
Passport XYZ,GITHUB_repositories_daily,2024-11-27,1.0
Sylow,GITHUB_repositories_daily,2024-11-27,1.0
Open Source Observer,GITHUB_contributors_daily,2024-11-27,3.0
Trail of Bits Security Reviews,GITHUB_contributors_daily,2024-11-27,9.0
Pyth Network,GITHUB_contributors_daily,2024-11-27,4.0
Enclave,GITHUB_active_developers_daily,2024-11-27,1.0
Enclave,GITHUB_opened_pull_requests_daily,2024-11-27,1.0
Redstone Finance,GITHUB_merged_pull_requests_daily,2024-11-27,2.0
Pyth Network,GITHUB_merged_pull_requests_daily,2024-11-27,3.0
thirdweb,GITHUB_comments_daily,2024-04-30,52.0
Runtime Verification,GITHUB_comments_daily,2024-04-30,32.0
Redstone Finance,GITHUB_stars_daily,2024-04-30,1.0
thirdweb,GITHUB_stars_daily,2024-04-30,3.0
Syndicate Protocol,GITHUB_commits_daily,2024-04-30,5.0
Runtime Verification,GITHUB_releases_daily,2024-04-30,6.0
Open Source Observer,GITHUB_forks_daily,2024-04-30,2.0
Runtime Verification,GITHUB_repositories_daily,2024-04-30,8.0
Pyth Network,GITHUB_repositories_daily,2024-04-30,4.0
Open Source Observer,GITHUB_repositories_daily,2024-04-30,2.0
Trail of Bits Security Reviews,GITHUB_repositories_daily,2024-04-30,16.0
Syndicate Protocol,GITHUB_repositories_daily,2024-04-30,1.0
Debid - Fairblock,GITHUB_repositories_daily,2024-04-30,1.0
Runtime Verification,GITHUB_contributors_daily,2024-04-30,10.0
thirdweb,GITHUB_contributors_daily,2024-04-30,11.0
Redstone Finance,GITHUB_contributors_daily,2024-04-30,1.0
Syndicate Protocol,GITHUB_contributors_daily,2024-04-30,1.0
Runtime Verification,GITHUB_merged_pull_requests_daily,2024-04-30,8.0
thirdweb,GITHUB_merged_pull_requests_daily,2024-04-30,10.0
Runtime Verification,GITHUB_opened_issues_daily,2024-04-30,3.0
Trail of Bits Security Reviews,GITHUB_closed_issues_daily,2024-04-30,1.0
thirdweb,GITHUB_comments_daily,2024-04-26,44.0
Pyth Network,GITHUB_comments_daily,2024-04-26,5.0
Open Source Observer,GITHUB_comments_daily,2024-04-26,8.0
Trail of Bits Security Reviews,GITHUB_comments_daily,2024-04-26,18.0
thirdweb,GITHUB_stars_daily,2024-04-26,1.0
thirdweb,GITHUB_commits_daily,2024-04-26,8.0
Runtime Verification,GITHUB_commits_daily,2024-04-26,26.0
Redstone Finance,GITHUB_commits_daily,2024-04-26,12.0
Debid - Fairblock,GITHUB_repositories_daily,2024-04-26,1.0
thirdweb,GITHUB_repositories_daily,2024-04-26,5.0
Open Source Observer,GITHUB_active_developers_daily,2024-04-26,3.0
Trail of Bits Security Reviews,GITHUB_active_developers_daily,2024-04-26,3.0
thirdweb,GITHUB_active_developers_daily,2024-04-26,4.0
Runtime Verification,GITHUB_contributors_daily,2024-04-26,12.0
Debid - Fairblock,GITHUB_contributors_daily,2024-04-26,1.0
Pyth Network,GITHUB_merged_pull_requests_daily,2024-04-26,3.0
CodeTracer,GITHUB_comments_daily,2025-02-26,3.0
Pyth Network,GITHUB_commits_daily,2025-02-26,5.0
CodeTracer,GITHUB_commits_daily,2025-02-26,6.0
Passport XYZ,GITHUB_commits_daily,2025-02-26,22.0
Solang,GITHUB_stars_daily,2025-02-26,2.0
CodeTracer,GITHUB_stars_daily,2025-02-26,7.0
Pyth Network,GITHUB_forks_daily,2025-02-26,1.0
thirdweb,GITHUB_forks_daily,2025-02-26,5.0
Redstone Finance,GITHUB_repositories_daily,2025-02-26,6.0
thirdweb,GITHUB_repositories_daily,2025-02-26,5.0
Passport XYZ,GITHUB_contributors_daily,2025-02-26,3.0
9Lives,GITHUB_active_developers_daily,2025-02-26,1.0
Pyth Network,GITHUB_active_developers_daily,2025-02-26,3.0
thirdweb,GITHUB_merged_pull_requests_daily,2025-02-26,11.0
Runtime Verification,GITHUB_merged_pull_requests_daily,2025-02-26,2.0
CodeTracer,GITHUB_merged_pull_requests_daily,2025-02-26,5.0
Pyth Network,GITHUB_merged_pull_requests_daily,2025-02-26,6.0
Pyth Network,GITHUB_opened_issues_daily,2025-02-26,1.0
Passport XYZ,GITHUB_closed_issues_daily,2025-02-26,4.0
Pyth Network,GITHUB_closed_issues_daily,2025-02-26,1.0
Redstone Finance,GITHUB_comments_daily,2024-09-17,10.0
Trail of Bits Security Reviews,GITHUB_comments_daily,2024-09-17,3.0
Enclave,GITHUB_comments_daily,2024-09-17,9.0
Passport XYZ,GITHUB_stars_daily,2024-09-17,2.0
thirdweb,GITHUB_releases_daily,2024-09-17,2.0
Walnut,GITHUB_repositories_daily,2024-09-17,1.0
Runtime Verification,GITHUB_contributors_daily,2024-09-17,8.0
Redstone Finance,GITHUB_contributors_daily,2024-09-17,3.0
Walnut,GITHUB_contributors_daily,2024-09-17,2.0
Trail of Bits Security Reviews,GITHUB_active_developers_daily,2024-09-17,4.0
Open Source Observer,GITHUB_active_developers_daily,2024-09-17,2.0
Passport XYZ,GITHUB_active_developers_daily,2024-09-17,2.0
Pyth Network,GITHUB_active_developers_daily,2024-09-17,5.0
Walnut,GITHUB_active_developers_daily,2024-09-17,1.0
thirdweb,GITHUB_opened_pull_requests_daily,2024-09-17,20.0
Passport XYZ,GITHUB_opened_pull_requests_daily,2024-09-17,8.0
Enclave,GITHUB_opened_pull_requests_daily,2024-09-17,5.0
Pyth Network,GITHUB_merged_pull_requests_daily,2024-09-17,9.0
Runtime Verification,GITHUB_opened_issues_daily,2024-09-17,2.0
Trail of Bits Security Reviews,GITHUB_comments_daily,2025-01-14,3.0
Passport XYZ,GITHUB_comments_daily,2025-01-14,4.0
Passport XYZ,GITHUB_stars_daily,2025-01-14,2.0
thirdweb,GITHUB_stars_daily,2025-01-14,3.0
Runtime Verification,GITHUB_stars_daily,2025-01-14,1.0
9Lives,GITHUB_commits_daily,2025-01-14,16.0
Walnut,GITHUB_commits_daily,2025-01-14,9.0
Moving Stylus,GITHUB_commits_daily,2025-01-14,20.0
Debid - Fairblock,GITHUB_commits_daily,2025-01-14,9.0
Runtime Verification,GITHUB_releases_daily,2025-01-14,5.0
Walnut,GITHUB_repositories_daily,2025-01-14,2.0
Moving Stylus,GITHUB_repositories_daily,2025-01-14,1.0
Debid - Fairblock,GITHUB_contributors_daily,2025-01-14,2.0
Moving Stylus,GITHUB_contributors_daily,2025-01-14,1.0
Trail of Bits Security Reviews,GITHUB_contributors_daily,2025-01-14,6.0
thirdweb,GITHUB_active_developers_daily,2025-01-14,5.0
Walnut,GITHUB_active_developers_daily,2025-01-14,2.0
Walnut,GITHUB_opened_pull_requests_daily,2025-01-14,1.0
Moving Stylus,GITHUB_opened_pull_requests_daily,2025-01-14,1.0
Open Source Observer,GITHUB_opened_pull_requests_daily,2025-01-14,6.0
Redstone Finance,GITHUB_opened_pull_requests_daily,2025-01-14,2.0
Pyth Network,GITHUB_comments_daily,2024-09-24,21.0
Open Source Observer,GITHUB_comments_daily,2024-09-24,23.0
Passport XYZ,GITHUB_commits_daily,2024-09-24,2.0
Debid - Fairblock,GITHUB_commits_daily,2024-09-24,3.0
thirdweb,GITHUB_commits_daily,2024-09-24,13.0
Trail of Bits Security Reviews,GITHUB_forks_daily,2024-09-24,1.0
Runtime Verification,GITHUB_contributors_daily,2024-09-24,4.0
Pyth Network,GITHUB_contributors_daily,2024-09-24,6.0
thirdweb,GITHUB_active_developers_daily,2024-09-24,4.0
Debid - Fairblock,GITHUB_active_developers_daily,2024-09-24,1.0
Pyth Network,GITHUB_opened_pull_requests_daily,2024-09-24,6.0
Runtime Verification,GITHUB_opened_pull_requests_daily,2024-09-24,6.0
Trail of Bits Security Reviews,GITHUB_merged_pull_requests_daily,2024-09-24,1.0
Runtime Verification,GITHUB_merged_pull_requests_daily,2024-09-24,7.0
thirdweb,GITHUB_forks_weekly,2025-02-24,18.0
Trail of Bits Security Reviews,GITHUB_forks_weekly,2025-02-24,9.0
Redstone Finance,GITHUB_forks_weekly,2025-02-24,3.0
Solang,GITHUB_forks_weekly,2025-02-24,3.0
thirdweb,GITHUB_comments_daily,2025-02-24,18.0
Passport XYZ,GITHUB_comments_daily,2025-02-24,8.0
Sylow,GITHUB_stars_weekly,2025-02-24,1.0
Runtime Verification,GITHUB_stars_weekly,2025-02-24,6.0
thirdweb,GITHUB_commits_daily,2025-02-24,1.0
Redstone Finance,GITHUB_commits_daily,2025-02-24,33.0
CodeTracer,GITHUB_releases_weekly,2025-02-24,1.0
Pyth Network,GITHUB_releases_weekly,2025-02-24,1.0
Runtime Verification,GITHUB_releases_daily,2025-02-24,2.0
thirdweb,GITHUB_commits_weekly,2025-02-24,79.0
Runtime Verification,GITHUB_commits_weekly,2025-02-24,26.0
Trail of Bits Security Reviews,GITHUB_commits_weekly,2025-02-24,24.0
Open Source Observer,GITHUB_comments_weekly,2025-02-24,102.0
Trail of Bits Security Reviews,GITHUB_repositories_weekly,2025-02-24,35.0
Redstone Finance,GITHUB_repositories_weekly,2025-02-24,7.0
Sylow,GITHUB_repositories_weekly,2025-02-24,1.0
thirdweb,GITHUB_contributors_weekly,2025-02-24,23.0
Solang,GITHUB_contributors_weekly,2025-02-24,1.0
CodeTracer,GITHUB_contributors_weekly,2025-02-24,6.0
Pyth Network,GITHUB_contributors_daily,2025-02-24,5.0
Passport XYZ,GITHUB_contributors_daily,2025-02-24,3.0
Walnut,GITHUB_active_developers_weekly,2025-02-24,2.0
Pyth Network,GITHUB_active_developers_daily,2025-02-24,2.0
Solang,GITHUB_opened_pull_requests_weekly,2025-02-24,1.0
Trail of Bits Security Reviews,GITHUB_opened_pull_requests_weekly,2025-02-24,28.0
CodeTracer,GITHUB_opened_pull_requests_weekly,2025-02-24,16.0
Walnut,GITHUB_opened_pull_requests_weekly,2025-02-24,17.0
Passport XYZ,GITHUB_opened_pull_requests_daily,2025-02-24,6.0
Open Source Observer,GITHUB_opened_pull_requests_daily,2025-02-24,9.0
Runtime Verification,GITHUB_opened_pull_requests_daily,2025-02-24,4.0
Walnut,GITHUB_opened_pull_requests_daily,2025-02-24,4.0
Passport XYZ,GITHUB_merged_pull_requests_weekly,2025-02-24,36.0
Redstone Finance,GITHUB_merged_pull_requests_weekly,2025-02-24,3.0
Passport XYZ,GITHUB_merged_pull_requests_daily,2025-02-24,4.0
Pyth Network,GITHUB_opened_issues_weekly,2025-02-24,2.0
thirdweb,GITHUB_opened_issues_daily,2025-02-24,1.0
Pyth Network,GITHUB_opened_issues_daily,2025-02-24,1.0
thirdweb,GITHUB_closed_issues_weekly,2025-02-24,3.0
Pyth Network,GITHUB_closed_issues_weekly,2025-02-24,1.0
Open Source Observer,GITHUB_closed_issues_daily,2025-02-24,2.0
Trail of Bits Security Reviews,GITHUB_comments_daily,2024-01-15,3.0
thirdweb,GITHUB_comments_daily,2024-01-15,19.0
Runtime Verification,GITHUB_stars_weekly,2024-01-15,10.0
Pyth Network,GITHUB_stars_weekly,2024-01-15,9.0
Pyth Network,GITHUB_commits_daily,2024-01-15,1.0
Debid - Fairblock,GITHUB_commits_weekly,2024-01-15,9.0
Redstone Finance,GITHUB_commits_weekly,2024-01-15,18.0
Runtime Verification,GITHUB_stars_daily,2024-01-15,1.0
Redstone Finance,GITHUB_contributors_weekly,2024-01-15,3.0
Runtime Verification,GITHUB_contributors_daily,2024-01-15,10.0
Pyth Network,GITHUB_active_developers_weekly,2024-01-15,7.0
Runtime Verification,GITHUB_forks_daily,2024-01-15,1.0
thirdweb,GITHUB_forks_daily,2024-01-15,3.0
Open Source Observer,GITHUB_repositories_weekly,2024-01-15,3.0
Pyth Network,GITHUB_repositories_daily,2024-01-15,4.0
WakeUp Labs,GITHUB_repositories_daily,2024-01-15,1.0
Debid - Fairblock,GITHUB_active_developers_daily,2024-01-15,1.0
Pyth Network,GITHUB_opened_pull_requests_weekly,2024-01-15,22.0
Runtime Verification,GITHUB_opened_pull_requests_weekly,2024-01-15,71.0
Open Source Observer,GITHUB_opened_pull_requests_weekly,2024-01-15,12.0
Debid - Fairblock,GITHUB_opened_pull_requests_weekly,2024-01-15,4.0
Redstone Finance,GITHUB_merged_pull_requests_weekly,2024-01-15,1.0
Open Source Observer,GITHUB_merged_pull_requests_weekly,2024-01-15,12.0
Pyth Network,GITHUB_merged_pull_requests_weekly,2024-01-15,17.0
thirdweb,GITHUB_merged_pull_requests_weekly,2024-01-15,41.0
Debid - Fairblock,GITHUB_merged_pull_requests_weekly,2024-01-15,3.0
Trail of Bits Security Reviews,GITHUB_opened_pull_requests_daily,2024-01-15,14.0
Redstone Finance,GITHUB_opened_pull_requests_daily,2024-01-15,1.0
Runtime Verification,GITHUB_merged_pull_requests_daily,2024-01-15,8.0
Redstone Finance,GITHUB_merged_pull_requests_daily,2024-01-15,1.0
thirdweb,GITHUB_opened_issues_weekly,2024-01-15,2.0
Open Source Observer,GITHUB_opened_issues_weekly,2024-01-15,12.0
Pyth Network,GITHUB_opened_issues_weekly,2024-01-15,1.0
Pyth Network,GITHUB_comments_daily,2025-01-31,28.0
Walnut,GITHUB_comments_daily,2025-01-31,4.0
thirdweb,GITHUB_releases_daily,2025-01-31,3.0
Trail of Bits Security Reviews,GITHUB_stars_daily,2025-01-31,8.0
Pyth Network,GITHUB_commits_daily,2025-01-31,6.0
Open Source Observer,GITHUB_commits_daily,2025-01-31,5.0
thirdweb,GITHUB_contributors_daily,2025-01-31,6.0
Redstone Finance,GITHUB_contributors_daily,2025-01-31,4.0
Trail of Bits Security Reviews,GITHUB_active_developers_daily,2025-01-31,3.0
Open Source Observer,GITHUB_active_developers_daily,2025-01-31,4.0
Solang,GITHUB_forks_daily,2025-01-31,1.0
Open Source Observer,GITHUB_opened_pull_requests_daily,2025-01-31,5.0
Runtime Verification,GITHUB_opened_pull_requests_daily,2025-01-31,7.0
Walnut,GITHUB_opened_pull_requests_daily,2025-01-31,5.0
Redstone Finance,GITHUB_merged_pull_requests_daily,2025-01-31,2.0
Open Source Observer,GITHUB_opened_issues_daily,2025-01-31,4.0
Enclave,GITHUB_forks_weekly,2024-07-29,1.0
thirdweb,GITHUB_forks_weekly,2024-07-29,8.0
Trail of Bits Security Reviews,GITHUB_forks_weekly,2024-07-29,12.0
Redstone Finance,GITHUB_forks_weekly,2024-07-29,2.0
Pyth Network,GITHUB_comments_daily,2024-07-29,20.0
Trail of Bits Security Reviews,GITHUB_stars_weekly,2024-07-29,209.0
Passport XYZ,GITHUB_stars_weekly,2024-07-29,2.0
Pyth Network,GITHUB_releases_weekly,2024-07-29,6.0
Debid - Fairblock,GITHUB_releases_weekly,2024-07-29,24.0
Trail of Bits Security Reviews,GITHUB_releases_daily,2024-07-29,1.0
Pyth Network,GITHUB_commits_weekly,2024-07-29,27.0
Trail of Bits Security Reviews,GITHUB_comments_weekly,2024-07-29,75.0
Runtime Verification,GITHUB_comments_weekly,2024-07-29,113.0
Enclave,GITHUB_repositories_weekly,2024-07-29,1.0
Pyth Network,GITHUB_forks_daily,2024-07-29,1.0
thirdweb,GITHUB_forks_daily,2024-07-29,2.0
Walnut,GITHUB_repositories_daily,2024-07-29,2.0
Runtime Verification,GITHUB_repositories_daily,2024-07-29,13.0
Debid - Fairblock,GITHUB_contributors_weekly,2024-07-29,14.0
Walnut,GITHUB_contributors_daily,2024-07-29,2.0
Passport XYZ,GITHUB_active_developers_daily,2024-07-29,1.0
Open Source Observer,GITHUB_active_developers_weekly,2024-07-29,3.0
thirdweb,GITHUB_opened_pull_requests_daily,2024-07-29,23.0
Trail of Bits Security Reviews,GITHUB_opened_pull_requests_daily,2024-07-29,19.0
Passport XYZ,GITHUB_opened_pull_requests_weekly,2024-07-29,24.0
Redstone Finance,GITHUB_opened_pull_requests_weekly,2024-07-29,4.0
thirdweb,GITHUB_opened_pull_requests_weekly,2024-07-29,116.0
Passport XYZ,GITHUB_merged_pull_requests_daily,2024-07-29,6.0
thirdweb,GITHUB_merged_pull_requests_daily,2024-07-29,18.0
Trail of Bits Security Reviews,GITHUB_merged_pull_requests_daily,2024-07-29,14.0
Open Source Observer,GITHUB_merged_pull_requests_weekly,2024-07-29,24.0
Passport XYZ,GITHUB_merged_pull_requests_weekly,2024-07-29,28.0
Runtime Verification,GITHUB_closed_issues_weekly,2024-07-29,8.0
Pyth Network,GITHUB_closed_issues_weekly,2024-07-29,1.0
thirdweb,GITHUB_comments_daily,2024-03-30,51.0
Redstone Finance,GITHUB_stars_daily,2024-03-30,1.0
thirdweb,GITHUB_stars_daily,2024-03-30,1.0
Open Source Observer,GITHUB_commits_daily,2024-03-30,2.0
Trail of Bits Security Reviews,GITHUB_forks_daily,2024-03-30,5.0
Open Source Observer,GITHUB_opened_pull_requests_daily,2024-03-30,3.0
thirdweb,GITHUB_comments_daily,2024-09-20,123.0
Passport XYZ,GITHUB_comments_daily,2024-09-20,6.0
Sylow,GITHUB_stars_daily,2024-09-20,1.0
thirdweb,GITHUB_releases_daily,2024-09-20,1.0
Runtime Verification,GITHUB_releases_daily,2024-09-20,2.0
thirdweb,GITHUB_commits_daily,2024-09-20,21.0
Trail of Bits Security Reviews,GITHUB_commits_daily,2024-09-20,39.0
Pyth Network,GITHUB_commits_daily,2024-09-20,9.0
Trail of Bits Security Reviews,GITHUB_forks_daily,2024-09-20,2.0
Redstone Finance,GITHUB_repositories_daily,2024-09-20,2.0
Pyth Network,GITHUB_repositories_daily,2024-09-20,2.0
Pyth Network,GITHUB_contributors_daily,2024-09-20,4.0
Enclave,GITHUB_active_developers_daily,2024-09-20,2.0
Pyth Network,GITHUB_opened_pull_requests_daily,2024-09-20,7.0
Pyth Network,GITHUB_merged_pull_requests_daily,2024-09-20,7.0
Enclave,GITHUB_merged_pull_requests_daily,2024-09-20,4.0
Trail of Bits Security Reviews,GITHUB_merged_pull_requests_daily,2024-09-20,10.0
Runtime Verification,GITHUB_opened_issues_daily,2024-09-20,1.0
thirdweb,GITHUB_closed_issues_daily,2024-09-20,1.0
Runtime Verification,GITHUB_comments_daily,2024-09-29,1.0
Runtime Verification,GITHUB_stars_daily,2024-09-29,1.0
Open Source Observer,GITHUB_stars_daily,2024-09-29,1.0
Trail of Bits Security Reviews,GITHUB_commits_daily,2024-09-29,2.0
Open Source Observer,GITHUB_commits_daily,2024-09-29,1.0
Redstone Finance,GITHUB_repositories_daily,2024-09-29,1.0
Open Source Observer,GITHUB_contributors_daily,2024-09-29,1.0
Passport XYZ,GITHUB_active_developers_daily,2024-09-29,1.0
Open Source Observer,GITHUB_closed_issues_daily,2024-09-29,2.0
Redstone Finance,GITHUB_forks_weekly,2024-06-03,6.0
thirdweb,GITHUB_comments_daily,2024-06-03,86.0
Enclave,GITHUB_comments_daily,2024-06-03,1.0
Passport XYZ,GITHUB_comments_daily,2024-06-03,4.0
Open Source Observer,GITHUB_comments_daily,2024-06-03,27.0
Enclave,GITHUB_stars_weekly,2024-06-03,1.0
Redstone Finance,GITHUB_stars_daily,2024-06-03,1.0
Trail of Bits Security Reviews,GITHUB_releases_weekly,2024-06-03,2.0
Pyth Network,GITHUB_commits_daily,2024-06-03,3.0
Walnut,GITHUB_commits_weekly,2024-06-03,14.0
thirdweb,GITHUB_commits_weekly,2024-06-03,51.0
Pyth Network,GITHUB_comments_weekly,2024-06-03,130.0
Runtime Verification,GITHUB_comments_weekly,2024-06-03,140.0
thirdweb,GITHUB_repositories_weekly,2024-06-03,10.0
Walnut,GITHUB_repositories_weekly,2024-06-03,4.0
Pyth Network,GITHUB_repositories_weekly,2024-06-03,8.0
Open Source Observer,GITHUB_forks_daily,2024-06-03,9.0
thirdweb,GITHUB_repositories_daily,2024-06-03,5.0
Runtime Verification,GITHUB_repositories_daily,2024-06-03,11.0
Pyth Network,GITHUB_contributors_weekly,2024-06-03,12.0
Enclave,GITHUB_active_developers_weekly,2024-06-03,2.0
Trail of Bits Security Reviews,GITHUB_contributors_daily,2024-06-03,8.0
Open Source Observer,GITHUB_contributors_daily,2024-06-03,10.0
Pyth Network,GITHUB_contributors_daily,2024-06-03,4.0
Walnut,GITHUB_active_developers_daily,2024-06-03,1.0
Open Source Observer,GITHUB_active_developers_daily,2024-06-03,2.0
Trail of Bits Security Reviews,GITHUB_opened_pull_requests_weekly,2024-06-03,31.0
Pyth Network,GITHUB_opened_pull_requests_weekly,2024-06-03,46.0
Walnut,GITHUB_opened_pull_requests_daily,2024-06-03,1.0
Passport XYZ,GITHUB_opened_pull_requests_daily,2024-06-03,2.0
Open Source Observer,GITHUB_opened_issues_weekly,2024-06-03,22.0
Walnut,GITHUB_opened_issues_weekly,2024-06-03,8.0
Runtime Verification,GITHUB_closed_issues_weekly,2024-06-03,12.0
thirdweb,GITHUB_releases_daily,2025-04-09,2.0
Trail of Bits Security Reviews,GITHUB_stars_daily,2025-04-09,19.0
Passport XYZ,GITHUB_comments_daily,2025-04-09,1.0
Solang,GITHUB_comments_daily,2025-04-09,1.0
Enclave,GITHUB_commits_daily,2025-04-09,2.0
Runtime Verification,GITHUB_commits_daily,2025-04-09,3.0
thirdweb,GITHUB_commits_daily,2025-04-09,14.0
thirdweb,GITHUB_forks_daily,2025-04-09,1.0
Passport XYZ,GITHUB_contributors_daily,2025-04-09,2.0
Pyth Network,GITHUB_contributors_daily,2025-04-09,10.0
Trail of Bits Security Reviews,GITHUB_contributors_daily,2025-04-09,8.0
9Lives,GITHUB_active_developers_daily,2025-04-09,2.0
Walnut,GITHUB_active_developers_daily,2025-04-09,1.0
thirdweb,GITHUB_active_developers_daily,2025-04-09,5.0
Pyth Network,GITHUB_opened_pull_requests_daily,2025-04-09,7.0
Runtime Verification,GITHUB_merged_pull_requests_daily,2025-04-09,3.0
Enclave,GITHUB_merged_pull_requests_daily,2025-04-09,1.0
Pyth Network,GITHUB_comments_daily,2024-08-20,35.0
Runtime Verification,GITHUB_comments_daily,2024-08-20,29.0
Open Source Observer,GITHUB_commits_daily,2024-08-20,2.0
Pyth Network,GITHUB_commits_daily,2024-08-20,6.0
Redstone Finance,GITHUB_commits_daily,2024-08-20,9.0
Passport XYZ,GITHUB_commits_daily,2024-08-20,8.0
Runtime Verification,GITHUB_forks_daily,2024-08-20,1.0
Walnut,GITHUB_repositories_daily,2024-08-20,1.0
Remix IDE plugin for Arbitrum Stylus,GITHUB_repositories_daily,2024-08-20,1.0
Open Source Observer,GITHUB_repositories_daily,2024-08-20,1.0
Pyth Network,GITHUB_repositories_daily,2024-08-20,4.0
Enclave,GITHUB_repositories_daily,2024-08-20,1.0
Runtime Verification,GITHUB_contributors_daily,2024-08-20,8.0
thirdweb,GITHUB_contributors_daily,2024-08-20,10.0
Redstone Finance,GITHUB_contributors_daily,2024-08-20,3.0
Remix IDE plugin for Arbitrum Stylus,GITHUB_contributors_daily,2024-08-20,1.0
Pyth Network,GITHUB_contributors_daily,2024-08-20,5.0
Passport XYZ,GITHUB_active_developers_daily,2024-08-20,3.0
thirdweb,GITHUB_active_developers_daily,2024-08-20,4.0
Trail of Bits Security Reviews,GITHUB_active_developers_daily,2024-08-20,4.0
Trail of Bits Security Reviews,GITHUB_opened_pull_requests_daily,2024-08-20,13.0
Open Source Observer,GITHUB_opened_pull_requests_daily,2024-08-20,2.0
Pyth Network,GITHUB_merged_pull_requests_daily,2024-08-20,8.0
Remix IDE plugin for Arbitrum Stylus,GITHUB_merged_pull_requests_daily,2024-08-20,1.0
thirdweb,GITHUB_opened_issues_daily,2024-08-20,1.0
thirdweb,GITHUB_closed_issues_daily,2024-08-20,2.0
Pyth Network,GITHUB_part_time_contributors_quarterly,2025-02-01,31.0
CodeTracer,GITHUB_active_contributors_quarterly,2025-02-01,6.0
Debid - Fairblock,GITHUB_new_contributors_quarterly,2025-02-01,1.0
Redstone Finance,GITHUB_active_contributors_quarterly,2025-02-01,17.0
Open Source Observer,GITHUB_active_contributors_quarterly,2025-02-01,30.0
Pyth Network,GITHUB_active_contributors_quarterly,2025-02-01,31.0
Solang,GITHUB_active_contributors_quarterly,2025-02-01,12.0
CodeTracer,GITHUB_releases_biannually,2025-02-01,1.0
Pyth Network,GITHUB_releases_quarterly,2025-02-01,18.0
thirdweb,GITHUB_releases_quarterly,2025-02-01,43.0
Trail of Bits Security Reviews,GITHUB_commits_biannually,2025-02-01,171.0
thirdweb,GITHUB_commits_biannually,2025-02-01,230.0
Pyth Network,GITHUB_active_developers_biannually,2025-02-01,16.0
Walnut,GITHUB_repositories_quarterly,2025-02-01,7.0
thirdweb,GITHUB_repositories_quarterly,2025-02-01,18.0
CodeTracer,GITHUB_repositories_quarterly,2025-02-01,1.0
Moving Stylus,GITHUB_active_developers_quarterly,2025-02-01,2.0
Redstone Finance,GITHUB_active_developers_quarterly,2025-02-01,13.0
CodeTracer,GITHUB_active_developers_quarterly,2025-02-01,4.0
thirdweb,GITHUB_forks_monthly,2025-02-01,56.0
Remix IDE plugin for Arbitrum Stylus,GITHUB_forks_monthly,2025-02-01,1.0
Redstone Finance,GITHUB_forks_monthly,2025-02-01,19.0
Trail of Bits Security Reviews,GITHUB_forks_monthly,2025-02-01,42.0
Trail of Bits Security Reviews,GITHUB_part_time_developers_quarterly,2025-02-01,16.0
Runtime Verification,GITHUB_part_time_developers_quarterly,2025-02-01,16.0
thirdweb,GITHUB_part_time_developers_quarterly,2025-02-01,12.0
thirdweb,GITHUB_stars_biannually,2025-02-01,48.0
Debid - Fairblock,GITHUB_stars_monthly,2025-02-01,2.0
CodeTracer,GITHUB_stars_monthly,2025-02-01,13.0
Trail of Bits Security Reviews,GITHUB_stars_daily,2025-02-01,10.0
Open Source Observer,GITHUB_commits_daily,2025-02-01,5.0
Runtime Verification,GITHUB_commits_daily,2025-02-01,3.0
Pyth Network,GITHUB_commits_monthly,2025-02-01,208.0
thirdweb,GITHUB_commits_monthly,2025-02-01,230.0
CodeTracer,GITHUB_commits_monthly,2025-02-01,19.0
Trail of Bits Security Reviews,GITHUB_commits_monthly,2025-02-01,171.0
Runtime Verification,GITHUB_stars_quarterly,2025-02-01,24.0
Debid - Fairblock,GITHUB_stars_quarterly,2025-02-01,2.0
Passport XYZ,GITHUB_stars_quarterly,2025-02-01,144.0
CodeTracer,GITHUB_comments_monthly,2025-02-01,9.0
Trail of Bits Security Reviews,GITHUB_stars_quarterly,2025-02-01,239.0
Redstone Finance,GITHUB_stars_quarterly,2025-02-01,21.0
Trail of Bits Security Reviews,GITHUB_releases_monthly,2025-02-01,7.0
Pyth Network,GITHUB_releases_monthly,2025-02-01,18.0
Passport XYZ,GITHUB_releases_monthly,2025-02-01,15.0
thirdweb,GITHUB_forks_quarterly,2025-02-01,56.0
Open Source Observer,GITHUB_forks_quarterly,2025-02-01,20.0
Redstone Finance,GITHUB_forks_biannually,2025-02-01,19.0
Redstone Finance,GITHUB_forks_quarterly,2025-02-01,19.0
Pyth Network,GITHUB_forks_quarterly,2025-02-01,17.0
Trail of Bits Security Reviews,GITHUB_forks_quarterly,2025-02-01,42.0
Open Source Observer,GITHUB_forks_biannually,2025-02-01,20.0
Remix IDE plugin for Arbitrum Stylus,GITHUB_forks_biannually,2025-02-01,1.0
Redstone Finance,GITHUB_forks_daily,2025-02-01,1.0
9Lives,GITHUB_repositories_daily,2025-02-01,1.0
Redstone Finance,GITHUB_repositories_daily,2025-02-01,1.0
Pyth Network,GITHUB_repositories_biannually,2025-02-01,12.0
Open Source Observer,GITHUB_repositories_monthly,2025-02-01,5.0
Pyth Network,GITHUB_repositories_monthly,2025-02-01,12.0
Walnut,GITHUB_repositories_biannually,2025-02-01,7.0
Remix IDE plugin for Arbitrum Stylus,GITHUB_repositories_biannually,2025-02-01,1.0
Debid - Fairblock,GITHUB_repositories_monthly,2025-02-01,2.0
Redstone Finance,GITHUB_contributors_monthly,2025-02-01,17.0
Runtime Verification,GITHUB_contributors_monthly,2025-02-01,24.0
9Lives,GITHUB_contributors_monthly,2025-02-01,4.0
Solang,GITHUB_contributors_monthly,2025-02-01,12.0
Trail of Bits Security Reviews,GITHUB_contributors_daily,2025-02-01,2.0
Open Source Observer,GITHUB_active_developers_daily,2025-02-01,2.0
thirdweb,GITHUB_active_developers_daily,2025-02-01,4.0
Runtime Verification,GITHUB_contributors_daily,2025-02-01,5.0
Moving Stylus,GITHUB_contributors_biannually,2025-02-01,2.0
Pyth Network,GITHUB_contributors_biannually,2025-02-01,31.0
Enclave,GITHUB_contributors_biannually,2025-02-01,1.0
Runtime Verification,GITHUB_contributors_biannually,2025-02-01,24.0
Solang,GITHUB_active_developers_monthly,2025-02-01,2.0
Redstone Finance,GITHUB_active_developers_monthly,2025-02-01,13.0
Runtime Verification,GITHUB_full_time_developers_monthly,2025-02-01,1.0
Solang,GITHUB_part_time_developers_monthly,2025-02-01,2.0
Trail of Bits Security Reviews,GITHUB_part_time_developers_biannually,2025-02-01,16.0
Passport XYZ,GITHUB_part_time_developers_biannually,2025-02-01,4.0
9Lives,GITHUB_active_contributors_monthly,2025-02-01,4.0
Open Source Observer,GITHUB_new_contributors_monthly,2025-02-01,17.0
9Lives,GITHUB_part_time_developers_biannually,2025-02-01,3.0
Trail of Bits Security Reviews,GITHUB_full_time_contributors_monthly,2025-02-01,3.0
9Lives,GITHUB_part_time_contributors_monthly,2025-02-01,3.0
Moving Stylus,GITHUB_part_time_contributors_monthly,2025-02-01,2.0
Runtime Verification,GITHUB_new_contributors_monthly,2025-02-01,2.0
9Lives,GITHUB_full_time_contributors_monthly,2025-02-01,1.0
Debid - Fairblock,GITHUB_new_contributors_biannually,2025-02-01,1.0
Moving Stylus,GITHUB_active_contributors_biannually,2025-02-01,2.0
Trail of Bits Security Reviews,GITHUB_new_contributors_biannually,2025-02-01,19.0
Runtime Verification,GITHUB_new_contributors_biannually,2025-02-01,2.0
Moving Stylus,GITHUB_new_contributors_monthly,2025-02-01,1.0
Trail of Bits Security Reviews,GITHUB_part_time_contributors_monthly,2025-02-01,45.0
Enclave,GITHUB_part_time_contributors_monthly,2025-02-01,1.0
Walnut,GITHUB_part_time_contributors_monthly,2025-02-01,5.0
Runtime Verification,GITHUB_part_time_contributors_monthly,2025-02-01,20.0
Debid - Fairblock,GITHUB_new_contributors_monthly,2025-02-01,1.0
9Lives,GITHUB_new_contributors_biannually,2025-02-01,4.0
Walnut,GITHUB_active_contributors_biannually,2025-02-01,9.0
Debid - Fairblock,GITHUB_active_contributors_biannually,2025-02-01,2.0
Passport XYZ,GITHUB_part_time_contributors_biannually,2025-02-01,7.0
Open Source Observer,GITHUB_part_time_contributors_biannually,2025-02-01,30.0
thirdweb,GITHUB_active_contributors_biannually,2025-02-01,47.0
Open Source Observer,GITHUB_change_in_active_developers_quarterly,2025-02-01,-15.0
Walnut,GITHUB_change_in_part_time_contributors_biannually,2025-02-01,-1.0
Runtime Verification,GITHUB_opened_pull_requests_daily,2025-02-01,4.0
Walnut,GITHUB_change_in_part_time_contributors_quarterly,2025-02-01,-1.0
thirdweb,GITHUB_change_in_active_developers_quarterly,2025-02-01,-6.0
Runtime Verification,GITHUB_change_in_full_time_contributors_monthly,2025-02-01,-1.0
Walnut,GITHUB_change_in_part_time_contributors_monthly,2025-02-01,1.0
Debid - Fairblock,GITHUB_change_in_part_time_contributors_monthly,2025-02-01,3.0
Pyth Network,GITHUB_change_in_part_time_contributors_quarterly,2025-02-01,-2.0
Redstone Finance,GITHUB_change_in_active_developers_quarterly,2025-02-01,-6.0
9Lives,GITHUB_change_in_part_time_contributors_quarterly,2025-02-01,0.0
Moving Stylus,GITHUB_change_in_part_time_contributors_monthly,2025-02-01,2.0
Pyth Network,GITHUB_change_in_full_time_contributors_monthly,2025-02-01,0.0
Enclave,GITHUB_change_in_part_time_contributors_monthly,2025-02-01,1.0
Trail of Bits Security Reviews,GITHUB_change_in_active_developers_monthly,2025-02-01,-7.0
Enclave,GITHUB_change_in_active_developers_biannually,2025-02-01,1.0
CodeTracer,GITHUB_change_in_active_developers_biannually,2025-02-01,
Pyth Network,GITHUB_change_in_active_developers_biannually,2025-02-01,-2.0
Enclave,GITHUB_change_in_part_time_contributors_biannually,2025-02-01,1.0
Passport XYZ,GITHUB_change_in_active_developers_quarterly,2025-02-01,-1.0
Enclave,GITHUB_change_in_active_developers_quarterly,2025-02-01,1.0
Debid - Fairblock,GITHUB_change_in_part_time_contributors_quarterly,2025-02-01,3.0
9Lives,GITHUB_change_in_active_developers_quarterly,2025-02-01,0.0
Pyth Network,GITHUB_opened_pull_requests_biannually,2025-02-01,180.0
Redstone Finance,GITHUB_opened_pull_requests_biannually,2025-02-01,25.0
CodeTracer,GITHUB_opened_pull_requests_biannually,2025-02-01,14.0
Debid - Fairblock,GITHUB_opened_pull_requests_quarterly,2025-02-01,2.0
Runtime Verification,GITHUB_opened_pull_requests_quarterly,2025-02-01,77.0
Passport XYZ,GITHUB_opened_pull_requests_quarterly,2025-02-01,121.0
thirdweb,GITHUB_merged_pull_requests_daily,2025-02-01,6.0
Pyth Network,GITHUB_opened_pull_requests_quarterly,2025-02-01,180.0
Enclave,GITHUB_opened_pull_requests_quarterly,2025-02-01,3.0
9Lives,GITHUB_opened_pull_requests_quarterly,2025-02-01,1.0
Moving Stylus,GITHUB_merged_pull_requests_monthly,2025-02-01,5.0
Trail of Bits Security Reviews,GITHUB_merged_pull_requests_monthly,2025-02-01,139.0
CodeTracer,GITHUB_merged_pull_requests_quarterly,2025-02-01,12.0
Trail of Bits Security Reviews,GITHUB_merged_pull_requests_quarterly,2025-02-01,139.0
Pyth Network,GITHUB_merged_pull_requests_quarterly,2025-02-01,160.0
Passport XYZ,GITHUB_merged_pull_requests_biannually,2025-02-01,111.0
Open Source Observer,GITHUB_merged_pull_requests_biannually,2025-02-01,148.0
Runtime Verification,GITHUB_merged_pull_requests_biannually,2025-02-01,74.0
Pyth Network,GITHUB_opened_issues_monthly,2025-02-01,2.0
Solang,GITHUB_opened_issues_monthly,2025-02-01,27.0
Redstone Finance,GITHUB_opened_issues_quarterly,2025-02-01,1.0
thirdweb,GITHUB_opened_issues_quarterly,2025-02-01,15.0
Passport XYZ,GITHUB_opened_issues_monthly,2025-02-01,72.0
Runtime Verification,GITHUB_opened_issues_biannually,2025-02-01,26.0
Pyth Network,GITHUB_opened_issues_biannually,2025-02-01,2.0
Trail of Bits Security Reviews,GITHUB_closed_issues_monthly,2025-02-01,16.0
Redstone Finance,GITHUB_closed_issues_monthly,2025-02-01,1.0
Runtime Verification,GITHUB_closed_issues_daily,2025-02-01,3.0
thirdweb,GITHUB_closed_issues_quarterly,2025-02-01,15.0
Open Source Observer,GITHUB_closed_issues_quarterly,2025-02-01,73.0
Runtime Verification,GITHUB_closed_issues_quarterly,2025-02-01,19.0
Passport XYZ,GITHUB_closed_issues_biannually,2025-02-01,46.0
Open Source Observer,GITHUB_closed_issues_biannually,2025-02-01,73.0
Moving Stylus,GITHUB_avg_prs_time_to_merge_quarterly,2025-02-01,0.0
Runtime Verification,GITHUB_avg_prs_time_to_merge_biannually,2025-02-01,0.0
thirdweb,GITHUB_avg_prs_time_to_merge_biannually,2025-02-01,0.0
Passport XYZ,GITHUB_avg_time_to_first_response_quarterly,2025-02-01,962800.6
Moving Stylus,GITHUB_avg_time_to_first_response_quarterly,2025-02-01,6.5
Solang,GITHUB_avg_time_to_first_response_quarterly,2025-02-01,2548289.3636363638
CodeTracer,GITHUB_avg_time_to_first_response_biannually,2025-02-01,74.14285714285714
Redstone Finance,GITHUB_avg_prs_time_to_merge_biannually,2025-02-01,0.0
Runtime Verification,GITHUB_avg_time_to_first_response_quarterly,2025-02-01,921598.404494382
Open Source Observer,GITHUB_change_in_full_time_contributors_biannually,2025-02-01,0.0
Open Source Observer,GITHUB_change_in_new_contributors_biannually,2025-02-01,-16.0
Debid - Fairblock,GITHUB_churned_contributors_biannually,2025-02-01,2.0
Debid - Fairblock,GITHUB_change_in_active_contributors_biannually,2025-02-01,3.0
Walnut,GITHUB_churned_contributors_biannually,2025-02-01,-2.0
Trail of Bits Security Reviews,GITHUB_change_in_full_time_contributors_biannually,2025-02-01,0.0
Trail of Bits Security Reviews,GITHUB_change_in_active_contributors_biannually,2025-02-01,-7.0
Debid - Fairblock,GITHUB_change_in_new_contributors_quarterly,2025-02-01,0.0
CodeTracer,GITHUB_change_in_full_time_contributors_quarterly,2025-02-01,
Runtime Verification,GITHUB_churned_contributors_quarterly,2025-02-01,-1.0
CodeTracer,GITHUB_change_in_new_contributors_biannually,2025-02-01,
CodeTracer,GITHUB_change_in_active_contributors_biannually,2025-02-01,
Runtime Verification,GITHUB_churned_contributors_biannually,2025-02-01,-1.0
Debid - Fairblock,GITHUB_change_in_new_contributors_monthly,2025-02-01,0.0
CodeTracer,GITHUB_churned_contributors_monthly,2025-02-01,
CodeTracer,GITHUB_change_in_new_contributors_monthly,2025-02-01,
Solang,GITHUB_change_in_full_time_contributors_monthly,2025-02-01,0.0
Pyth Network,GITHUB_churned_contributors_monthly,2025-02-01,-13.0
9Lives,GITHUB_change_in_new_contributors_monthly,2025-02-01,0.0
Passport XYZ,GITHUB_churned_contributors_monthly,2025-02-01,-3.0
Moving Stylus,GITHUB_change_in_full_time_contributors_monthly,2025-02-01,0.0
Solang,GITHUB_change_in_active_contributors_monthly,2025-02-01,-8.0
Walnut,GITHUB_change_in_full_time_contributors_quarterly,2025-02-01,0.0
Walnut,GITHUB_churned_contributors_quarterly,2025-02-01,-2.0
Pyth Network,GITHUB_churned_contributors_biannually,2025-02-01,-13.0
Passport XYZ,GITHUB_churned_contributors_biannually,2025-02-01,-3.0
Passport XYZ,GITHUB_change_in_active_contributors_biannually,2025-02-01,-1.0
Passport XYZ,GITHUB_change_in_new_contributors_biannually,2025-02-01,-2.0
Walnut,GITHUB_churned_contributors_monthly,2025-02-01,-2.0
Redstone Finance,GITHUB_change_in_new_contributors_monthly,2025-02-01,-3.0
Trail of Bits Security Reviews,GITHUB_change_in_new_contributors_monthly,2025-02-01,-9.0
Solang,GITHUB_change_in_full_time_contributors_quarterly,2025-02-01,0.0
Pyth Network,GITHUB_change_in_active_contributors_quarterly,2025-02-01,-2.0
Passport XYZ,GITHUB_change_in_new_contributors_quarterly,2025-02-01,-2.0
Passport XYZ,GITHUB_change_in_full_time_contributors_quarterly,2025-02-01,0.0
Moving Stylus,GITHUB_change_in_full_time_contributors_quarterly,2025-02-01,0.0
Enclave,GITHUB_churned_contributors_quarterly,2025-02-01,1.0
Moving Stylus,GITHUB_change_in_new_contributors_quarterly,2025-02-01,1.0
Enclave,GITHUB_change_in_full_time_contributors_quarterly,2025-02-01,0.0
Moving Stylus,GITHUB_change_in_active_contributors_quarterly,2025-02-01,2.0
Redstone Finance,GITHUB_forks_weekly,2025-02-03,3.0
Passport XYZ,GITHUB_forks_weekly,2025-02-03,2.0
Pyth Network,GITHUB_forks_weekly,2025-02-03,1.0
Passport XYZ,GITHUB_comments_daily,2025-02-03,2.0
Runtime Verification,GITHUB_comments_daily,2025-02-03,6.0
Solang,GITHUB_stars_daily,2025-02-03,1.0
Pyth Network,GITHUB_commits_daily,2025-02-03,8.0
Walnut,GITHUB_commits_daily,2025-02-03,8.0
Redstone Finance,GITHUB_commits_daily,2025-02-03,3.0
thirdweb,GITHUB_releases_weekly,2025-02-03,13.0
Open Source Observer,GITHUB_commits_weekly,2025-02-03,44.0
Walnut,GITHUB_commits_weekly,2025-02-03,44.0
Trail of Bits Security Reviews,GITHUB_forks_daily,2025-02-03,5.0
Runtime Verification,GITHUB_repositories_daily,2025-02-03,9.0
thirdweb,GITHUB_repositories_daily,2025-02-03,3.0
Runtime Verification,GITHUB_repositories_weekly,2025-02-03,19.0
Solang,GITHUB_repositories_weekly,2025-02-03,1.0
Passport XYZ,GITHUB_repositories_weekly,2025-02-03,4.0
9Lives,GITHUB_repositories_weekly,2025-02-03,1.0
Walnut,GITHUB_contributors_daily,2025-02-03,6.0
Runtime Verification,GITHUB_contributors_daily,2025-02-03,6.0
Redstone Finance,GITHUB_contributors_daily,2025-02-03,2.0
Runtime Verification,GITHUB_contributors_weekly,2025-02-03,17.0
Trail of Bits Security Reviews,GITHUB_contributors_weekly,2025-02-03,20.0
Open Source Observer,GITHUB_active_developers_daily,2025-02-03,5.0
Trail of Bits Security Reviews,GITHUB_active_developers_daily,2025-02-03,5.0
Runtime Verification,GITHUB_active_developers_daily,2025-02-03,2.0
9Lives,GITHUB_active_developers_weekly,2025-02-03,2.0
thirdweb,GITHUB_active_developers_weekly,2025-02-03,8.0
Debid - Fairblock,GITHUB_opened_pull_requests_weekly,2025-02-03,1.0
thirdweb,GITHUB_opened_pull_requests_weekly,2025-02-03,75.0
Trail of Bits Security Reviews,GITHUB_opened_pull_requests_daily,2025-02-03,13.0
Enclave,GITHUB_merged_pull_requests_weekly,2025-02-03,3.0
Walnut,GITHUB_merged_pull_requests_weekly,2025-02-03,24.0
Passport XYZ,GITHUB_merged_pull_requests_weekly,2025-02-03,36.0
Open Source Observer,GITHUB_merged_pull_requests_weekly,2025-02-03,35.0
Walnut,GITHUB_merged_pull_requests_daily,2025-02-03,4.0
Solang,GITHUB_merged_pull_requests_daily,2025-02-03,2.0
Passport XYZ,GITHUB_opened_issues_daily,2025-02-03,2.0
Passport XYZ,GITHUB_closed_issues_weekly,2025-02-03,14.0
Walnut,GITHUB_closed_issues_weekly,2025-02-03,16.0
CodeTracer,GITHUB_forks_weekly,2025-03-10,4.0
Walnut,GITHUB_comments_daily,2025-03-10,2.0
CodeTracer,GITHUB_comments_daily,2025-03-10,4.0
CodeTracer,GITHUB_stars_weekly,2025-03-10,120.0
Redstone Finance,GITHUB_stars_weekly,2025-03-10,1.0
Open Source Observer,GITHUB_stars_weekly,2025-03-10,4.0
thirdweb,GITHUB_commits_daily,2025-03-10,14.0
Passport XYZ,GITHUB_commits_daily,2025-03-10,18.0
Runtime Verification,GITHUB_releases_weekly,2025-03-10,19.0
thirdweb,GITHUB_releases_weekly,2025-03-10,7.0
Passport XYZ,GITHUB_releases_weekly,2025-03-10,4.0
Trail of Bits Security Reviews,GITHUB_releases_daily,2025-03-10,1.0
Runtime Verification,GITHUB_releases_daily,2025-03-10,2.0
Walnut,GITHUB_commits_weekly,2025-03-10,23.0
Pyth Network,GITHUB_commits_weekly,2025-03-10,72.0
thirdweb,GITHUB_commits_weekly,2025-03-10,42.0
CodeTracer,GITHUB_comments_weekly,2025-03-10,43.0
Redstone Finance,GITHUB_comments_weekly,2025-03-10,2.0
Solang,GITHUB_comments_weekly,2025-03-10,2.0
thirdweb,GITHUB_forks_daily,2025-03-10,2.0
Pyth Network,GITHUB_forks_daily,2025-03-10,2.0
Pyth Network,GITHUB_repositories_weekly,2025-03-10,7.0
CodeTracer,GITHUB_repositories_weekly,2025-03-10,1.0
Sylow,GITHUB_repositories_weekly,2025-03-10,1.0
Trail of Bits Security Reviews,GITHUB_repositories_daily,2025-03-10,20.0
Redstone Finance,GITHUB_contributors_weekly,2025-03-10,8.0
Walnut,GITHUB_contributors_weekly,2025-03-10,6.0
Pyth Network,GITHUB_contributors_weekly,2025-03-10,20.0
Open Source Observer,GITHUB_contributors_weekly,2025-03-10,8.0
Enclave,GITHUB_contributors_weekly,2025-03-10,1.0
Runtime Verification,GITHUB_active_developers_daily,2025-03-10,2.0
Redstone Finance,GITHUB_active_developers_daily,2025-03-10,3.0
Redstone Finance,GITHUB_active_developers_weekly,2025-03-10,8.0
Sylow,GITHUB_active_developers_weekly,2025-03-10,1.0
CodeTracer,GITHUB_active_developers_weekly,2025-03-10,1.0
Runtime Verification,GITHUB_contributors_daily,2025-03-10,7.0
Solang,GITHUB_contributors_daily,2025-03-10,2.0
Trail of Bits Security Reviews,GITHUB_contributors_daily,2025-03-10,10.0
Redstone Finance,GITHUB_contributors_daily,2025-03-10,4.0
Passport XYZ,GITHUB_contributors_daily,2025-03-10,3.0
Runtime Verification,GITHUB_opened_pull_requests_daily,2025-03-10,12.0
CodeTracer,GITHUB_opened_pull_requests_weekly,2025-03-10,2.0
Walnut,GITHUB_opened_pull_requests_weekly,2025-03-10,6.0
Passport XYZ,GITHUB_merged_pull_requests_weekly,2025-03-10,12.0
Solang,GITHUB_merged_pull_requests_weekly,2025-03-10,1.0
Open Source Observer,GITHUB_merged_pull_requests_weekly,2025-03-10,42.0
Trail of Bits Security Reviews,GITHUB_merged_pull_requests_weekly,2025-03-10,59.0
Trail of Bits Security Reviews,GITHUB_merged_pull_requests_daily,2025-03-10,24.0
Runtime Verification,GITHUB_merged_pull_requests_daily,2025-03-10,1.0
Solang,GITHUB_opened_issues_weekly,2025-03-10,7.0
Open Source Observer,GITHUB_opened_issues_weekly,2025-03-10,27.0
Runtime Verification,GITHUB_opened_issues_weekly,2025-03-10,13.0
Walnut,GITHUB_merged_pull_requests_daily,2025-03-10,1.0
Runtime Verification,GITHUB_opened_issues_daily,2025-03-10,1.0
CodeTracer,GITHUB_closed_issues_weekly,2025-03-10,24.0
Open Source Observer,GITHUB_closed_issues_weekly,2025-03-10,15.0
Trail of Bits Security Reviews,GITHUB_closed_issues_weekly,2025-03-10,11.0
Open Source Observer,GITHUB_closed_issues_daily,2025-03-10,2.0
Trail of Bits Security Reviews,GITHUB_closed_issues_daily,2025-03-10,1.0
Walnut,GITHUB_comments_daily,2025-02-14,7.0
thirdweb,GITHUB_comments_daily,2025-02-14,54.0
Passport XYZ,GITHUB_stars_daily,2025-02-14,10.0
Open Source Observer,GITHUB_stars_daily,2025-02-14,1.0
Runtime Verification,GITHUB_stars_daily,2025-02-14,2.0
Pyth Network,GITHUB_commits_daily,2025-02-14,2.0
Open Source Observer,GITHUB_commits_daily,2025-02-14,10.0
Open Source Observer,GITHUB_forks_daily,2025-02-14,1.0
Redstone Finance,GITHUB_forks_daily,2025-02-14,2.0
Pyth Network,GITHUB_repositories_daily,2025-02-14,3.0
9Lives,GITHUB_repositories_daily,2025-02-14,1.0
thirdweb,GITHUB_repositories_daily,2025-02-14,1.0
Sylow,GITHUB_repositories_daily,2025-02-14,1.0
Runtime Verification,GITHUB_repositories_daily,2025-02-14,3.0
Trail of Bits Security Reviews,GITHUB_repositories_daily,2025-02-14,7.0
Open Source Observer,GITHUB_repositories_daily,2025-02-14,3.0
Solang,GITHUB_repositories_daily,2025-02-14,1.0
Pyth Network,GITHUB_active_developers_daily,2025-02-14,2.0
Redstone Finance,GITHUB_active_developers_daily,2025-02-14,5.0
Open Source Observer,GITHUB_opened_issues_daily,2025-02-14,1.0
Open Source Observer,GITHUB_comments_daily,2024-04-18,23.0
thirdweb,GITHUB_comments_daily,2024-04-18,62.0
Runtime Verification,GITHUB_stars_daily,2024-04-18,4.0
Redstone Finance,GITHUB_commits_daily,2024-04-18,5.0
thirdweb,GITHUB_repositories_daily,2024-04-18,4.0
Runtime Verification,GITHUB_contributors_daily,2024-04-18,15.0
Open Source Observer,GITHUB_contributors_daily,2024-04-18,2.0
Redstone Finance,GITHUB_active_developers_daily,2024-04-18,1.0
thirdweb,GITHUB_merged_pull_requests_daily,2024-04-18,17.0
Runtime Verification,GITHUB_closed_issues_daily,2024-04-18,2.0
thirdweb,GITHUB_comments_daily,2025-02-20,50.0
Redstone Finance,GITHUB_stars_daily,2025-02-20,1.0
Pyth Network,GITHUB_commits_daily,2025-02-20,7.0
Runtime Verification,GITHUB_commits_daily,2025-02-20,13.0
Redstone Finance,GITHUB_forks_daily,2025-02-20,1.0
thirdweb,GITHUB_repositories_daily,2025-02-20,3.0
Redstone Finance,GITHUB_repositories_daily,2025-02-20,3.0
Pyth Network,GITHUB_contributors_daily,2025-02-20,8.0
Trail of Bits Security Reviews,GITHUB_contributors_daily,2025-02-20,4.0
Redstone Finance,GITHUB_contributors_daily,2025-02-20,5.0
Trail of Bits Security Reviews,GITHUB_active_developers_daily,2025-02-20,1.0
Redstone Finance,GITHUB_active_developers_daily,2025-02-20,3.0
9Lives,GITHUB_active_developers_daily,2025-02-20,2.0
thirdweb,GITHUB_active_developers_daily,2025-02-20,4.0
Runtime Verification,GITHUB_active_developers_daily,2025-02-20,2.0
Redstone Finance,GITHUB_opened_pull_requests_daily,2025-02-20,2.0
Open Source Observer,GITHUB_merged_pull_requests_daily,2025-02-20,8.0
thirdweb,GITHUB_merged_pull_requests_daily,2025-02-20,4.0
Runtime Verification,GITHUB_merged_pull_requests_daily,2025-02-20,3.0
Pyth Network,GITHUB_merged_pull_requests_daily,2025-02-20,8.0
Open Source Observer,GITHUB_opened_issues_daily,2025-02-20,3.0
Solang,GITHUB_comments_daily,2024-10-18,1.0
Open Source Observer,GITHUB_comments_daily,2024-10-18,14.0
Trail of Bits Security Reviews,GITHUB_comments_daily,2024-10-18,9.0
thirdweb,GITHUB_stars_daily,2024-10-18,1.0
Runtime Verification,GITHUB_stars_daily,2024-10-18,3.0
Enclave,GITHUB_commits_daily,2024-10-18,6.0
Trail of Bits Security Reviews,GITHUB_commits_daily,2024-10-18,16.0
Debid - Fairblock,GITHUB_commits_daily,2024-10-18,14.0
thirdweb,GITHUB_commits_daily,2024-10-18,10.0
Pyth Network,GITHUB_commits_daily,2024-10-18,3.0
Redstone Finance,GITHUB_commits_daily,2024-10-18,10.0
Passport XYZ,GITHUB_commits_daily,2024-10-18,11.0
Runtime Verification,GITHUB_releases_daily,2024-10-18,3.0
thirdweb,GITHUB_releases_daily,2024-10-18,4.0
Debid - Fairblock,GITHUB_releases_daily,2024-10-18,2.0
Trail of Bits Security Reviews,GITHUB_forks_daily,2024-10-18,2.0
Debid - Fairblock,GITHUB_repositories_daily,2024-10-18,3.0
Pyth Network,GITHUB_active_developers_daily,2024-10-18,2.0
Redstone Finance,GITHUB_active_developers_daily,2024-10-18,3.0
Walnut,GITHUB_active_developers_daily,2024-10-18,1.0
Trail of Bits Security Reviews,GITHUB_contributors_daily,2024-10-18,6.0
Walnut,GITHUB_contributors_daily,2024-10-18,2.0
Redstone Finance,GITHUB_opened_pull_requests_daily,2024-10-18,3.0
Enclave,GITHUB_opened_pull_requests_daily,2024-10-18,2.0
Enclave,GITHUB_merged_pull_requests_daily,2024-10-18,2.0
Passport XYZ,GITHUB_merged_pull_requests_daily,2024-10-18,9.0
Walnut,GITHUB_merged_pull_requests_daily,2024-10-18,1.0
thirdweb,GITHUB_opened_issues_daily,2024-10-18,2.0
Runtime Verification,GITHUB_opened_issues_daily,2024-10-18,3.0
thirdweb,GITHUB_stars_daily,2025-03-19,3.0
9Lives,GITHUB_stars_daily,2025-03-19,1.0
CodeTracer,GITHUB_commits_daily,2025-03-19,3.0
Walnut,GITHUB_commits_daily,2025-03-19,1.0
thirdweb,GITHUB_commits_daily,2025-03-19,14.0
Open Source Observer,GITHUB_commits_daily,2025-03-19,7.0
Pyth Network,GITHUB_commits_daily,2025-03-19,38.0
Pyth Network,GITHUB_releases_daily,2025-03-19,1.0
Runtime Verification,GITHUB_releases_daily,2025-03-19,1.0
Runtime Verification,GITHUB_forks_daily,2025-03-19,1.0
Pyth Network,GITHUB_forks_daily,2025-03-19,1.0
9Lives,GITHUB_repositories_daily,2025-03-19,1.0
Runtime Verification,GITHUB_repositories_daily,2025-03-19,8.0
Trail of Bits Security Reviews,GITHUB_repositories_daily,2025-03-19,16.0
Trail of Bits Security Reviews,GITHUB_contributors_daily,2025-03-19,4.0
Redstone Finance,GITHUB_contributors_daily,2025-03-19,1.0
Passport XYZ,GITHUB_active_developers_daily,2025-03-19,1.0
Runtime Verification,GITHUB_active_developers_daily,2025-03-19,3.0
Trail of Bits Security Reviews,GITHUB_opened_pull_requests_daily,2025-03-19,4.0
Passport XYZ,GITHUB_merged_pull_requests_daily,2025-03-19,2.0
CodeTracer,GITHUB_merged_pull_requests_daily,2025-03-19,2.0
Enclave,GITHUB_merged_pull_requests_daily,2025-03-19,1.0
Pyth Network,GITHUB_merged_pull_requests_daily,2025-03-19,8.0
thirdweb,GITHUB_merged_pull_requests_daily,2025-03-19,11.0
Trail of Bits Security Reviews,GITHUB_opened_issues_daily,2025-03-19,1.0
CodeTracer,GITHUB_opened_issues_daily,2025-03-19,5.0
Enclave,GITHUB_comments_daily,2024-12-11,1.0
thirdweb,GITHUB_comments_daily,2024-12-11,161.0
Runtime Verification,GITHUB_stars_daily,2024-12-11,1.0
Walnut,GITHUB_commits_daily,2024-12-11,2.0
Passport XYZ,GITHUB_commits_daily,2024-12-11,4.0
Trail of Bits Security Reviews,GITHUB_releases_daily,2024-12-11,2.0
thirdweb,GITHUB_forks_daily,2024-12-11,1.0
Runtime Verification,GITHUB_forks_daily,2024-12-11,2.0
Trail of Bits Security Reviews,GITHUB_forks_daily,2024-12-11,3.0
Walnut,GITHUB_repositories_daily,2024-12-11,3.0
Pyth Network,GITHUB_contributors_daily,2024-12-11,9.0
Redstone Finance,GITHUB_contributors_daily,2024-12-11,3.0
Moving Stylus,GITHUB_contributors_daily,2024-12-11,1.0
Enclave,GITHUB_contributors_daily,2024-12-11,1.0
thirdweb,GITHUB_contributors_daily,2024-12-11,12.0
Walnut,GITHUB_active_developers_daily,2024-12-11,1.0
Trail of Bits Security Reviews,GITHUB_opened_pull_requests_daily,2024-12-11,7.0
Passport XYZ,GITHUB_merged_pull_requests_daily,2024-12-11,2.0
Trail of Bits Security Reviews,GITHUB_merged_pull_requests_daily,2024-12-11,7.0
Runtime Verification,GITHUB_merged_pull_requests_daily,2024-12-11,5.0
Trail of Bits Security Reviews,GITHUB_closed_issues_daily,2024-12-11,3.0
Enclave,GITHUB_comments_daily,2024-09-25,12.0
Walnut,GITHUB_stars_daily,2024-09-25,1.0
thirdweb,GITHUB_stars_daily,2024-09-25,2.0
Passport XYZ,GITHUB_stars_daily,2024-09-25,2.0
Enclave,GITHUB_stars_daily,2024-09-25,1.0
Walnut,GITHUB_repositories_daily,2024-09-25,2.0
Pyth Network,GITHUB_repositories_daily,2024-09-25,3.0
thirdweb,GITHUB_repositories_daily,2024-09-25,4.0
Debid - Fairblock,GITHUB_repositories_daily,2024-09-25,1.0
Passport XYZ,GITHUB_active_developers_daily,2024-09-25,1.0
Passport XYZ,GITHUB_closed_issues_daily,2024-09-25,2.0
Runtime Verification,GITHUB_comments_daily,2024-03-28,90.0
Pyth Network,GITHUB_commits_daily,2024-03-28,17.0
Open Source Observer,GITHUB_commits_daily,2024-03-28,1.0
Trail of Bits Security Reviews,GITHUB_commits_daily,2024-03-28,5.0
thirdweb,GITHUB_commits_daily,2024-03-28,26.0
Walnut,GITHUB_commits_daily,2024-03-28,12.0
Trail of Bits Security Reviews,GITHUB_releases_daily,2024-03-28,1.0
thirdweb,GITHUB_forks_daily,2024-03-28,3.0
Trail of Bits Security Reviews,GITHUB_repositories_daily,2024-03-28,8.0
Walnut,GITHUB_repositories_daily,2024-03-28,1.0
Pyth Network,GITHUB_repositories_daily,2024-03-28,3.0
Trail of Bits Security Reviews,GITHUB_contributors_daily,2024-03-28,2.0
Runtime Verification,GITHUB_active_developers_daily,2024-03-28,4.0
Walnut,GITHUB_active_developers_daily,2024-03-28,1.0
Redstone Finance,GITHUB_active_developers_daily,2024-03-28,3.0
Open Source Observer,GITHUB_active_developers_daily,2024-03-28,1.0
Runtime Verification,GITHUB_opened_pull_requests_daily,2024-03-28,26.0
Open Source Observer,GITHUB_opened_pull_requests_daily,2024-03-28,2.0
Walnut,GITHUB_merged_pull_requests_daily,2024-03-28,1.0
thirdweb,GITHUB_merged_pull_requests_daily,2024-03-28,25.0
thirdweb,GITHUB_opened_issues_daily,2024-03-28,3.0
Redstone Finance,GITHUB_comments_daily,2024-05-20,1.0
Walnut,GITHUB_stars_daily,2024-05-20,1.0
Redstone Finance,GITHUB_stars_weekly,2024-05-20,8.0
Syndicate Protocol,GITHUB_commits_daily,2024-05-20,1.0
Runtime Verification,GITHUB_commits_daily,2024-05-20,12.0
Pyth Network,GITHUB_commits_daily,2024-05-20,2.0
Runtime Verification,GITHUB_releases_daily,2024-05-20,7.0
Pyth Network,GITHUB_commits_weekly,2024-05-20,33.0
Redstone Finance,GITHUB_commits_weekly,2024-05-20,30.0
thirdweb,GITHUB_commits_weekly,2024-05-20,74.0
Runtime Verification,GITHUB_comments_weekly,2024-05-20,165.0
Passport XYZ,GITHUB_comments_weekly,2024-05-20,12.0
Trail of Bits Security Reviews,GITHUB_comments_weekly,2024-05-20,9.0
Passport XYZ,GITHUB_repositories_weekly,2024-05-20,1.0
Open Source Observer,GITHUB_repositories_weekly,2024-05-20,3.0
Pyth Network,GITHUB_repositories_weekly,2024-05-20,11.0
Runtime Verification,GITHUB_repositories_weekly,2024-05-20,21.0
Redstone Finance,GITHUB_repositories_weekly,2024-05-20,10.0
Trail of Bits Security Reviews,GITHUB_repositories_weekly,2024-05-20,33.0
Open Source Observer,GITHUB_forks_daily,2024-05-20,1.0
Walnut,GITHUB_forks_daily,2024-05-20,2.0
thirdweb,GITHUB_repositories_daily,2024-05-20,4.0
Open Source Observer,GITHUB_active_developers_daily,2024-05-20,4.0
Walnut,GITHUB_opened_pull_requests_weekly,2024-05-20,11.0
thirdweb,GITHUB_opened_pull_requests_weekly,2024-05-20,105.0
Open Source Observer,GITHUB_opened_pull_requests_weekly,2024-05-20,61.0
thirdweb,GITHUB_merged_pull_requests_daily,2024-05-20,14.0
Redstone Finance,GITHUB_merged_pull_requests_daily,2024-05-20,2.0
Passport XYZ,GITHUB_contributors_weekly,2024-05-20,2.0
Trail of Bits Security Reviews,GITHUB_contributors_weekly,2024-05-20,8.0
thirdweb,GITHUB_contributors_weekly,2024-05-20,23.0
thirdweb,GITHUB_active_developers_weekly,2024-05-20,13.0
Open Source Observer,GITHUB_active_developers_weekly,2024-05-20,10.0
Syndicate Protocol,GITHUB_contributors_daily,2024-05-20,1.0
Runtime Verification,GITHUB_active_developers_weekly,2024-05-20,9.0
Walnut,GITHUB_closed_issues_weekly,2024-05-20,3.0
Runtime Verification,GITHUB_closed_issues_weekly,2024-05-20,16.0
Open Source Observer,GITHUB_closed_issues_daily,2024-05-20,7.0
Open Source Observer,GITHUB_merged_pull_requests_weekly,2024-05-20,60.0
Syndicate Protocol,GITHUB_merged_pull_requests_weekly,2024-05-20,1.0
Open Source Observer,GITHUB_opened_issues_weekly,2024-05-20,40.0
thirdweb,GITHUB_opened_issues_daily,2024-05-20,1.0
Runtime Verification,GITHUB_comments_daily,2024-02-18,2.0
Open Source Observer,GITHUB_comments_daily,2024-02-18,5.0
Trail of Bits Security Reviews,GITHUB_stars_daily,2024-02-18,7.0
Syndicate Protocol,GITHUB_stars_daily,2024-02-18,1.0
Pyth Network,GITHUB_forks_daily,2024-02-18,6.0
thirdweb,GITHUB_forks_daily,2024-02-18,3.0
Debid - Fairblock,GITHUB_repositories_daily,2024-02-18,1.0
Trail of Bits Security Reviews,GITHUB_repositories_daily,2024-02-18,8.0
Pyth Network,GITHUB_repositories_daily,2024-02-18,4.0
Open Source Observer,GITHUB_contributors_daily,2024-02-18,2.0
Trail of Bits Security Reviews,GITHUB_opened_pull_requests_daily,2024-02-18,4.0
Pyth Network,GITHUB_opened_pull_requests_daily,2024-02-18,4.0
Debid - Fairblock,GITHUB_opened_pull_requests_daily,2024-02-18,1.0
thirdweb,GITHUB_opened_pull_requests_daily,2024-02-18,6.0
Open Source Observer,GITHUB_comments_daily,2025-03-05,31.0
thirdweb,GITHUB_comments_daily,2025-03-05,52.0
Passport XYZ,GITHUB_comments_daily,2025-03-05,4.0
9Lives,GITHUB_commits_daily,2025-03-05,6.0
Runtime Verification,GITHUB_releases_daily,2025-03-05,3.0
9Lives,GITHUB_repositories_daily,2025-03-05,1.0
thirdweb,GITHUB_repositories_daily,2025-03-05,3.0
CodeTracer,GITHUB_repositories_daily,2025-03-05,1.0
Walnut,GITHUB_repositories_daily,2025-03-05,6.0
Passport XYZ,GITHUB_contributors_daily,2025-03-05,2.0
Runtime Verification,GITHUB_contributors_daily,2025-03-05,6.0
Open Source Observer,GITHUB_active_developers_daily,2025-03-05,4.0
Runtime Verification,GITHUB_active_developers_daily,2025-03-05,4.0
thirdweb,GITHUB_active_developers_daily,2025-03-05,5.0
Trail of Bits Security Reviews,GITHUB_opened_pull_requests_daily,2025-03-05,6.0
Solang,GITHUB_opened_pull_requests_daily,2025-03-05,1.0
Open Source Observer,GITHUB_opened_pull_requests_daily,2025-03-05,9.0
Walnut,GITHUB_opened_issues_daily,2025-03-05,1.0
Trail of Bits Security Reviews,GITHUB_opened_issues_daily,2025-03-05,1.0
Open Source Observer,GITHUB_opened_issues_daily,2025-03-05,14.0
Walnut,GITHUB_closed_issues_daily,2025-03-05,1.0
Pyth Network,GITHUB_comments_daily,2024-02-24,2.0
Walnut,GITHUB_comments_daily,2024-02-24,1.0
thirdweb,GITHUB_comments_daily,2024-02-24,16.0
Trail of Bits Security Reviews,GITHUB_stars_daily,2024-02-24,7.0
Debid - Fairblock,GITHUB_commits_daily,2024-02-24,1.0
Trail of Bits Security Reviews,GITHUB_commits_daily,2024-02-24,2.0
thirdweb,GITHUB_releases_daily,2024-02-24,1.0
Redstone Finance,GITHUB_forks_daily,2024-02-24,1.0
Pyth Network,GITHUB_forks_daily,2024-02-24,1.0
Open Source Observer,GITHUB_repositories_daily,2024-02-24,1.0
Runtime Verification,GITHUB_contributors_daily,2024-02-24,5.0
Open Source Observer,GITHUB_contributors_daily,2024-02-24,2.0
Runtime Verification,GITHUB_opened_pull_requests_daily,2024-02-24,3.0
Runtime Verification,GITHUB_opened_issues_daily,2024-02-24,1.0
Open Source Observer,GITHUB_closed_issues_daily,2024-02-24,1.0
thirdweb,GITHUB_comments_daily,2024-07-30,135.0
Redstone Finance,GITHUB_commits_daily,2024-07-30,9.0
Debid - Fairblock,GITHUB_commits_daily,2024-07-30,2.0
Pyth Network,GITHUB_forks_daily,2024-07-30,1.0
Pyth Network,GITHUB_repositories_daily,2024-07-30,6.0
Passport XYZ,GITHUB_repositories_daily,2024-07-30,3.0
Open Source Observer,GITHUB_repositories_daily,2024-07-30,3.0
Trail of Bits Security Reviews,GITHUB_repositories_daily,2024-07-30,16.0
thirdweb,GITHUB_contributors_daily,2024-07-30,11.0
Debid - Fairblock,GITHUB_contributors_daily,2024-07-30,1.0
Trail of Bits Security Reviews,GITHUB_contributors_daily,2024-07-30,10.0
Trail of Bits Security Reviews,GITHUB_active_developers_daily,2024-07-30,4.0
thirdweb,GITHUB_active_developers_daily,2024-07-30,6.0
Pyth Network,GITHUB_opened_pull_requests_daily,2024-07-30,4.0
Passport XYZ,GITHUB_opened_pull_requests_daily,2024-07-30,4.0
Pyth Network,GITHUB_merged_pull_requests_daily,2024-07-30,4.0
Debid - Fairblock,GITHUB_merged_pull_requests_daily,2024-07-30,2.0
Runtime Verification,GITHUB_merged_pull_requests_daily,2024-07-30,11.0
Redstone Finance,GITHUB_merged_pull_requests_daily,2024-07-30,1.0
thirdweb,GITHUB_merged_pull_requests_daily,2024-07-30,25.0
Runtime Verification,GITHUB_opened_issues_daily,2024-07-30,2.0
Trail of Bits Security Reviews,GITHUB_forks_weekly,2025-04-07,14.0
Walnut,GITHUB_forks_weekly,2025-04-07,2.0
Solang,GITHUB_stars_weekly,2025-04-07,3.0
CodeTracer,GITHUB_stars_weekly,2025-04-07,16.0
Debid - Fairblock,GITHUB_stars_weekly,2025-04-07,1.0
Trail of Bits Security Reviews,GITHUB_stars_weekly,2025-04-07,84.0
Trail of Bits Security Reviews,GITHUB_releases_daily,2025-04-07,5.0
Pyth Network,GITHUB_releases_daily,2025-04-07,1.0
thirdweb,GITHUB_stars_daily,2025-04-07,2.0
Open Source Observer,GITHUB_comments_daily,2025-04-07,1.0
Redstone Finance,GITHUB_commits_daily,2025-04-07,12.0
Open Source Observer,GITHUB_commits_weekly,2025-04-07,36.0
Passport XYZ,GITHUB_commits_weekly,2025-04-07,24.0
Walnut,GITHUB_commits_weekly,2025-04-07,13.0
Moving Stylus,GITHUB_commits_weekly,2025-04-07,1.0
thirdweb,GITHUB_commits_weekly,2025-04-07,62.0
Trail of Bits Security Reviews,GITHUB_comments_weekly,2025-04-07,134.0
Pyth Network,GITHUB_repositories_daily,2025-04-07,3.0
Redstone Finance,GITHUB_repositories_daily,2025-04-07,2.0
Open Source Observer,GITHUB_repositories_daily,2025-04-07,2.0
CodeTracer,GITHUB_repositories_daily,2025-04-07,1.0
Solang,GITHUB_repositories_daily,2025-04-07,1.0
CoBuilders,GITHUB_repositories_weekly,2025-04-07,1.0
9Lives,GITHUB_contributors_weekly,2025-04-07,3.0
CodeTracer,GITHUB_contributors_weekly,2025-04-07,2.0
Open Source Observer,GITHUB_contributors_weekly,2025-04-07,10.0
Pyth Network,GITHUB_contributors_weekly,2025-04-07,21.0
Runtime Verification,GITHUB_contributors_weekly,2025-04-07,17.0
Walnut,GITHUB_contributors_weekly,2025-04-07,8.0
Runtime Verification,GITHUB_active_developers_weekly,2025-04-07,8.0
9Lives,GITHUB_active_developers_weekly,2025-04-07,2.0
Moving Stylus,GITHUB_active_developers_weekly,2025-04-07,1.0
thirdweb,GITHUB_opened_pull_requests_daily,2025-04-07,10.0
Runtime Verification,GITHUB_opened_pull_requests_daily,2025-04-07,6.0
9Lives,GITHUB_opened_pull_requests_weekly,2025-04-07,1.0
CoBuilders,GITHUB_opened_pull_requests_weekly,2025-04-07,2.0
Open Source Observer,GITHUB_merged_pull_requests_daily,2025-04-07,1.0
Pyth Network,GITHUB_merged_pull_requests_daily,2025-04-07,3.0
Trail of Bits Security Reviews,GITHUB_merged_pull_requests_daily,2025-04-07,15.0
Trail of Bits Security Reviews,GITHUB_opened_issues_daily,2025-04-07,2.0
Runtime Verification,GITHUB_opened_issues_weekly,2025-04-07,4.0
Pyth Network,GITHUB_opened_issues_weekly,2025-04-07,1.0
Walnut,GITHUB_opened_issues_weekly,2025-04-07,4.0
Pyth Network,GITHUB_closed_issues_weekly,2025-04-07,1.0
thirdweb,GITHUB_closed_issues_weekly,2025-04-07,1.0
CodeTracer,GITHUB_closed_issues_weekly,2025-04-07,1.0
Open Source Observer,GITHUB_comments_daily,2024-01-10,10.0
Runtime Verification,GITHUB_stars_daily,2024-01-10,1.0
Trail of Bits Security Reviews,GITHUB_commits_daily,2024-01-10,18.0
thirdweb,GITHUB_releases_daily,2024-01-10,9.0
Runtime Verification,GITHUB_releases_daily,2024-01-10,6.0
Trail of Bits Security Reviews,GITHUB_repositories_daily,2024-01-10,13.0
Pyth Network,GITHUB_repositories_daily,2024-01-10,6.0
Debid - Fairblock,GITHUB_repositories_daily,2024-01-10,1.0
Debid - Fairblock,GITHUB_contributors_daily,2024-01-10,11.0
Pyth Network,GITHUB_contributors_daily,2024-01-10,3.0
Trail of Bits Security Reviews,GITHUB_contributors_daily,2024-01-10,4.0
Redstone Finance,GITHUB_active_developers_daily,2024-01-10,2.0
Debid - Fairblock,GITHUB_opened_pull_requests_daily,2024-01-10,1.0
Runtime Verification,GITHUB_merged_pull_requests_daily,2024-01-10,12.0
Debid - Fairblock,GITHUB_merged_pull_requests_daily,2024-01-10,12.0
thirdweb,GITHUB_merged_pull_requests_daily,2024-01-10,13.0
thirdweb,GITHUB_closed_issues_daily,2024-01-10,7.0
thirdweb,GITHUB_comments_daily,2025-01-03,63.0
Trail of Bits Security Reviews,GITHUB_stars_daily,2025-01-03,10.0
Walnut,GITHUB_commits_daily,2025-01-03,9.0
Pyth Network,GITHUB_commits_daily,2025-01-03,4.0
Trail of Bits Security Reviews,GITHUB_commits_daily,2025-01-03,34.0
Redstone Finance,GITHUB_contributors_daily,2025-01-03,2.0
Open Source Observer,GITHUB_contributors_daily,2025-01-03,2.0
Pyth Network,GITHUB_contributors_daily,2025-01-03,5.0
thirdweb,GITHUB_active_developers_daily,2025-01-03,3.0
Walnut,GITHUB_merged_pull_requests_daily,2025-01-03,3.0
Redstone Finance,GITHUB_merged_pull_requests_daily,2025-01-03,1.0
Trail of Bits Security Reviews,GITHUB_merged_pull_requests_daily,2025-01-03,3.0
Open Source Observer,GITHUB_opened_issues_daily,2025-01-03,1.0
thirdweb,GITHUB_closed_issues_daily,2025-01-03,1.0
thirdweb,GITHUB_forks_weekly,2024-03-18,13.0
Open Source Observer,GITHUB_forks_weekly,2024-03-18,2.0
Pyth Network,GITHUB_forks_weekly,2024-03-18,19.0
Trail of Bits Security Reviews,GITHUB_comments_daily,2024-03-18,7.0
Remix IDE plugin for Arbitrum Stylus,GITHUB_stars_weekly,2024-03-18,1.0
Debid - Fairblock,GITHUB_stars_weekly,2024-03-18,3.0
Pyth Network,GITHUB_commits_daily,2024-03-18,6.0
Trail of Bits Security Reviews,GITHUB_releases_weekly,2024-03-18,5.0
Pyth Network,GITHUB_releases_weekly,2024-03-18,1.0
Debid - Fairblock,GITHUB_releases_weekly,2024-03-18,1.0
Pyth Network,GITHUB_releases_daily,2024-03-18,1.0
Trail of Bits Security Reviews,GITHUB_stars_daily,2024-03-18,13.0
thirdweb,GITHUB_stars_daily,2024-03-18,2.0
Runtime Verification,GITHUB_stars_daily,2024-03-18,2.0
Debid - Fairblock,GITHUB_commits_weekly,2024-03-18,2.0
Trail of Bits Security Reviews,GITHUB_commits_weekly,2024-03-18,89.0
Trail of Bits Security Reviews,GITHUB_comments_weekly,2024-03-18,43.0
Redstone Finance,GITHUB_comments_weekly,2024-03-18,2.0
thirdweb,GITHUB_comments_weekly,2024-03-18,323.0
Debid - Fairblock,GITHUB_comments_weekly,2024-03-18,3.0
Open Source Observer,GITHUB_forks_daily,2024-03-18,1.0
thirdweb,GITHUB_repositories_weekly,2024-03-18,6.0
Redstone Finance,GITHUB_repositories_weekly,2024-03-18,7.0
WakeUp Labs,GITHUB_repositories_weekly,2024-03-18,1.0
thirdweb,GITHUB_repositories_daily,2024-03-18,5.0
Pyth Network,GITHUB_contributors_weekly,2024-03-18,13.0
Debid - Fairblock,GITHUB_contributors_weekly,2024-03-18,2.0
Remix IDE plugin for Arbitrum Stylus,GITHUB_contributors_weekly,2024-03-18,1.0
Runtime Verification,GITHUB_contributors_weekly,2024-03-18,22.0
Redstone Finance,GITHUB_contributors_weekly,2024-03-18,3.0
thirdweb,GITHUB_active_developers_weekly,2024-03-18,15.0
Walnut,GITHUB_active_developers_daily,2024-03-18,2.0
Trail of Bits Security Reviews,GITHUB_active_developers_daily,2024-03-18,4.0
Debid - Fairblock,GITHUB_active_developers_daily,2024-03-18,2.0
Redstone Finance,GITHUB_active_developers_daily,2024-03-18,2.0
Pyth Network,GITHUB_opened_pull_requests_weekly,2024-03-18,35.0
Runtime Verification,GITHUB_opened_pull_requests_weekly,2024-03-18,80.0
Walnut,GITHUB_opened_pull_requests_weekly,2024-03-18,19.0
Redstone Finance,GITHUB_opened_pull_requests_weekly,2024-03-18,1.0
Runtime Verification,GITHUB_opened_pull_requests_daily,2024-03-18,21.0
Walnut,GITHUB_opened_pull_requests_daily,2024-03-18,6.0
Trail of Bits Security Reviews,GITHUB_merged_pull_requests_daily,2024-03-18,20.0
Open Source Observer,GITHUB_merged_pull_requests_daily,2024-03-18,1.0
Walnut,GITHUB_opened_issues_weekly,2024-03-18,19.0
Runtime Verification,GITHUB_opened_issues_daily,2024-03-18,5.0
Runtime Verification,GITHUB_closed_issues_weekly,2024-03-18,17.0
Trail of Bits Security Reviews,GITHUB_closed_issues_weekly,2024-03-18,5.0
Open Source Observer,GITHUB_closed_issues_weekly,2024-03-18,13.0
Runtime Verification,GITHUB_closed_issues_daily,2024-03-18,5.0
Walnut,GITHUB_active_contributors_quarterly,2024-06-01,22.0
Runtime Verification,GITHUB_new_contributors_quarterly,2024-06-01,4.0
Pyth Network,GITHUB_new_contributors_quarterly,2024-06-01,26.0
Passport XYZ,GITHUB_new_contributors_quarterly,2024-06-01,5.0
Open Source Observer,GITHUB_new_contributors_quarterly,2024-06-01,42.0
Debid - Fairblock,GITHUB_new_contributors_quarterly,2024-06-01,1.0
Arbos Foundry,GITHUB_active_contributors_quarterly,2024-06-01,1.0
Redstone Finance,GITHUB_active_contributors_quarterly,2024-06-01,4.0
Passport XYZ,GITHUB_active_contributors_quarterly,2024-06-01,5.0
Pyth Network,GITHUB_releases_biannually,2024-06-01,20.0
Runtime Verification,GITHUB_releases_biannually,2024-06-01,225.0
Trail of Bits Security Reviews,GITHUB_releases_quarterly,2024-06-01,8.0
Runtime Verification,GITHUB_releases_quarterly,2024-06-01,225.0
Syndicate Protocol,GITHUB_commits_biannually,2024-06-01,5.0
Debid - Fairblock,GITHUB_commits_biannually,2024-06-01,22.0
Walnut,GITHUB_commits_biannually,2024-06-01,138.0
Remix IDE plugin for Arbitrum Stylus,GITHUB_commits_biannually,2024-06-01,21.0
Walnut,GITHUB_comments_daily,2024-06-01,1.0
Open Source Observer,GITHUB_active_developers_biannually,2024-06-01,30.0
thirdweb,GITHUB_active_developers_biannually,2024-06-01,23.0
Redstone Finance,GITHUB_active_developers_biannually,2024-06-01,4.0
Debid - Fairblock,GITHUB_active_developers_biannually,2024-06-01,3.0
Walnut,GITHUB_active_developers_biannually,2024-06-01,3.0
Arbos Foundry,GITHUB_repositories_quarterly,2024-06-01,2.0
Enclave,GITHUB_active_developers_quarterly,2024-06-01,3.0
Pyth Network,GITHUB_active_developers_quarterly,2024-06-01,15.0
Arbos Foundry,GITHUB_active_developers_quarterly,2024-06-01,1.0
Debid - Fairblock,GITHUB_forks_monthly,2024-06-01,1.0
Passport XYZ,GITHUB_forks_monthly,2024-06-01,2.0
Walnut,GITHUB_forks_monthly,2024-06-01,20.0
thirdweb,GITHUB_forks_monthly,2024-06-01,58.0
Syndicate Protocol,GITHUB_part_time_developers_quarterly,2024-06-01,1.0
Passport XYZ,GITHUB_part_time_developers_quarterly,2024-06-01,1.0
Runtime Verification,GITHUB_part_time_developers_quarterly,2024-06-01,18.0
Open Source Observer,GITHUB_stars_biannually,2024-06-01,4.0
Open Source Observer,GITHUB_stars_monthly,2024-06-01,4.0
Pyth Network,GITHUB_stars_monthly,2024-06-01,19.0
Passport XYZ,GITHUB_stars_monthly,2024-06-01,3.0
Arbos Foundry,GITHUB_stars_monthly,2024-06-01,1.0
Runtime Verification,GITHUB_stars_daily,2024-06-01,5.0
Trail of Bits Security Reviews,GITHUB_stars_daily,2024-06-01,7.0
Passport XYZ,GITHUB_commits_monthly,2024-06-01,64.0
Pyth Network,GITHUB_commits_monthly,2024-06-01,148.0
Remix IDE plugin for Arbitrum Stylus,GITHUB_commits_monthly,2024-06-01,21.0
Passport XYZ,GITHUB_stars_quarterly,2024-06-01,3.0
Syndicate Protocol,GITHUB_stars_quarterly,2024-06-01,1.0
thirdweb,GITHUB_releases_monthly,2024-06-01,88.0
Runtime Verification,GITHUB_releases_daily,2024-06-01,2.0
Arbos Foundry,GITHUB_commits_quarterly,2024-06-01,21.0
Trail of Bits Security Reviews,GITHUB_commits_quarterly,2024-06-01,438.0
Enclave,GITHUB_commits_quarterly,2024-06-01,50.0
Walnut,GITHUB_commits_quarterly,2024-06-01,138.0
Passport XYZ,GITHUB_forks_quarterly,2024-06-01,2.0
Passport XYZ,GITHUB_forks_biannually,2024-06-01,2.0
Walnut,GITHUB_forks_quarterly,2024-06-01,20.0
thirdweb,GITHUB_forks_quarterly,2024-06-01,58.0
Runtime Verification,GITHUB_forks_daily,2024-06-01,2.0
Open Source Observer,GITHUB_repositories_daily,2024-06-01,1.0
Redstone Finance,GITHUB_repositories_monthly,2024-06-01,21.0
Open Source Observer,GITHUB_repositories_biannually,2024-06-01,4.0
Debid - Fairblock,GITHUB_repositories_monthly,2024-06-01,6.0
Walnut,GITHUB_repositories_monthly,2024-06-01,6.0
Runtime Verification,GITHUB_contributors_monthly,2024-06-01,33.0
Pyth Network,GITHUB_contributors_biannually,2024-06-01,38.0
Remix IDE plugin for Arbitrum Stylus,GITHUB_contributors_biannually,2024-06-01,3.0
Arbos Foundry,GITHUB_contributors_biannually,2024-06-01,1.0
Runtime Verification,GITHUB_contributors_quarterly,2024-06-01,33.0
Walnut,GITHUB_contributors_quarterly,2024-06-01,22.0
Arbos Foundry,GITHUB_contributors_quarterly,2024-06-01,1.0
Remix IDE plugin for Arbitrum Stylus,GITHUB_contributors_monthly,2024-06-01,3.0
thirdweb,GITHUB_contributors_daily,2024-06-01,3.0
Walnut,GITHUB_active_developers_monthly,2024-06-01,3.0
Syndicate Protocol,GITHUB_active_developers_monthly,2024-06-01,1.0
Redstone Finance,GITHUB_active_developers_monthly,2024-06-01,4.0
thirdweb,GITHUB_active_developers_monthly,2024-06-01,23.0
Syndicate Protocol,GITHUB_part_time_developers_monthly,2024-06-01,1.0
Redstone Finance,GITHUB_part_time_developers_monthly,2024-06-01,3.0
Pyth Network,GITHUB_part_time_developers_monthly,2024-06-01,11.0
Open Source Observer,GITHUB_part_time_developers_monthly,2024-06-01,27.0
Debid - Fairblock,GITHUB_part_time_developers_monthly,2024-06-01,3.0
Syndicate Protocol,GITHUB_part_time_developers_biannually,2024-06-01,1.0
Trail of Bits Security Reviews,GITHUB_part_time_developers_biannually,2024-06-01,21.0
Syndicate Protocol,GITHUB_active_contributors_monthly,2024-06-01,1.0
Trail of Bits Security Reviews,GITHUB_new_contributors_monthly,2024-06-01,15.0
Trail of Bits Security Reviews,GITHUB_active_contributors_monthly,2024-06-01,41.0
Redstone Finance,GITHUB_part_time_contributors_monthly,2024-06-01,3.0
Pyth Network,GITHUB_full_time_contributors_monthly,2024-06-01,7.0
Runtime Verification,GITHUB_new_contributors_monthly,2024-06-01,4.0
Remix IDE plugin for Arbitrum Stylus,GITHUB_new_contributors_monthly,2024-06-01,1.0
Pyth Network,GITHUB_part_time_contributors_monthly,2024-06-01,31.0
Redstone Finance,GITHUB_full_time_contributors_monthly,2024-06-01,1.0
Passport XYZ,GITHUB_new_contributors_biannually,2024-06-01,5.0
Open Source Observer,GITHUB_active_contributors_biannually,2024-06-01,48.0
Walnut,GITHUB_part_time_contributors_monthly,2024-06-01,20.0
Enclave,GITHUB_active_contributors_monthly,2024-06-01,3.0
Passport XYZ,GITHUB_active_contributors_monthly,2024-06-01,5.0
Passport XYZ,GITHUB_part_time_contributors_monthly,2024-06-01,5.0
Debid - Fairblock,GITHUB_active_contributors_monthly,2024-06-01,4.0
Arbos Foundry,GITHUB_part_time_contributors_monthly,2024-06-01,1.0
Pyth Network,GITHUB_part_time_contributors_biannually,2024-06-01,38.0
Syndicate Protocol,GITHUB_part_time_contributors_biannually,2024-06-01,1.0
Remix IDE plugin for Arbitrum Stylus,GITHUB_new_contributors_biannually,2024-06-01,1.0
thirdweb,GITHUB_new_contributors_biannually,2024-06-01,35.0
Enclave,GITHUB_new_contributors_biannually,2024-06-01,3.0
Trail of Bits Security Reviews,GITHUB_change_in_active_developers_monthly,2024-06-01,5.0
Arbos Foundry,GITHUB_change_in_active_developers_monthly,2024-06-01,0.0
thirdweb,GITHUB_change_in_full_time_contributors_monthly,2024-06-01,0.0
Enclave,GITHUB_change_in_part_time_contributors_monthly,2024-06-01,
Passport XYZ,GITHUB_change_in_part_time_contributors_quarterly,2024-06-01,-3.0
Runtime Verification,GITHUB_change_in_part_time_contributors_quarterly,2024-06-01,-1.0
Enclave,GITHUB_change_in_part_time_contributors_quarterly,2024-06-01,
Enclave,GITHUB_change_in_active_developers_quarterly,2024-06-01,
Runtime Verification,GITHUB_change_in_active_developers_quarterly,2024-06-01,-1.0
Remix IDE plugin for Arbitrum Stylus,GITHUB_change_in_active_developers_biannually,2024-06-01,-2.0
Syndicate Protocol,GITHUB_change_in_active_developers_biannually,2024-06-01,1.0
Redstone Finance,GITHUB_change_in_active_developers_biannually,2024-06-01,3.0
thirdweb,GITHUB_change_in_part_time_contributors_monthly,2024-06-01,-9.0
Trail of Bits Security Reviews,GITHUB_change_in_part_time_contributors_monthly,2024-06-01,10.0
Pyth Network,GITHUB_change_in_active_developers_monthly,2024-06-01,-15.0
Runtime Verification,GITHUB_change_in_active_developers_biannually,2024-06-01,-1.0
Arbos Foundry,GITHUB_change_in_part_time_contributors_biannually,2024-06-01,0.0
Passport XYZ,GITHUB_change_in_active_developers_biannually,2024-06-01,-3.0
Enclave,GITHUB_change_in_part_time_contributors_biannually,2024-06-01,
Redstone Finance,GITHUB_change_in_active_developers_quarterly,2024-06-01,3.0
Trail of Bits Security Reviews,GITHUB_change_in_active_developers_quarterly,2024-06-01,5.0
Syndicate Protocol,GITHUB_change_in_part_time_contributors_quarterly,2024-06-01,1.0
Arbos Foundry,GITHUB_change_in_part_time_contributors_quarterly,2024-06-01,0.0
Redstone Finance,GITHUB_change_in_part_time_contributors_quarterly,2024-06-01,3.0
Trail of Bits Security Reviews,GITHUB_change_in_part_time_contributors_quarterly,2024-06-01,5.0
thirdweb,GITHUB_opened_pull_requests_daily,2024-06-01,6.0
thirdweb,GITHUB_opened_pull_requests_monthly,2024-06-01,449.0
Runtime Verification,GITHUB_opened_pull_requests_monthly,2024-06-01,272.0
Trail of Bits Security Reviews,GITHUB_opened_pull_requests_monthly,2024-06-01,185.0
Pyth Network,GITHUB_opened_pull_requests_biannually,2024-06-01,172.0
Syndicate Protocol,GITHUB_active_contributors_biannually,2024-06-01,1.0
Runtime Verification,GITHUB_part_time_contributors_biannually,2024-06-01,33.0
Pyth Network,GITHUB_opened_pull_requests_quarterly,2024-06-01,172.0
thirdweb,GITHUB_opened_pull_requests_quarterly,2024-06-01,449.0
Syndicate Protocol,GITHUB_opened_pull_requests_quarterly,2024-06-01,1.0
Redstone Finance,GITHUB_opened_pull_requests_quarterly,2024-06-01,1.0
Syndicate Protocol,GITHUB_opened_pull_requests_biannually,2024-06-01,1.0
Redstone Finance,GITHUB_opened_pull_requests_biannually,2024-06-01,1.0
thirdweb,GITHUB_merged_pull_requests_daily,2024-06-01,5.0
Syndicate Protocol,GITHUB_merged_pull_requests_monthly,2024-06-01,1.0
thirdweb,GITHUB_merged_pull_requests_monthly,2024-06-01,385.0
Pyth Network,GITHUB_merged_pull_requests_monthly,2024-06-01,133.0
Remix IDE plugin for Arbitrum Stylus,GITHUB_merged_pull_requests_monthly,2024-06-01,1.0
Passport XYZ,GITHUB_merged_pull_requests_biannually,2024-06-01,12.0
Passport XYZ,GITHUB_merged_pull_requests_quarterly,2024-06-01,12.0
Pyth Network,GITHUB_merged_pull_requests_quarterly,2024-06-01,133.0
Remix IDE plugin for Arbitrum Stylus,GITHUB_merged_pull_requests_quarterly,2024-06-01,1.0
Runtime Verification,GITHUB_merged_pull_requests_biannually,2024-06-01,256.0
Debid - Fairblock,GITHUB_merged_pull_requests_biannually,2024-06-01,2.0
thirdweb,GITHUB_merged_pull_requests_quarterly,2024-06-01,385.0
Pyth Network,GITHUB_opened_issues_monthly,2024-06-01,6.0
Walnut,GITHUB_opened_issues_monthly,2024-06-01,26.0
Trail of Bits Security Reviews,GITHUB_opened_issues_biannually,2024-06-01,40.0
Walnut,GITHUB_opened_issues_biannually,2024-06-01,26.0
thirdweb,GITHUB_closed_issues_monthly,2024-06-01,33.0
Open Source Observer,GITHUB_closed_issues_monthly,2024-06-01,84.0
Walnut,GITHUB_closed_issues_biannually,2024-06-01,29.0
Runtime Verification,GITHUB_closed_issues_biannually,2024-06-01,30.0
Pyth Network,GITHUB_closed_issues_biannually,2024-06-01,2.0
Walnut,GITHUB_closed_issues_quarterly,2024-06-01,29.0
Pyth Network,GITHUB_avg_prs_time_to_merge_quarterly,2024-06-01,0.0
thirdweb,GITHUB_avg_time_to_first_response_quarterly,2024-06-01,27348.96010638298
thirdweb,GITHUB_avg_time_to_first_response_biannually,2024-06-01,27348.96010638298
Pyth Network,GITHUB_avg_time_to_first_response_biannually,2024-06-01,29769.50303030303
Open Source Observer,GITHUB_churned_contributors_biannually,2024-06-01,-62.0
Remix IDE plugin for Arbitrum Stylus,GITHUB_churned_contributors_biannually,2024-06-01,-3.0
Remix IDE plugin for Arbitrum Stylus,GITHUB_change_in_full_time_contributors_biannually,2024-06-01,0.0
Debid - Fairblock,GITHUB_change_in_new_contributors_biannually,2024-06-01,0.0
Runtime Verification,GITHUB_change_in_new_contributors_biannually,2024-06-01,-2.0
Arbos Foundry,GITHUB_change_in_full_time_contributors_monthly,2024-06-01,0.0
Arbos Foundry,GITHUB_change_in_new_contributors_monthly,2024-06-01,0.0
Open Source Observer,GITHUB_churned_contributors_quarterly,2024-06-01,-62.0
thirdweb,GITHUB_change_in_new_contributors_monthly,2024-06-01,-12.0
Passport XYZ,GITHUB_change_in_active_contributors_monthly,2024-06-01,-3.0
Enclave,GITHUB_change_in_full_time_contributors_monthly,2024-06-01,
Enclave,GITHUB_change_in_new_contributors_monthly,2024-06-01,
Trail of Bits Security Reviews,GITHUB_change_in_new_contributors_monthly,2024-06-01,7.0
Redstone Finance,GITHUB_churned_contributors_monthly,2024-06-01,3.0
Redstone Finance,GITHUB_change_in_new_contributors_monthly,2024-06-01,2.0
Walnut,GITHUB_change_in_new_contributors_monthly,2024-06-01,-11.0
Arbos Foundry,GITHUB_churned_contributors_quarterly,2024-06-01,0.0
Pyth Network,GITHUB_change_in_full_time_contributors_quarterly,2024-06-01,0.0
Passport XYZ,GITHUB_change_in_full_time_contributors_quarterly,2024-06-01,0.0
Passport XYZ,GITHUB_churned_contributors_quarterly,2024-06-01,-8.0
Open Source Observer,GITHUB_churned_contributors_monthly,2024-06-01,-62.0
Syndicate Protocol,GITHUB_change_in_active_contributors_quarterly,2024-06-01,1.0
Enclave,GITHUB_churned_contributors_quarterly,2024-06-01,
Redstone Finance,GITHUB_change_in_active_contributors_quarterly,2024-06-01,3.0
Redstone Finance,GITHUB_change_in_full_time_contributors_quarterly,2024-06-01,0.0
Debid - Fairblock,GITHUB_churned_contributors_quarterly,2024-06-01,-1.0
thirdweb,GITHUB_churned_contributors_quarterly,2024-06-01,-44.0
Runtime Verification,GITHUB_change_in_new_contributors_quarterly,2024-06-01,-2.0
Trail of Bits Security Reviews,GITHUB_change_in_new_contributors_biannually,2024-06-01,7.0
Walnut,GITHUB_change_in_active_contributors_biannually,2024-06-01,-11.0
Walnut,GITHUB_churned_contributors_biannually,2024-06-01,-31.0
Runtime Verification,GITHUB_change_in_active_contributors_monthly,2024-06-01,-1.0
Runtime Verification,GITHUB_change_in_full_time_contributors_biannually,2024-06-01,0.0
Runtime Verification,GITHUB_change_in_active_contributors_biannually,2024-06-01,-1.0
Pyth Network,GITHUB_change_in_new_contributors_biannually,2024-06-01,-14.0
Syndicate Protocol,GITHUB_change_in_new_contributors_biannually,2024-06-01,0.0
Syndicate Protocol,GITHUB_change_in_active_contributors_biannually,2024-06-01,1.0
Solang,GITHUB_forks_weekly,2024-11-25,2.0
Trail of Bits Security Reviews,GITHUB_comments_daily,2024-11-25,14.0
Runtime Verification,GITHUB_stars_daily,2024-11-25,1.0
Solang,GITHUB_stars_daily,2024-11-25,1.0
Walnut,GITHUB_commits_daily,2024-11-25,20.0
Open Source Observer,GITHUB_commits_daily,2024-11-25,2.0
Pyth Network,GITHUB_stars_weekly,2024-11-25,7.0
Runtime Verification,GITHUB_commits_weekly,2024-11-25,71.0
Enclave,GITHUB_commits_weekly,2024-11-25,8.0
Trail of Bits Security Reviews,GITHUB_commits_weekly,2024-11-25,111.0
Walnut,GITHUB_commits_weekly,2024-11-25,30.0
Walnut,GITHUB_comments_weekly,2024-11-25,3.0
Pyth Network,GITHUB_comments_weekly,2024-11-25,155.0
Solang,GITHUB_forks_daily,2024-11-25,1.0
Walnut,GITHUB_repositories_daily,2024-11-25,2.0
Debid - Fairblock,GITHUB_repositories_daily,2024-11-25,2.0
Open Source Observer,GITHUB_repositories_daily,2024-11-25,2.0
Runtime Verification,GITHUB_repositories_daily,2024-11-25,6.0
thirdweb,GITHUB_repositories_weekly,2024-11-25,7.0
Debid - Fairblock,GITHUB_repositories_weekly,2024-11-25,4.0
Walnut,GITHUB_repositories_weekly,2024-11-25,5.0
Enclave,GITHUB_contributors_daily,2024-11-25,1.0
Open Source Observer,GITHUB_contributors_weekly,2024-11-25,6.0
Solang,GITHUB_contributors_weekly,2024-11-25,2.0
thirdweb,GITHUB_contributors_weekly,2024-11-25,18.0
Passport XYZ,GITHUB_active_developers_weekly,2024-11-25,3.0
Redstone Finance,GITHUB_active_developers_weekly,2024-11-25,5.0
Runtime Verification,GITHUB_active_developers_weekly,2024-11-25,5.0
Walnut,GITHUB_active_developers_weekly,2024-11-25,3.0
Runtime Verification,GITHUB_active_developers_daily,2024-11-25,2.0
Redstone Finance,GITHUB_active_developers_daily,2024-11-25,3.0
Pyth Network,GITHUB_opened_pull_requests_weekly,2024-11-25,31.0
Walnut,GITHUB_opened_pull_requests_weekly,2024-11-25,3.0
Debid - Fairblock,GITHUB_opened_pull_requests_weekly,2024-11-25,2.0
thirdweb,GITHUB_opened_pull_requests_weekly,2024-11-25,42.0
Debid - Fairblock,GITHUB_opened_pull_requests_daily,2024-11-25,2.0
Debid - Fairblock,GITHUB_merged_pull_requests_weekly,2024-11-25,8.0
Passport XYZ,GITHUB_merged_pull_requests_weekly,2024-11-25,15.0
Redstone Finance,GITHUB_merged_pull_requests_daily,2024-11-25,1.0
Passport XYZ,GITHUB_merged_pull_requests_daily,2024-11-25,9.0
Trail of Bits Security Reviews,GITHUB_merged_pull_requests_daily,2024-11-25,16.0
thirdweb,GITHUB_opened_issues_weekly,2024-11-25,2.0
Trail of Bits Security Reviews,GITHUB_opened_issues_weekly,2024-11-25,7.0
Passport XYZ,GITHUB_closed_issues_daily,2024-11-25,4.0
Open Source Observer,GITHUB_closed_issues_daily,2024-11-25,2.0
Trail of Bits Security Reviews,GITHUB_closed_issues_daily,2024-11-25,1.0
thirdweb,GITHUB_closed_issues_weekly,2024-11-25,4.0
Enclave,GITHUB_closed_issues_weekly,2024-11-25,1.0
Redstone Finance,GITHUB_commits_daily,2024-02-21,3.0
thirdweb,GITHUB_commits_daily,2024-02-21,24.0
Open Source Observer,GITHUB_forks_daily,2024-02-21,1.0
Debid - Fairblock,GITHUB_repositories_daily,2024-02-21,1.0
Pyth Network,GITHUB_repositories_daily,2024-02-21,7.0
Runtime Verification,GITHUB_releases_daily,2024-02-21,6.0
Redstone Finance,GITHUB_active_developers_daily,2024-02-21,1.0
Trail of Bits Security Reviews,GITHUB_active_developers_daily,2024-02-21,2.0
Open Source Observer,GITHUB_opened_pull_requests_daily,2024-02-21,5.0
Trail of Bits Security Reviews,GITHUB_opened_pull_requests_daily,2024-02-21,3.0
Trail of Bits Security Reviews,GITHUB_comments_daily,2024-03-24,2.0
thirdweb,GITHUB_comments_daily,2024-03-24,4.0
Trail of Bits Security Reviews,GITHUB_stars_daily,2024-03-24,7.0
Runtime Verification,GITHUB_releases_daily,2024-03-24,1.0
thirdweb,GITHUB_forks_daily,2024-03-24,4.0
thirdweb,GITHUB_active_developers_daily,2024-03-24,1.0
Trail of Bits Security Reviews,GITHUB_opened_pull_requests_daily,2024-03-24,2.0
Trail of Bits Security Reviews,GITHUB_opened_issues_daily,2024-03-24,1.0
Redstone Finance,GITHUB_comments_daily,2024-11-06,1.0
Solang,GITHUB_comments_daily,2024-11-06,1.0
thirdweb,GITHUB_comments_daily,2024-11-06,131.0
Pyth Network,GITHUB_stars_daily,2024-11-06,2.0
Redstone Finance,GITHUB_commits_daily,2024-11-06,6.0
Pyth Network,GITHUB_releases_daily,2024-11-06,2.0
thirdweb,GITHUB_releases_daily,2024-11-06,1.0
Trail of Bits Security Reviews,GITHUB_releases_daily,2024-11-06,5.0
thirdweb,GITHUB_forks_daily,2024-11-06,1.0
Trail of Bits Security Reviews,GITHUB_contributors_daily,2024-11-06,7.0
Debid - Fairblock,GITHUB_contributors_daily,2024-11-06,1.0
Redstone Finance,GITHUB_active_developers_daily,2024-11-06,2.0
Passport XYZ,GITHUB_active_developers_daily,2024-11-06,1.0
Open Source Observer,GITHUB_opened_pull_requests_daily,2024-11-06,7.0
Trail of Bits Security Reviews,GITHUB_merged_pull_requests_daily,2024-11-06,8.0
Trail of Bits Security Reviews,GITHUB_opened_issues_daily,2024-11-06,1.0
thirdweb,GITHUB_opened_issues_daily,2024-11-06,2.0
Syndicate Protocol,GITHUB_part_time_contributors_quarterly,2024-01-01,3.0
Trail of Bits Security Reviews,GITHUB_new_contributors_quarterly,2024-01-01,21.0
Runtime Verification,GITHUB_active_contributors_quarterly,2024-01-01,29.0
Redstone Finance,GITHUB_new_contributors_quarterly,2024-01-01,1.0
Open Source Observer,GITHUB_new_contributors_quarterly,2024-01-01,1.0
Debid - Fairblock,GITHUB_new_contributors_quarterly,2024-01-01,14.0
WakeUp Labs,GITHUB_new_contributors_quarterly,2024-01-01,1.0
Open Source Observer,GITHUB_active_contributors_quarterly,2024-01-01,6.0
Syndicate Protocol,GITHUB_releases_biannually,2024-01-01,2.0
Debid - Fairblock,GITHUB_forks_weekly,2024-01-01,9.0
Trail of Bits Security Reviews,GITHUB_releases_quarterly,2024-01-01,11.0
Walnut,GITHUB_commits_biannually,2024-01-01,39.0
Debid - Fairblock,GITHUB_commits_biannually,2024-01-01,76.0
thirdweb,GITHUB_commits_biannually,2024-01-01,273.0
Trail of Bits Security Reviews,GITHUB_comments_daily,2024-01-01,5.0
Runtime Verification,GITHUB_contributors_yearly,2024-01-01,81.0
Redstone Finance,GITHUB_contributors_yearly,2024-01-01,33.0
thirdweb,GITHUB_contributors_yearly,2024-01-01,269.0
Open Source Observer,GITHUB_contributors_yearly,2024-01-01,137.0
Walnut,GITHUB_active_developers_biannually,2024-01-01,2.0
Redstone Finance,GITHUB_active_developers_biannually,2024-01-01,4.0
Pyth Network,GITHUB_active_developers_biannually,2024-01-01,8.0
Debid - Fairblock,GITHUB_active_developers_biannually,2024-01-01,1.0
Sylow,GITHUB_active_developers_yearly,2024-01-01,1.0
Syndicate Protocol,GITHUB_active_developers_quarterly,2024-01-01,2.0
Runtime Verification,GITHUB_active_developers_quarterly,2024-01-01,20.0
Debid - Fairblock,GITHUB_active_developers_yearly,2024-01-01,8.0
Remix IDE plugin for Arbitrum Stylus,GITHUB_active_developers_yearly,2024-01-01,6.0
Trail of Bits Security Reviews,GITHUB_forks_monthly,2024-01-01,63.0
Walnut,GITHUB_forks_monthly,2024-01-01,1.0
Pyth Network,GITHUB_part_time_developers_quarterly,2024-01-01,8.0
Debid - Fairblock,GITHUB_stars_biannually,2024-01-01,12.0
Debid - Fairblock,GITHUB_commits_yearly,2024-01-01,786.0
Moving Stylus,GITHUB_commits_yearly,2024-01-01,18.0
Remix IDE plugin for Arbitrum Stylus,GITHUB_commits_yearly,2024-01-01,209.0
Passport XYZ,GITHUB_commits_yearly,2024-01-01,881.0
Redstone Finance,GITHUB_commits_yearly,2024-01-01,1663.0
thirdweb,GITHUB_stars_yearly,2024-01-01,666.0
Passport XYZ,GITHUB_stars_yearly,2024-01-01,237.0
Arbos Foundry,GITHUB_stars_yearly,2024-01-01,1.0
Syndicate Protocol,GITHUB_stars_yearly,2024-01-01,17.0
Redstone Finance,GITHUB_stars_yearly,2024-01-01,211.0
Remix IDE plugin for Arbitrum Stylus,GITHUB_stars_yearly,2024-01-01,2.0
Pyth Network,GITHUB_stars_weekly,2024-01-01,4.0
Debid - Fairblock,GITHUB_commits_monthly,2024-01-01,76.0
Pyth Network,GITHUB_commits_monthly,2024-01-01,113.0
Runtime Verification,GITHUB_commits_monthly,2024-01-01,496.0
Redstone Finance,GITHUB_commits_monthly,2024-01-01,94.0
Debid - Fairblock,GITHUB_comments_monthly,2024-01-01,1.0
Trail of Bits Security Reviews,GITHUB_comments_monthly,2024-01-01,209.0
Walnut,GITHUB_comments_monthly,2024-01-01,8.0
Redstone Finance,GITHUB_stars_quarterly,2024-01-01,26.0
Trail of Bits Security Reviews,GITHUB_commits_daily,2024-01-01,11.0
Pyth Network,GITHUB_releases_monthly,2024-01-01,4.0
thirdweb,GITHUB_commits_weekly,2024-01-01,46.0
Pyth Network,GITHUB_comments_weekly,2024-01-01,41.0
Trail of Bits Security Reviews,GITHUB_comments_weekly,2024-01-01,48.0
Runtime Verification,GITHUB_commits_quarterly,2024-01-01,496.0
thirdweb,GITHUB_commits_quarterly,2024-01-01,273.0
Arbos Foundry,GITHUB_commits_quarterly,2024-01-01,20.0
thirdweb,GITHUB_comments_weekly,2024-01-01,94.0
Syndicate Protocol,GITHUB_commits_quarterly,2024-01-01,18.0
Pyth Network,GITHUB_releases_yearly,2024-01-01,183.0
Redstone Finance,GITHUB_releases_yearly,2024-01-01,10.0
Debid - Fairblock,GITHUB_releases_yearly,2024-01-01,116.0
Passport XYZ,GITHUB_releases_yearly,2024-01-01,112.0
Pyth Network,GITHUB_forks_biannually,2024-01-01,24.0
Trail of Bits Security Reviews,GITHUB_forks_biannually,2024-01-01,63.0
Walnut,GITHUB_forks_quarterly,2024-01-01,1.0
Debid - Fairblock,GITHUB_forks_quarterly,2024-01-01,21.0
Trail of Bits Security Reviews,GITHUB_forks_quarterly,2024-01-01,63.0
Debid - Fairblock,GITHUB_forks_yearly,2024-01-01,84.0
Solang,GITHUB_forks_yearly,2024-01-01,15.0
Trail of Bits Security Reviews,GITHUB_forks_yearly,2024-01-01,546.0
Debid - Fairblock,GITHUB_repositories_weekly,2024-01-01,2.0
Trail of Bits Security Reviews,GITHUB_repositories_weekly,2024-01-01,30.0
Runtime Verification,GITHUB_repositories_daily,2024-01-01,1.0
thirdweb,GITHUB_repositories_daily,2024-01-01,3.0
WakeUp Labs,GITHUB_repositories_yearly,2024-01-01,2.0
Trail of Bits Security Reviews,GITHUB_repositories_yearly,2024-01-01,153.0
thirdweb,GITHUB_repositories_monthly,2024-01-01,14.0
Trail of Bits Security Reviews,GITHUB_repositories_monthly,2024-01-01,78.0
Syndicate Protocol,GITHUB_repositories_monthly,2024-01-01,2.0
Arbos Foundry,GITHUB_repositories_monthly,2024-01-01,1.0
Remix IDE plugin for Arbitrum Stylus,GITHUB_repositories_biannually,2024-01-01,1.0
Debid - Fairblock,GITHUB_repositories_yearly,2024-01-01,29.0
CoBuilders,GITHUB_repositories_yearly,2024-01-01,1.0
Pyth Network,GITHUB_repositories_biannually,2024-01-01,16.0
Trail of Bits Security Reviews,GITHUB_contributors_weekly,2024-01-01,16.0
Arbos Foundry,GITHUB_contributors_monthly,2024-01-01,1.0
Trail of Bits Security Reviews,GITHUB_contributors_monthly,2024-01-01,52.0
Syndicate Protocol,GITHUB_contributors_biannually,2024-01-01,3.0
thirdweb,GITHUB_contributors_quarterly,2024-01-01,48.0
Open Source Observer,GITHUB_contributors_biannually,2024-01-01,6.0
Syndicate Protocol,GITHUB_contributors_quarterly,2024-01-01,3.0
Trail of Bits Security Reviews,GITHUB_contributors_quarterly,2024-01-01,52.0
Remix IDE plugin for Arbitrum Stylus,GITHUB_contributors_quarterly,2024-01-01,2.0
WakeUp Labs,GITHUB_contributors_biannually,2024-01-01,4.0
thirdweb,GITHUB_contributors_biannually,2024-01-01,48.0
Arbos Foundry,GITHUB_contributors_biannually,2024-01-01,1.0
Debid - Fairblock,GITHUB_active_developers_weekly,2024-01-01,1.0
Remix IDE plugin for Arbitrum Stylus,GITHUB_active_developers_weekly,2024-01-01,1.0
Pyth Network,GITHUB_active_developers_weekly,2024-01-01,5.0
Trail of Bits Security Reviews,GITHUB_part_time_developers_monthly,2024-01-01,23.0
Pyth Network,GITHUB_part_time_developers_monthly,2024-01-01,6.0
Redstone Finance,GITHUB_active_developers_monthly,2024-01-01,4.0
Remix IDE plugin for Arbitrum Stylus,GITHUB_active_developers_monthly,2024-01-01,2.0
Debid - Fairblock,GITHUB_part_time_developers_monthly,2024-01-01,1.0
thirdweb,GITHUB_active_developers_monthly,2024-01-01,24.0
thirdweb,GITHUB_part_time_developers_biannually,2024-01-01,24.0
Open Source Observer,GITHUB_part_time_developers_biannually,2024-01-01,4.0
Arbos Foundry,GITHUB_part_time_developers_yearly,2024-01-01,1.0
Runtime Verification,GITHUB_full_time_developers_yearly,2024-01-01,1.0
Walnut,GITHUB_active_contributors_monthly,2024-01-01,2.0
WakeUp Labs,GITHUB_part_time_contributors_monthly,2024-01-01,4.0
Remix IDE plugin for Arbitrum Stylus,GITHUB_part_time_contributors_monthly,2024-01-01,2.0
Redstone Finance,GITHUB_part_time_contributors_monthly,2024-01-01,4.0
WakeUp Labs,GITHUB_active_contributors_monthly,2024-01-01,4.0
Pyth Network,GITHUB_new_contributors_monthly,2024-01-01,6.0
thirdweb,GITHUB_full_time_contributors_monthly,2024-01-01,7.0
Walnut,GITHUB_part_time_contributors_monthly,2024-01-01,2.0
WakeUp Labs,GITHUB_new_contributors_monthly,2024-01-01,1.0
Pyth Network,GITHUB_part_time_contributors_monthly,2024-01-01,15.0
Redstone Finance,GITHUB_part_time_contributors_biannually,2024-01-01,5.0
WakeUp Labs,GITHUB_active_contributors_biannually,2024-01-01,4.0
Debid - Fairblock,GITHUB_new_contributors_biannually,2024-01-01,14.0
Debid - Fairblock,GITHUB_active_contributors_biannually,2024-01-01,15.0
Open Source Observer,GITHUB_part_time_contributors_biannually,2024-01-01,6.0
Syndicate Protocol,GITHUB_active_contributors_biannually,2024-01-01,3.0
Moving Stylus,GITHUB_part_time_developers_yearly,2024-01-01,2.0
WakeUp Labs,GITHUB_part_time_developers_yearly,2024-01-01,3.0
Runtime Verification,GITHUB_active_contributors_biannually,2024-01-01,29.0
Pyth Network,GITHUB_active_contributors_biannually,2024-01-01,19.0
Redstone Finance,GITHUB_new_contributors_biannually,2024-01-01,1.0
Open Source Observer,GITHUB_change_in_full_time_contributors_monthly,2024-01-01,-1.0
Pyth Network,GITHUB_change_in_full_time_contributors_monthly,2024-01-01,0.0
Redstone Finance,GITHUB_change_in_active_developers_monthly,2024-01-01,4.0
Redstone Finance,GITHUB_part_time_contributors_yearly,2024-01-01,32.0
WakeUp Labs,GITHUB_new_contributors_yearly,2024-01-01,2.0
Debid - Fairblock,GITHUB_part_time_contributors_yearly,2024-01-01,46.0
Trail of Bits Security Reviews,GITHUB_change_in_active_developers_monthly,2024-01-01,-23.0
Passport XYZ,GITHUB_active_contributors_yearly,2024-01-01,17.0
thirdweb,GITHUB_part_time_contributors_yearly,2024-01-01,261.0
thirdweb,GITHUB_active_contributors_yearly,2024-01-01,269.0
Sylow,GITHUB_new_contributors_yearly,2024-01-01,3.0
Walnut,GITHUB_new_contributors_yearly,2024-01-01,40.0
Ember,GITHUB_new_contributors_yearly,2024-01-01,1.0
CoBuilders,GITHUB_new_contributors_yearly,2024-01-01,1.0
Syndicate Protocol,GITHUB_part_time_contributors_yearly,2024-01-01,6.0
Trail of Bits Security Reviews,GITHUB_change_in_full_time_contributors_monthly,2024-01-01,1.0
WakeUp Labs,GITHUB_change_in_part_time_contributors_monthly,2024-01-01,-2.0
Syndicate Protocol,GITHUB_change_in_active_developers_monthly,2024-01-01,-2.0
Runtime Verification,GITHUB_change_in_full_time_contributors_monthly,2024-01-01,-1.0
Walnut,GITHUB_change_in_part_time_contributors_monthly,2024-01-01,1.0
Debid - Fairblock,GITHUB_change_in_part_time_contributors_monthly,2024-01-01,-9.0
Open Source Observer,GITHUB_change_in_part_time_contributors_quarterly,2024-01-01,0.0
Trail of Bits Security Reviews,GITHUB_change_in_full_time_contributors_quarterly,2024-01-01,
Walnut,GITHUB_change_in_active_developers_quarterly,2024-01-01,1.0
Remix IDE plugin for Arbitrum Stylus,GITHUB_change_in_part_time_contributors_quarterly,2024-01-01,1.0
Trail of Bits Security Reviews,GITHUB_change_in_active_developers_biannually,2024-01-01,-23.0
Pyth Network,GITHUB_change_in_part_time_contributors_biannually,2024-01-01,-1.0
Syndicate Protocol,GITHUB_change_in_active_developers_biannually,2024-01-01,-2.0
Redstone Finance,GITHUB_change_in_active_developers_biannually,2024-01-01,4.0
Remix IDE plugin for Arbitrum Stylus,GITHUB_change_in_part_time_contributors_biannually,2024-01-01,1.0
Debid - Fairblock,GITHUB_change_in_active_developers_yearly,2024-01-01,-39.0
Redstone Finance,GITHUB_change_in_active_developers_quarterly,2024-01-01,4.0
Redstone Finance,GITHUB_change_in_active_developers_yearly,2024-01-01,-7.0
WakeUp Labs,GITHUB_change_in_active_developers_quarterly,2024-01-01,-2.0
Debid - Fairblock,GITHUB_change_in_active_developers_quarterly,2024-01-01,-9.0
Pyth Network,GITHUB_change_in_active_developers_quarterly,2024-01-01,-1.0
Arbos Foundry,GITHUB_change_in_part_time_contributors_yearly,2024-01-01,0.0
Pyth Network,GITHUB_change_in_active_developers_yearly,2024-01-01,-92.0
Debid - Fairblock,GITHUB_change_in_part_time_contributors_yearly,2024-01-01,-39.0
Remix IDE plugin for Arbitrum Stylus,GITHUB_change_in_active_developers_biannually,2024-01-01,1.0
Walnut,GITHUB_change_in_part_time_contributors_biannually,2024-01-01,1.0
Moving Stylus,GITHUB_change_in_active_developers_yearly,2024-01-01,2.0
Trail of Bits Security Reviews,GITHUB_opened_pull_requests_daily,2024-01-01,16.0
Open Source Observer,GITHUB_opened_pull_requests_weekly,2024-01-01,5.0
Syndicate Protocol,GITHUB_opened_pull_requests_monthly,2024-01-01,1.0
Trail of Bits Security Reviews,GITHUB_opened_pull_requests_monthly,2024-01-01,224.0
Redstone Finance,GITHUB_opened_pull_requests_yearly,2024-01-01,195.0
Walnut,GITHUB_opened_pull_requests_yearly,2024-01-01,242.0
Syndicate Protocol,GITHUB_opened_pull_requests_yearly,2024-01-01,15.0
Runtime Verification,GITHUB_opened_pull_requests_biannually,2024-01-01,242.0
Redstone Finance,GITHUB_opened_pull_requests_quarterly,2024-01-01,3.0
Walnut,GITHUB_opened_pull_requests_quarterly,2024-01-01,4.0
Open Source Observer,GITHUB_opened_pull_requests_quarterly,2024-01-01,74.0
Walnut,GITHUB_opened_pull_requests_biannually,2024-01-01,4.0
Syndicate Protocol,GITHUB_opened_pull_requests_biannually,2024-01-01,1.0
Pyth Network,GITHUB_opened_pull_requests_quarterly,2024-01-01,147.0
WakeUp Labs,GITHUB_opened_pull_requests_yearly,2024-01-01,17.0
thirdweb,GITHUB_opened_pull_requests_yearly,2024-01-01,4931.0
Enclave,GITHUB_opened_pull_requests_yearly,2024-01-01,129.0
Solang,GITHUB_opened_pull_requests_yearly,2024-01-01,9.0
Pyth Network,GITHUB_opened_pull_requests_yearly,2024-01-01,1986.0
Open Source Observer,GITHUB_merged_pull_requests_weekly,2024-01-01,3.0
Remix IDE plugin for Arbitrum Stylus,GITHUB_merged_pull_requests_yearly,2024-01-01,20.0
Sylow,GITHUB_merged_pull_requests_yearly,2024-01-01,2.0
Redstone Finance,GITHUB_merged_pull_requests_yearly,2024-01-01,168.0
Runtime Verification,GITHUB_merged_pull_requests_biannually,2024-01-01,208.0
WakeUp Labs,GITHUB_merged_pull_requests_biannually,2024-01-01,9.0
thirdweb,GITHUB_merged_pull_requests_quarterly,2024-01-01,256.0
Debid - Fairblock,GITHUB_merged_pull_requests_quarterly,2024-01-01,17.0
Redstone Finance,GITHUB_merged_pull_requests_quarterly,2024-01-01,2.0
Pyth Network,GITHUB_opened_issues_monthly,2024-01-01,7.0
Solang,GITHUB_opened_issues_yearly,2024-01-01,6.0
Enclave,GITHUB_opened_issues_yearly,2024-01-01,93.0
Walnut,GITHUB_opened_issues_yearly,2024-01-01,161.0
Open Source Observer,GITHUB_closed_issues_weekly,2024-01-01,7.0
thirdweb,GITHUB_closed_issues_monthly,2024-01-01,22.0
Open Source Observer,GITHUB_closed_issues_biannually,2024-01-01,46.0
Pyth Network,GITHUB_closed_issues_biannually,2024-01-01,5.0
thirdweb,GITHUB_closed_issues_biannually,2024-01-01,22.0
Walnut,GITHUB_closed_issues_biannually,2024-01-01,8.0
thirdweb,GITHUB_avg_prs_time_to_merge_quarterly,2024-01-01,0.0
Debid - Fairblock,GITHUB_closed_issues_yearly,2024-01-01,1.0
Runtime Verification,GITHUB_closed_issues_yearly,2024-01-01,496.0
Trail of Bits Security Reviews,GITHUB_closed_issues_yearly,2024-01-01,223.0
Redstone Finance,GITHUB_avg_prs_time_to_merge_quarterly,2024-01-01,0.0
WakeUp Labs,GITHUB_avg_time_to_first_response_quarterly,2024-01-01,0.0
Trail of Bits Security Reviews,GITHUB_avg_prs_time_to_merge_biannually,2024-01-01,0.0
Redstone Finance,GITHUB_avg_prs_time_to_merge_biannually,2024-01-01,0.0
WakeUp Labs,GITHUB_avg_prs_time_to_merge_biannually,2024-01-01,0.0
Pyth Network,GITHUB_avg_time_to_first_response_quarterly,2024-01-01,487.69736842105266
Runtime Verification,GITHUB_avg_time_to_first_response_biannually,2024-01-01,581583.5415282391
Debid - Fairblock,GITHUB_change_in_full_time_contributors_monthly,2024-01-01,0.0
thirdweb,GITHUB_churned_contributors_monthly,2024-01-01,-15.0
thirdweb,GITHUB_change_in_active_contributors_monthly,2024-01-01,-1.0
WakeUp Labs,GITHUB_change_in_full_time_contributors_monthly,2024-01-01,0.0
Pyth Network,GITHUB_change_in_new_contributors_monthly,2024-01-01,0.0
Syndicate Protocol,GITHUB_change_in_active_contributors_monthly,2024-01-01,-2.0
Syndicate Protocol,GITHUB_change_in_full_time_contributors_monthly,2024-01-01,0.0
Syndicate Protocol,GITHUB_change_in_new_contributors_monthly,2024-01-01,0.0
thirdweb,GITHUB_change_in_new_contributors_quarterly,2024-01-01,17.0
thirdweb,GITHUB_change_in_active_contributors_quarterly,2024-01-01,-1.0
Runtime Verification,GITHUB_churned_contributors_quarterly,2024-01-01,11.0
Runtime Verification,GITHUB_change_in_active_contributors_quarterly,2024-01-01,11.0
Open Source Observer,GITHUB_change_in_active_contributors_quarterly,2024-01-01,0.0
Arbos Foundry,GITHUB_change_in_full_time_contributors_quarterly,2024-01-01,0.0
WakeUp Labs,GITHUB_churned_contributors_quarterly,2024-01-01,-3.0
Pyth Network,GITHUB_change_in_active_contributors_quarterly,2024-01-01,-1.0
Syndicate Protocol,GITHUB_change_in_full_time_contributors_quarterly,2024-01-01,0.0
Syndicate Protocol,GITHUB_churned_contributors_quarterly,2024-01-01,-3.0
Debid - Fairblock,GITHUB_change_in_active_contributors_biannually,2024-01-01,-9.0
thirdweb,GITHUB_change_in_new_contributors_biannually,2024-01-01,17.0
thirdweb,GITHUB_change_in_full_time_contributors_biannually,2024-01-01,0.0
Runtime Verification,GITHUB_change_in_new_contributors_biannually,2024-01-01,10.0
WakeUp Labs,GITHUB_change_in_full_time_contributors_biannually,2024-01-01,0.0
WakeUp Labs,GITHUB_change_in_new_contributors_biannually,2024-01-01,1.0
WakeUp Labs,GITHUB_churned_contributors_biannually,2024-01-01,-3.0
Syndicate Protocol,GITHUB_churned_contributors_biannually,2024-01-01,-3.0
Solang,GITHUB_change_in_full_time_contributors_yearly,2024-01-01,
Remix IDE plugin for Arbitrum Stylus,GITHUB_churned_contributors_quarterly,2024-01-01,1.0
Remix IDE plugin for Arbitrum Stylus,GITHUB_change_in_full_time_contributors_quarterly,2024-01-01,0.0
Open Source Observer,GITHUB_churned_contributors_biannually,2024-01-01,-1.0
Open Source Observer,GITHUB_change_in_active_contributors_yearly,2024-01-01,-119.0
Remix IDE plugin for Arbitrum Stylus,GITHUB_churned_contributors_yearly,2024-01-01,-4.0
Remix IDE plugin for Arbitrum Stylus,GITHUB_change_in_full_time_contributors_yearly,2024-01-01,0.0
Remix IDE plugin for Arbitrum Stylus,GITHUB_change_in_active_contributors_yearly,2024-01-01,0.0
thirdweb,GITHUB_churned_contributors_yearly,2024-01-01,-237.0
Ember,GITHUB_churned_contributors_yearly,2024-01-01,
Ember,GITHUB_change_in_active_contributors_yearly,2024-01-01,
Runtime Verification,GITHUB_change_in_active_contributors_yearly,2024-01-01,4.0
Sylow,GITHUB_churned_contributors_yearly,2024-01-01,
Debid - Fairblock,GITHUB_change_in_full_time_contributors_yearly,2024-01-01,0.0
CoBuilders,GITHUB_change_in_new_contributors_yearly,2024-01-01,
CoBuilders,GITHUB_change_in_active_contributors_yearly,2024-01-01,
Pyth Network,GITHUB_change_in_active_contributors_yearly,2024-01-01,-92.0
Syndicate Protocol,GITHUB_churned_contributors_yearly,2024-01-01,-8.0
Passport XYZ,GITHUB_churned_contributors_yearly,2024-01-01,
Enclave,GITHUB_churned_contributors_yearly,2024-01-01,
Moving Stylus,GITHUB_change_in_full_time_contributors_yearly,2024-01-01,0.0
Moving Stylus,GITHUB_change_in_active_contributors_yearly,2024-01-01,2.0
Trail of Bits Security Reviews,GITHUB_change_in_new_contributors_quarterly,2024-01-01,-9.0
Redstone Finance,GITHUB_change_in_full_time_contributors_quarterly,2024-01-01,0.0
Walnut,GITHUB_change_in_full_time_contributors_monthly,2024-01-01,0.0
Redstone Finance,GITHUB_change_in_new_contributors_monthly,2024-01-01,6.0
Walnut,GITHUB_churned_contributors_monthly,2024-01-01,1.0
Trail of Bits Security Reviews,GITHUB_churned_contributors_monthly,2024-01-01,-44.0
Trail of Bits Security Reviews,GITHUB_change_in_new_contributors_monthly,2024-01-01,-9.0
Redstone Finance,GITHUB_change_in_active_contributors_monthly,2024-01-01,4.0
Open Source Observer,GITHUB_change_in_full_time_contributors_yearly,2024-01-01,-3.0
Remix IDE plugin for Arbitrum Stylus,GITHUB_change_in_full_time_contributors_monthly,2024-01-01,0.0
Walnut,GITHUB_change_in_full_time_contributors_yearly,2024-01-01,0.0
Walnut,GITHUB_change_in_new_contributors_yearly,2024-01-01,-37.0
Redstone Finance,GITHUB_change_in_active_contributors_yearly,2024-01-01,-7.0
Redstone Finance,GITHUB_churned_contributors_biannually,2024-01-01,3.0
Walnut,GITHUB_change_in_new_contributors_biannually,2024-01-01,3.0
Walnut,GITHUB_change_in_active_contributors_biannually,2024-01-01,1.0
Trail of Bits Security Reviews,GITHUB_change_in_full_time_contributors_biannually,2024-01-01,0.0
Trail of Bits Security Reviews,GITHUB_comments_daily,2025-02-11,3.0
Runtime Verification,GITHUB_comments_daily,2025-02-11,6.0
Redstone Finance,GITHUB_comments_daily,2025-02-11,6.0
Passport XYZ,GITHUB_stars_daily,2025-02-11,4.0
Runtime Verification,GITHUB_stars_daily,2025-02-11,1.0
Passport XYZ,GITHUB_commits_daily,2025-02-11,16.0
Open Source Observer,GITHUB_forks_daily,2025-02-11,1.0
9Lives,GITHUB_repositories_daily,2025-02-11,1.0
Runtime Verification,GITHUB_repositories_daily,2025-02-11,5.0
Pyth Network,GITHUB_repositories_daily,2025-02-11,5.0
Redstone Finance,GITHUB_repositories_daily,2025-02-11,3.0
Passport XYZ,GITHUB_contributors_daily,2025-02-11,2.0
Runtime Verification,GITHUB_contributors_daily,2025-02-11,6.0
thirdweb,GITHUB_opened_pull_requests_daily,2025-02-11,2.0
Open Source Observer,GITHUB_merged_pull_requests_daily,2025-02-11,6.0
Runtime Verification,GITHUB_merged_pull_requests_daily,2025-02-11,2.0
Redstone Finance,GITHUB_merged_pull_requests_daily,2025-02-11,1.0
Passport XYZ,GITHUB_opened_issues_daily,2025-02-11,4.0
thirdweb,GITHUB_forks_weekly,2024-09-23,11.0
Pyth Network,GITHUB_comments_daily,2024-09-23,14.0
Sylow,GITHUB_stars_weekly,2024-09-23,2.0
Solang,GITHUB_stars_weekly,2024-09-23,2.0
Runtime Verification,GITHUB_releases_weekly,2024-09-23,23.0
Runtime Verification,GITHUB_commits_daily,2024-09-23,5.0
thirdweb,GITHUB_commits_weekly,2024-09-23,105.0
Enclave,GITHUB_comments_weekly,2024-09-23,192.0
Open Source Observer,GITHUB_comments_weekly,2024-09-23,105.0
Pyth Network,GITHUB_comments_weekly,2024-09-23,99.0
Trail of Bits Security Reviews,GITHUB_comments_weekly,2024-09-23,35.0
Remix IDE plugin for Arbitrum Stylus,GITHUB_repositories_weekly,2024-09-23,1.0
Solang,GITHUB_repositories_weekly,2024-09-23,1.0
Runtime Verification,GITHUB_repositories_weekly,2024-09-23,18.0
thirdweb,GITHUB_repositories_weekly,2024-09-23,10.0
Passport XYZ,GITHUB_forks_daily,2024-09-23,2.0
Trail of Bits Security Reviews,GITHUB_forks_daily,2024-09-23,1.0
Pyth Network,GITHUB_forks_daily,2024-09-23,1.0
Redstone Finance,GITHUB_repositories_daily,2024-09-23,5.0
Runtime Verification,GITHUB_repositories_daily,2024-09-23,4.0
Walnut,GITHUB_contributors_weekly,2024-09-23,4.0
Sylow,GITHUB_contributors_weekly,2024-09-23,1.0
thirdweb,GITHUB_active_developers_weekly,2024-09-23,8.0
Pyth Network,GITHUB_active_developers_weekly,2024-09-23,9.0
Redstone Finance,GITHUB_contributors_daily,2024-09-23,4.0
Runtime Verification,GITHUB_active_developers_daily,2024-09-23,3.0
Open Source Observer,GITHUB_active_developers_daily,2024-09-23,3.0
Pyth Network,GITHUB_opened_pull_requests_weekly,2024-09-23,39.0
Open Source Observer,GITHUB_opened_pull_requests_weekly,2024-09-23,21.0
Runtime Verification,GITHUB_opened_pull_requests_weekly,2024-09-23,32.0
Trail of Bits Security Reviews,GITHUB_opened_pull_requests_daily,2024-09-23,19.0
thirdweb,GITHUB_opened_pull_requests_daily,2024-09-23,28.0
Redstone Finance,GITHUB_opened_pull_requests_daily,2024-09-23,4.0
Walnut,GITHUB_merged_pull_requests_weekly,2024-09-23,5.0
Open Source Observer,GITHUB_merged_pull_requests_weekly,2024-09-23,22.0
Passport XYZ,GITHUB_opened_issues_weekly,2024-09-23,14.0
Passport XYZ,GITHUB_opened_issues_daily,2024-09-23,4.0
thirdweb,GITHUB_opened_issues_daily,2024-09-23,1.0
Enclave,GITHUB_opened_issues_daily,2024-09-23,3.0
Trail of Bits Security Reviews,GITHUB_closed_issues_weekly,2024-09-23,4.0
thirdweb,GITHUB_closed_issues_daily,2024-09-23,2.0
Passport XYZ,GITHUB_comments_daily,2024-11-22,6.0
thirdweb,GITHUB_comments_daily,2024-11-22,87.0
Walnut,GITHUB_comments_daily,2024-11-22,1.0
Passport XYZ,GITHUB_stars_daily,2024-11-22,2.0
Walnut,GITHUB_commits_daily,2024-11-22,3.0
Debid - Fairblock,GITHUB_commits_daily,2024-11-22,1.0
Passport XYZ,GITHUB_commits_daily,2024-11-22,3.0
Redstone Finance,GITHUB_commits_daily,2024-11-22,12.0
Open Source Observer,GITHUB_commits_daily,2024-11-22,1.0
Trail of Bits Security Reviews,GITHUB_commits_daily,2024-11-22,15.0
thirdweb,GITHUB_releases_daily,2024-11-22,1.0
thirdweb,GITHUB_forks_daily,2024-11-22,3.0
Redstone Finance,GITHUB_repositories_daily,2024-11-22,4.0
Trail of Bits Security Reviews,GITHUB_repositories_daily,2024-11-22,17.0
Debid - Fairblock,GITHUB_contributors_daily,2024-11-22,1.0
Solang,GITHUB_contributors_daily,2024-11-22,1.0
thirdweb,GITHUB_opened_pull_requests_daily,2024-11-22,10.0
Moving Stylus,GITHUB_opened_pull_requests_daily,2024-11-22,1.0
Trail of Bits Security Reviews,GITHUB_opened_pull_requests_daily,2024-11-22,8.0
Walnut,GITHUB_opened_pull_requests_daily,2024-11-22,1.0
Enclave,GITHUB_opened_pull_requests_daily,2024-11-22,1.0
Redstone Finance,GITHUB_merged_pull_requests_daily,2024-11-22,3.0
thirdweb,GITHUB_comments_daily,2024-01-16,34.0
Runtime Verification,GITHUB_comments_daily,2024-01-16,34.0
Trail of Bits Security Reviews,GITHUB_commits_daily,2024-01-16,34.0
Runtime Verification,GITHUB_commits_daily,2024-01-16,55.0
thirdweb,GITHUB_commits_daily,2024-01-16,7.0
Remix IDE plugin for Arbitrum Stylus,GITHUB_commits_daily,2024-01-16,9.0
Pyth Network,GITHUB_commits_daily,2024-01-16,2.0
Open Source Observer,GITHUB_repositories_daily,2024-01-16,2.0
Runtime Verification,GITHUB_repositories_daily,2024-01-16,13.0
Redstone Finance,GITHUB_contributors_daily,2024-01-16,2.0
Runtime Verification,GITHUB_contributors_daily,2024-01-16,13.0
Remix IDE plugin for Arbitrum Stylus,GITHUB_active_developers_daily,2024-01-16,2.0
thirdweb,GITHUB_opened_pull_requests_daily,2024-01-16,12.0
Pyth Network,GITHUB_merged_pull_requests_daily,2024-01-16,3.0
Runtime Verification,GITHUB_merged_pull_requests_daily,2024-01-16,17.0
Runtime Verification,GITHUB_opened_issues_daily,2024-01-16,7.0
Pyth Network,GITHUB_comments_daily,2024-04-03,33.0
Trail of Bits Security Reviews,GITHUB_comments_daily,2024-04-03,16.0
Trail of Bits Security Reviews,GITHUB_stars_daily,2024-04-03,10.0
Pyth Network,GITHUB_commits_daily,2024-04-03,4.0
Redstone Finance,GITHUB_commits_daily,2024-04-03,14.0
Pyth Network,GITHUB_forks_daily,2024-04-03,1.0
Debid - Fairblock,GITHUB_repositories_daily,2024-04-03,1.0
Arbos Foundry,GITHUB_contributors_daily,2024-04-03,1.0
Open Source Observer,GITHUB_active_developers_daily,2024-04-03,2.0
Pyth Network,GITHUB_active_developers_daily,2024-04-03,4.0
thirdweb,GITHUB_opened_issues_daily,2024-04-03,2.0
Runtime Verification,GITHUB_comments_daily,2024-07-09,12.0
Walnut,GITHUB_comments_daily,2024-07-09,1.0
Trail of Bits Security Reviews,GITHUB_comments_daily,2024-07-09,34.0
Runtime Verification,GITHUB_stars_daily,2024-07-09,1.0
Runtime Verification,GITHUB_commits_daily,2024-07-09,19.0
Runtime Verification,GITHUB_releases_daily,2024-07-09,7.0
Pyth Network,GITHUB_forks_daily,2024-07-09,1.0
Runtime Verification,GITHUB_forks_daily,2024-07-09,3.0
thirdweb,GITHUB_forks_daily,2024-07-09,3.0
Trail of Bits Security Reviews,GITHUB_repositories_daily,2024-07-09,12.0
Runtime Verification,GITHUB_repositories_daily,2024-07-09,10.0
thirdweb,GITHUB_repositories_daily,2024-07-09,5.0
Open Source Observer,GITHUB_contributors_daily,2024-07-09,2.0
Walnut,GITHUB_contributors_daily,2024-07-09,3.0
Trail of Bits Security Reviews,GITHUB_active_developers_daily,2024-07-09,5.0
thirdweb,GITHUB_opened_pull_requests_daily,2024-07-09,9.0
Pyth Network,GITHUB_opened_pull_requests_daily,2024-07-09,3.0
thirdweb,GITHUB_merged_pull_requests_daily,2024-07-09,13.0
Pyth Network,GITHUB_opened_issues_daily,2024-07-09,1.0
Trail of Bits Security Reviews,GITHUB_closed_issues_daily,2024-07-09,4.0
Trail of Bits Security Reviews,GITHUB_stars_daily,2024-05-31,17.0
thirdweb,GITHUB_stars_daily,2024-05-31,2.0
Runtime Verification,GITHUB_releases_daily,2024-05-31,10.0
Open Source Observer,GITHUB_contributors_daily,2024-05-31,4.0
Pyth Network,GITHUB_contributors_daily,2024-05-31,5.0
thirdweb,GITHUB_contributors_daily,2024-05-31,16.0
Redstone Finance,GITHUB_active_developers_daily,2024-05-31,1.0
Walnut,GITHUB_active_developers_daily,2024-05-31,1.0
Trail of Bits Security Reviews,GITHUB_active_developers_daily,2024-05-31,2.0
Open Source Observer,GITHUB_closed_issues_daily,2024-05-31,2.0
Trail of Bits Security Reviews,GITHUB_closed_issues_daily,2024-05-31,5.0
Runtime Verification,GITHUB_comments_daily,2024-04-27,1.0
thirdweb,GITHUB_comments_daily,2024-04-27,2.0
Runtime Verification,GITHUB_stars_daily,2024-04-27,1.0
Pyth Network,GITHUB_stars_daily,2024-04-27,6.0
Trail of Bits Security Reviews,GITHUB_commits_daily,2024-04-27,1.0
Pyth Network,GITHUB_forks_daily,2024-04-27,1.0
Redstone Finance,GITHUB_forks_daily,2024-04-27,1.0
Trail of Bits Security Reviews,GITHUB_repositories_daily,2024-04-27,9.0
Runtime Verification,GITHUB_contributors_daily,2024-04-27,3.0
Trail of Bits Security Reviews,GITHUB_opened_pull_requests_daily,2024-04-27,3.0
Open Source Observer,GITHUB_comments_daily,2024-02-22,23.0
Trail of Bits Security Reviews,GITHUB_comments_daily,2024-02-22,1.0
Runtime Verification,GITHUB_stars_daily,2024-02-22,2.0
Runtime Verification,GITHUB_commits_daily,2024-02-22,36.0
Redstone Finance,GITHUB_commits_daily,2024-02-22,2.0
Pyth Network,GITHUB_releases_daily,2024-02-22,1.0
thirdweb,GITHUB_forks_daily,2024-02-22,3.0
Redstone Finance,GITHUB_repositories_daily,2024-02-22,1.0
Redstone Finance,GITHUB_contributors_daily,2024-02-22,1.0
Open Source Observer,GITHUB_active_developers_daily,2024-02-22,1.0
Walnut,GITHUB_active_developers_daily,2024-02-22,1.0
thirdweb,GITHUB_active_developers_daily,2024-02-22,3.0
Pyth Network,GITHUB_active_developers_daily,2024-02-22,5.0
thirdweb,GITHUB_opened_pull_requests_daily,2024-02-22,12.0
Pyth Network,GITHUB_opened_pull_requests_daily,2024-02-22,6.0
Runtime Verification,GITHUB_merged_pull_requests_daily,2024-02-22,23.0
Open Source Observer,GITHUB_merged_pull_requests_daily,2024-02-22,1.0
Open Source Observer,GITHUB_opened_issues_daily,2024-02-22,3.0
Trail of Bits Security Reviews,GITHUB_closed_issues_daily,2024-02-22,1.0
Runtime Verification,GITHUB_closed_issues_daily,2024-02-22,2.0
Runtime Verification,GITHUB_commits_daily,2024-02-07,32.0
Pyth Network,GITHUB_commits_daily,2024-02-07,1.0
thirdweb,GITHUB_forks_daily,2024-02-07,2.0
Pyth Network,GITHUB_forks_daily,2024-02-07,2.0
Redstone Finance,GITHUB_repositories_daily,2024-02-07,1.0
WakeUp Labs,GITHUB_repositories_daily,2024-02-07,1.0
Walnut,GITHUB_contributors_daily,2024-02-07,1.0
Trail of Bits Security Reviews,GITHUB_active_developers_daily,2024-02-07,5.0
Runtime Verification,GITHUB_active_developers_daily,2024-02-07,6.0
Pyth Network,GITHUB_opened_pull_requests_daily,2024-02-07,6.0
WakeUp Labs,GITHUB_opened_pull_requests_daily,2024-02-07,1.0
WakeUp Labs,GITHUB_merged_pull_requests_daily,2024-02-07,1.0
Trail of Bits Security Reviews,GITHUB_merged_pull_requests_daily,2024-02-07,5.0
thirdweb,GITHUB_closed_issues_daily,2024-02-07,1.0
Pyth Network,GITHUB_comments_daily,2025-04-11,23.0
Enclave,GITHUB_comments_daily,2025-04-11,4.0
Runtime Verification,GITHUB_comments_daily,2025-04-11,10.0
Trail of Bits Security Reviews,GITHUB_comments_daily,2025-04-11,6.0
thirdweb,GITHUB_stars_daily,2025-04-11,2.0
Open Source Observer,GITHUB_stars_daily,2025-04-11,1.0
CodeTracer,GITHUB_stars_daily,2025-04-11,6.0
Walnut,GITHUB_commits_daily,2025-04-11,4.0
Open Source Observer,GITHUB_commits_daily,2025-04-11,20.0
9Lives,GITHUB_commits_daily,2025-04-11,4.0
Moving Stylus,GITHUB_commits_daily,2025-04-11,1.0
Moving Stylus,GITHUB_repositories_daily,2025-04-11,1.0
Redstone Finance,GITHUB_repositories_daily,2025-04-11,3.0
Runtime Verification,GITHUB_repositories_daily,2025-04-11,6.0
Runtime Verification,GITHUB_forks_daily,2025-04-11,1.0
Trail of Bits Security Reviews,GITHUB_contributors_daily,2025-04-11,6.0
Walnut,GITHUB_contributors_daily,2025-04-11,4.0
Open Source Observer,GITHUB_opened_pull_requests_daily,2025-04-11,11.0
Runtime Verification,GITHUB_opened_pull_requests_daily,2025-04-11,4.0
thirdweb,GITHUB_opened_pull_requests_daily,2025-04-11,12.0
thirdweb,GITHUB_merged_pull_requests_daily,2025-04-11,11.0
Trail of Bits Security Reviews,GITHUB_opened_issues_daily,2025-04-11,2.0
Passport XYZ,GITHUB_opened_issues_daily,2025-04-11,4.0
Trail of Bits Security Reviews,GITHUB_closed_issues_daily,2025-04-11,1.0
Open Source Observer,GITHUB_comments_daily,2024-04-10,16.0
Runtime Verification,GITHUB_stars_daily,2024-04-10,1.0
Runtime Verification,GITHUB_commits_daily,2024-04-10,49.0
Pyth Network,GITHUB_releases_daily,2024-04-10,1.0
Trail of Bits Security Reviews,GITHUB_forks_daily,2024-04-10,1.0
Runtime Verification,GITHUB_repositories_daily,2024-04-10,13.0
Walnut,GITHUB_repositories_daily,2024-04-10,1.0
Redstone Finance,GITHUB_repositories_daily,2024-04-10,4.0
thirdweb,GITHUB_repositories_daily,2024-04-10,6.0
Open Source Observer,GITHUB_opened_pull_requests_daily,2024-04-10,18.0
Runtime Verification,GITHUB_merged_pull_requests_daily,2024-04-10,6.0
Walnut,GITHUB_opened_issues_daily,2024-04-10,2.0
Runtime Verification,GITHUB_comments_daily,2024-01-14,2.0
Trail of Bits Security Reviews,GITHUB_stars_daily,2024-01-14,12.0
Open Source Observer,GITHUB_commits_daily,2024-01-14,1.0
Trail of Bits Security Reviews,GITHUB_forks_daily,2024-01-14,1.0
Trail of Bits Security Reviews,GITHUB_repositories_daily,2024-01-14,8.0
thirdweb,GITHUB_repositories_daily,2024-01-14,2.0
Pyth Network,GITHUB_comments_daily,2024-05-12,9.0
Trail of Bits Security Reviews,GITHUB_stars_daily,2024-05-12,15.0
Pyth Network,GITHUB_commits_daily,2024-05-12,1.0
Redstone Finance,GITHUB_forks_daily,2024-05-12,2.0
Trail of Bits Security Reviews,GITHUB_forks_daily,2024-05-12,2.0
Redstone Finance,GITHUB_repositories_daily,2024-05-12,3.0
Pyth Network,GITHUB_contributors_daily,2024-05-12,3.0
Trail of Bits Security Reviews,GITHUB_opened_pull_requests_daily,2024-05-12,19.0
Runtime Verification,GITHUB_merged_pull_requests_daily,2024-05-12,1.0
Pyth Network,GITHUB_merged_pull_requests_daily,2024-05-12,1.0
Walnut,GITHUB_comments_daily,2024-06-15,1.0
Trail of Bits Security Reviews,GITHUB_comments_daily,2024-06-15,4.0
Redstone Finance,GITHUB_stars_daily,2024-06-15,3.0
thirdweb,GITHUB_stars_daily,2024-06-15,3.0
Open Source Observer,GITHUB_commits_daily,2024-06-15,3.0
thirdweb,GITHUB_forks_daily,2024-06-15,2.0
thirdweb,GITHUB_contributors_daily,2024-06-15,7.0
Runtime Verification,GITHUB_active_developers_daily,2024-06-15,1.0
Open Source Observer,GITHUB_active_developers_daily,2024-06-15,2.0
Open Source Observer,GITHUB_opened_pull_requests_daily,2024-06-15,1.0
Trail of Bits Security Reviews,GITHUB_repositories_daily,2024-06-15,11.0
thirdweb,GITHUB_repositories_daily,2024-06-15,5.0
Walnut,GITHUB_merged_pull_requests_daily,2024-06-15,1.0
Trail of Bits Security Reviews,GITHUB_merged_pull_requests_daily,2024-06-15,2.0
Runtime Verification,GITHUB_merged_pull_requests_daily,2024-06-15,2.0
thirdweb,GITHUB_merged_pull_requests_daily,2024-06-15,10.0
Passport XYZ,GITHUB_comments_daily,2024-09-10,8.0
Open Source Observer,GITHUB_commits_daily,2024-09-10,4.0
Trail of Bits Security Reviews,GITHUB_forks_daily,2024-09-10,1.0
Trail of Bits Security Reviews,GITHUB_repositories_daily,2024-09-10,20.0
Redstone Finance,GITHUB_repositories_daily,2024-09-10,3.0
Runtime Verification,GITHUB_opened_pull_requests_daily,2024-09-10,3.0
Enclave,GITHUB_opened_pull_requests_daily,2024-09-10,1.0
thirdweb,GITHUB_contributors_daily,2024-09-10,13.0
Runtime Verification,GITHUB_contributors_daily,2024-09-10,5.0
Enclave,GITHUB_contributors_daily,2024-09-10,1.0
Pyth Network,GITHUB_contributors_daily,2024-09-10,10.0
Passport XYZ,GITHUB_active_developers_daily,2024-09-10,1.0
Trail of Bits Security Reviews,GITHUB_active_developers_daily,2024-09-10,9.0
Open Source Observer,GITHUB_active_developers_daily,2024-09-10,2.0
Open Source Observer,GITHUB_merged_pull_requests_daily,2024-09-10,2.0
Redstone Finance,GITHUB_merged_pull_requests_daily,2024-09-10,4.0
Passport XYZ,GITHUB_opened_issues_daily,2024-09-10,4.0
Trail of Bits Security Reviews,GITHUB_comments_daily,2024-10-02,1.0
Enclave,GITHUB_comments_daily,2024-10-02,1.0
Open Source Observer,GITHUB_comments_daily,2024-10-02,21.0
Pyth Network,GITHUB_stars_daily,2024-10-02,2.0
Trail of Bits Security Reviews,GITHUB_commits_daily,2024-10-02,14.0
thirdweb,GITHUB_releases_daily,2024-10-02,1.0
thirdweb,GITHUB_repositories_daily,2024-10-02,3.0
Pyth Network,GITHUB_repositories_daily,2024-10-02,4.0
Open Source Observer,GITHUB_repositories_daily,2024-10-02,4.0
thirdweb,GITHUB_active_developers_daily,2024-10-02,4.0
Open Source Observer,GITHUB_active_developers_daily,2024-10-02,3.0
Runtime Verification,GITHUB_active_developers_daily,2024-10-02,1.0
Redstone Finance,GITHUB_active_developers_daily,2024-10-02,3.0
Pyth Network,GITHUB_opened_pull_requests_daily,2024-10-02,7.0
Redstone Finance,GITHUB_merged_pull_requests_daily,2024-10-02,1.0
Open Source Observer,GITHUB_merged_pull_requests_daily,2024-10-02,7.0
Passport XYZ,GITHUB_merged_pull_requests_daily,2024-10-02,6.0
Enclave,GITHUB_opened_issues_daily,2024-10-02,3.0
Open Source Observer,GITHUB_forks_weekly,2025-02-10,5.0
thirdweb,GITHUB_comments_daily,2025-02-10,97.0
Pyth Network,GITHUB_comments_daily,2025-02-10,12.0
Redstone Finance,GITHUB_comments_daily,2025-02-10,1.0
thirdweb,GITHUB_stars_daily,2025-02-10,1.0
Runtime Verification,GITHUB_commits_daily,2025-02-10,4.0
thirdweb,GITHUB_commits_daily,2025-02-10,6.0
Pyth Network,GITHUB_releases_weekly,2025-02-10,2.0
thirdweb,GITHUB_commits_weekly,2025-02-10,42.0
thirdweb,GITHUB_comments_weekly,2025-02-10,366.0
Open Source Observer,GITHUB_comments_weekly,2025-02-10,131.0
9Lives,GITHUB_repositories_daily,2025-02-10,1.0
Trail of Bits Security Reviews,GITHUB_repositories_daily,2025-02-10,11.0
Runtime Verification,GITHUB_repositories_daily,2025-02-10,4.0
Walnut,GITHUB_repositories_daily,2025-02-10,1.0
Redstone Finance,GITHUB_repositories_weekly,2025-02-10,7.0
thirdweb,GITHUB_contributors_daily,2025-02-10,10.0
Passport XYZ,GITHUB_contributors_daily,2025-02-10,3.0
Redstone Finance,GITHUB_contributors_daily,2025-02-10,6.0
Walnut,GITHUB_contributors_daily,2025-02-10,2.0
Open Source Observer,GITHUB_contributors_daily,2025-02-10,6.0
Pyth Network,GITHUB_contributors_weekly,2025-02-10,17.0
thirdweb,GITHUB_contributors_weekly,2025-02-10,22.0
Open Source Observer,GITHUB_active_developers_daily,2025-02-10,4.0
9Lives,GITHUB_active_developers_weekly,2025-02-10,2.0
Walnut,GITHUB_opened_pull_requests_weekly,2025-02-10,28.0
Trail of Bits Security Reviews,GITHUB_opened_pull_requests_weekly,2025-02-10,50.0
Passport XYZ,GITHUB_opened_pull_requests_daily,2025-02-10,2.0
thirdweb,GITHUB_merged_pull_requests_weekly,2025-02-10,39.0
Pyth Network,GITHUB_merged_pull_requests_weekly,2025-02-10,32.0
Passport XYZ,GITHUB_merged_pull_requests_daily,2025-02-10,2.0
Trail of Bits Security Reviews,GITHUB_opened_issues_daily,2025-02-10,1.0
Passport XYZ,GITHUB_opened_issues_weekly,2025-02-10,12.0
Redstone Finance,GITHUB_opened_issues_weekly,2025-02-10,1.0
Runtime Verification,GITHUB_opened_issues_weekly,2025-02-10,8.0
Solang,GITHUB_opened_issues_weekly,2025-02-10,9.0
thirdweb,GITHUB_opened_issues_weekly,2025-02-10,4.0
Runtime Verification,GITHUB_closed_issues_weekly,2025-02-10,2.0
Trail of Bits Security Reviews,GITHUB_closed_issues_weekly,2025-02-10,3.0
Passport XYZ,GITHUB_closed_issues_weekly,2025-02-10,6.0
Moving Stylus,GITHUB_active_contributors_quarterly,2024-12-01,2.0
Redstone Finance,GITHUB_new_contributors_quarterly,2024-12-01,6.0
Passport XYZ,GITHUB_new_contributors_quarterly,2024-12-01,6.0
Moving Stylus,GITHUB_part_time_contributors_quarterly,2024-12-01,2.0
thirdweb,GITHUB_new_contributors_quarterly,2024-12-01,38.0
Trail of Bits Security Reviews,GITHUB_active_contributors_quarterly,2024-12-01,54.0
Solang,GITHUB_new_contributors_quarterly,2024-12-01,4.0
Debid - Fairblock,GITHUB_part_time_contributors_quarterly,2024-12-01,5.0
Remix IDE plugin for Arbitrum Stylus,GITHUB_new_contributors_quarterly,2024-12-01,2.0
Syndicate Protocol,GITHUB_new_contributors_quarterly,2024-12-01,1.0
Redstone Finance,GITHUB_part_time_contributors_quarterly,2024-12-01,9.0
Passport XYZ,GITHUB_part_time_contributors_quarterly,2024-12-01,6.0
Pyth Network,GITHUB_releases_quarterly,2024-12-01,13.0
Remix IDE plugin for Arbitrum Stylus,GITHUB_releases_quarterly,2024-12-01,1.0
Passport XYZ,GITHUB_releases_quarterly,2024-12-01,18.0
Passport XYZ,GITHUB_commits_biannually,2024-12-01,100.0
Ember,GITHUB_commits_biannually,2024-12-01,26.0
Enclave,GITHUB_commits_biannually,2024-12-01,55.0
Passport XYZ,GITHUB_active_developers_biannually,2024-12-01,4.0
Enclave,GITHUB_active_developers_biannually,2024-12-01,2.0
Debid - Fairblock,GITHUB_active_developers_biannually,2024-12-01,5.0
Redstone Finance,GITHUB_active_developers_biannually,2024-12-01,8.0
Arbos Foundry,GITHUB_repositories_quarterly,2024-12-01,1.0
Walnut,GITHUB_repositories_quarterly,2024-12-01,11.0
Ember,GITHUB_repositories_quarterly,2024-12-01,4.0
Debid - Fairblock,GITHUB_repositories_quarterly,2024-12-01,7.0
CoBuilders,GITHUB_repositories_quarterly,2024-12-01,1.0
Syndicate Protocol,GITHUB_repositories_quarterly,2024-12-01,1.0
thirdweb,GITHUB_repositories_quarterly,2024-12-01,20.0
Passport XYZ,GITHUB_repositories_quarterly,2024-12-01,7.0
Walnut,GITHUB_active_developers_quarterly,2024-12-01,5.0
Trail of Bits Security Reviews,GITHUB_active_developers_quarterly,2024-12-01,25.0
thirdweb,GITHUB_active_developers_quarterly,2024-12-01,11.0
Remix IDE plugin for Arbitrum Stylus,GITHUB_active_developers_quarterly,2024-12-01,2.0
Enclave,GITHUB_active_developers_quarterly,2024-12-01,2.0
Arbos Foundry,GITHUB_active_developers_quarterly,2024-12-01,1.0
Walnut,GITHUB_forks_monthly,2024-12-01,3.0
Solang,GITHUB_forks_monthly,2024-12-01,6.0
Ember,GITHUB_part_time_developers_quarterly,2024-12-01,1.0
Enclave,GITHUB_part_time_developers_quarterly,2024-12-01,2.0
Remix IDE plugin for Arbitrum Stylus,GITHUB_part_time_developers_quarterly,2024-12-01,2.0
Debid - Fairblock,GITHUB_part_time_developers_quarterly,2024-12-01,5.0
Open Source Observer,GITHUB_part_time_developers_quarterly,2024-12-01,9.0
thirdweb,GITHUB_part_time_developers_quarterly,2024-12-01,11.0
Open Source Observer,GITHUB_stars_biannually,2024-12-01,20.0
Passport XYZ,GITHUB_stars_biannually,2024-12-01,60.0
thirdweb,GITHUB_stars_biannually,2024-12-01,52.0
Passport XYZ,GITHUB_comments_daily,2024-12-01,8.0
Trail of Bits Security Reviews,GITHUB_stars_monthly,2024-12-01,360.0
Enclave,GITHUB_stars_monthly,2024-12-01,3.0
Pyth Network,GITHUB_stars_monthly,2024-12-01,18.0
Redstone Finance,GITHUB_stars_daily,2024-12-01,1.0
Trail of Bits Security Reviews,GITHUB_commits_monthly,2024-12-01,343.0
Walnut,GITHUB_comments_monthly,2024-12-01,56.0
Passport XYZ,GITHUB_comments_monthly,2024-12-01,130.0
Enclave,GITHUB_comments_monthly,2024-12-01,146.0
Sylow,GITHUB_stars_quarterly,2024-12-01,3.0
Walnut,GITHUB_stars_quarterly,2024-12-01,9.0
Pyth Network,GITHUB_stars_quarterly,2024-12-01,18.0
Passport XYZ,GITHUB_commits_quarterly,2024-12-01,100.0
Open Source Observer,GITHUB_commits_quarterly,2024-12-01,158.0
Trail of Bits Security Reviews,GITHUB_commits_quarterly,2024-12-01,343.0
Moving Stylus,GITHUB_commits_quarterly,2024-12-01,10.0
Pyth Network,GITHUB_commits_quarterly,2024-12-01,140.0
Runtime Verification,GITHUB_commits_quarterly,2024-12-01,162.0
Debid - Fairblock,GITHUB_commits_quarterly,2024-12-01,53.0
Walnut,GITHUB_forks_quarterly,2024-12-01,3.0
Pyth Network,GITHUB_forks_biannually,2024-12-01,27.0
Pyth Network,GITHUB_forks_quarterly,2024-12-01,27.0
thirdweb,GITHUB_forks_daily,2024-12-01,1.0
Passport XYZ,GITHUB_repositories_biannually,2024-12-01,7.0
Runtime Verification,GITHUB_repositories_monthly,2024-12-01,27.0
CoBuilders,GITHUB_repositories_monthly,2024-12-01,1.0
Sylow,GITHUB_repositories_biannually,2024-12-01,1.0
Redstone Finance,GITHUB_repositories_monthly,2024-12-01,7.0
Solang,GITHUB_repositories_monthly,2024-12-01,1.0
Trail of Bits Security Reviews,GITHUB_repositories_monthly,2024-12-01,70.0
Open Source Observer,GITHUB_repositories_biannually,2024-12-01,8.0
Remix IDE plugin for Arbitrum Stylus,GITHUB_repositories_biannually,2024-12-01,3.0
Arbos Foundry,GITHUB_repositories_biannually,2024-12-01,1.0
thirdweb,GITHUB_contributors_monthly,2024-12-01,52.0
Remix IDE plugin for Arbitrum Stylus,GITHUB_contributors_monthly,2024-12-01,2.0
Walnut,GITHUB_contributors_monthly,2024-12-01,7.0
CoBuilders,GITHUB_contributors_monthly,2024-12-01,1.0
thirdweb,GITHUB_contributors_daily,2024-12-01,7.0
CoBuilders,GITHUB_contributors_biannually,2024-12-01,1.0
Arbos Foundry,GITHUB_contributors_quarterly,2024-12-01,2.0
Ember,GITHUB_contributors_quarterly,2024-12-01,1.0
Remix IDE plugin for Arbitrum Stylus,GITHUB_contributors_quarterly,2024-12-01,2.0
Passport XYZ,GITHUB_contributors_quarterly,2024-12-01,6.0
Trail of Bits Security Reviews,GITHUB_contributors_quarterly,2024-12-01,54.0
Arbos Foundry,GITHUB_contributors_biannually,2024-12-01,2.0
Ember,GITHUB_contributors_biannually,2024-12-01,1.0
Enclave,GITHUB_contributors_biannually,2024-12-01,2.0
Pyth Network,GITHUB_part_time_developers_monthly,2024-12-01,13.0
Moving Stylus,GITHUB_active_developers_monthly,2024-12-01,2.0
Solang,GITHUB_active_developers_monthly,2024-12-01,1.0
Redstone Finance,GITHUB_active_developers_monthly,2024-12-01,8.0
Enclave,GITHUB_active_developers_monthly,2024-12-01,2.0
Runtime Verification,GITHUB_active_developers_monthly,2024-12-01,12.0
Passport XYZ,GITHUB_active_developers_monthly,2024-12-01,4.0
Walnut,GITHUB_part_time_developers_monthly,2024-12-01,5.0
Trail of Bits Security Reviews,GITHUB_full_time_developers_monthly,2024-12-01,3.0
Runtime Verification,GITHUB_part_time_developers_monthly,2024-12-01,10.0
Ember,GITHUB_part_time_developers_biannually,2024-12-01,1.0
Moving Stylus,GITHUB_part_time_developers_biannually,2024-12-01,2.0
Pyth Network,GITHUB_part_time_developers_biannually,2024-12-01,14.0
Open Source Observer,GITHUB_part_time_developers_biannually,2024-12-01,9.0
Remix IDE plugin for Arbitrum Stylus,GITHUB_active_contributors_monthly,2024-12-01,2.0
Ember,GITHUB_part_time_contributors_monthly,2024-12-01,1.0
Trail of Bits Security Reviews,GITHUB_part_time_contributors_monthly,2024-12-01,50.0
Solang,GITHUB_active_contributors_monthly,2024-12-01,4.0
Walnut,GITHUB_active_contributors_monthly,2024-12-01,7.0
Enclave,GITHUB_full_time_contributors_monthly,2024-12-01,1.0
Debid - Fairblock,GITHUB_new_contributors_monthly,2024-12-01,1.0
thirdweb,GITHUB_active_contributors_monthly,2024-12-01,52.0
Passport XYZ,GITHUB_part_time_contributors_monthly,2024-12-01,5.0
Redstone Finance,GITHUB_new_contributors_monthly,2024-12-01,6.0
Remix IDE plugin for Arbitrum Stylus,GITHUB_new_contributors_monthly,2024-12-01,2.0
Solang,GITHUB_part_time_contributors_monthly,2024-12-01,4.0
Pyth Network,GITHUB_part_time_contributors_monthly,2024-12-01,29.0
Remix IDE plugin for Arbitrum Stylus,GITHUB_part_time_contributors_monthly,2024-12-01,2.0
Runtime Verification,GITHUB_full_time_contributors_monthly,2024-12-01,2.0
Arbos Foundry,GITHUB_part_time_contributors_monthly,2024-12-01,2.0
Solang,GITHUB_active_contributors_biannually,2024-12-01,4.0
Remix IDE plugin for Arbitrum Stylus,GITHUB_part_time_contributors_biannually,2024-12-01,2.0
Remix IDE plugin for Arbitrum Stylus,GITHUB_new_contributors_biannually,2024-12-01,2.0
Passport XYZ,GITHUB_part_time_contributors_biannually,2024-12-01,6.0
CoBuilders,GITHUB_active_contributors_biannually,2024-12-01,1.0
Arbos Foundry,GITHUB_active_contributors_biannually,2024-12-01,2.0
Passport XYZ,GITHUB_new_contributors_biannually,2024-12-01,6.0
Enclave,GITHUB_part_time_contributors_biannually,2024-12-01,2.0
Trail of Bits Security Reviews,GITHUB_new_contributors_biannually,2024-12-01,31.0
Remix IDE plugin for Arbitrum Stylus,GITHUB_active_contributors_biannually,2024-12-01,2.0
Moving Stylus,GITHUB_active_contributors_biannually,2024-12-01,2.0
Ember,GITHUB_change_in_part_time_contributors_monthly,2024-12-01,
Arbos Foundry,GITHUB_change_in_active_developers_monthly,2024-12-01,0.0
thirdweb,GITHUB_change_in_full_time_contributors_monthly,2024-12-01,2.0
Syndicate Protocol,GITHUB_change_in_part_time_contributors_monthly,2024-12-01,0.0
Arbos Foundry,GITHUB_change_in_part_time_contributors_monthly,2024-12-01,0.0
thirdweb,GITHUB_change_in_part_time_contributors_monthly,2024-12-01,-9.0
Trail of Bits Security Reviews,GITHUB_change_in_full_time_contributors_monthly,2024-12-01,0.0
Trail of Bits Security Reviews,GITHUB_change_in_part_time_contributors_monthly,2024-12-01,-17.0
Runtime Verification,GITHUB_change_in_full_time_contributors_monthly,2024-12-01,1.0
Pyth Network,GITHUB_change_in_part_time_contributors_monthly,2024-12-01,-9.0
Redstone Finance,GITHUB_change_in_full_time_contributors_monthly,2024-12-01,1.0
Runtime Verification,GITHUB_change_in_active_developers_monthly,2024-12-01,-5.0
Passport XYZ,GITHUB_change_in_full_time_contributors_monthly,2024-12-01,3.0
Trail of Bits Security Reviews,GITHUB_change_in_active_developers_monthly,2024-12-01,-17.0
Debid - Fairblock,GITHUB_change_in_part_time_contributors_biannually,2024-12-01,0.0
Trail of Bits Security Reviews,GITHUB_change_in_part_time_contributors_biannually,2024-12-01,-17.0
Runtime Verification,GITHUB_change_in_active_developers_quarterly,2024-12-01,-5.0
Passport XYZ,GITHUB_change_in_active_developers_quarterly,2024-12-01,1.0
thirdweb,GITHUB_change_in_part_time_contributors_quarterly,2024-12-01,-7.0
Passport XYZ,GITHUB_change_in_part_time_contributors_quarterly,2024-12-01,1.0
Redstone Finance,GITHUB_change_in_part_time_contributors_biannually,2024-12-01,-1.0
CoBuilders,GITHUB_change_in_part_time_contributors_quarterly,2024-12-01,
Passport XYZ,GITHUB_change_in_part_time_contributors_biannually,2024-12-01,1.0
Trail of Bits Security Reviews,GITHUB_change_in_active_developers_quarterly,2024-12-01,-17.0
Syndicate Protocol,GITHUB_change_in_part_time_contributors_quarterly,2024-12-01,0.0
Walnut,GITHUB_change_in_part_time_contributors_quarterly,2024-12-01,0.0
Redstone Finance,GITHUB_change_in_part_time_contributors_quarterly,2024-12-01,-1.0
Trail of Bits Security Reviews,GITHUB_change_in_part_time_contributors_quarterly,2024-12-01,-17.0
Ember,GITHUB_change_in_active_developers_quarterly,2024-12-01,
Syndicate Protocol,GITHUB_change_in_active_developers_quarterly,2024-12-01,0.0
Solang,GITHUB_change_in_active_developers_quarterly,2024-12-01,0.0
Remix IDE plugin for Arbitrum Stylus,GITHUB_change_in_part_time_contributors_quarterly,2024-12-01,2.0
CoBuilders,GITHUB_change_in_active_developers_biannually,2024-12-01,
CoBuilders,GITHUB_opened_pull_requests_monthly,2024-12-01,1.0
Open Source Observer,GITHUB_opened_pull_requests_monthly,2024-12-01,99.0
Trail of Bits Security Reviews,GITHUB_opened_pull_requests_monthly,2024-12-01,192.0
thirdweb,GITHUB_opened_pull_requests_monthly,2024-12-01,323.0
Open Source Observer,GITHUB_opened_pull_requests_biannually,2024-12-01,99.0
Redstone Finance,GITHUB_opened_pull_requests_biannually,2024-12-01,23.0
Enclave,GITHUB_opened_pull_requests_quarterly,2024-12-01,22.0
thirdweb,GITHUB_opened_pull_requests_biannually,2024-12-01,323.0
Solang,GITHUB_opened_pull_requests_biannually,2024-12-01,4.0
thirdweb,GITHUB_opened_pull_requests_quarterly,2024-12-01,323.0
Walnut,GITHUB_opened_pull_requests_quarterly,2024-12-01,20.0
Redstone Finance,GITHUB_opened_pull_requests_quarterly,2024-12-01,23.0
Arbos Foundry,GITHUB_opened_pull_requests_quarterly,2024-12-01,1.0
Trail of Bits Security Reviews,GITHUB_opened_pull_requests_daily,2024-12-01,6.0
Open Source Observer,GITHUB_merged_pull_requests_monthly,2024-12-01,95.0
Pyth Network,GITHUB_merged_pull_requests_quarterly,2024-12-01,108.0
Enclave,GITHUB_merged_pull_requests_quarterly,2024-12-01,19.0
Walnut,GITHUB_merged_pull_requests_quarterly,2024-12-01,15.0
Solang,GITHUB_merged_pull_requests_quarterly,2024-12-01,2.0
Debid - Fairblock,GITHUB_merged_pull_requests_biannually,2024-12-01,5.0
thirdweb,GITHUB_merged_pull_requests_biannually,2024-12-01,262.0
Trail of Bits Security Reviews,GITHUB_merged_pull_requests_quarterly,2024-12-01,184.0
Runtime Verification,GITHUB_merged_pull_requests_biannually,2024-12-01,77.0
Trail of Bits Security Reviews,GITHUB_merged_pull_requests_biannually,2024-12-01,184.0
Trail of Bits Security Reviews,GITHUB_merged_pull_requests_daily,2024-12-01,9.0
Trail of Bits Security Reviews,GITHUB_opened_issues_monthly,2024-12-01,26.0
Debid - Fairblock,GITHUB_opened_issues_monthly,2024-12-01,1.0
thirdweb,GITHUB_opened_issues_monthly,2024-12-01,18.0
Solang,GITHUB_opened_issues_monthly,2024-12-01,1.0
Open Source Observer,GITHUB_opened_issues_quarterly,2024-12-01,79.0
Solang,GITHUB_opened_issues_biannually,2024-12-01,1.0
Walnut,GITHUB_opened_issues_biannually,2024-12-01,10.0
thirdweb,GITHUB_opened_issues_biannually,2024-12-01,18.0
Pyth Network,GITHUB_closed_issues_monthly,2024-12-01,4.0
Open Source Observer,GITHUB_closed_issues_monthly,2024-12-01,56.0
Open Source Observer,GITHUB_closed_issues_daily,2024-12-01,2.0
Passport XYZ,GITHUB_closed_issues_biannually,2024-12-01,38.0
Pyth Network,GITHUB_closed_issues_quarterly,2024-12-01,4.0
Trail of Bits Security Reviews,GITHUB_closed_issues_quarterly,2024-12-01,12.0
Runtime Verification,GITHUB_closed_issues_biannually,2024-12-01,3.0
Enclave,GITHUB_closed_issues_biannually,2024-12-01,5.0
Trail of Bits Security Reviews,GITHUB_avg_prs_time_to_merge_quarterly,2024-12-01,0.0
Moving Stylus,GITHUB_avg_prs_time_to_merge_quarterly,2024-12-01,0.0
Open Source Observer,GITHUB_avg_prs_time_to_merge_quarterly,2024-12-01,0.0
Enclave,GITHUB_avg_time_to_first_response_quarterly,2024-12-01,585058.4571428571
thirdweb,GITHUB_avg_time_to_first_response_quarterly,2024-12-01,226984.93167701864
Solang,GITHUB_avg_prs_time_to_merge_biannually,2024-12-01,0.0
Open Source Observer,GITHUB_avg_time_to_first_response_quarterly,2024-12-01,1108737.461988304
Trail of Bits Security Reviews,GITHUB_avg_prs_time_to_merge_biannually,2024-12-01,0.0
Runtime Verification,GITHUB_avg_time_to_first_response_biannually,2024-12-01,469741.5862068966
Passport XYZ,GITHUB_avg_time_to_first_response_biannually,2024-12-01,231422.65
Trail of Bits Security Reviews,GITHUB_change_in_active_contributors_monthly,2024-12-01,-17.0
Trail of Bits Security Reviews,GITHUB_change_in_new_contributors_monthly,2024-12-01,-13.0
Redstone Finance,GITHUB_churned_contributors_quarterly,2024-12-01,-7.0
Walnut,GITHUB_churned_contributors_quarterly,2024-12-01,-5.0
Redstone Finance,GITHUB_change_in_full_time_contributors_quarterly,2024-12-01,0.0
Walnut,GITHUB_change_in_full_time_contributors_quarterly,2024-12-01,0.0
Open Source Observer,GITHUB_change_in_new_contributors_quarterly,2024-12-01,4.0
Open Source Observer,GITHUB_churned_contributors_quarterly,2024-12-01,-4.0
Solang,GITHUB_churned_contributors_quarterly,2024-12-01,-4.0
Remix IDE plugin for Arbitrum Stylus,GITHUB_change_in_full_time_contributors_monthly,2024-12-01,0.0
Debid - Fairblock,GITHUB_churned_contributors_monthly,2024-12-01,-1.0
Runtime Verification,GITHUB_churned_contributors_monthly,2024-12-01,-16.0
Runtime Verification,GITHUB_change_in_new_contributors_monthly,2024-12-01,-7.0
Solang,GITHUB_change_in_active_contributors_quarterly,2024-12-01,0.0
Open Source Observer,GITHUB_change_in_active_contributors_quarterly,2024-12-01,5.0
Solang,GITHUB_change_in_active_contributors_monthly,2024-12-01,0.0
Arbos Foundry,GITHUB_change_in_new_contributors_quarterly,2024-12-01,0.0
CoBuilders,GITHUB_change_in_new_contributors_quarterly,2024-12-01,
Syndicate Protocol,GITHUB_change_in_new_contributors_quarterly,2024-12-01,-1.0
Syndicate Protocol,GITHUB_change_in_full_time_contributors_quarterly,2024-12-01,0.0
Syndicate Protocol,GITHUB_churned_contributors_quarterly,2024-12-01,-1.0
Syndicate Protocol,GITHUB_change_in_active_contributors_quarterly,2024-12-01,0.0
CoBuilders,GITHUB_change_in_active_contributors_monthly,2024-12-01,
CoBuilders,GITHUB_change_in_new_contributors_monthly,2024-12-01,
CoBuilders,GITHUB_change_in_full_time_contributors_monthly,2024-12-01,
Pyth Network,GITHUB_churned_contributors_monthly,2024-12-01,-29.0
Pyth Network,GITHUB_change_in_new_contributors_monthly,2024-12-01,-6.0
Syndicate Protocol,GITHUB_churned_contributors_monthly,2024-12-01,-1.0
Passport XYZ,GITHUB_churned_contributors_monthly,2024-12-01,-5.0
Passport XYZ,GITHUB_change_in_new_contributors_monthly,2024-12-01,1.0
Passport XYZ,GITHUB_change_in_active_contributors_monthly,2024-12-01,1.0
Enclave,GITHUB_churned_contributors_monthly,2024-12-01,-1.0
Enclave,GITHUB_change_in_new_contributors_monthly,2024-12-01,1.0
Trail of Bits Security Reviews,GITHUB_change_in_active_contributors_biannually,2024-12-01,-17.0
Walnut,GITHUB_churned_contributors_biannually,2024-12-01,-5.0
Debid - Fairblock,GITHUB_churned_contributors_biannually,2024-12-01,-1.0
thirdweb,GITHUB_change_in_new_contributors_biannually,2024-12-01,-9.0
thirdweb,GITHUB_change_in_full_time_contributors_biannually,2024-12-01,0.0
Solang,GITHUB_change_in_full_time_contributors_biannually,2024-12-01,0.0
Open Source Observer,GITHUB_churned_contributors_biannually,2024-12-01,-4.0
Solang,GITHUB_churned_contributors_biannually,2024-12-01,-4.0
Pyth Network,GITHUB_change_in_full_time_contributors_biannually,2024-12-01,0.0
Passport XYZ,GITHUB_change_in_new_contributors_biannually,2024-12-01,1.0
Syndicate Protocol,GITHUB_change_in_new_contributors_biannually,2024-12-01,-1.0
Enclave,GITHUB_change_in_full_time_contributors_biannually,2024-12-01,0.0
Moving Stylus,GITHUB_change_in_new_contributors_biannually,2024-12-01,0.0
Moving Stylus,GITHUB_churned_contributors_biannually,2024-12-01,-2.0
Ember,GITHUB_change_in_active_contributors_monthly,2024-12-01,
Ember,GITHUB_change_in_full_time_contributors_monthly,2024-12-01,
Arbos Foundry,GITHUB_change_in_new_contributors_monthly,2024-12-01,0.0
Remix IDE plugin for Arbitrum Stylus,GITHUB_churned_contributors_quarterly,2024-12-01,0.0
Remix IDE plugin for Arbitrum Stylus,GITHUB_change_in_full_time_contributors_quarterly,2024-12-01,0.0
Debid - Fairblock,GITHUB_change_in_full_time_contributors_quarterly,2024-12-01,0.0
thirdweb,GITHUB_change_in_full_time_contributors_quarterly,2024-12-01,0.0
Ember,GITHUB_change_in_active_contributors_quarterly,2024-12-01,
Runtime Verification,GITHUB_change_in_new_contributors_quarterly,2024-12-01,-7.0
Moving Stylus,GITHUB_change_in_active_contributors_quarterly,2024-12-01,0.0
Runtime Verification,GITHUB_comments_daily,2024-05-17,28.0
Redstone Finance,GITHUB_commits_daily,2024-05-17,5.0
Pyth Network,GITHUB_releases_daily,2024-05-17,4.0
thirdweb,GITHUB_forks_daily,2024-05-17,2.0
Trail of Bits Security Reviews,GITHUB_forks_daily,2024-05-17,5.0
Trail of Bits Security Reviews,GITHUB_repositories_daily,2024-05-17,15.0
Walnut,GITHUB_contributors_daily,2024-05-17,3.0
thirdweb,GITHUB_contributors_daily,2024-05-17,8.0
Trail of Bits Security Reviews,GITHUB_active_developers_daily,2024-05-17,3.0
Pyth Network,GITHUB_opened_pull_requests_daily,2024-05-17,10.0
Runtime Verification,GITHUB_opened_pull_requests_daily,2024-05-17,8.0
Trail of Bits Security Reviews,GITHUB_merged_pull_requests_daily,2024-05-17,3.0
Walnut,GITHUB_closed_issues_daily,2024-05-17,1.0
9Lives,GITHUB_comments_daily,2025-04-04,1.0
Enclave,GITHUB_comments_daily,2025-04-04,2.0
Trail of Bits Security Reviews,GITHUB_stars_daily,2025-04-04,14.0
Runtime Verification,GITHUB_stars_daily,2025-04-04,2.0
Runtime Verification,GITHUB_comments_daily,2025-04-04,5.0
Runtime Verification,GITHUB_commits_daily,2025-04-04,4.0
CodeTracer,GITHUB_repositories_daily,2025-04-04,1.0
CoBuilders,GITHUB_repositories_daily,2025-04-04,1.0
Runtime Verification,GITHUB_contributors_daily,2025-04-04,6.0
Pyth Network,GITHUB_contributors_daily,2025-04-04,11.0
Open Source Observer,GITHUB_contributors_daily,2025-04-04,5.0
Passport XYZ,GITHUB_contributors_daily,2025-04-04,1.0
Runtime Verification,GITHUB_opened_pull_requests_daily,2025-04-04,9.0
Open Source Observer,GITHUB_opened_pull_requests_daily,2025-04-04,5.0
9Lives,GITHUB_opened_pull_requests_daily,2025-04-04,1.0
Pyth Network,GITHUB_opened_pull_requests_daily,2025-04-04,7.0
Runtime Verification,GITHUB_merged_pull_requests_daily,2025-04-04,3.0
thirdweb,GITHUB_closed_issues_daily,2025-04-04,1.0
Walnut,GITHUB_comments_daily,2024-06-27,13.0
Redstone Finance,GITHUB_comments_daily,2024-06-27,1.0
Open Source Observer,GITHUB_comments_daily,2024-06-27,6.0
Redstone Finance,GITHUB_stars_daily,2024-06-27,4.0
thirdweb,GITHUB_commits_daily,2024-06-27,14.0
Pyth Network,GITHUB_commits_daily,2024-06-27,11.0
Trail of Bits Security Reviews,GITHUB_commits_daily,2024-06-27,22.0
Redstone Finance,GITHUB_commits_daily,2024-06-27,7.0
Runtime Verification,GITHUB_forks_daily,2024-06-27,1.0
Redstone Finance,GITHUB_repositories_daily,2024-06-27,6.0
Open Source Observer,GITHUB_repositories_daily,2024-06-27,2.0
Trail of Bits Security Reviews,GITHUB_repositories_daily,2024-06-27,8.0
thirdweb,GITHUB_repositories_daily,2024-06-27,4.0
Walnut,GITHUB_repositories_daily,2024-06-27,2.0
Redstone Finance,GITHUB_contributors_daily,2024-06-27,2.0
Enclave,GITHUB_contributors_daily,2024-06-27,1.0
Pyth Network,GITHUB_contributors_daily,2024-06-27,10.0
Runtime Verification,GITHUB_active_developers_daily,2024-06-27,5.0
Trail of Bits Security Reviews,GITHUB_active_developers_daily,2024-06-27,6.0
Walnut,GITHUB_active_developers_daily,2024-06-27,2.0
thirdweb,GITHUB_active_developers_daily,2024-06-27,5.0
Open Source Observer,GITHUB_opened_pull_requests_daily,2024-06-27,2.0
thirdweb,GITHUB_opened_pull_requests_daily,2024-06-27,12.0
Open Source Observer,GITHUB_merged_pull_requests_daily,2024-06-27,4.0
thirdweb,GITHUB_merged_pull_requests_daily,2024-06-27,14.0
Walnut,GITHUB_closed_issues_daily,2024-06-27,1.0
Pyth Network,GITHUB_closed_issues_daily,2024-06-27,1.0
Redstone Finance,GITHUB_comments_daily,2024-07-04,1.0
Runtime Verification,GITHUB_commits_daily,2024-07-04,14.0
Pyth Network,GITHUB_releases_daily,2024-07-04,2.0
Enclave,GITHUB_stars_daily,2024-07-04,1.0
Trail of Bits Security Reviews,GITHUB_stars_daily,2024-07-04,19.0
thirdweb,GITHUB_forks_daily,2024-07-04,2.0
Redstone Finance,GITHUB_forks_daily,2024-07-04,5.0
Enclave,GITHUB_repositories_daily,2024-07-04,1.0
Pyth Network,GITHUB_repositories_daily,2024-07-04,4.0
thirdweb,GITHUB_repositories_daily,2024-07-04,3.0
Runtime Verification,GITHUB_contributors_daily,2024-07-04,7.0
Runtime Verification,GITHUB_active_developers_daily,2024-07-04,3.0
Redstone Finance,GITHUB_opened_pull_requests_daily,2024-07-04,1.0
Runtime Verification,GITHUB_opened_issues_daily,2024-07-04,2.0
thirdweb,GITHUB_comments_daily,2024-02-13,21.0
Redstone Finance,GITHUB_stars_daily,2024-02-13,2.0
Remix IDE plugin for Arbitrum Stylus,GITHUB_commits_daily,2024-02-13,1.0
thirdweb,GITHUB_commits_daily,2024-02-13,7.0
Open Source Observer,GITHUB_repositories_daily,2024-02-13,2.0
Redstone Finance,GITHUB_contributors_daily,2024-02-13,2.0
thirdweb,GITHUB_active_developers_daily,2024-02-13,4.0
Open Source Observer,GITHUB_active_developers_daily,2024-02-13,2.0
Runtime Verification,GITHUB_active_developers_daily,2024-02-13,1.0
Pyth Network,GITHUB_merged_pull_requests_daily,2024-02-13,9.0
Runtime Verification,GITHUB_merged_pull_requests_daily,2024-02-13,12.0
Walnut,GITHUB_closed_issues_daily,2024-02-13,3.0
thirdweb,GITHUB_comments_daily,2024-11-09,53.0
Passport XYZ,GITHUB_stars_daily,2024-11-09,8.0
Open Source Observer,GITHUB_stars_daily,2024-11-09,1.0
thirdweb,GITHUB_commits_daily,2024-11-09,3.0
Passport XYZ,GITHUB_forks_daily,2024-11-09,2.0
thirdweb,GITHUB_forks_daily,2024-11-09,1.0
Trail of Bits Security Reviews,GITHUB_repositories_daily,2024-11-09,4.0
Passport XYZ,GITHUB_repositories_daily,2024-11-09,2.0
Enclave,GITHUB_contributors_daily,2024-11-09,1.0
Runtime Verification,GITHUB_contributors_daily,2024-11-09,5.0
thirdweb,GITHUB_contributors_daily,2024-11-09,6.0
Pyth Network,GITHUB_commits_daily,2025-01-19,3.0
Pyth Network,GITHUB_releases_daily,2025-01-19,1.0
Trail of Bits Security Reviews,GITHUB_forks_daily,2025-01-19,1.0
Passport XYZ,GITHUB_repositories_daily,2025-01-19,1.0
thirdweb,GITHUB_repositories_daily,2025-01-19,3.0
thirdweb,GITHUB_contributors_daily,2025-01-19,1.0
Open Source Observer,GITHUB_active_developers_daily,2025-01-19,2.0
thirdweb,GITHUB_opened_pull_requests_daily,2025-01-19,1.0
Pyth Network,GITHUB_opened_pull_requests_daily,2025-01-19,2.0
Open Source Observer,GITHUB_merged_pull_requests_daily,2025-01-19,5.0
Trail of Bits Security Reviews,GITHUB_opened_issues_daily,2025-01-19,1.0
Runtime Verification,GITHUB_comments_daily,2024-01-11,57.0
thirdweb,GITHUB_comments_daily,2024-01-11,93.0
Trail of Bits Security Reviews,GITHUB_comments_daily,2024-01-11,5.0
Redstone Finance,GITHUB_commits_daily,2024-01-11,3.0
Trail of Bits Security Reviews,GITHUB_commits_daily,2024-01-11,22.0
Debid - Fairblock,GITHUB_commits_daily,2024-01-11,8.0
Trail of Bits Security Reviews,GITHUB_repositories_daily,2024-01-11,13.0
Redstone Finance,GITHUB_repositories_daily,2024-01-11,1.0
WakeUp Labs,GITHUB_repositories_daily,2024-01-11,1.0
Redstone Finance,GITHUB_contributors_daily,2024-01-11,1.0
thirdweb,GITHUB_active_developers_daily,2024-01-11,13.0
Runtime Verification,GITHUB_active_developers_daily,2024-01-11,4.0
WakeUp Labs,GITHUB_active_developers_daily,2024-01-11,1.0
WakeUp Labs,GITHUB_opened_pull_requests_daily,2024-01-11,3.0
Runtime Verification,GITHUB_opened_pull_requests_daily,2024-01-11,12.0
Open Source Observer,GITHUB_opened_pull_requests_daily,2024-01-11,2.0
Debid - Fairblock,GITHUB_merged_pull_requests_daily,2024-01-11,1.0
Open Source Observer,GITHUB_merged_pull_requests_daily,2024-01-11,2.0
Trail of Bits Security Reviews,GITHUB_opened_issues_daily,2024-01-11,1.0
Trail of Bits Security Reviews,GITHUB_comments_daily,2025-03-30,17.0
thirdweb,GITHUB_comments_daily,2025-03-30,30.0
CodeTracer,GITHUB_stars_daily,2025-03-30,9.0
thirdweb,GITHUB_stars_daily,2025-03-30,2.0
Trail of Bits Security Reviews,GITHUB_stars_daily,2025-03-30,10.0
Pyth Network,GITHUB_commits_daily,2025-03-30,1.0
Trail of Bits Security Reviews,GITHUB_opened_pull_requests_daily,2025-03-30,1.0
Open Source Observer,GITHUB_opened_pull_requests_daily,2025-03-30,10.0
Open Source Observer,GITHUB_merged_pull_requests_daily,2025-03-30,8.0
Trail of Bits Security Reviews,GITHUB_contributors_daily,2025-03-30,4.0
Open Source Observer,GITHUB_active_developers_daily,2025-03-30,2.0
Trail of Bits Security Reviews,GITHUB_opened_issues_daily,2025-03-30,2.0
Passport XYZ,GITHUB_comments_daily,2024-11-08,4.0
Syndicate Protocol,GITHUB_stars_daily,2024-11-08,1.0
Debid - Fairblock,GITHUB_stars_daily,2024-11-08,1.0
Passport XYZ,GITHUB_commits_daily,2024-11-08,2.0
Pyth Network,GITHUB_commits_daily,2024-11-08,5.0
Solang,GITHUB_forks_daily,2024-11-08,1.0
Redstone Finance,GITHUB_active_developers_daily,2024-11-08,1.0
thirdweb,GITHUB_opened_pull_requests_daily,2024-11-08,13.0
Enclave,GITHUB_opened_pull_requests_daily,2024-11-08,1.0
Pyth Network,GITHUB_opened_pull_requests_daily,2024-11-08,7.0
Trail of Bits Security Reviews,GITHUB_opened_pull_requests_daily,2024-11-08,3.0
Passport XYZ,GITHUB_opened_pull_requests_daily,2024-11-08,7.0
Enclave,GITHUB_repositories_daily,2024-11-08,1.0
Redstone Finance,GITHUB_repositories_daily,2024-11-08,1.0
Runtime Verification,GITHUB_repositories_daily,2024-11-08,7.0
Trail of Bits Security Reviews,GITHUB_repositories_daily,2024-11-08,8.0
thirdweb,GITHUB_contributors_daily,2024-11-08,11.0
Trail of Bits Security Reviews,GITHUB_merged_pull_requests_daily,2024-11-08,4.0
Open Source Observer,GITHUB_comments_daily,2024-03-07,7.0
thirdweb,GITHUB_releases_daily,2024-03-07,9.0
Trail of Bits Security Reviews,GITHUB_releases_daily,2024-03-07,1.0
Pyth Network,GITHUB_repositories_daily,2024-03-07,5.0
Walnut,GITHUB_repositories_daily,2024-03-07,1.0
Syndicate Protocol,GITHUB_repositories_daily,2024-03-07,1.0
Trail of Bits Security Reviews,GITHUB_repositories_daily,2024-03-07,7.0
Trail of Bits Security Reviews,GITHUB_active_developers_daily,2024-03-07,3.0
Open Source Observer,GITHUB_contributors_daily,2024-03-07,2.0
Pyth Network,GITHUB_contributors_daily,2024-03-07,1.0
thirdweb,GITHUB_contributors_daily,2024-03-07,13.0
Trail of Bits Security Reviews,GITHUB_opened_pull_requests_daily,2024-03-07,2.0
Open Source Observer,GITHUB_opened_pull_requests_daily,2024-03-07,5.0
thirdweb,GITHUB_merged_pull_requests_daily,2024-03-07,15.0
Runtime Verification,GITHUB_merged_pull_requests_daily,2024-03-07,20.0
Open Source Observer,GITHUB_opened_issues_daily,2024-03-07,9.0
thirdweb,GITHUB_opened_issues_daily,2024-03-07,1.0
thirdweb,GITHUB_comments_daily,2024-08-18,71.0
Trail of Bits Security Reviews,GITHUB_comments_daily,2024-08-18,1.0
Runtime Verification,GITHUB_contributors_daily,2024-08-18,2.0
thirdweb,GITHUB_contributors_daily,2024-08-18,6.0
Pyth Network,GITHUB_comments_daily,2025-04-12,2.0
Runtime Verification,GITHUB_comments_daily,2025-04-12,1.0
Solang,GITHUB_stars_daily,2025-04-12,1.0
thirdweb,GITHUB_contributors_daily,2025-04-12,1.0
Open Source Observer,GITHUB_contributors_daily,2025-04-12,3.0
Trail of Bits Security Reviews,GITHUB_active_developers_daily,2025-04-12,2.0
Open Source Observer,GITHUB_merged_pull_requests_daily,2025-04-12,2.0
Open Source Observer,GITHUB_closed_issues_daily,2025-04-12,3.0
Pyth Network,GITHUB_comments_daily,2024-08-15,27.0
Trail of Bits Security Reviews,GITHUB_comments_daily,2024-08-15,7.0
thirdweb,GITHUB_comments_daily,2024-08-15,117.0
Pyth Network,GITHUB_stars_daily,2024-08-15,1.0
Trail of Bits Security Reviews,GITHUB_stars_daily,2024-08-15,18.0
Runtime Verification,GITHUB_commits_daily,2024-08-15,10.0
thirdweb,GITHUB_releases_daily,2024-08-15,4.0
thirdweb,GITHUB_forks_daily,2024-08-15,4.0
Redstone Finance,GITHUB_repositories_daily,2024-08-15,2.0
Trail of Bits Security Reviews,GITHUB_contributors_daily,2024-08-15,3.0
Runtime Verification,GITHUB_contributors_daily,2024-08-15,8.0
Pyth Network,GITHUB_active_developers_daily,2024-08-15,6.0
Runtime Verification,GITHUB_active_developers_daily,2024-08-15,3.0
Trail of Bits Security Reviews,GITHUB_opened_pull_requests_daily,2024-08-15,3.0
Pyth Network,GITHUB_merged_pull_requests_daily,2024-08-15,6.0
Runtime Verification,GITHUB_merged_pull_requests_daily,2024-08-15,6.0
Passport XYZ,GITHUB_merged_pull_requests_daily,2024-08-15,4.0
Open Source Observer,GITHUB_comments_daily,2024-07-13,8.0
Trail of Bits Security Reviews,GITHUB_stars_daily,2024-07-13,7.0
Debid - Fairblock,GITHUB_forks_daily,2024-07-13,1.0
Pyth Network,GITHUB_forks_daily,2024-07-13,1.0
Trail of Bits Security Reviews,GITHUB_repositories_daily,2024-07-13,6.0
Open Source Observer,GITHUB_contributors_daily,2024-07-13,2.0
Runtime Verification,GITHUB_opened_pull_requests_daily,2024-07-13,2.0
Runtime Verification,GITHUB_stars_daily,2024-01-23,1.0
Redstone Finance,GITHUB_commits_daily,2024-01-23,2.0
Walnut,GITHUB_commits_daily,2024-01-23,7.0
Trail of Bits Security Reviews,GITHUB_releases_daily,2024-01-23,1.0
Runtime Verification,GITHUB_forks_daily,2024-01-23,2.0
Remix IDE plugin for Arbitrum Stylus,GITHUB_active_developers_daily,2024-01-23,2.0
Open Source Observer,GITHUB_contributors_daily,2024-01-23,2.0
Trail of Bits Security Reviews,GITHUB_opened_pull_requests_daily,2024-01-23,7.0
Trail of Bits Security Reviews,GITHUB_merged_pull_requests_daily,2024-01-23,8.0
Trail of Bits Security Reviews,GITHUB_closed_issues_daily,2024-01-23,1.0
Trail of Bits Security Reviews,GITHUB_forks_weekly,2024-09-16,10.0
Open Source Observer,GITHUB_comments_daily,2024-09-16,26.0
Enclave,GITHUB_comments_daily,2024-09-16,8.0
thirdweb,GITHUB_stars_daily,2024-09-16,1.0
Pyth Network,GITHUB_stars_daily,2024-09-16,1.0
Trail of Bits Security Reviews,GITHUB_stars_daily,2024-09-16,23.0
Open Source Observer,GITHUB_commits_daily,2024-09-16,18.0
Redstone Finance,GITHUB_commits_daily,2024-09-16,9.0
Open Source Observer,GITHUB_stars_weekly,2024-09-16,1.0
thirdweb,GITHUB_stars_weekly,2024-09-16,7.0
Runtime Verification,GITHUB_releases_daily,2024-09-16,4.0
Trail of Bits Security Reviews,GITHUB_releases_daily,2024-09-16,1.0
Pyth Network,GITHUB_releases_weekly,2024-09-16,4.0
Trail of Bits Security Reviews,GITHUB_releases_weekly,2024-09-16,6.0
Debid - Fairblock,GITHUB_commits_weekly,2024-09-16,2.0
Open Source Observer,GITHUB_commits_weekly,2024-09-16,69.0
Trail of Bits Security Reviews,GITHUB_commits_weekly,2024-09-16,68.0
Remix IDE plugin for Arbitrum Stylus,GITHUB_commits_weekly,2024-09-16,5.0
thirdweb,GITHUB_comments_weekly,2024-09-16,1063.0
Walnut,GITHUB_comments_weekly,2024-09-16,2.0
Debid - Fairblock,GITHUB_comments_weekly,2024-09-16,30.0
Redstone Finance,GITHUB_forks_daily,2024-09-16,1.0
Trail of Bits Security Reviews,GITHUB_repositories_daily,2024-09-16,15.0
Runtime Verification,GITHUB_repositories_daily,2024-09-16,12.0
thirdweb,GITHUB_repositories_daily,2024-09-16,3.0
Runtime Verification,GITHUB_repositories_weekly,2024-09-16,21.0
Debid - Fairblock,GITHUB_repositories_weekly,2024-09-16,2.0
Open Source Observer,GITHUB_contributors_daily,2024-09-16,5.0
Runtime Verification,GITHUB_contributors_daily,2024-09-16,7.0
Redstone Finance,GITHUB_contributors_daily,2024-09-16,3.0
Pyth Network,GITHUB_contributors_weekly,2024-09-16,10.0
Open Source Observer,GITHUB_contributors_weekly,2024-09-16,8.0
Walnut,GITHUB_contributors_weekly,2024-09-16,5.0
Trail of Bits Security Reviews,GITHUB_contributors_weekly,2024-09-16,19.0
Enclave,GITHUB_active_developers_daily,2024-09-16,2.0
thirdweb,GITHUB_active_developers_daily,2024-09-16,2.0
Pyth Network,GITHUB_active_developers_weekly,2024-09-16,9.0
Debid - Fairblock,GITHUB_active_developers_weekly,2024-09-16,1.0
Trail of Bits Security Reviews,GITHUB_opened_pull_requests_weekly,2024-09-16,49.0
Runtime Verification,GITHUB_opened_pull_requests_daily,2024-09-16,7.0
thirdweb,GITHUB_merged_pull_requests_weekly,2024-09-16,126.0
Redstone Finance,GITHUB_merged_pull_requests_daily,2024-09-16,4.0
Pyth Network,GITHUB_merged_pull_requests_daily,2024-09-16,8.0
thirdweb,GITHUB_opened_issues_daily,2024-09-16,1.0
Trail of Bits Security Reviews,GITHUB_opened_issues_weekly,2024-09-16,6.0
Runtime Verification,GITHUB_opened_issues_weekly,2024-09-16,4.0
Open Source Observer,GITHUB_closed_issues_daily,2024-09-16,2.0
Open Source Observer,GITHUB_closed_issues_weekly,2024-09-16,10.0
Debid - Fairblock,GITHUB_comments_daily,2024-02-15,5.0
Pyth Network,GITHUB_comments_daily,2024-02-15,12.0
Open Source Observer,GITHUB_comments_daily,2024-02-15,20.0
Redstone Finance,GITHUB_comments_daily,2024-02-15,1.0
Trail of Bits Security Reviews,GITHUB_comments_daily,2024-02-15,2.0
Walnut,GITHUB_stars_daily,2024-02-15,1.0
Walnut,GITHUB_commits_daily,2024-02-15,6.0
Redstone Finance,GITHUB_commits_daily,2024-02-15,1.0
Runtime Verification,GITHUB_releases_daily,2024-02-15,4.0
Trail of Bits Security Reviews,GITHUB_forks_daily,2024-02-15,2.0
Redstone Finance,GITHUB_repositories_daily,2024-02-15,2.0
thirdweb,GITHUB_repositories_daily,2024-02-15,6.0
Debid - Fairblock,GITHUB_repositories_daily,2024-02-15,1.0
Open Source Observer,GITHUB_repositories_daily,2024-02-15,2.0
Pyth Network,GITHUB_contributors_daily,2024-02-15,6.0
thirdweb,GITHUB_contributors_daily,2024-02-15,11.0
Redstone Finance,GITHUB_contributors_daily,2024-02-15,2.0
Arbos Foundry,GITHUB_active_developers_daily,2024-02-15,1.0
Walnut,GITHUB_active_developers_daily,2024-02-15,1.0
Redstone Finance,GITHUB_opened_pull_requests_daily,2024-02-15,1.0
Debid - Fairblock,GITHUB_opened_pull_requests_daily,2024-02-15,2.0
thirdweb,GITHUB_opened_pull_requests_daily,2024-02-15,15.0
Runtime Verification,GITHUB_merged_pull_requests_daily,2024-02-15,9.0
Open Source Observer,GITHUB_closed_issues_daily,2024-02-15,7.0
thirdweb,GITHUB_comments_daily,2024-03-16,18.0
Open Source Observer,GITHUB_comments_daily,2024-03-16,2.0
Pyth Network,GITHUB_comments_daily,2024-03-16,4.0
Redstone Finance,GITHUB_stars_daily,2024-03-16,1.0
thirdweb,GITHUB_commits_daily,2024-03-16,6.0
Trail of Bits Security Reviews,GITHUB_commits_daily,2024-03-16,1.0
Redstone Finance,GITHUB_repositories_daily,2024-03-16,1.0
Pyth Network,GITHUB_repositories_daily,2024-03-16,2.0
Runtime Verification,GITHUB_repositories_daily,2024-03-16,5.0
Runtime Verification,GITHUB_contributors_daily,2024-03-16,6.0
Trail of Bits Security Reviews,GITHUB_active_developers_daily,2024-03-16,1.0
Pyth Network,GITHUB_opened_pull_requests_daily,2024-03-16,3.0
Trail of Bits Security Reviews,GITHUB_merged_pull_requests_daily,2024-03-16,1.0
Trail of Bits Security Reviews,GITHUB_closed_issues_daily,2024-03-16,2.0
thirdweb,GITHUB_comments_daily,2024-05-30,68.0
Redstone Finance,GITHUB_stars_daily,2024-05-30,5.0
Pyth Network,GITHUB_releases_daily,2024-05-30,2.0
thirdweb,GITHUB_repositories_daily,2024-05-30,6.0
Trail of Bits Security Reviews,GITHUB_contributors_daily,2024-05-30,4.0
Debid - Fairblock,GITHUB_active_developers_daily,2024-05-30,1.0
Trail of Bits Security Reviews,GITHUB_opened_pull_requests_daily,2024-05-30,2.0
thirdweb,GITHUB_opened_pull_requests_daily,2024-05-30,18.0
Runtime Verification,GITHUB_opened_issues_daily,2024-05-30,3.0
thirdweb,GITHUB_opened_issues_daily,2024-05-30,1.0
Open Source Observer,GITHUB_opened_issues_daily,2024-05-30,3.0
thirdweb,GITHUB_merged_pull_requests_daily,2024-05-30,11.0
Runtime Verification,GITHUB_active_contributors_quarterly,2024-04-01,40.0
Debid - Fairblock,GITHUB_new_contributors_quarterly,2024-04-01,1.0
Trail of Bits Security Reviews,GITHUB_part_time_contributors_quarterly,2024-04-01,46.0
Trail of Bits Security Reviews,GITHUB_new_contributors_quarterly,2024-04-01,18.0
Syndicate Protocol,GITHUB_active_contributors_quarterly,2024-04-01,2.0
Open Source Observer,GITHUB_new_contributors_quarterly,2024-04-01,6.0
Arbos Foundry,GITHUB_active_contributors_quarterly,2024-04-01,2.0
Pyth Network,GITHUB_new_contributors_quarterly,2024-04-01,19.0
Open Source Observer,GITHUB_active_contributors_quarterly,2024-04-01,9.0
Pyth Network,GITHUB_active_contributors_quarterly,2024-04-01,31.0
Trail of Bits Security Reviews,GITHUB_forks_weekly,2024-04-01,7.0
Redstone Finance,GITHUB_forks_weekly,2024-04-01,6.0
thirdweb,GITHUB_releases_quarterly,2024-04-01,209.0
Syndicate Protocol,GITHUB_commits_biannually,2024-04-01,14.0
Arbos Foundry,GITHUB_commits_biannually,2024-04-01,60.0
WakeUp Labs,GITHUB_commits_biannually,2024-04-01,1.0
thirdweb,GITHUB_comments_daily,2024-04-01,105.0
Trail of Bits Security Reviews,GITHUB_active_developers_biannually,2024-04-01,23.0
Open Source Observer,GITHUB_repositories_quarterly,2024-04-01,4.0
Syndicate Protocol,GITHUB_repositories_quarterly,2024-04-01,4.0
Runtime Verification,GITHUB_active_developers_quarterly,2024-04-01,19.0
Pyth Network,GITHUB_forks_monthly,2024-04-01,24.0
Runtime Verification,GITHUB_part_time_developers_quarterly,2024-04-01,19.0
Syndicate Protocol,GITHUB_part_time_developers_quarterly,2024-04-01,2.0
Open Source Observer,GITHUB_part_time_developers_quarterly,2024-04-01,6.0
Redstone Finance,GITHUB_stars_biannually,2024-04-01,33.0
Walnut,GITHUB_stars_biannually,2024-04-01,6.0
Open Source Observer,GITHUB_stars_biannually,2024-04-01,14.0
Trail of Bits Security Reviews,GITHUB_stars_biannually,2024-04-01,410.0
Syndicate Protocol,GITHUB_stars_monthly,2024-04-01,5.0
Open Source Observer,GITHUB_stars_monthly,2024-04-01,14.0
Redstone Finance,GITHUB_stars_monthly,2024-04-01,33.0
Redstone Finance,GITHUB_stars_daily,2024-04-01,1.0
Syndicate Protocol,GITHUB_stars_daily,2024-04-01,1.0
thirdweb,GITHUB_releases_weekly,2024-04-01,50.0
Debid - Fairblock,GITHUB_releases_monthly,2024-04-01,4.0
Runtime Verification,GITHUB_releases_monthly,2024-04-01,148.0
Trail of Bits Security Reviews,GITHUB_releases_monthly,2024-04-01,9.0
Syndicate Protocol,GITHUB_stars_weekly,2024-04-01,2.0
Runtime Verification,GITHUB_commits_daily,2024-04-01,6.0
Trail of Bits Security Reviews,GITHUB_commits_daily,2024-04-01,9.0
Arbos Foundry,GITHUB_commits_monthly,2024-04-01,60.0
Redstone Finance,GITHUB_commits_monthly,2024-04-01,128.0
Trail of Bits Security Reviews,GITHUB_commits_monthly,2024-04-01,335.0
Open Source Observer,GITHUB_commits_daily,2024-04-01,2.0
Open Source Observer,GITHUB_comments_monthly,2024-04-01,346.0
Runtime Verification,GITHUB_comments_monthly,2024-04-01,597.0
Redstone Finance,GITHUB_stars_quarterly,2024-04-01,33.0
Open Source Observer,GITHUB_commits_weekly,2024-04-01,24.0
Debid - Fairblock,GITHUB_commits_weekly,2024-04-01,2.0
thirdweb,GITHUB_commits_quarterly,2024-04-01,412.0
WakeUp Labs,GITHUB_commits_quarterly,2024-04-01,1.0
Pyth Network,GITHUB_commits_quarterly,2024-04-01,173.0
Walnut,GITHUB_commits_weekly,2024-04-01,17.0
Syndicate Protocol,GITHUB_forks_quarterly,2024-04-01,1.0
Trail of Bits Security Reviews,GITHUB_forks_biannually,2024-04-01,41.0
Debid - Fairblock,GITHUB_forks_biannually,2024-04-01,3.0
Runtime Verification,GITHUB_forks_biannually,2024-04-01,9.0
Syndicate Protocol,GITHUB_forks_biannually,2024-04-01,1.0
Pyth Network,GITHUB_forks_quarterly,2024-04-01,24.0
thirdweb,GITHUB_forks_daily,2024-04-01,1.0
Walnut,GITHUB_repositories_weekly,2024-04-01,2.0
Redstone Finance,GITHUB_repositories_weekly,2024-04-01,12.0
Open Source Observer,GITHUB_repositories_weekly,2024-04-01,3.0
thirdweb,GITHUB_repositories_daily,2024-04-01,3.0
Redstone Finance,GITHUB_repositories_daily,2024-04-01,1.0
WakeUp Labs,GITHUB_repositories_monthly,2024-04-01,1.0
Arbos Foundry,GITHUB_repositories_biannually,2024-04-01,3.0
Syndicate Protocol,GITHUB_repositories_monthly,2024-04-01,4.0
Walnut,GITHUB_contributors_monthly,2024-04-01,7.0
Runtime Verification,GITHUB_contributors_monthly,2024-04-01,40.0
Trail of Bits Security Reviews,GITHUB_contributors_weekly,2024-04-01,25.0
Open Source Observer,GITHUB_contributors_weekly,2024-04-01,5.0
Debid - Fairblock,GITHUB_contributors_weekly,2024-04-01,2.0
Pyth Network,GITHUB_contributors_weekly,2024-04-01,13.0
Arbos Foundry,GITHUB_contributors_monthly,2024-04-01,2.0
Debid - Fairblock,GITHUB_contributors_monthly,2024-04-01,4.0
Open Source Observer,GITHUB_contributors_monthly,2024-04-01,9.0
Syndicate Protocol,GITHUB_contributors_monthly,2024-04-01,2.0
Debid - Fairblock,GITHUB_contributors_quarterly,2024-04-01,4.0
Walnut,GITHUB_contributors_daily,2024-04-01,2.0
Debid - Fairblock,GITHUB_contributors_biannually,2024-04-01,4.0
Open Source Observer,GITHUB_contributors_biannually,2024-04-01,9.0
thirdweb,GITHUB_contributors_daily,2024-04-01,11.0
Open Source Observer,GITHUB_contributors_quarterly,2024-04-01,9.0
Runtime Verification,GITHUB_contributors_biannually,2024-04-01,40.0
Runtime Verification,GITHUB_active_developers_daily,2024-04-01,2.0
Trail of Bits Security Reviews,GITHUB_active_developers_weekly,2024-04-01,16.0
Arbos Foundry,GITHUB_active_developers_weekly,2024-04-01,1.0
Walnut,GITHUB_active_developers_weekly,2024-04-01,2.0
Open Source Observer,GITHUB_repositories_biannually,2024-04-01,4.0
Redstone Finance,GITHUB_repositories_biannually,2024-04-01,30.0
thirdweb,GITHUB_active_developers_monthly,2024-04-01,24.0
Pyth Network,GITHUB_active_developers_monthly,2024-04-01,14.0
WakeUp Labs,GITHUB_active_developers_monthly,2024-04-01,1.0
Redstone Finance,GITHUB_active_developers_monthly,2024-04-01,5.0
Arbos Foundry,GITHUB_active_developers_monthly,2024-04-01,1.0
Syndicate Protocol,GITHUB_active_developers_monthly,2024-04-01,2.0
Pyth Network,GITHUB_part_time_developers_monthly,2024-04-01,9.0
Runtime Verification,GITHUB_full_time_developers_monthly,2024-04-01,2.0
Walnut,GITHUB_part_time_developers_monthly,2024-04-01,2.0
Redstone Finance,GITHUB_part_time_developers_monthly,2024-04-01,3.0
Runtime Verification,GITHUB_part_time_developers_biannually,2024-04-01,19.0
Walnut,GITHUB_part_time_developers_biannually,2024-04-01,2.0
Redstone Finance,GITHUB_part_time_developers_biannually,2024-04-01,5.0
thirdweb,GITHUB_part_time_developers_biannually,2024-04-01,24.0
Debid - Fairblock,GITHUB_part_time_developers_biannually,2024-04-01,2.0
thirdweb,GITHUB_full_time_contributors_monthly,2024-04-01,12.0
Redstone Finance,GITHUB_new_contributors_monthly,2024-04-01,3.0
Syndicate Protocol,GITHUB_new_contributors_monthly,2024-04-01,1.0
thirdweb,GITHUB_active_contributors_monthly,2024-04-01,45.0
Pyth Network,GITHUB_new_contributors_monthly,2024-04-01,19.0
Walnut,GITHUB_new_contributors_monthly,2024-04-01,5.0
Walnut,GITHUB_full_time_contributors_monthly,2024-04-01,1.0
Runtime Verification,GITHUB_part_time_contributors_monthly,2024-04-01,29.0
Debid - Fairblock,GITHUB_new_contributors_monthly,2024-04-01,1.0
thirdweb,GITHUB_part_time_contributors_monthly,2024-04-01,33.0
WakeUp Labs,GITHUB_active_contributors_biannually,2024-04-01,1.0
Runtime Verification,GITHUB_part_time_contributors_biannually,2024-04-01,40.0
Arbos Foundry,GITHUB_active_contributors_biannually,2024-04-01,2.0
Syndicate Protocol,GITHUB_new_contributors_biannually,2024-04-01,1.0
WakeUp Labs,GITHUB_part_time_contributors_monthly,2024-04-01,1.0
Open Source Observer,GITHUB_change_in_active_developers_monthly,2024-04-01,-2.0
Debid - Fairblock,GITHUB_change_in_active_developers_monthly,2024-04-01,16.0
Runtime Verification,GITHUB_change_in_active_developers_monthly,2024-04-01,-4.0
Trail of Bits Security Reviews,GITHUB_change_in_active_developers_monthly,2024-04-01,6.0
WakeUp Labs,GITHUB_change_in_active_developers_monthly,2024-04-01,1.0
WakeUp Labs,GITHUB_change_in_part_time_contributors_monthly,2024-04-01,1.0
Syndicate Protocol,GITHUB_change_in_active_developers_monthly,2024-04-01,0.0
Pyth Network,GITHUB_change_in_part_time_contributors_monthly,2024-04-01,15.0
Runtime Verification,GITHUB_change_in_part_time_contributors_quarterly,2024-04-01,-4.0
Runtime Verification,GITHUB_change_in_active_developers_biannually,2024-04-01,-4.0
Arbos Foundry,GITHUB_change_in_part_time_contributors_biannually,2024-04-01,-1.0
Runtime Verification,GITHUB_change_in_active_developers_quarterly,2024-04-01,-4.0
Open Source Observer,GITHUB_change_in_active_developers_quarterly,2024-04-01,-2.0
Open Source Observer,GITHUB_change_in_part_time_contributors_quarterly,2024-04-01,-2.0
Walnut,GITHUB_change_in_active_developers_quarterly,2024-04-01,5.0
WakeUp Labs,GITHUB_change_in_active_developers_quarterly,2024-04-01,1.0
WakeUp Labs,GITHUB_change_in_part_time_contributors_quarterly,2024-04-01,1.0
Syndicate Protocol,GITHUB_change_in_active_developers_biannually,2024-04-01,0.0
Walnut,GITHUB_change_in_active_developers_biannually,2024-04-01,5.0
WakeUp Labs,GITHUB_change_in_active_developers_biannually,2024-04-01,1.0
Redstone Finance,GITHUB_change_in_active_developers_biannually,2024-04-01,-1.0
Trail of Bits Security Reviews,GITHUB_change_in_active_developers_biannually,2024-04-01,6.0
Trail of Bits Security Reviews,GITHUB_opened_pull_requests_daily,2024-04-01,16.0
Runtime Verification,GITHUB_opened_pull_requests_daily,2024-04-01,4.0
Open Source Observer,GITHUB_opened_pull_requests_weekly,2024-04-01,19.0
thirdweb,GITHUB_opened_pull_requests_monthly,2024-04-01,478.0
Redstone Finance,GITHUB_opened_pull_requests_monthly,2024-04-01,3.0
Runtime Verification,GITHUB_opened_pull_requests_quarterly,2024-04-01,253.0
thirdweb,GITHUB_merged_pull_requests_daily,2024-04-01,19.0
Open Source Observer,GITHUB_merged_pull_requests_daily,2024-04-01,2.0
Pyth Network,GITHUB_merged_pull_requests_daily,2024-04-01,2.0
Runtime Verification,GITHUB_merged_pull_requests_daily,2024-04-01,4.0
Walnut,GITHUB_merged_pull_requests_weekly,2024-04-01,3.0
Redstone Finance,GITHUB_merged_pull_requests_weekly,2024-04-01,3.0
Debid - Fairblock,GITHUB_merged_pull_requests_monthly,2024-04-01,4.0
Redstone Finance,GITHUB_merged_pull_requests_monthly,2024-04-01,5.0
Pyth Network,GITHUB_merged_pull_requests_quarterly,2024-04-01,168.0
Trail of Bits Security Reviews,GITHUB_merged_pull_requests_quarterly,2024-04-01,195.0
Pyth Network,GITHUB_merged_pull_requests_biannually,2024-04-01,168.0
Trail of Bits Security Reviews,GITHUB_merged_pull_requests_biannually,2024-04-01,195.0
Debid - Fairblock,GITHUB_merged_pull_requests_biannually,2024-04-01,4.0
Syndicate Protocol,GITHUB_merged_pull_requests_biannually,2024-04-01,4.0
Walnut,GITHUB_opened_issues_weekly,2024-04-01,1.0
thirdweb,GITHUB_opened_issues_monthly,2024-04-01,17.0
Runtime Verification,GITHUB_opened_issues_biannually,2024-04-01,163.0
Open Source Observer,GITHUB_opened_issues_biannually,2024-04-01,86.0
Walnut,GITHUB_closed_issues_weekly,2024-04-01,3.0
Pyth Network,GITHUB_closed_issues_monthly,2024-04-01,8.0
Open Source Observer,GITHUB_closed_issues_monthly,2024-04-01,39.0
thirdweb,GITHUB_closed_issues_quarterly,2024-04-01,34.0
Runtime Verification,GITHUB_closed_issues_quarterly,2024-04-01,54.0
Runtime Verification,GITHUB_closed_issues_biannually,2024-04-01,54.0
Open Source Observer,GITHUB_closed_issues_biannually,2024-04-01,39.0
Pyth Network,GITHUB_closed_issues_biannually,2024-04-01,8.0
thirdweb,GITHUB_avg_prs_time_to_merge_quarterly,2024-04-01,0.0
Walnut,GITHUB_avg_time_to_first_response_quarterly,2024-04-01,61667.58620689655
thirdweb,GITHUB_avg_time_to_first_response_quarterly,2024-04-01,249579.3353783231
Redstone Finance,GITHUB_avg_time_to_first_response_quarterly,2024-04-01,6.333333333333333
Pyth Network,GITHUB_avg_time_to_first_response_quarterly,2024-04-01,50204.494736842105
Pyth Network,GITHUB_avg_time_to_first_response_biannually,2024-04-01,50204.494736842105
Debid - Fairblock,GITHUB_change_in_full_time_contributors_monthly,2024-04-01,1.0
thirdweb,GITHUB_change_in_active_contributors_monthly,2024-04-01,9.0
thirdweb,GITHUB_change_in_new_contributors_monthly,2024-04-01,6.0
Runtime Verification,GITHUB_churned_contributors_monthly,2024-04-01,-6.0
Runtime Verification,GITHUB_change_in_active_contributors_monthly,2024-04-01,-4.0
Runtime Verification,GITHUB_change_in_new_contributors_monthly,2024-04-01,2.0
Walnut,GITHUB_churned_contributors_quarterly,2024-04-01,0.0
Walnut,GITHUB_change_in_new_contributors_quarterly,2024-04-01,5.0
Trail of Bits Security Reviews,GITHUB_churned_contributors_quarterly,2024-04-01,-12.0
Trail of Bits Security Reviews,GITHUB_change_in_full_time_contributors_quarterly,2024-04-01,0.0
Pyth Network,GITHUB_change_in_new_contributors_monthly,2024-04-01,8.0
Pyth Network,GITHUB_churned_contributors_monthly,2024-04-01,-8.0
WakeUp Labs,GITHUB_churned_contributors_quarterly,2024-04-01,0.0
Pyth Network,GITHUB_change_in_full_time_contributors_quarterly,2024-04-01,0.0
Redstone Finance,GITHUB_churned_contributors_monthly,2024-04-01,-4.0
Trail of Bits Security Reviews,GITHUB_change_in_new_contributors_monthly,2024-04-01,4.0
Redstone Finance,GITHUB_change_in_new_contributors_monthly,2024-04-01,-2.0
Arbos Foundry,GITHUB_change_in_active_contributors_biannually,2024-04-01,-1.0
Debid - Fairblock,GITHUB_churned_contributors_biannually,2024-04-01,15.0
thirdweb,GITHUB_change_in_new_contributors_biannually,2024-04-01,6.0
thirdweb,GITHUB_change_in_full_time_contributors_biannually,2024-04-01,0.0
Debid - Fairblock,GITHUB_change_in_active_contributors_quarterly,2024-04-01,16.0
Debid - Fairblock,GITHUB_churned_contributors_quarterly,2024-04-01,15.0
Debid - Fairblock,GITHUB_change_in_full_time_contributors_quarterly,2024-04-01,0.0
thirdweb,GITHUB_change_in_new_contributors_quarterly,2024-04-01,6.0
thirdweb,GITHUB_change_in_active_contributors_quarterly,2024-04-01,9.0
Runtime Verification,GITHUB_churned_contributors_quarterly,2024-04-01,-6.0
Runtime Verification,GITHUB_change_in_active_contributors_quarterly,2024-04-01,-4.0
Redstone Finance,GITHUB_change_in_active_contributors_biannually,2024-04-01,-1.0
Arbos Foundry,GITHUB_change_in_full_time_contributors_quarterly,2024-04-01,0.0
WakeUp Labs,GITHUB_change_in_full_time_contributors_biannually,2024-04-01,0.0
Pyth Network,GITHUB_change_in_new_contributors_biannually,2024-04-01,8.0
Open Source Observer,GITHUB_churned_contributors_monthly,2024-04-01,-8.0
Runtime Verification,GITHUB_comments_daily,2024-02-16,27.0
Trail of Bits Security Reviews,GITHUB_stars_daily,2024-02-16,14.0
Trail of Bits Security Reviews,GITHUB_forks_daily,2024-02-16,1.0
thirdweb,GITHUB_repositories_daily,2024-02-16,6.0
Walnut,GITHUB_repositories_daily,2024-02-16,1.0
Arbos Foundry,GITHUB_contributors_daily,2024-02-16,1.0
Pyth Network,GITHUB_contributors_daily,2024-02-16,10.0
Trail of Bits Security Reviews,GITHUB_contributors_daily,2024-02-16,2.0
Walnut,GITHUB_active_developers_daily,2024-02-16,1.0
Trail of Bits Security Reviews,GITHUB_active_developers_daily,2024-02-16,1.0
Debid - Fairblock,GITHUB_opened_pull_requests_daily,2024-02-16,1.0
Runtime Verification,GITHUB_merged_pull_requests_daily,2024-02-16,13.0
Open Source Observer,GITHUB_opened_issues_daily,2024-02-16,10.0
Trail of Bits Security Reviews,GITHUB_releases_daily,2025-01-15,3.0
Redstone Finance,GITHUB_releases_daily,2025-01-15,1.0
Pyth Network,GITHUB_forks_daily,2025-01-15,1.0
Redstone Finance,GITHUB_contributors_daily,2025-01-15,3.0
Debid - Fairblock,GITHUB_contributors_daily,2025-01-15,2.0
thirdweb,GITHUB_contributors_daily,2025-01-15,12.0
CoBuilders,GITHUB_contributors_daily,2025-01-15,1.0
Runtime Verification,GITHUB_active_developers_daily,2025-01-15,1.0
Redstone Finance,GITHUB_active_developers_daily,2025-01-15,3.0
Passport XYZ,GITHUB_opened_pull_requests_daily,2025-01-15,2.0
CoBuilders,GITHUB_opened_pull_requests_daily,2025-01-15,1.0
Trail of Bits Security Reviews,GITHUB_opened_issues_daily,2025-01-15,1.0
thirdweb,GITHUB_repositories_daily,2025-03-16,3.0
Open Source Observer,GITHUB_contributors_daily,2025-03-16,3.0
Pyth Network,GITHUB_active_developers_daily,2025-03-16,1.0
Open Source Observer,GITHUB_active_developers_daily,2025-03-16,3.0
Trail of Bits Security Reviews,GITHUB_opened_pull_requests_daily,2025-03-16,2.0
thirdweb,GITHUB_comments_daily,2025-03-27,84.0
thirdweb,GITHUB_commits_daily,2025-03-27,7.0
Arbos Foundry,GITHUB_commits_daily,2025-03-27,6.0
Passport XYZ,GITHUB_commits_daily,2025-03-27,2.0
Runtime Verification,GITHUB_releases_daily,2025-03-27,2.0
Trail of Bits Security Reviews,GITHUB_releases_daily,2025-03-27,2.0
Arbos Foundry,GITHUB_repositories_daily,2025-03-27,1.0
Walnut,GITHUB_repositories_daily,2025-03-27,2.0
Redstone Finance,GITHUB_repositories_daily,2025-03-27,2.0
Trail of Bits Security Reviews,GITHUB_repositories_daily,2025-03-27,11.0
Redstone Finance,GITHUB_contributors_daily,2025-03-27,3.0
Trail of Bits Security Reviews,GITHUB_contributors_daily,2025-03-27,1.0
Runtime Verification,GITHUB_active_developers_daily,2025-03-27,2.0
Redstone Finance,GITHUB_active_developers_daily,2025-03-27,2.0
Trail of Bits Security Reviews,GITHUB_opened_pull_requests_daily,2025-03-27,2.0
Passport XYZ,GITHUB_opened_issues_daily,2025-03-27,1.0
Open Source Observer,GITHUB_merged_pull_requests_daily,2025-03-27,6.0
Passport XYZ,GITHUB_merged_pull_requests_daily,2025-03-27,2.0
Trail of Bits Security Reviews,GITHUB_merged_pull_requests_daily,2025-03-27,2.0
Trail of Bits Security Reviews,GITHUB_closed_issues_daily,2025-03-27,1.0
Passport XYZ,GITHUB_closed_issues_daily,2025-03-27,2.0
Trail of Bits Security Reviews,GITHUB_forks_weekly,2024-10-14,6.0
Trail of Bits Security Reviews,GITHUB_comments_daily,2024-10-14,8.0
Open Source Observer,GITHUB_comments_daily,2024-10-14,19.0
Redstone Finance,GITHUB_comments_daily,2024-10-14,2.0
Pyth Network,GITHUB_stars_daily,2024-10-14,1.0
thirdweb,GITHUB_stars_daily,2024-10-14,2.0
Runtime Verification,GITHUB_commits_daily,2024-10-14,16.0
thirdweb,GITHUB_commits_daily,2024-10-14,15.0
Sylow,GITHUB_stars_weekly,2024-10-14,1.0
Runtime Verification,GITHUB_stars_weekly,2024-10-14,7.0
Debid - Fairblock,GITHUB_stars_weekly,2024-10-14,1.0
Solang,GITHUB_stars_weekly,2024-10-14,1.0
Trail of Bits Security Reviews,GITHUB_releases_weekly,2024-10-14,4.0
Redstone Finance,GITHUB_releases_weekly,2024-10-14,1.0
Passport XYZ,GITHUB_comments_weekly,2024-10-14,34.0
Solang,GITHUB_repositories_weekly,2024-10-14,1.0
Sylow,GITHUB_repositories_weekly,2024-10-14,1.0
Runtime Verification,GITHUB_repositories_weekly,2024-10-14,21.0
Trail of Bits Security Reviews,GITHUB_contributors_daily,2024-10-14,4.0
Open Source Observer,GITHUB_contributors_daily,2024-10-14,6.0
Enclave,GITHUB_contributors_daily,2024-10-14,2.0
Walnut,GITHUB_contributors_weekly,2024-10-14,3.0
Debid - Fairblock,GITHUB_contributors_weekly,2024-10-14,7.0
Enclave,GITHUB_contributors_weekly,2024-10-14,3.0
Pyth Network,GITHUB_active_developers_weekly,2024-10-14,8.0
Remix IDE plugin for Arbitrum Stylus,GITHUB_active_developers_weekly,2024-10-14,2.0
Runtime Verification,GITHUB_active_developers_weekly,2024-10-14,7.0
Enclave,GITHUB_active_developers_weekly,2024-10-14,3.0
thirdweb,GITHUB_active_developers_weekly,2024-10-14,10.0
thirdweb,GITHUB_opened_pull_requests_weekly,2024-10-14,91.0
Remix IDE plugin for Arbitrum Stylus,GITHUB_opened_pull_requests_weekly,2024-10-14,2.0
Enclave,GITHUB_opened_pull_requests_weekly,2024-10-14,4.0
Redstone Finance,GITHUB_opened_pull_requests_weekly,2024-10-14,17.0
Pyth Network,GITHUB_opened_pull_requests_weekly,2024-10-14,30.0
Pyth Network,GITHUB_opened_pull_requests_daily,2024-10-14,8.0
Enclave,GITHUB_merged_pull_requests_weekly,2024-10-14,5.0
Open Source Observer,GITHUB_merged_pull_requests_weekly,2024-10-14,47.0
Passport XYZ,GITHUB_merged_pull_requests_daily,2024-10-14,2.0
Open Source Observer,GITHUB_merged_pull_requests_daily,2024-10-14,6.0
Trail of Bits Security Reviews,GITHUB_opened_issues_daily,2024-10-14,1.0
Passport XYZ,GITHUB_opened_issues_weekly,2024-10-14,6.0
thirdweb,GITHUB_opened_issues_weekly,2024-10-14,6.0
Open Source Observer,GITHUB_closed_issues_daily,2024-10-14,4.0
Runtime Verification,GITHUB_comments_daily,2024-05-29,13.0
Trail of Bits Security Reviews,GITHUB_stars_daily,2024-05-29,19.0
thirdweb,GITHUB_commits_daily,2024-05-29,10.0
Pyth Network,GITHUB_commits_daily,2024-05-29,11.0
thirdweb,GITHUB_releases_daily,2024-05-29,3.0
Redstone Finance,GITHUB_repositories_daily,2024-05-29,2.0
Walnut,GITHUB_repositories_daily,2024-05-29,1.0
Walnut,GITHUB_contributors_daily,2024-05-29,2.0
Open Source Observer,GITHUB_active_developers_daily,2024-05-29,3.0
Runtime Verification,GITHUB_opened_issues_daily,2024-05-29,5.0
Runtime Verification,GITHUB_closed_issues_daily,2024-05-29,2.0
Runtime Verification,GITHUB_merged_pull_requests_daily,2024-05-29,5.0
thirdweb,GITHUB_commits_daily,2024-10-12,2.0
Trail of Bits Security Reviews,GITHUB_forks_daily,2024-10-12,2.0
Arbos Foundry,GITHUB_repositories_daily,2024-10-12,1.0
Solang,GITHUB_repositories_daily,2024-10-12,1.0
Pyth Network,GITHUB_repositories_daily,2024-10-12,2.0
Runtime Verification,GITHUB_active_developers_daily,2024-10-12,1.0
Pyth Network,GITHUB_opened_pull_requests_daily,2024-10-12,1.0
thirdweb,GITHUB_merged_pull_requests_daily,2024-10-12,2.0
Enclave,GITHUB_comments_daily,2024-06-07,10.0
Passport XYZ,GITHUB_comments_daily,2024-06-07,2.0
Pyth Network,GITHUB_comments_daily,2024-06-07,27.0
Trail of Bits Security Reviews,GITHUB_stars_daily,2024-06-07,13.0
thirdweb,GITHUB_commits_daily,2024-06-07,9.0
Runtime Verification,GITHUB_commits_daily,2024-06-07,22.0
Trail of Bits Security Reviews,GITHUB_releases_daily,2024-06-07,1.0
Walnut,GITHUB_repositories_daily,2024-06-07,1.0
thirdweb,GITHUB_repositories_daily,2024-06-07,4.0
Pyth Network,GITHUB_repositories_daily,2024-06-07,5.0
Trail of Bits Security Reviews,GITHUB_contributors_daily,2024-06-07,4.0
Walnut,GITHUB_contributors_daily,2024-06-07,2.0
Open Source Observer,GITHUB_contributors_daily,2024-06-07,10.0
Runtime Verification,GITHUB_active_developers_daily,2024-06-07,4.0
Trail of Bits Security Reviews,GITHUB_active_developers_daily,2024-06-07,2.0
Open Source Observer,GITHUB_merged_pull_requests_daily,2024-06-07,7.0
Walnut,GITHUB_merged_pull_requests_daily,2024-06-07,1.0
Passport XYZ,GITHUB_opened_issues_daily,2024-06-07,2.0
Passport XYZ,GITHUB_closed_issues_daily,2024-06-07,2.0
Redstone Finance,GITHUB_commits_daily,2025-01-26,1.0
thirdweb,GITHUB_forks_daily,2025-01-26,5.0
Debid - Fairblock,GITHUB_forks_daily,2025-01-26,1.0
Walnut,GITHUB_repositories_daily,2025-01-26,1.0
Runtime Verification,GITHUB_repositories_daily,2025-01-26,2.0
Redstone Finance,GITHUB_repositories_daily,2025-01-26,1.0
Open Source Observer,GITHUB_repositories_daily,2025-01-26,3.0
Open Source Observer,GITHUB_contributors_daily,2025-01-26,1.0
9Lives,GITHUB_contributors_daily,2025-01-26,1.0
Trail of Bits Security Reviews,GITHUB_contributors_daily,2025-01-26,3.0
Redstone Finance,GITHUB_contributors_daily,2025-01-26,1.0
Walnut,GITHUB_active_developers_daily,2025-01-26,1.0
9Lives,GITHUB_active_developers_daily,2025-01-26,1.0
thirdweb,GITHUB_comments_daily,2024-01-06,2.0
thirdweb,GITHUB_repositories_daily,2024-01-06,4.0
Trail of Bits Security Reviews,GITHUB_closed_issues_daily,2024-01-06,1.0
Pyth Network,GITHUB_comments_daily,2024-01-18,4.0
Redstone Finance,GITHUB_commits_daily,2024-01-18,5.0
thirdweb,GITHUB_stars_daily,2024-01-18,2.0
Trail of Bits Security Reviews,GITHUB_stars_daily,2024-01-18,17.0
Trail of Bits Security Reviews,GITHUB_contributors_daily,2024-01-18,7.0
Remix IDE plugin for Arbitrum Stylus,GITHUB_active_developers_daily,2024-01-18,1.0
Runtime Verification,GITHUB_opened_pull_requests_daily,2024-01-18,14.0
Trail of Bits Security Reviews,GITHUB_forks_daily,2024-01-18,3.0
Pyth Network,GITHUB_forks_daily,2024-01-18,2.0
thirdweb,GITHUB_repositories_daily,2024-01-18,4.0
Open Source Observer,GITHUB_opened_issues_daily,2024-01-18,6.0
Runtime Verification,GITHUB_comments_daily,2024-12-17,6.0
Pyth Network,GITHUB_comments_daily,2024-12-17,30.0
Pyth Network,GITHUB_stars_daily,2024-12-17,2.0
Debid - Fairblock,GITHUB_commits_daily,2024-12-17,5.0
Redstone Finance,GITHUB_commits_daily,2024-12-17,4.0
Runtime Verification,GITHUB_commits_daily,2024-12-17,12.0
Walnut,GITHUB_commits_daily,2024-12-17,4.0
Runtime Verification,GITHUB_releases_daily,2024-12-17,6.0
Redstone Finance,GITHUB_repositories_daily,2024-12-17,2.0
Runtime Verification,GITHUB_contributors_daily,2024-12-17,7.0
Debid - Fairblock,GITHUB_contributors_daily,2024-12-17,1.0
Open Source Observer,GITHUB_active_developers_daily,2024-12-17,1.0
Pyth Network,GITHUB_opened_pull_requests_daily,2024-12-17,10.0
Pyth Network,GITHUB_merged_pull_requests_daily,2024-12-17,8.0
Passport XYZ,GITHUB_merged_pull_requests_daily,2024-12-17,20.0
thirdweb,GITHUB_closed_issues_daily,2024-12-17,1.0
thirdweb,GITHUB_comments_daily,2024-07-08,104.0
Runtime Verification,GITHUB_comments_daily,2024-07-08,6.0
Runtime Verification,GITHUB_stars_daily,2024-07-08,5.0
Trail of Bits Security Reviews,GITHUB_stars_daily,2024-07-08,18.0
thirdweb,GITHUB_stars_weekly,2024-07-08,14.0
thirdweb,GITHUB_commits_daily,2024-07-08,14.0
Trail of Bits Security Reviews,GITHUB_releases_weekly,2024-07-08,4.0
Walnut,GITHUB_commits_weekly,2024-07-08,17.0
Walnut,GITHUB_comments_weekly,2024-07-08,3.0
Redstone Finance,GITHUB_comments_weekly,2024-07-08,1.0
thirdweb,GITHUB_forks_daily,2024-07-08,1.0
thirdweb,GITHUB_repositories_weekly,2024-07-08,9.0
Redstone Finance,GITHUB_repositories_weekly,2024-07-08,3.0
Walnut,GITHUB_repositories_weekly,2024-07-08,2.0
Walnut,GITHUB_repositories_daily,2024-07-08,1.0
Trail of Bits Security Reviews,GITHUB_repositories_daily,2024-07-08,20.0
Redstone Finance,GITHUB_repositories_daily,2024-07-08,3.0
Remix IDE plugin for Arbitrum Stylus,GITHUB_repositories_daily,2024-07-08,1.0
Open Source Observer,GITHUB_repositories_daily,2024-07-08,1.0
Pyth Network,GITHUB_repositories_daily,2024-07-08,1.0
Runtime Verification,GITHUB_repositories_weekly,2024-07-08,19.0
Debid - Fairblock,GITHUB_repositories_weekly,2024-07-08,1.0
Open Source Observer,GITHUB_repositories_weekly,2024-07-08,3.0
Debid - Fairblock,GITHUB_contributors_weekly,2024-07-08,1.0
Trail of Bits Security Reviews,GITHUB_contributors_weekly,2024-07-08,22.0
Walnut,GITHUB_contributors_weekly,2024-07-08,5.0
Open Source Observer,GITHUB_contributors_weekly,2024-07-08,5.0
Open Source Observer,GITHUB_contributors_daily,2024-07-08,2.0
Pyth Network,GITHUB_contributors_daily,2024-07-08,2.0
Redstone Finance,GITHUB_contributors_daily,2024-07-08,2.0
Walnut,GITHUB_contributors_daily,2024-07-08,2.0
Trail of Bits Security Reviews,GITHUB_contributors_daily,2024-07-08,9.0
Walnut,GITHUB_active_developers_weekly,2024-07-08,2.0
Trail of Bits Security Reviews,GITHUB_active_developers_weekly,2024-07-08,12.0
Runtime Verification,GITHUB_active_developers_weekly,2024-07-08,10.0
thirdweb,GITHUB_active_developers_weekly,2024-07-08,8.0
Redstone Finance,GITHUB_active_developers_weekly,2024-07-08,1.0
Remix IDE plugin for Arbitrum Stylus,GITHUB_active_developers_daily,2024-07-08,1.0
Walnut,GITHUB_active_developers_daily,2024-07-08,1.0
Runtime Verification,GITHUB_opened_pull_requests_weekly,2024-07-08,64.0
Open Source Observer,GITHUB_opened_pull_requests_weekly,2024-07-08,22.0
Pyth Network,GITHUB_merged_pull_requests_weekly,2024-07-08,11.0
Walnut,GITHUB_merged_pull_requests_daily,2024-07-08,3.0
Runtime Verification,GITHUB_merged_pull_requests_daily,2024-07-08,8.0
thirdweb,GITHUB_merged_pull_requests_daily,2024-07-08,10.0
Runtime Verification,GITHUB_opened_issues_weekly,2024-07-08,10.0
Open Source Observer,GITHUB_closed_issues_weekly,2024-07-08,6.0
thirdweb,GITHUB_closed_issues_weekly,2024-07-08,2.0
Open Source Observer,GITHUB_comments_daily,2024-01-07,5.0
thirdweb,GITHUB_comments_daily,2024-01-07,2.0
Runtime Verification,GITHUB_stars_daily,2024-01-07,1.0
Trail of Bits Security Reviews,GITHUB_repositories_daily,2024-01-07,6.0
thirdweb,GITHUB_repositories_daily,2024-01-07,4.0
Pyth Network,GITHUB_contributors_daily,2024-01-07,1.0
Trail of Bits Security Reviews,GITHUB_active_developers_daily,2024-01-07,2.0
Open Source Observer,GITHUB_opened_pull_requests_daily,2024-01-07,2.0
Trail of Bits Security Reviews,GITHUB_opened_pull_requests_daily,2024-01-07,8.0
thirdweb,GITHUB_opened_issues_daily,2024-01-07,1.0
Open Source Observer,GITHUB_comments_daily,2024-03-12,19.0
thirdweb,GITHUB_comments_daily,2024-03-12,50.0
Trail of Bits Security Reviews,GITHUB_stars_daily,2024-03-12,13.0
Runtime Verification,GITHUB_stars_daily,2024-03-12,1.0
thirdweb,GITHUB_stars_daily,2024-03-12,2.0
Runtime Verification,GITHUB_commits_daily,2024-03-12,40.0
Pyth Network,GITHUB_commits_daily,2024-03-12,12.0
Trail of Bits Security Reviews,GITHUB_forks_daily,2024-03-12,2.0
Trail of Bits Security Reviews,GITHUB_repositories_daily,2024-03-12,21.0
Pyth Network,GITHUB_repositories_daily,2024-03-12,6.0
thirdweb,GITHUB_repositories_daily,2024-03-12,8.0
Redstone Finance,GITHUB_repositories_daily,2024-03-12,3.0
Open Source Observer,GITHUB_contributors_daily,2024-03-12,3.0
Runtime Verification,GITHUB_contributors_daily,2024-03-12,16.0
Trail of Bits Security Reviews,GITHUB_active_developers_daily,2024-03-12,7.0
Pyth Network,GITHUB_active_developers_daily,2024-03-12,4.0
Open Source Observer,GITHUB_active_developers_daily,2024-03-12,3.0
Redstone Finance,GITHUB_active_developers_daily,2024-03-12,3.0
Open Source Observer,GITHUB_opened_issues_daily,2024-03-12,7.0
thirdweb,GITHUB_closed_issues_daily,2024-03-12,1.0
Runtime Verification,GITHUB_closed_issues_daily,2024-03-12,4.0
Open Source Observer,GITHUB_comments_daily,2024-12-21,5.0
thirdweb,GITHUB_commits_daily,2024-12-21,1.0
Open Source Observer,GITHUB_repositories_daily,2024-12-21,2.0
thirdweb,GITHUB_contributors_daily,2024-12-21,2.0
Pyth Network,GITHUB_active_developers_daily,2024-12-21,1.0
Open Source Observer,GITHUB_active_developers_daily,2024-12-21,1.0
thirdweb,GITHUB_active_developers_daily,2024-12-21,1.0
Trail of Bits Security Reviews,GITHUB_active_developers_daily,2024-12-21,1.0
Open Source Observer,GITHUB_opened_pull_requests_daily,2024-12-21,2.0
Open Source Observer,GITHUB_comments_daily,2024-06-18,19.0
Pyth Network,GITHUB_comments_daily,2024-06-18,25.0
Runtime Verification,GITHUB_releases_daily,2024-06-18,8.0
Trail of Bits Security Reviews,GITHUB_stars_daily,2024-06-18,13.0
Walnut,GITHUB_stars_daily,2024-06-18,1.0
Pyth Network,GITHUB_commits_daily,2024-06-18,6.0
Runtime Verification,GITHUB_forks_daily,2024-06-18,1.0
thirdweb,GITHUB_forks_daily,2024-06-18,2.0
Passport XYZ,GITHUB_repositories_daily,2024-06-18,1.0
Trail of Bits Security Reviews,GITHUB_repositories_daily,2024-06-18,11.0
Walnut,GITHUB_repositories_daily,2024-06-18,1.0
Pyth Network,GITHUB_repositories_daily,2024-06-18,6.0
Open Source Observer,GITHUB_repositories_daily,2024-06-18,3.0
thirdweb,GITHUB_repositories_daily,2024-06-18,7.0
Passport XYZ,GITHUB_active_developers_daily,2024-06-18,1.0
Debid - Fairblock,GITHUB_opened_pull_requests_daily,2024-06-18,1.0
thirdweb,GITHUB_merged_pull_requests_daily,2024-06-18,29.0
Pyth Network,GITHUB_merged_pull_requests_daily,2024-06-18,6.0
Pyth Network,GITHUB_opened_issues_daily,2024-06-18,1.0
Runtime Verification,GITHUB_opened_issues_daily,2024-06-18,2.0
Passport XYZ,GITHUB_closed_issues_daily,2024-06-18,2.0
Runtime Verification,GITHUB_commits_daily,2025-01-07,10.0
Open Source Observer,GITHUB_commits_daily,2025-01-07,8.0
Walnut,GITHUB_commits_daily,2025-01-07,1.0
Walnut,GITHUB_repositories_daily,2025-01-07,1.0
Solang,GITHUB_repositories_daily,2025-01-07,1.0
9Lives,GITHUB_repositories_daily,2025-01-07,1.0
Open Source Observer,GITHUB_repositories_daily,2025-01-07,3.0
Redstone Finance,GITHUB_active_developers_daily,2025-01-07,3.0
Pyth Network,GITHUB_active_developers_daily,2025-01-07,5.0
Walnut,GITHUB_opened_pull_requests_daily,2025-01-07,1.0
Open Source Observer,GITHUB_opened_pull_requests_daily,2025-01-07,10.0
Runtime Verification,GITHUB_merged_pull_requests_daily,2025-01-07,2.0
Open Source Observer,GITHUB_closed_issues_daily,2025-01-07,1.0
Walnut,GITHUB_comments_daily,2025-03-06,4.0
Pyth Network,GITHUB_comments_daily,2025-03-06,60.0
Redstone Finance,GITHUB_stars_daily,2025-03-06,1.0
Solang,GITHUB_stars_daily,2025-03-06,1.0
Trail of Bits Security Reviews,GITHUB_stars_daily,2025-03-06,4.0
Pyth Network,GITHUB_commits_daily,2025-03-06,25.0
Redstone Finance,GITHUB_commits_daily,2025-03-06,2.0
thirdweb,GITHUB_releases_daily,2025-03-06,3.0
Pyth Network,GITHUB_releases_daily,2025-03-06,1.0
Walnut,GITHUB_repositories_daily,2025-03-06,3.0
Pyth Network,GITHUB_active_developers_daily,2025-03-06,5.0
CoBuilders,GITHUB_contributors_daily,2025-03-06,1.0
Runtime Verification,GITHUB_contributors_daily,2025-03-06,10.0
Trail of Bits Security Reviews,GITHUB_opened_pull_requests_daily,2025-03-06,1.0
Pyth Network,GITHUB_opened_pull_requests_daily,2025-03-06,12.0
Open Source Observer,GITHUB_merged_pull_requests_daily,2025-03-06,4.0
Redstone Finance,GITHUB_merged_pull_requests_daily,2025-03-06,2.0
Open Source Observer,GITHUB_opened_issues_daily,2025-03-06,7.0
Open Source Observer,GITHUB_comments_daily,2024-01-19,5.0
Runtime Verification,GITHUB_stars_daily,2024-01-19,2.0
Trail of Bits Security Reviews,GITHUB_stars_daily,2024-01-19,18.0
WakeUp Labs,GITHUB_commits_daily,2024-01-19,4.0
thirdweb,GITHUB_releases_daily,2024-01-19,1.0
thirdweb,GITHUB_forks_daily,2024-01-19,1.0
Open Source Observer,GITHUB_repositories_daily,2024-01-19,3.0
Redstone Finance,GITHUB_repositories_daily,2024-01-19,1.0
Trail of Bits Security Reviews,GITHUB_repositories_daily,2024-01-19,11.0
Debid - Fairblock,GITHUB_contributors_daily,2024-01-19,1.0
thirdweb,GITHUB_contributors_daily,2024-01-19,8.0
Debid - Fairblock,GITHUB_active_developers_daily,2024-01-19,1.0
Pyth Network,GITHUB_opened_pull_requests_daily,2024-01-19,4.0
Debid - Fairblock,GITHUB_opened_pull_requests_daily,2024-01-19,1.0
thirdweb,GITHUB_merged_pull_requests_daily,2024-01-19,2.0
Runtime Verification,GITHUB_merged_pull_requests_daily,2024-01-19,15.0
WakeUp Labs,GITHUB_merged_pull_requests_daily,2024-01-19,1.0
Pyth Network,GITHUB_merged_pull_requests_daily,2024-01-19,3.0
Runtime Verification,GITHUB_closed_issues_daily,2024-01-19,4.0
Pyth Network,GITHUB_comments_daily,2024-10-19,6.0
Open Source Observer,GITHUB_commits_daily,2024-10-19,4.0
Redstone Finance,GITHUB_repositories_daily,2024-10-19,1.0
Trail of Bits Security Reviews,GITHUB_contributors_daily,2024-10-19,1.0
CodeTracer,GITHUB_stars_daily,2025-04-02,2.0
Open Source Observer,GITHUB_comments_daily,2025-04-02,29.0
StylusPort,GITHUB_commits_daily,2025-04-02,9.0
Passport XYZ,GITHUB_commits_daily,2025-04-02,14.0
thirdweb,GITHUB_repositories_daily,2025-04-02,4.0
Trail of Bits Security Reviews,GITHUB_forks_daily,2025-04-02,5.0
Walnut,GITHUB_contributors_daily,2025-04-02,1.0
Passport XYZ,GITHUB_contributors_daily,2025-04-02,5.0
Remix IDE plugin for Arbitrum Stylus,GITHUB_contributors_daily,2025-04-02,1.0
Open Source Observer,GITHUB_contributors_daily,2025-04-02,4.0
Trail of Bits Security Reviews,GITHUB_active_developers_daily,2025-04-02,5.0
Trail of Bits Security Reviews,GITHUB_opened_pull_requests_daily,2025-04-02,6.0
Walnut,GITHUB_opened_pull_requests_daily,2025-04-02,1.0
Remix IDE plugin for Arbitrum Stylus,GITHUB_opened_pull_requests_daily,2025-04-02,2.0
Open Source Observer,GITHUB_opened_pull_requests_daily,2025-04-02,6.0
thirdweb,GITHUB_opened_pull_requests_daily,2025-04-02,14.0
Runtime Verification,GITHUB_opened_pull_requests_daily,2025-04-02,5.0
Runtime Verification,GITHUB_merged_pull_requests_daily,2025-04-02,1.0
Passport XYZ,GITHUB_opened_issues_daily,2025-04-02,5.0
Runtime Verification,GITHUB_closed_issues_daily,2025-04-02,1.0
Trail of Bits Security Reviews,GITHUB_closed_issues_daily,2025-04-02,1.0
Enclave,GITHUB_closed_issues_daily,2025-04-02,1.0
Arbos Foundry,GITHUB_active_developers_biannually,2024-03-01,1.0
Redstone Finance,GITHUB_active_developers_biannually,2024-03-01,6.0
Walnut,GITHUB_active_developers_biannually,2024-03-01,2.0
Open Source Observer,GITHUB_repositories_quarterly,2024-03-01,4.0
Pyth Network,GITHUB_repositories_quarterly,2024-03-01,19.0
thirdweb,GITHUB_repositories_quarterly,2024-03-01,15.0
WakeUp Labs,GITHUB_repositories_quarterly,2024-03-01,1.0
Runtime Verification,GITHUB_repositories_quarterly,2024-03-01,29.0
thirdweb,GITHUB_active_developers_quarterly,2024-03-01,21.0
Debid - Fairblock,GITHUB_active_developers_quarterly,2024-03-01,4.0
Open Source Observer,GITHUB_comments_daily,2024-03-01,1.0
Pyth Network,GITHUB_comments_daily,2024-03-01,15.0
Trail of Bits Security Reviews,GITHUB_forks_monthly,2024-03-01,52.0
Syndicate Protocol,GITHUB_forks_monthly,2024-03-01,1.0
Remix IDE plugin for Arbitrum Stylus,GITHUB_part_time_developers_quarterly,2024-03-01,1.0
Redstone Finance,GITHUB_part_time_developers_quarterly,2024-03-01,6.0
Redstone Finance,GITHUB_active_contributors_quarterly,2024-03-01,7.0
Pyth Network,GITHUB_active_contributors_quarterly,2024-03-01,42.0
Remix IDE plugin for Arbitrum Stylus,GITHUB_active_contributors_quarterly,2024-03-01,1.0
Syndicate Protocol,GITHUB_new_contributors_quarterly,2024-03-01,1.0
Open Source Observer,GITHUB_active_contributors_quarterly,2024-03-01,7.0
Runtime Verification,GITHUB_part_time_contributors_quarterly,2024-03-01,36.0
Open Source Observer,GITHUB_part_time_contributors_quarterly,2024-03-01,7.0
Remix IDE plugin for Arbitrum Stylus,GITHUB_part_time_contributors_quarterly,2024-03-01,1.0
Walnut,GITHUB_part_time_contributors_quarterly,2024-03-01,12.0
Redstone Finance,GITHUB_new_contributors_quarterly,2024-03-01,1.0
Arbos Foundry,GITHUB_active_contributors_quarterly,2024-03-01,1.0
Debid - Fairblock,GITHUB_releases_biannually,2024-03-01,29.0
thirdweb,GITHUB_releases_biannually,2024-03-01,207.0
Runtime Verification,GITHUB_releases_biannually,2024-03-01,164.0
thirdweb,GITHUB_releases_quarterly,2024-03-01,207.0
thirdweb,GITHUB_commits_biannually,2024-03-01,381.0
Trail of Bits Security Reviews,GITHUB_commits_biannually,2024-03-01,342.0
Walnut,GITHUB_commits_biannually,2024-03-01,160.0
Arbos Foundry,GITHUB_commits_biannually,2024-03-01,20.0
Trail of Bits Security Reviews,GITHUB_stars_biannually,2024-03-01,506.0
Walnut,GITHUB_stars_biannually,2024-03-01,2.0
Open Source Observer,GITHUB_stars_biannually,2024-03-01,8.0
Redstone Finance,GITHUB_stars_biannually,2024-03-01,30.0
Remix IDE plugin for Arbitrum Stylus,GITHUB_stars_biannually,2024-03-01,1.0
Runtime Verification,GITHUB_stars_monthly,2024-03-01,20.0
Redstone Finance,GITHUB_stars_monthly,2024-03-01,30.0
Syndicate Protocol,GITHUB_stars_monthly,2024-03-01,2.0
Walnut,GITHUB_stars_monthly,2024-03-01,2.0
Pyth Network,GITHUB_commits_daily,2024-03-01,29.0
thirdweb,GITHUB_commits_daily,2024-03-01,7.0
Redstone Finance,GITHUB_commits_daily,2024-03-01,2.0
Debid - Fairblock,GITHUB_commits_monthly,2024-03-01,125.0
Remix IDE plugin for Arbitrum Stylus,GITHUB_commits_monthly,2024-03-01,3.0
Trail of Bits Security Reviews,GITHUB_commits_monthly,2024-03-01,342.0
Runtime Verification,GITHUB_commits_monthly,2024-03-01,574.0
Walnut,GITHUB_commits_monthly,2024-03-01,160.0
thirdweb,GITHUB_comments_monthly,2024-03-01,1332.0
Open Source Observer,GITHUB_comments_monthly,2024-03-01,301.0
Redstone Finance,GITHUB_stars_quarterly,2024-03-01,30.0
Syndicate Protocol,GITHUB_stars_quarterly,2024-03-01,2.0
WakeUp Labs,GITHUB_stars_quarterly,2024-03-01,1.0
Trail of Bits Security Reviews,GITHUB_stars_quarterly,2024-03-01,506.0
thirdweb,GITHUB_stars_quarterly,2024-03-01,53.0
Remix IDE plugin for Arbitrum Stylus,GITHUB_stars_quarterly,2024-03-01,1.0
thirdweb,GITHUB_releases_daily,2024-03-01,11.0
thirdweb,GITHUB_releases_monthly,2024-03-01,207.0
Trail of Bits Security Reviews,GITHUB_commits_quarterly,2024-03-01,342.0
thirdweb,GITHUB_commits_quarterly,2024-03-01,381.0
Arbos Foundry,GITHUB_commits_quarterly,2024-03-01,20.0
Open Source Observer,GITHUB_commits_quarterly,2024-03-01,110.0
Debid - Fairblock,GITHUB_commits_quarterly,2024-03-01,125.0
Trail of Bits Security Reviews,GITHUB_forks_biannually,2024-03-01,52.0
Pyth Network,GITHUB_forks_biannually,2024-03-01,49.0
Redstone Finance,GITHUB_forks_biannually,2024-03-01,15.0
Trail of Bits Security Reviews,GITHUB_forks_quarterly,2024-03-01,52.0
thirdweb,GITHUB_forks_biannually,2024-03-01,77.0
Pyth Network,GITHUB_forks_quarterly,2024-03-01,49.0
Runtime Verification,GITHUB_repositories_daily,2024-03-01,11.0
Redstone Finance,GITHUB_repositories_daily,2024-03-01,2.0
Syndicate Protocol,GITHUB_repositories_monthly,2024-03-01,3.0
Debid - Fairblock,GITHUB_repositories_biannually,2024-03-01,8.0
Redstone Finance,GITHUB_repositories_monthly,2024-03-01,13.0
Remix IDE plugin for Arbitrum Stylus,GITHUB_repositories_monthly,2024-03-01,1.0
Walnut,GITHUB_repositories_biannually,2024-03-01,3.0
Remix IDE plugin for Arbitrum Stylus,GITHUB_repositories_biannually,2024-03-01,1.0
Open Source Observer,GITHUB_repositories_biannually,2024-03-01,4.0
Redstone Finance,GITHUB_contributors_daily,2024-03-01,2.0
Redstone Finance,GITHUB_contributors_monthly,2024-03-01,7.0
thirdweb,GITHUB_contributors_monthly,2024-03-01,54.0
Debid - Fairblock,GITHUB_contributors_monthly,2024-03-01,20.0
Open Source Observer,GITHUB_contributors_quarterly,2024-03-01,7.0
Runtime Verification,GITHUB_contributors_quarterly,2024-03-01,36.0
Debid - Fairblock,GITHUB_contributors_biannually,2024-03-01,20.0
Pyth Network,GITHUB_contributors_biannually,2024-03-01,42.0
Arbos Foundry,GITHUB_contributors_quarterly,2024-03-01,1.0
Runtime Verification,GITHUB_active_developers_daily,2024-03-01,4.0
Open Source Observer,GITHUB_active_developers_daily,2024-03-01,1.0
Pyth Network,GITHUB_active_developers_daily,2024-03-01,2.0
Trail of Bits Security Reviews,GITHUB_active_developers_monthly,2024-03-01,22.0
Walnut,GITHUB_full_time_developers_monthly,2024-03-01,1.0
Runtime Verification,GITHUB_active_developers_monthly,2024-03-01,19.0
Remix IDE plugin for Arbitrum Stylus,GITHUB_part_time_developers_monthly,2024-03-01,1.0
Redstone Finance,GITHUB_part_time_developers_biannually,2024-03-01,6.0
Trail of Bits Security Reviews,GITHUB_part_time_developers_biannually,2024-03-01,22.0
thirdweb,GITHUB_part_time_developers_biannually,2024-03-01,21.0
Remix IDE plugin for Arbitrum Stylus,GITHUB_part_time_developers_biannually,2024-03-01,1.0
thirdweb,GITHUB_active_contributors_monthly,2024-03-01,54.0
thirdweb,GITHUB_part_time_contributors_monthly,2024-03-01,41.0
Trail of Bits Security Reviews,GITHUB_new_contributors_monthly,2024-03-01,22.0
Pyth Network,GITHUB_part_time_contributors_monthly,2024-03-01,39.0
Runtime Verification,GITHUB_full_time_contributors_monthly,2024-03-01,14.0
Pyth Network,GITHUB_active_contributors_biannually,2024-03-01,42.0
Arbos Foundry,GITHUB_part_time_contributors_biannually,2024-03-01,1.0
Walnut,GITHUB_new_contributors_biannually,2024-03-01,10.0
Syndicate Protocol,GITHUB_new_contributors_monthly,2024-03-01,1.0
Syndicate Protocol,GITHUB_new_contributors_biannually,2024-03-01,1.0
Debid - Fairblock,GITHUB_active_contributors_biannually,2024-03-01,20.0
Remix IDE plugin for Arbitrum Stylus,GITHUB_part_time_contributors_biannually,2024-03-01,1.0
Trail of Bits Security Reviews,GITHUB_new_contributors_biannually,2024-03-01,22.0
Syndicate Protocol,GITHUB_part_time_contributors_biannually,2024-03-01,2.0
Open Source Observer,GITHUB_part_time_contributors_biannually,2024-03-01,7.0
Debid - Fairblock,GITHUB_new_contributors_biannually,2024-03-01,17.0
Trail of Bits Security Reviews,GITHUB_active_contributors_biannually,2024-03-01,52.0
Redstone Finance,GITHUB_part_time_contributors_biannually,2024-03-01,7.0
Walnut,GITHUB_part_time_contributors_biannually,2024-03-01,12.0
Runtime Verification,GITHUB_change_in_active_developers_monthly,2024-03-01,-6.0
Debid - Fairblock,GITHUB_change_in_active_developers_monthly,2024-03-01,-17.0
Open Source Observer,GITHUB_change_in_full_time_contributors_monthly,2024-03-01,0.0
Arbos Foundry,GITHUB_change_in_active_developers_monthly,2024-03-01,0.0
Trail of Bits Security Reviews,GITHUB_change_in_full_time_contributors_monthly,2024-03-01,-1.0
Redstone Finance,GITHUB_change_in_full_time_contributors_monthly,2024-03-01,-1.0
Runtime Verification,GITHUB_change_in_active_developers_quarterly,2024-03-01,-6.0
Redstone Finance,GITHUB_change_in_active_developers_quarterly,2024-03-01,0.0
Open Source Observer,GITHUB_change_in_part_time_contributors_quarterly,2024-03-01,-1.0
Debid - Fairblock,GITHUB_change_in_part_time_contributors_quarterly,2024-03-01,-17.0
Pyth Network,GITHUB_change_in_part_time_contributors_biannually,2024-03-01,-5.0
Walnut,GITHUB_change_in_active_developers_biannually,2024-03-01,-1.0
Trail of Bits Security Reviews,GITHUB_change_in_part_time_contributors_biannually,2024-03-01,-4.0
Remix IDE plugin for Arbitrum Stylus,GITHUB_change_in_part_time_contributors_quarterly,2024-03-01,1.0
Trail of Bits Security Reviews,GITHUB_change_in_active_developers_quarterly,2024-03-01,-4.0
Syndicate Protocol,GITHUB_change_in_part_time_contributors_quarterly,2024-03-01,0.0
thirdweb,GITHUB_change_in_active_developers_quarterly,2024-03-01,-8.0
Redstone Finance,GITHUB_change_in_part_time_contributors_biannually,2024-03-01,0.0
Arbos Foundry,GITHUB_change_in_active_developers_biannually,2024-03-01,0.0
Walnut,GITHUB_change_in_part_time_contributors_biannually,2024-03-01,-1.0
Remix IDE plugin for Arbitrum Stylus,GITHUB_change_in_part_time_contributors_biannually,2024-03-01,1.0
Arbos Foundry,GITHUB_change_in_part_time_contributors_biannually,2024-03-01,0.0
Pyth Network,GITHUB_change_in_active_developers_biannually,2024-03-01,-5.0
Runtime Verification,GITHUB_change_in_part_time_contributors_biannually,2024-03-01,-6.0
Runtime Verification,GITHUB_opened_pull_requests_monthly,2024-03-01,376.0
Walnut,GITHUB_opened_pull_requests_monthly,2024-03-01,27.0
Trail of Bits Security Reviews,GITHUB_opened_pull_requests_monthly,2024-03-01,218.0
Pyth Network,GITHUB_opened_pull_requests_monthly,2024-03-01,139.0
Open Source Observer,GITHUB_opened_pull_requests_quarterly,2024-03-01,100.0
Walnut,GITHUB_opened_pull_requests_biannually,2024-03-01,27.0
Runtime Verification,GITHUB_opened_pull_requests_quarterly,2024-03-01,376.0
thirdweb,GITHUB_opened_pull_requests_daily,2024-03-01,13.0
Pyth Network,GITHUB_opened_pull_requests_daily,2024-03-01,6.0
Trail of Bits Security Reviews,GITHUB_opened_pull_requests_daily,2024-03-01,2.0
Trail of Bits Security Reviews,GITHUB_merged_pull_requests_monthly,2024-03-01,171.0
Walnut,GITHUB_merged_pull_requests_monthly,2024-03-01,25.0
Runtime Verification,GITHUB_merged_pull_requests_daily,2024-03-01,18.0
Open Source Observer,GITHUB_merged_pull_requests_quarterly,2024-03-01,93.0
Redstone Finance,GITHUB_merged_pull_requests_biannually,2024-03-01,1.0
Walnut,GITHUB_merged_pull_requests_quarterly,2024-03-01,25.0
Redstone Finance,GITHUB_merged_pull_requests_quarterly,2024-03-01,1.0
Runtime Verification,GITHUB_opened_issues_daily,2024-03-01,2.0
Pyth Network,GITHUB_opened_issues_monthly,2024-03-01,9.0
Trail of Bits Security Reviews,GITHUB_opened_issues_quarterly,2024-03-01,50.0
Pyth Network,GITHUB_opened_issues_quarterly,2024-03-01,9.0
Open Source Observer,GITHUB_opened_issues_biannually,2024-03-01,86.0
Trail of Bits Security Reviews,GITHUB_opened_issues_biannually,2024-03-01,50.0
Runtime Verification,GITHUB_closed_issues_daily,2024-03-01,1.0
Trail of Bits Security Reviews,GITHUB_closed_issues_monthly,2024-03-01,26.0
Pyth Network,GITHUB_closed_issues_biannually,2024-03-01,3.0
Open Source Observer,GITHUB_closed_issues_biannually,2024-03-01,76.0
Trail of Bits Security Reviews,GITHUB_closed_issues_biannually,2024-03-01,26.0
Walnut,GITHUB_closed_issues_biannually,2024-03-01,32.0
Walnut,GITHUB_avg_prs_time_to_merge_quarterly,2024-03-01,0.0
Trail of Bits Security Reviews,GITHUB_avg_time_to_first_response_quarterly,2024-03-01,667478.4736842106
Pyth Network,GITHUB_avg_prs_time_to_merge_biannually,2024-03-01,0.0
Walnut,GITHUB_avg_prs_time_to_merge_biannually,2024-03-01,0.0
Remix IDE plugin for Arbitrum Stylus,GITHUB_change_in_active_contributors_monthly,2024-03-01,1.0
Arbos Foundry,GITHUB_churned_contributors_monthly,2024-03-01,0.0
Walnut,GITHUB_churned_contributors_quarterly,2024-03-01,-11.0
Walnut,GITHUB_change_in_active_contributors_quarterly,2024-03-01,-1.0
Trail of Bits Security Reviews,GITHUB_change_in_new_contributors_monthly,2024-03-01,-3.0
Redstone Finance,GITHUB_change_in_new_contributors_monthly,2024-03-01,1.0
Redstone Finance,GITHUB_churned_contributors_monthly,2024-03-01,-1.0
Arbos Foundry,GITHUB_churned_contributors_biannually,2024-03-01,0.0
Arbos Foundry,GITHUB_change_in_new_contributors_biannually,2024-03-01,0.0
Arbos Foundry,GITHUB_change_in_active_contributors_biannually,2024-03-01,0.0
Pyth Network,GITHUB_churned_contributors_biannually,2024-03-01,-32.0
Syndicate Protocol,GITHUB_change_in_full_time_contributors_biannually,2024-03-01,0.0
Syndicate Protocol,GITHUB_change_in_active_contributors_biannually,2024-03-01,0.0
Redstone Finance,GITHUB_change_in_new_contributors_biannually,2024-03-01,1.0
Redstone Finance,GITHUB_change_in_active_contributors_biannually,2024-03-01,0.0
Trail of Bits Security Reviews,GITHUB_change_in_full_time_contributors_biannually,2024-03-01,0.0
Syndicate Protocol,GITHUB_change_in_new_contributors_quarterly,2024-03-01,0.0
Open Source Observer,GITHUB_churned_contributors_monthly,2024-03-01,-4.0
Debid - Fairblock,GITHUB_change_in_full_time_contributors_quarterly,2024-03-01,0.0
thirdweb,GITHUB_change_in_active_contributors_quarterly,2024-03-01,-8.0
thirdweb,GITHUB_change_in_full_time_contributors_quarterly,2024-03-01,0.0
Runtime Verification,GITHUB_churned_contributors_quarterly,2024-03-01,-10.0
Runtime Verification,GITHUB_change_in_full_time_contributors_quarterly,2024-03-01,0.0
Debid - Fairblock,GITHUB_change_in_active_contributors_monthly,2024-03-01,-17.0
thirdweb,GITHUB_change_in_active_contributors_monthly,2024-03-01,-8.0
thirdweb,GITHUB_change_in_new_contributors_monthly,2024-03-01,-11.0
Runtime Verification,GITHUB_churned_contributors_monthly,2024-03-01,-10.0
thirdweb,GITHUB_change_in_new_contributors_biannually,2024-03-01,-11.0
thirdweb,GITHUB_change_in_active_contributors_biannually,2024-03-01,-8.0
Syndicate Protocol,GITHUB_change_in_active_contributors_monthly,2024-03-01,0.0
Open Source Observer,GITHUB_change_in_active_contributors_biannually,2024-03-01,-1.0
Open Source Observer,GITHUB_comments_daily,2024-09-26,21.0
Enclave,GITHUB_comments_daily,2024-09-26,114.0
Sylow,GITHUB_stars_daily,2024-09-26,1.0
Walnut,GITHUB_commits_daily,2024-09-26,3.0
Redstone Finance,GITHUB_commits_daily,2024-09-26,1.0
Redstone Finance,GITHUB_repositories_daily,2024-09-26,1.0
Open Source Observer,GITHUB_repositories_daily,2024-09-26,3.0
Sylow,GITHUB_repositories_daily,2024-09-26,1.0
Redstone Finance,GITHUB_contributors_daily,2024-09-26,1.0
Trail of Bits Security Reviews,GITHUB_contributors_daily,2024-09-26,5.0
Passport XYZ,GITHUB_contributors_daily,2024-09-26,1.0
Open Source Observer,GITHUB_contributors_daily,2024-09-26,4.0
Runtime Verification,GITHUB_contributors_daily,2024-09-26,7.0
Pyth Network,GITHUB_active_developers_daily,2024-09-26,4.0
Pyth Network,GITHUB_opened_pull_requests_daily,2024-09-26,8.0
thirdweb,GITHUB_opened_pull_requests_daily,2024-09-26,23.0
Trail of Bits Security Reviews,GITHUB_merged_pull_requests_daily,2024-09-26,5.0
Enclave,GITHUB_closed_issues_daily,2024-09-26,11.0
Redstone Finance,GITHUB_stars_daily,2025-03-29,1.0
Enclave,GITHUB_comments_daily,2025-03-29,5.0
Open Source Observer,GITHUB_comments_daily,2025-03-29,9.0
thirdweb,GITHUB_comments_daily,2025-03-29,26.0
Walnut,GITHUB_comments_daily,2025-03-29,1.0
Runtime Verification,GITHUB_commits_daily,2025-03-29,1.0
thirdweb,GITHUB_commits_daily,2025-03-29,5.0
Passport XYZ,GITHUB_repositories_daily,2025-03-29,1.0
Redstone Finance,GITHUB_repositories_daily,2025-03-29,1.0
Enclave,GITHUB_repositories_daily,2025-03-29,1.0
Open Source Observer,GITHUB_repositories_daily,2025-03-29,2.0
Runtime Verification,GITHUB_contributors_daily,2025-03-29,2.0
thirdweb,GITHUB_contributors_daily,2025-03-29,5.0
Open Source Observer,GITHUB_contributors_daily,2025-03-29,2.0
Walnut,GITHUB_contributors_daily,2025-03-29,1.0
Runtime Verification,GITHUB_active_developers_daily,2025-03-29,1.0
Walnut,GITHUB_opened_pull_requests_daily,2025-03-29,1.0
Runtime Verification,GITHUB_opened_pull_requests_daily,2025-03-29,1.0
Open Source Observer,GITHUB_opened_pull_requests_daily,2025-03-29,3.0
Enclave,GITHUB_closed_issues_daily,2025-03-29,1.0
thirdweb,GITHUB_comments_daily,2025-03-14,24.0
CodeTracer,GITHUB_comments_daily,2025-03-14,7.0
Open Source Observer,GITHUB_stars_daily,2025-03-14,1.0
9Lives,GITHUB_commits_daily,2025-03-14,6.0
Pyth Network,GITHUB_releases_daily,2025-03-14,1.0
Passport XYZ,GITHUB_repositories_daily,2025-03-14,1.0
Trail of Bits Security Reviews,GITHUB_repositories_daily,2025-03-14,15.0
Pyth Network,GITHUB_repositories_daily,2025-03-14,4.0
thirdweb,GITHUB_contributors_daily,2025-03-14,8.0
Pyth Network,GITHUB_contributors_daily,2025-03-14,8.0
9Lives,GITHUB_contributors_daily,2025-03-14,1.0
CodeTracer,GITHUB_opened_pull_requests_daily,2025-03-14,1.0
Runtime Verification,GITHUB_opened_pull_requests_daily,2025-03-14,8.0
Walnut,GITHUB_merged_pull_requests_daily,2025-03-14,1.0
Runtime Verification,GITHUB_merged_pull_requests_daily,2025-03-14,10.0
Runtime Verification,GITHUB_closed_issues_daily,2025-03-14,2.0
Passport XYZ,GITHUB_comments_daily,2024-11-28,4.0
Open Source Observer,GITHUB_comments_daily,2024-11-28,6.0
Pyth Network,GITHUB_stars_daily,2024-11-28,1.0
Trail of Bits Security Reviews,GITHUB_forks_daily,2024-11-28,4.0
Passport XYZ,GITHUB_forks_daily,2024-11-28,2.0
Walnut,GITHUB_repositories_daily,2024-11-28,2.0
Passport XYZ,GITHUB_repositories_daily,2024-11-28,1.0
Walnut,GITHUB_active_developers_daily,2024-11-28,1.0
Enclave,GITHUB_opened_pull_requests_daily,2024-11-28,2.0
Walnut,GITHUB_merged_pull_requests_daily,2024-11-28,1.0
Redstone Finance,GITHUB_merged_pull_requests_daily,2024-11-28,2.0
thirdweb,GITHUB_opened_issues_daily,2024-11-28,1.0
Open Source Observer,GITHUB_opened_issues_daily,2024-11-28,2.0
Open Source Observer,GITHUB_closed_issues_daily,2024-11-28,3.0
Trail of Bits Security Reviews,GITHUB_commits_daily,2024-12-28,3.0
Trail of Bits Security Reviews,GITHUB_forks_daily,2024-12-28,3.0
Open Source Observer,GITHUB_repositories_daily,2024-12-28,2.0
Pyth Network,GITHUB_repositories_daily,2024-12-28,2.0
Trail of Bits Security Reviews,GITHUB_repositories_daily,2024-12-28,5.0
Passport XYZ,GITHUB_repositories_daily,2024-12-28,1.0
Trail of Bits Security Reviews,GITHUB_contributors_daily,2024-12-28,4.0
Pyth Network,GITHUB_opened_pull_requests_daily,2024-12-28,2.0
Pyth Network,GITHUB_merged_pull_requests_daily,2024-12-28,2.0
Open Source Observer,GITHUB_closed_issues_daily,2024-12-28,3.0
thirdweb,GITHUB_active_contributors_quarterly,2024-10-01,38.0
thirdweb,GITHUB_new_contributors_quarterly,2024-10-01,25.0
Passport XYZ,GITHUB_active_contributors_quarterly,2024-10-01,8.0
Passport XYZ,GITHUB_new_contributors_quarterly,2024-10-01,8.0
Arbos Foundry,GITHUB_part_time_contributors_quarterly,2024-10-01,2.0
Remix IDE plugin for Arbitrum Stylus,GITHUB_active_contributors_quarterly,2024-10-01,4.0
Open Source Observer,GITHUB_part_time_contributors_quarterly,2024-10-01,36.0
Debid - Fairblock,GITHUB_part_time_contributors_quarterly,2024-10-01,23.0
Runtime Verification,GITHUB_active_contributors_quarterly,2024-10-01,27.0
Pyth Network,GITHUB_new_contributors_quarterly,2024-10-01,13.0
Runtime Verification,GITHUB_part_time_contributors_quarterly,2024-10-01,27.0
Trail of Bits Security Reviews,GITHUB_new_contributors_quarterly,2024-10-01,10.0
Redstone Finance,GITHUB_releases_biannually,2024-10-01,2.0
Trail of Bits Security Reviews,GITHUB_releases_biannually,2024-10-01,15.0
Open Source Observer,GITHUB_commits_biannually,2024-10-01,365.0
Runtime Verification,GITHUB_commits_biannually,2024-10-01,304.0
Debid - Fairblock,GITHUB_commits_biannually,2024-10-01,125.0
Walnut,GITHUB_active_developers_biannually,2024-10-01,3.0
Pyth Network,GITHUB_active_developers_biannually,2024-10-01,13.0
Passport XYZ,GITHUB_active_developers_biannually,2024-10-01,6.0
Redstone Finance,GITHUB_active_developers_biannually,2024-10-01,9.0
Redstone Finance,GITHUB_repositories_quarterly,2024-10-01,16.0
Runtime Verification,GITHUB_repositories_quarterly,2024-10-01,33.0
Remix IDE plugin for Arbitrum Stylus,GITHUB_repositories_quarterly,2024-10-01,3.0
Remix IDE plugin for Arbitrum Stylus,GITHUB_active_developers_quarterly,2024-10-01,2.0
Trail of Bits Security Reviews,GITHUB_comments_daily,2024-10-01,5.0
Redstone Finance,GITHUB_comments_daily,2024-10-01,19.0
Trail of Bits Security Reviews,GITHUB_forks_monthly,2024-10-01,26.0
Redstone Finance,GITHUB_forks_monthly,2024-10-01,5.0
Pyth Network,GITHUB_forks_monthly,2024-10-01,14.0
Open Source Observer,GITHUB_forks_monthly,2024-10-01,30.0
Debid - Fairblock,GITHUB_forks_monthly,2024-10-01,16.0
Debid - Fairblock,GITHUB_part_time_developers_quarterly,2024-10-01,5.0
Pyth Network,GITHUB_part_time_developers_quarterly,2024-10-01,13.0
Open Source Observer,GITHUB_commits_monthly,2024-10-01,365.0
Solang,GITHUB_stars_quarterly,2024-10-01,8.0
Trail of Bits Security Reviews,GITHUB_releases_daily,2024-10-01,1.0
Trail of Bits Security Reviews,GITHUB_stars_daily,2024-10-01,41.0
Debid - Fairblock,GITHUB_releases_monthly,2024-10-01,29.0
thirdweb,GITHUB_releases_monthly,2024-10-01,51.0
Open Source Observer,GITHUB_commits_quarterly,2024-10-01,365.0
Pyth Network,GITHUB_commits_quarterly,2024-10-01,214.0
Debid - Fairblock,GITHUB_commits_quarterly,2024-10-01,125.0
thirdweb,GITHUB_forks_daily,2024-10-01,1.0
Trail of Bits Security Reviews,GITHUB_forks_daily,2024-10-01,2.0
Runtime Verification,GITHUB_forks_daily,2024-10-01,1.0
thirdweb,GITHUB_forks_quarterly,2024-10-01,58.0
Runtime Verification,GITHUB_forks_quarterly,2024-10-01,17.0
Runtime Verification,GITHUB_repositories_daily,2024-10-01,10.0
Passport XYZ,GITHUB_repositories_daily,2024-10-01,4.0
Pyth Network,GITHUB_repositories_biannually,2024-10-01,13.0
Enclave,GITHUB_repositories_biannually,2024-10-01,1.0
Debid - Fairblock,GITHUB_repositories_biannually,2024-10-01,10.0
Pyth Network,GITHUB_repositories_monthly,2024-10-01,13.0
Enclave,GITHUB_contributors_daily,2024-10-01,4.0
Redstone Finance,GITHUB_contributors_daily,2024-10-01,2.0
Open Source Observer,GITHUB_contributors_daily,2024-10-01,6.0
Trail of Bits Security Reviews,GITHUB_contributors_daily,2024-10-01,4.0
Arbos Foundry,GITHUB_repositories_monthly,2024-10-01,2.0
Redstone Finance,GITHUB_repositories_biannually,2024-10-01,16.0
Open Source Observer,GITHUB_repositories_biannually,2024-10-01,9.0
Sylow,GITHUB_repositories_monthly,2024-10-01,1.0
Runtime Verification,GITHUB_repositories_monthly,2024-10-01,33.0
Pyth Network,GITHUB_contributors_monthly,2024-10-01,23.0
Walnut,GITHUB_contributors_monthly,2024-10-01,5.0
thirdweb,GITHUB_contributors_monthly,2024-10-01,38.0
Redstone Finance,GITHUB_contributors_quarterly,2024-10-01,11.0
Walnut,GITHUB_contributors_quarterly,2024-10-01,5.0
Arbos Foundry,GITHUB_contributors_quarterly,2024-10-01,2.0
Open Source Observer,GITHUB_contributors_biannually,2024-10-01,36.0
Passport XYZ,GITHUB_contributors_biannually,2024-10-01,8.0
Open Source Observer,GITHUB_active_developers_daily,2024-10-01,4.0
Trail of Bits Security Reviews,GITHUB_active_developers_daily,2024-10-01,3.0
Debid - Fairblock,GITHUB_active_developers_daily,2024-10-01,1.0
Debid - Fairblock,GITHUB_part_time_developers_monthly,2024-10-01,5.0
thirdweb,GITHUB_full_time_developers_monthly,2024-10-01,4.0
Enclave,GITHUB_part_time_developers_monthly,2024-10-01,4.0
Runtime Verification,GITHUB_part_time_developers_monthly,2024-10-01,12.0
thirdweb,GITHUB_part_time_developers_monthly,2024-10-01,9.0
Trail of Bits Security Reviews,GITHUB_active_developers_monthly,2024-10-01,18.0
Open Source Observer,GITHUB_full_time_developers_monthly,2024-10-01,3.0
Arbos Foundry,GITHUB_active_developers_monthly,2024-10-01,1.0
Pyth Network,GITHUB_full_time_developers_monthly,2024-10-01,4.0
Arbos Foundry,GITHUB_part_time_developers_biannually,2024-10-01,1.0
Passport XYZ,GITHUB_part_time_developers_biannually,2024-10-01,6.0
Open Source Observer,GITHUB_part_time_developers_biannually,2024-10-01,22.0
Trail of Bits Security Reviews,GITHUB_full_time_contributors_monthly,2024-10-01,3.0
Redstone Finance,GITHUB_part_time_contributors_monthly,2024-10-01,8.0
Walnut,GITHUB_active_contributors_monthly,2024-10-01,5.0
Passport XYZ,GITHUB_new_contributors_monthly,2024-10-01,8.0
Runtime Verification,GITHUB_full_time_contributors_monthly,2024-10-01,2.0
Redstone Finance,GITHUB_new_contributors_monthly,2024-10-01,6.0
thirdweb,GITHUB_active_contributors_monthly,2024-10-01,38.0
Remix IDE plugin for Arbitrum Stylus,GITHUB_active_contributors_monthly,2024-10-01,4.0
Debid - Fairblock,GITHUB_part_time_contributors_monthly,2024-10-01,22.0
Trail of Bits Security Reviews,GITHUB_part_time_contributors_biannually,2024-10-01,31.0
Walnut,GITHUB_new_contributors_biannually,2024-10-01,3.0
Open Source Observer,GITHUB_part_time_contributors_biannually,2024-10-01,36.0
Pyth Network,GITHUB_part_time_contributors_biannually,2024-10-01,23.0
Enclave,GITHUB_active_contributors_biannually,2024-10-01,4.0
Redstone Finance,GITHUB_part_time_contributors_biannually,2024-10-01,11.0
Walnut,GITHUB_part_time_contributors_biannually,2024-10-01,5.0
Pyth Network,GITHUB_active_contributors_biannually,2024-10-01,23.0
Passport XYZ,GITHUB_new_contributors_biannually,2024-10-01,8.0
Open Source Observer,GITHUB_change_in_part_time_contributors_monthly,2024-10-01,-12.0
Passport XYZ,GITHUB_change_in_part_time_contributors_monthly,2024-10-01,-3.0
thirdweb,GITHUB_change_in_part_time_contributors_monthly,2024-10-01,10.0
Trail of Bits Security Reviews,GITHUB_change_in_full_time_contributors_monthly,2024-10-01,-1.0
Pyth Network,GITHUB_change_in_active_developers_monthly,2024-10-01,-6.0
Walnut,GITHUB_change_in_part_time_contributors_monthly,2024-10-01,2.0
Debid - Fairblock,GITHUB_change_in_part_time_contributors_monthly,2024-10-01,-19.0
Open Source Observer,GITHUB_change_in_active_developers_monthly,2024-10-01,-12.0
Redstone Finance,GITHUB_change_in_active_developers_monthly,2024-10-01,1.0
Passport XYZ,GITHUB_change_in_active_developers_quarterly,2024-10-01,-1.0
Arbos Foundry,GITHUB_change_in_active_developers_quarterly,2024-10-01,0.0
Trail of Bits Security Reviews,GITHUB_change_in_active_developers_quarterly,2024-10-01,9.0
Debid - Fairblock,GITHUB_change_in_active_developers_quarterly,2024-10-01,-20.0
Arbos Foundry,GITHUB_change_in_part_time_contributors_quarterly,2024-10-01,0.0
Pyth Network,GITHUB_change_in_part_time_contributors_biannually,2024-10-01,-6.0
Trail of Bits Security Reviews,GITHUB_change_in_part_time_contributors_biannually,2024-10-01,9.0
Enclave,GITHUB_change_in_active_developers_biannually,2024-10-01,0.0
Solang,GITHUB_change_in_part_time_contributors_biannually,2024-10-01,-1.0
Remix IDE plugin for Arbitrum Stylus,GITHUB_change_in_active_developers_quarterly,2024-10-01,-2.0
Enclave,GITHUB_change_in_active_developers_quarterly,2024-10-01,0.0
Solang,GITHUB_change_in_active_developers_biannually,2024-10-01,-1.0
Arbos Foundry,GITHUB_change_in_active_developers_biannually,2024-10-01,0.0
Walnut,GITHUB_change_in_part_time_contributors_biannually,2024-10-01,2.0
Remix IDE plugin for Arbitrum Stylus,GITHUB_change_in_active_developers_biannually,2024-10-01,-2.0
Trail of Bits Security Reviews,GITHUB_change_in_active_developers_biannually,2024-10-01,9.0
Open Source Observer,GITHUB_opened_pull_requests_monthly,2024-10-01,181.0
Arbos Foundry,GITHUB_opened_pull_requests_monthly,2024-10-01,1.0
Walnut,GITHUB_opened_pull_requests_monthly,2024-10-01,5.0
Debid - Fairblock,GITHUB_opened_pull_requests_biannually,2024-10-01,45.0
Open Source Observer,GITHUB_opened_pull_requests_biannually,2024-10-01,181.0
Passport XYZ,GITHUB_opened_pull_requests_quarterly,2024-10-01,125.0
thirdweb,GITHUB_opened_pull_requests_quarterly,2024-10-01,438.0
Passport XYZ,GITHUB_opened_pull_requests_biannually,2024-10-01,125.0
Passport XYZ,GITHUB_opened_pull_requests_daily,2024-10-01,13.0
Open Source Observer,GITHUB_opened_pull_requests_daily,2024-10-01,9.0
Pyth Network,GITHUB_merged_pull_requests_monthly,2024-10-01,157.0
Pyth Network,GITHUB_merged_pull_requests_daily,2024-10-01,2.0
thirdweb,GITHUB_merged_pull_requests_daily,2024-10-01,20.0
Redstone Finance,GITHUB_merged_pull_requests_daily,2024-10-01,3.0
Debid - Fairblock,GITHUB_merged_pull_requests_biannually,2024-10-01,42.0
Pyth Network,GITHUB_merged_pull_requests_biannually,2024-10-01,157.0
Runtime Verification,GITHUB_merged_pull_requests_biannually,2024-10-01,115.0
Walnut,GITHUB_opened_issues_monthly,2024-10-01,1.0
thirdweb,GITHUB_opened_issues_biannually,2024-10-01,14.0
Enclave,GITHUB_opened_issues_biannually,2024-10-01,28.0
Open Source Observer,GITHUB_opened_issues_biannually,2024-10-01,93.0
Open Source Observer,GITHUB_closed_issues_daily,2024-10-01,4.0
Open Source Observer,GITHUB_closed_issues_monthly,2024-10-01,97.0
Trail of Bits Security Reviews,GITHUB_closed_issues_monthly,2024-10-01,8.0
Walnut,GITHUB_closed_issues_quarterly,2024-10-01,1.0
Trail of Bits Security Reviews,GITHUB_closed_issues_quarterly,2024-10-01,8.0
Runtime Verification,GITHUB_closed_issues_quarterly,2024-10-01,6.0
Enclave,GITHUB_closed_issues_quarterly,2024-10-01,15.0
Pyth Network,GITHUB_closed_issues_biannually,2024-10-01,3.0
Solang,GITHUB_avg_prs_time_to_merge_quarterly,2024-10-01,0.0
Passport XYZ,GITHUB_avg_prs_time_to_merge_quarterly,2024-10-01,0.0
Trail of Bits Security Reviews,GITHUB_avg_prs_time_to_merge_quarterly,2024-10-01,0.0
Runtime Verification,GITHUB_avg_prs_time_to_merge_biannually,2024-10-01,0.0
thirdweb,GITHUB_avg_time_to_first_response_quarterly,2024-10-01,27848.21195652174
Redstone Finance,GITHUB_avg_time_to_first_response_biannually,2024-10-01,6.214285714285714
Walnut,GITHUB_avg_time_to_first_response_quarterly,2024-10-01,12841.57142857143
Solang,GITHUB_avg_time_to_first_response_quarterly,2024-10-01,228827.5
Enclave,GITHUB_churned_contributors_monthly,2024-10-01,-4.0
Trail of Bits Security Reviews,GITHUB_change_in_new_contributors_monthly,2024-10-01,6.0
Redstone Finance,GITHUB_change_in_new_contributors_monthly,2024-10-01,0.0
Enclave,GITHUB_change_in_full_time_contributors_quarterly,2024-10-01,0.0
Enclave,GITHUB_change_in_active_contributors_quarterly,2024-10-01,0.0
Redstone Finance,GITHUB_change_in_full_time_contributors_quarterly,2024-10-01,0.0
Arbos Foundry,GITHUB_churned_contributors_quarterly,2024-10-01,0.0
Arbos Foundry,GITHUB_change_in_new_contributors_quarterly,2024-10-01,0.0
Open Source Observer,GITHUB_churned_contributors_monthly,2024-10-01,-43.0
Solang,GITHUB_churned_contributors_monthly,2024-10-01,-4.0
Debid - Fairblock,GITHUB_change_in_active_contributors_monthly,2024-10-01,-20.0
Runtime Verification,GITHUB_churned_contributors_monthly,2024-10-01,-4.0
Pyth Network,GITHUB_churned_contributors_quarterly,2024-10-01,-19.0
Passport XYZ,GITHUB_change_in_full_time_contributors_quarterly,2024-10-01,0.0
Passport XYZ,GITHUB_churned_contributors_quarterly,2024-10-01,-9.0
Passport XYZ,GITHUB_change_in_active_contributors_quarterly,2024-10-01,-1.0
Solang,GITHUB_change_in_full_time_contributors_biannually,2024-10-01,0.0
Pyth Network,GITHUB_change_in_active_contributors_biannually,2024-10-01,-6.0
Passport XYZ,GITHUB_change_in_new_contributors_biannually,2024-10-01,-1.0
thirdweb,GITHUB_churned_contributors_biannually,2024-10-01,-13.0
Remix IDE plugin for Arbitrum Stylus,GITHUB_churned_contributors_biannually,2024-10-01,-5.0
Open Source Observer,GITHUB_change_in_new_contributors_monthly,2024-10-01,-12.0
Enclave,GITHUB_churned_contributors_biannually,2024-10-01,-4.0
Arbos Foundry,GITHUB_change_in_full_time_contributors_biannually,2024-10-01,0.0
Remix IDE plugin for Arbitrum Stylus,GITHUB_change_in_full_time_contributors_monthly,2024-10-01,0.0
Pyth Network,GITHUB_change_in_new_contributors_monthly,2024-10-01,-4.0
Passport XYZ,GITHUB_change_in_active_contributors_monthly,2024-10-01,-1.0
Passport XYZ,GITHUB_change_in_new_contributors_monthly,2024-10-01,-1.0
Solang,GITHUB_change_in_full_time_contributors_quarterly,2024-10-01,0.0
Debid - Fairblock,GITHUB_change_in_new_contributors_quarterly,2024-10-01,-19.0
thirdweb,GITHUB_change_in_full_time_contributors_quarterly,2024-10-01,0.0
Runtime Verification,GITHUB_change_in_new_contributors_quarterly,2024-10-01,-3.0
Runtime Verification,GITHUB_change_in_full_time_contributors_quarterly,2024-10-01,0.0
thirdweb,GITHUB_comments_daily,2024-09-03,104.0
Runtime Verification,GITHUB_comments_daily,2024-09-03,24.0
Walnut,GITHUB_commits_daily,2024-09-03,2.0
Open Source Observer,GITHUB_forks_daily,2024-09-03,3.0
Arbos Foundry,GITHUB_repositories_daily,2024-09-03,1.0
Passport XYZ,GITHUB_repositories_daily,2024-09-03,4.0
Redstone Finance,GITHUB_contributors_daily,2024-09-03,2.0
thirdweb,GITHUB_contributors_daily,2024-09-03,11.0
Pyth Network,GITHUB_active_developers_daily,2024-09-03,5.0
Open Source Observer,GITHUB_active_developers_daily,2024-09-03,6.0
Walnut,GITHUB_active_developers_daily,2024-09-03,1.0
Redstone Finance,GITHUB_active_developers_daily,2024-09-03,1.0
Trail of Bits Security Reviews,GITHUB_active_developers_daily,2024-09-03,5.0
Runtime Verification,GITHUB_opened_pull_requests_daily,2024-09-03,8.0
Pyth Network,GITHUB_merged_pull_requests_daily,2024-09-03,5.0
Open Source Observer,GITHUB_merged_pull_requests_daily,2024-09-03,9.0
Trail of Bits Security Reviews,GITHUB_merged_pull_requests_daily,2024-09-03,11.0
Enclave,GITHUB_merged_pull_requests_daily,2024-09-03,1.0
Open Source Observer,GITHUB_closed_issues_daily,2024-09-03,6.0
Redstone Finance,GITHUB_comments_daily,2024-09-18,2.0
Passport XYZ,GITHUB_stars_daily,2024-09-18,2.0
Trail of Bits Security Reviews,GITHUB_stars_daily,2024-09-18,11.0
Open Source Observer,GITHUB_stars_daily,2024-09-18,1.0
Pyth Network,GITHUB_commits_daily,2024-09-18,9.0
Passport XYZ,GITHUB_releases_daily,2024-09-18,8.0
Trail of Bits Security Reviews,GITHUB_repositories_daily,2024-09-18,8.0
Runtime Verification,GITHUB_repositories_daily,2024-09-18,6.0
Runtime Verification,GITHUB_active_developers_daily,2024-09-18,4.0
Trail of Bits Security Reviews,GITHUB_merged_pull_requests_daily,2024-09-18,2.0
Pyth Network,GITHUB_merged_pull_requests_daily,2024-09-18,7.0
thirdweb,GITHUB_merged_pull_requests_daily,2024-09-18,29.0
Runtime Verification,GITHUB_opened_issues_daily,2024-09-18,1.0
thirdweb,GITHUB_stars_daily,2024-03-14,4.0
Trail of Bits Security Reviews,GITHUB_stars_daily,2024-03-14,19.0
Redstone Finance,GITHUB_commits_daily,2024-03-14,4.0
Runtime Verification,GITHUB_commits_daily,2024-03-14,17.0
Trail of Bits Security Reviews,GITHUB_forks_daily,2024-03-14,2.0
Redstone Finance,GITHUB_repositories_daily,2024-03-14,1.0
thirdweb,GITHUB_contributors_daily,2024-03-14,16.0
Trail of Bits Security Reviews,GITHUB_closed_issues_daily,2024-03-14,1.0
Open Source Observer,GITHUB_opened_pull_requests_daily,2024-03-14,3.0
Pyth Network,GITHUB_merged_pull_requests_daily,2024-03-14,7.0
Runtime Verification,GITHUB_opened_issues_daily,2024-03-14,11.0
Redstone Finance,GITHUB_comments_daily,2025-01-11,1.0
Open Source Observer,GITHUB_comments_daily,2025-01-11,9.0
Runtime Verification,GITHUB_forks_daily,2025-01-11,1.0
9Lives,GITHUB_repositories_daily,2025-01-11,1.0
Trail of Bits Security Reviews,GITHUB_contributors_daily,2025-01-11,1.0
Open Source Observer,GITHUB_active_developers_daily,2025-01-11,3.0
Open Source Observer,GITHUB_opened_pull_requests_daily,2025-01-11,2.0
Open Source Observer,GITHUB_merged_pull_requests_daily,2025-01-11,3.0
thirdweb,GITHUB_opened_issues_daily,2025-01-11,1.0
Open Source Observer,GITHUB_comments_daily,2024-12-05,9.0
Walnut,GITHUB_comments_daily,2024-12-05,1.0
Remix IDE plugin for Arbitrum Stylus,GITHUB_comments_daily,2024-12-05,2.0
Open Source Observer,GITHUB_commits_daily,2024-12-05,3.0
Redstone Finance,GITHUB_releases_daily,2024-12-05,1.0
Pyth Network,GITHUB_releases_daily,2024-12-05,1.0
Walnut,GITHUB_repositories_daily,2024-12-05,3.0
thirdweb,GITHUB_repositories_daily,2024-12-05,4.0
Trail of Bits Security Reviews,GITHUB_contributors_daily,2024-12-05,8.0
thirdweb,GITHUB_contributors_daily,2024-12-05,12.0
Trail of Bits Security Reviews,GITHUB_active_developers_daily,2024-12-05,3.0
Pyth Network,GITHUB_active_developers_daily,2024-12-05,3.0
Runtime Verification,GITHUB_opened_pull_requests_daily,2024-12-05,7.0
Redstone Finance,GITHUB_merged_pull_requests_daily,2024-12-05,2.0
Runtime Verification,GITHUB_merged_pull_requests_daily,2024-12-05,7.0
Pyth Network,GITHUB_merged_pull_requests_daily,2024-12-05,4.0
Pyth Network,GITHUB_forks_weekly,2024-03-11,13.0
Pyth Network,GITHUB_comments_daily,2024-03-11,22.0
Redstone Finance,GITHUB_stars_daily,2024-03-11,1.0
Runtime Verification,GITHUB_stars_daily,2024-03-11,2.0
Syndicate Protocol,GITHUB_stars_weekly,2024-03-11,1.0
Runtime Verification,GITHUB_stars_weekly,2024-03-11,5.0
Pyth Network,GITHUB_commits_daily,2024-03-11,8.0
Runtime Verification,GITHUB_releases_weekly,2024-03-11,42.0
Runtime Verification,GITHUB_releases_daily,2024-03-11,3.0
Trail of Bits Security Reviews,GITHUB_commits_weekly,2024-03-11,147.0
thirdweb,GITHUB_commits_weekly,2024-03-11,88.0
Walnut,GITHUB_comments_weekly,2024-03-11,4.0
Redstone Finance,GITHUB_forks_daily,2024-03-11,1.0
thirdweb,GITHUB_repositories_weekly,2024-03-11,14.0
Redstone Finance,GITHUB_repositories_weekly,2024-03-11,4.0
Debid - Fairblock,GITHUB_repositories_daily,2024-03-11,2.0
Open Source Observer,GITHUB_contributors_weekly,2024-03-11,4.0
Trail of Bits Security Reviews,GITHUB_contributors_weekly,2024-03-11,26.0
Pyth Network,GITHUB_contributors_weekly,2024-03-11,27.0
Debid - Fairblock,GITHUB_contributors_weekly,2024-03-11,1.0
Runtime Verification,GITHUB_contributors_weekly,2024-03-11,26.0
Redstone Finance,GITHUB_contributors_weekly,2024-03-11,3.0
Trail of Bits Security Reviews,GITHUB_contributors_daily,2024-03-11,14.0
Trail of Bits Security Reviews,GITHUB_active_developers_daily,2024-03-11,8.0
thirdweb,GITHUB_active_developers_daily,2024-03-11,4.0
Open Source Observer,GITHUB_active_developers_daily,2024-03-11,3.0
Debid - Fairblock,GITHUB_active_developers_daily,2024-03-11,1.0
Runtime Verification,GITHUB_active_developers_daily,2024-03-11,5.0
Redstone Finance,GITHUB_active_developers_daily,2024-03-11,3.0
Pyth Network,GITHUB_active_developers_weekly,2024-03-11,11.0
Trail of Bits Security Reviews,GITHUB_opened_pull_requests_daily,2024-03-11,25.0
Pyth Network,GITHUB_opened_pull_requests_weekly,2024-03-11,49.0
Trail of Bits Security Reviews,GITHUB_merged_pull_requests_daily,2024-03-11,15.0
Walnut,GITHUB_merged_pull_requests_weekly,2024-03-11,1.0
Pyth Network,GITHUB_merged_pull_requests_weekly,2024-03-11,46.0
Trail of Bits Security Reviews,GITHUB_opened_issues_weekly,2024-03-11,7.0
Walnut,GITHUB_opened_issues_weekly,2024-03-11,1.0
Runtime Verification,GITHUB_opened_issues_daily,2024-03-11,5.0
Open Source Observer,GITHUB_opened_issues_daily,2024-03-11,4.0
Runtime Verification,GITHUB_closed_issues_weekly,2024-03-11,29.0
Runtime Verification,GITHUB_closed_issues_daily,2024-03-11,2.0
Trail of Bits Security Reviews,GITHUB_closed_issues_daily,2024-03-11,4.0
Redstone Finance,GITHUB_comments_daily,2024-07-24,2.0
thirdweb,GITHUB_stars_daily,2024-07-24,3.0
Trail of Bits Security Reviews,GITHUB_stars_daily,2024-07-24,8.0
Debid - Fairblock,GITHUB_releases_daily,2024-07-24,2.0
Walnut,GITHUB_repositories_daily,2024-07-24,1.0
thirdweb,GITHUB_contributors_daily,2024-07-24,6.0
Trail of Bits Security Reviews,GITHUB_active_developers_daily,2024-07-24,5.0
Pyth Network,GITHUB_active_developers_daily,2024-07-24,5.0
thirdweb,GITHUB_opened_pull_requests_daily,2024-07-24,7.0
Redstone Finance,GITHUB_opened_pull_requests_daily,2024-07-24,1.0
Debid - Fairblock,GITHUB_opened_pull_requests_daily,2024-07-24,1.0
Passport XYZ,GITHUB_merged_pull_requests_daily,2024-07-24,9.0
Trail of Bits Security Reviews,GITHUB_merged_pull_requests_daily,2024-07-24,8.0
Debid - Fairblock,GITHUB_merged_pull_requests_daily,2024-07-24,1.0
Open Source Observer,GITHUB_closed_issues_daily,2024-07-24,1.0
Walnut,GITHUB_forks_weekly,2024-02-05,2.0
Redstone Finance,GITHUB_forks_weekly,2024-02-05,1.0
Walnut,GITHUB_comments_daily,2024-02-05,2.0
Pyth Network,GITHUB_comments_daily,2024-02-05,5.0
Redstone Finance,GITHUB_commits_weekly,2024-02-05,14.0
Runtime Verification,GITHUB_commits_weekly,2024-02-05,150.0
Walnut,GITHUB_commits_weekly,2024-02-05,7.0
Debid - Fairblock,GITHUB_commits_weekly,2024-02-05,13.0
thirdweb,GITHUB_commits_weekly,2024-02-05,81.0
Pyth Network,GITHUB_comments_weekly,2024-02-05,86.0
Redstone Finance,GITHUB_repositories_daily,2024-02-05,3.0
Trail of Bits Security Reviews,GITHUB_repositories_weekly,2024-02-05,39.0
WakeUp Labs,GITHUB_repositories_weekly,2024-02-05,1.0
Arbos Foundry,GITHUB_repositories_weekly,2024-02-05,1.0
Walnut,GITHUB_repositories_weekly,2024-02-05,1.0
Redstone Finance,GITHUB_contributors_daily,2024-02-05,2.0
Remix IDE plugin for Arbitrum Stylus,GITHUB_contributors_daily,2024-02-05,2.0
Walnut,GITHUB_contributors_weekly,2024-02-05,4.0
Pyth Network,GITHUB_contributors_weekly,2024-02-05,14.0
Redstone Finance,GITHUB_active_developers_daily,2024-02-05,2.0
Walnut,GITHUB_active_developers_daily,2024-02-05,1.0
Trail of Bits Security Reviews,GITHUB_active_developers_weekly,2024-02-05,13.0
WakeUp Labs,GITHUB_opened_pull_requests_weekly,2024-02-05,1.0
Pyth Network,GITHUB_opened_pull_requests_weekly,2024-02-05,37.0
Runtime Verification,GITHUB_opened_pull_requests_weekly,2024-02-05,76.0
Trail of Bits Security Reviews,GITHUB_opened_pull_requests_daily,2024-02-05,28.0
thirdweb,GITHUB_merged_pull_requests_weekly,2024-02-05,80.0
Walnut,GITHUB_merged_pull_requests_weekly,2024-02-05,3.0
Walnut,GITHUB_closed_issues_daily,2024-02-05,2.0
Trail of Bits Security Reviews,GITHUB_closed_issues_weekly,2024-02-05,5.0
Runtime Verification,GITHUB_comments_daily,2024-04-16,36.0
Pyth Network,GITHUB_commits_daily,2024-04-16,8.0
Trail of Bits Security Reviews,GITHUB_commits_daily,2024-04-16,9.0
Trail of Bits Security Reviews,GITHUB_releases_daily,2024-04-16,2.0
Runtime Verification,GITHUB_repositories_daily,2024-04-16,9.0
Pyth Network,GITHUB_active_developers_daily,2024-04-16,6.0
thirdweb,GITHUB_opened_pull_requests_daily,2024-04-16,17.0
Runtime Verification,GITHUB_contributors_daily,2024-04-16,13.0
Redstone Finance,GITHUB_contributors_daily,2024-04-16,1.0
Trail of Bits Security Reviews,GITHUB_contributors_daily,2024-04-16,5.0
Open Source Observer,GITHUB_contributors_daily,2024-04-16,3.0
Pyth Network,GITHUB_contributors_daily,2024-04-16,11.0
thirdweb,GITHUB_contributors_daily,2024-04-16,10.0
WakeUp Labs,GITHUB_comments_daily,2024-02-02,1.0
Runtime Verification,GITHUB_comments_daily,2024-02-02,27.0
Runtime Verification,GITHUB_commits_daily,2024-02-02,5.0
Remix IDE plugin for Arbitrum Stylus,GITHUB_commits_daily,2024-02-02,1.0
Remix IDE plugin for Arbitrum Stylus,GITHUB_repositories_daily,2024-02-02,1.0
WakeUp Labs,GITHUB_opened_pull_requests_daily,2024-02-02,3.0
Runtime Verification,GITHUB_contributors_daily,2024-02-02,9.0
Pyth Network,GITHUB_contributors_daily,2024-02-02,4.0
Redstone Finance,GITHUB_contributors_daily,2024-02-02,2.0
Walnut,GITHUB_contributors_daily,2024-02-02,1.0
Pyth Network,GITHUB_active_developers_daily,2024-02-02,3.0
Pyth Network,GITHUB_merged_pull_requests_daily,2024-02-02,5.0
Trail of Bits Security Reviews,GITHUB_closed_issues_daily,2024-02-02,10.0
thirdweb,GITHUB_comments_daily,2024-06-19,170.0
Syndicate Protocol,GITHUB_stars_daily,2024-06-19,1.0
Trail of Bits Security Reviews,GITHUB_stars_daily,2024-06-19,10.0
Open Source Observer,GITHUB_commits_daily,2024-06-19,5.0
Redstone Finance,GITHUB_commits_daily,2024-06-19,4.0
Walnut,GITHUB_forks_daily,2024-06-19,2.0
Redstone Finance,GITHUB_contributors_daily,2024-06-19,1.0
Remix IDE plugin for Arbitrum Stylus,GITHUB_contributors_daily,2024-06-19,1.0
Open Source Observer,GITHUB_active_developers_daily,2024-06-19,2.0
Open Source Observer,GITHUB_opened_pull_requests_daily,2024-06-19,5.0
Pyth Network,GITHUB_opened_pull_requests_daily,2024-06-19,2.0
Trail of Bits Security Reviews,GITHUB_merged_pull_requests_daily,2024-06-19,4.0
Walnut,GITHUB_opened_issues_daily,2024-06-19,1.0
Trail of Bits Security Reviews,GITHUB_opened_issues_daily,2024-06-19,2.0
Redstone Finance,GITHUB_comments_daily,2024-12-27,1.0
Open Source Observer,GITHUB_comments_daily,2024-12-27,1.0
Open Source Observer,GITHUB_commits_daily,2024-12-27,2.0
Debid - Fairblock,GITHUB_commits_daily,2024-12-27,1.0
Redstone Finance,GITHUB_commits_daily,2024-12-27,4.0
Redstone Finance,GITHUB_repositories_daily,2024-12-27,1.0
Walnut,GITHUB_contributors_daily,2024-12-27,1.0
thirdweb,GITHUB_active_developers_daily,2024-12-27,1.0
Trail of Bits Security Reviews,GITHUB_active_developers_daily,2024-12-27,3.0
Walnut,GITHUB_active_developers_daily,2024-12-27,1.0
Debid - Fairblock,GITHUB_active_developers_daily,2024-12-27,1.0
CoBuilders,GITHUB_opened_pull_requests_daily,2024-12-27,1.0
Walnut,GITHUB_opened_pull_requests_daily,2024-12-27,1.0
Open Source Observer,GITHUB_opened_pull_requests_daily,2024-12-27,2.0
Walnut,GITHUB_merged_pull_requests_daily,2024-12-27,1.0
Trail of Bits Security Reviews,GITHUB_merged_pull_requests_daily,2024-12-27,6.0
Open Source Observer,GITHUB_merged_pull_requests_daily,2024-12-27,2.0
CodeTracer,GITHUB_comments_daily,2025-02-25,1.0
Redstone Finance,GITHUB_stars_daily,2025-02-25,7.0
Walnut,GITHUB_commits_daily,2025-02-25,3.0
Open Source Observer,GITHUB_commits_daily,2025-02-25,9.0
Trail of Bits Security Reviews,GITHUB_commits_daily,2025-02-25,6.0
Redstone Finance,GITHUB_forks_daily,2025-02-25,1.0
Pyth Network,GITHUB_forks_daily,2025-02-25,1.0
Redstone Finance,GITHUB_repositories_daily,2025-02-25,3.0
Open Source Observer,GITHUB_repositories_daily,2025-02-25,3.0
Trail of Bits Security Reviews,GITHUB_repositories_daily,2025-02-25,11.0
Passport XYZ,GITHUB_repositories_daily,2025-02-25,2.0
CodeTracer,GITHUB_contributors_daily,2025-02-25,3.0
Trail of Bits Security Reviews,GITHUB_contributors_daily,2025-02-25,5.0
Walnut,GITHUB_contributors_daily,2025-02-25,3.0
Open Source Observer,GITHUB_contributors_daily,2025-02-25,7.0
Runtime Verification,GITHUB_active_developers_daily,2025-02-25,1.0
thirdweb,GITHUB_active_developers_daily,2025-02-25,3.0
thirdweb,GITHUB_opened_pull_requests_daily,2025-02-25,12.0
Redstone Finance,GITHUB_merged_pull_requests_daily,2025-02-25,1.0
Trail of Bits Security Reviews,GITHUB_merged_pull_requests_daily,2025-02-25,5.0
Open Source Observer,GITHUB_merged_pull_requests_daily,2025-02-25,9.0
Open Source Observer,GITHUB_closed_issues_daily,2025-02-25,1.0
Trail of Bits Security Reviews,GITHUB_comments_daily,2025-01-18,5.0
Pyth Network,GITHUB_comments_daily,2025-01-18,2.0
Trail of Bits Security Reviews,GITHUB_commits_daily,2025-01-18,4.0
Open Source Observer,GITHUB_commits_daily,2025-01-18,5.0
thirdweb,GITHUB_releases_daily,2025-01-18,3.0
Redstone Finance,GITHUB_forks_daily,2025-01-18,1.0
Redstone Finance,GITHUB_repositories_daily,2025-01-18,1.0
Solang,GITHUB_repositories_daily,2025-01-18,1.0
9Lives,GITHUB_contributors_daily,2025-01-18,1.0
Trail of Bits Security Reviews,GITHUB_active_developers_daily,2025-01-18,1.0
Pyth Network,GITHUB_active_developers_daily,2025-01-18,1.0
Open Source Observer,GITHUB_active_developers_daily,2025-01-18,3.0
Trail of Bits Security Reviews,GITHUB_opened_pull_requests_daily,2025-01-18,4.0
Pyth Network,GITHUB_opened_pull_requests_daily,2025-01-18,2.0
thirdweb,GITHUB_opened_issues_daily,2025-01-18,1.0
Trail of Bits Security Reviews,GITHUB_stars_daily,2024-04-04,13.0
Runtime Verification,GITHUB_stars_daily,2024-04-04,2.0
Open Source Observer,GITHUB_commits_daily,2024-04-04,3.0
Redstone Finance,GITHUB_commits_daily,2024-04-04,7.0
Trail of Bits Security Reviews,GITHUB_commits_daily,2024-04-04,38.0
thirdweb,GITHUB_forks_daily,2024-04-04,3.0
Runtime Verification,GITHUB_forks_daily,2024-04-04,1.0
Redstone Finance,GITHUB_repositories_daily,2024-04-04,4.0
Walnut,GITHUB_repositories_daily,2024-04-04,2.0
Open Source Observer,GITHUB_contributors_daily,2024-04-04,3.0
Runtime Verification,GITHUB_contributors_daily,2024-04-04,11.0
Pyth Network,GITHUB_active_developers_daily,2024-04-04,5.0
Walnut,GITHUB_active_developers_daily,2024-04-04,1.0
Runtime Verification,GITHUB_merged_pull_requests_daily,2024-04-04,17.0
Walnut,GITHUB_merged_pull_requests_daily,2024-04-04,1.0
thirdweb,GITHUB_merged_pull_requests_daily,2024-04-04,12.0
Walnut,GITHUB_opened_issues_daily,2024-04-04,1.0
Runtime Verification,GITHUB_stars_daily,2024-07-06,1.0
Open Source Observer,GITHUB_stars_daily,2024-07-06,1.0
Walnut,GITHUB_commits_daily,2024-07-06,2.0
Trail of Bits Security Reviews,GITHUB_commits_daily,2024-07-06,1.0
Runtime Verification,GITHUB_commits_daily,2024-07-06,4.0
thirdweb,GITHUB_forks_daily,2024-07-06,3.0
Trail of Bits Security Reviews,GITHUB_forks_daily,2024-07-06,3.0
Redstone Finance,GITHUB_repositories_daily,2024-07-06,1.0
thirdweb,GITHUB_repositories_daily,2024-07-06,4.0
thirdweb,GITHUB_contributors_daily,2024-07-06,1.0
Walnut,GITHUB_active_developers_daily,2024-07-06,1.0
Passport XYZ,GITHUB_comments_daily,2024-12-04,16.0
Pyth Network,GITHUB_comments_daily,2024-12-04,12.0
Redstone Finance,GITHUB_comments_daily,2024-12-04,1.0
Open Source Observer,GITHUB_stars_daily,2024-12-04,1.0
Walnut,GITHUB_stars_daily,2024-12-04,2.0
thirdweb,GITHUB_commits_daily,2024-12-04,20.0
thirdweb,GITHUB_forks_daily,2024-12-04,1.0
Open Source Observer,GITHUB_repositories_daily,2024-12-04,4.0
thirdweb,GITHUB_repositories_daily,2024-12-04,4.0
Remix IDE plugin for Arbitrum Stylus,GITHUB_repositories_daily,2024-12-04,1.0
Trail of Bits Security Reviews,GITHUB_repositories_daily,2024-12-04,9.0
Solang,GITHUB_repositories_daily,2024-12-04,1.0
Pyth Network,GITHUB_repositories_daily,2024-12-04,4.0
Passport XYZ,GITHUB_contributors_daily,2024-12-04,3.0
Passport XYZ,GITHUB_active_developers_daily,2024-12-04,1.0
Debid - Fairblock,GITHUB_active_developers_daily,2024-12-04,1.0
Open Source Observer,GITHUB_opened_pull_requests_daily,2024-12-04,8.0
Open Source Observer,GITHUB_merged_pull_requests_daily,2024-12-04,7.0
thirdweb,GITHUB_opened_issues_daily,2024-12-04,2.0
Passport XYZ,GITHUB_closed_issues_daily,2024-12-04,4.0
Open Source Observer,GITHUB_comments_daily,2024-05-22,22.0
Pyth Network,GITHUB_comments_daily,2024-05-22,16.0
thirdweb,GITHUB_stars_daily,2024-05-22,4.0
Walnut,GITHUB_commits_daily,2024-05-22,2.0
Open Source Observer,GITHUB_commits_daily,2024-05-22,8.0
thirdweb,GITHUB_commits_daily,2024-05-22,18.0
Redstone Finance,GITHUB_commits_daily,2024-05-22,3.0
Trail of Bits Security Reviews,GITHUB_commits_daily,2024-05-22,2.0
Runtime Verification,GITHUB_releases_daily,2024-05-22,12.0
Pyth Network,GITHUB_forks_daily,2024-05-22,1.0
thirdweb,GITHUB_forks_daily,2024-05-22,4.0
Walnut,GITHUB_forks_daily,2024-05-22,6.0
Runtime Verification,GITHUB_repositories_daily,2024-05-22,10.0
thirdweb,GITHUB_repositories_daily,2024-05-22,8.0
Pyth Network,GITHUB_contributors_daily,2024-05-22,8.0
Open Source Observer,GITHUB_contributors_daily,2024-05-22,5.0
Open Source Observer,GITHUB_active_developers_daily,2024-05-22,3.0
Walnut,GITHUB_active_developers_daily,2024-05-22,1.0
thirdweb,GITHUB_opened_pull_requests_daily,2024-05-22,23.0
Pyth Network,GITHUB_opened_pull_requests_daily,2024-05-22,8.0
Open Source Observer,GITHUB_merged_pull_requests_daily,2024-05-22,8.0
Walnut,GITHUB_opened_issues_daily,2024-05-22,3.0
thirdweb,GITHUB_closed_issues_daily,2024-05-22,1.0
Runtime Verification,GITHUB_closed_issues_daily,2024-05-22,5.0
Trail of Bits Security Reviews,GITHUB_comments_daily,2024-05-04,1.0
Open Source Observer,GITHUB_comments_daily,2024-05-04,10.0
Redstone Finance,GITHUB_stars_daily,2024-05-04,1.0
Trail of Bits Security Reviews,GITHUB_stars_daily,2024-05-04,10.0
Redstone Finance,GITHUB_commits_daily,2024-05-04,1.0
Trail of Bits Security Reviews,GITHUB_commits_daily,2024-05-04,7.0
Walnut,GITHUB_commits_daily,2024-05-04,3.0
Pyth Network,GITHUB_releases_daily,2024-05-04,2.0
thirdweb,GITHUB_releases_daily,2024-05-04,11.0
Pyth Network,GITHUB_repositories_daily,2024-05-04,4.0
Redstone Finance,GITHUB_contributors_daily,2024-05-04,1.0
Syndicate Protocol,GITHUB_contributors_daily,2024-05-04,1.0
Walnut,GITHUB_active_developers_daily,2024-05-04,1.0
thirdweb,GITHUB_merged_pull_requests_daily,2024-05-04,10.0
Walnut,GITHUB_merged_pull_requests_daily,2024-05-04,1.0
Runtime Verification,GITHUB_comments_daily,2025-02-08,1.0
Walnut,GITHUB_comments_daily,2025-02-08,2.0
Pyth Network,GITHUB_commits_daily,2025-02-08,19.0
Trail of Bits Security Reviews,GITHUB_forks_daily,2025-02-08,1.0
Open Source Observer,GITHUB_active_developers_daily,2025-02-08,2.0
Pyth Network,GITHUB_active_developers_daily,2025-02-08,2.0
Walnut,GITHUB_merged_pull_requests_daily,2025-02-08,1.0
Solang,GITHUB_merged_pull_requests_daily,2025-02-08,1.0
thirdweb,GITHUB_merged_pull_requests_daily,2025-02-08,11.0
Open Source Observer,GITHUB_merged_pull_requests_daily,2025-02-08,5.0
Pyth Network,GITHUB_merged_pull_requests_daily,2025-02-08,4.0
thirdweb,GITHUB_opened_issues_daily,2025-02-08,1.0
Runtime Verification,GITHUB_forks_weekly,2024-06-17,3.0
Trail of Bits Security Reviews,GITHUB_forks_weekly,2024-06-17,9.0
Trail of Bits Security Reviews,GITHUB_stars_weekly,2024-06-17,90.0
thirdweb,GITHUB_stars_weekly,2024-06-17,18.0
Runtime Verification,GITHUB_stars_weekly,2024-06-17,5.0
Runtime Verification,GITHUB_releases_daily,2024-06-17,7.0
Remix IDE plugin for Arbitrum Stylus,GITHUB_commits_weekly,2024-06-17,7.0
Passport XYZ,GITHUB_comments_weekly,2024-06-17,16.0
Debid - Fairblock,GITHUB_repositories_weekly,2024-06-17,3.0
Runtime Verification,GITHUB_repositories_weekly,2024-06-17,21.0
Open Source Observer,GITHUB_forks_daily,2024-06-17,1.0
Open Source Observer,GITHUB_repositories_daily,2024-06-17,3.0
Trail of Bits Security Reviews,GITHUB_repositories_daily,2024-06-17,15.0
thirdweb,GITHUB_repositories_daily,2024-06-17,5.0
Redstone Finance,GITHUB_contributors_weekly,2024-06-17,2.0
Passport XYZ,GITHUB_active_developers_weekly,2024-06-17,1.0
Runtime Verification,GITHUB_active_developers_weekly,2024-06-17,10.0
Remix IDE plugin for Arbitrum Stylus,GITHUB_active_developers_weekly,2024-06-17,2.0
Open Source Observer,GITHUB_active_developers_daily,2024-06-17,3.0
thirdweb,GITHUB_active_developers_daily,2024-06-17,3.0
Runtime Verification,GITHUB_opened_pull_requests_daily,2024-06-17,12.0
Trail of Bits Security Reviews,GITHUB_opened_pull_requests_daily,2024-06-17,27.0
Open Source Observer,GITHUB_merged_pull_requests_daily,2024-06-17,7.0
Passport XYZ,GITHUB_merged_pull_requests_weekly,2024-06-17,6.0
Runtime Verification,GITHUB_merged_pull_requests_weekly,2024-06-17,55.0
Trail of Bits Security Reviews,GITHUB_merged_pull_requests_weekly,2024-06-17,48.0
thirdweb,GITHUB_closed_issues_weekly,2024-06-17,11.0
Pyth Network,GITHUB_comments_daily,2024-12-02,24.0
Runtime Verification,GITHUB_comments_daily,2024-12-02,4.0
Solang,GITHUB_forks_weekly,2024-12-02,1.0
thirdweb,GITHUB_forks_weekly,2024-12-02,6.0
Moving Stylus,GITHUB_commits_daily,2024-12-02,2.0
Debid - Fairblock,GITHUB_commits_daily,2024-12-02,7.0
Pyth Network,GITHUB_commits_daily,2024-12-02,13.0
Enclave,GITHUB_commits_daily,2024-12-02,11.0
thirdweb,GITHUB_commits_weekly,2024-12-02,92.0
Solang,GITHUB_commits_weekly,2024-12-02,1.0
Redstone Finance,GITHUB_commits_weekly,2024-12-02,47.0
Remix IDE plugin for Arbitrum Stylus,GITHUB_commits_weekly,2024-12-02,14.0
Trail of Bits Security Reviews,GITHUB_comments_weekly,2024-12-02,37.0
Redstone Finance,GITHUB_comments_weekly,2024-12-02,14.0
Runtime Verification,GITHUB_releases_daily,2024-12-02,3.0
Syndicate Protocol,GITHUB_repositories_weekly,2024-12-02,1.0
Pyth Network,GITHUB_repositories_weekly,2024-12-02,8.0
Remix IDE plugin for Arbitrum Stylus,GITHUB_repositories_weekly,2024-12-02,1.0
Debid - Fairblock,GITHUB_repositories_weekly,2024-12-02,3.0
Redstone Finance,GITHUB_repositories_weekly,2024-12-02,7.0
Walnut,GITHUB_repositories_weekly,2024-12-02,7.0
Runtime Verification,GITHUB_repositories_weekly,2024-12-02,21.0
Trail of Bits Security Reviews,GITHUB_forks_daily,2024-12-02,1.0
Open Source Observer,GITHUB_repositories_daily,2024-12-02,4.0
Pyth Network,GITHUB_repositories_daily,2024-12-02,4.0
thirdweb,GITHUB_repositories_daily,2024-12-02,4.0
Runtime Verification,GITHUB_repositories_daily,2024-12-02,8.0
Syndicate Protocol,GITHUB_contributors_weekly,2024-12-02,1.0
Passport XYZ,GITHUB_contributors_weekly,2024-12-02,6.0
Debid - Fairblock,GITHUB_contributors_weekly,2024-12-02,3.0
Pyth Network,GITHUB_active_developers_weekly,2024-12-02,11.0
Walnut,GITHUB_active_developers_weekly,2024-12-02,3.0
Runtime Verification,GITHUB_active_developers_weekly,2024-12-02,10.0
thirdweb,GITHUB_contributors_daily,2024-12-02,10.0
Runtime Verification,GITHUB_contributors_daily,2024-12-02,5.0
Trail of Bits Security Reviews,GITHUB_contributors_daily,2024-12-02,6.0
Passport XYZ,GITHUB_active_developers_daily,2024-12-02,1.0
Moving Stylus,GITHUB_active_developers_daily,2024-12-02,1.0
Remix IDE plugin for Arbitrum Stylus,GITHUB_opened_pull_requests_weekly,2024-12-02,3.0
thirdweb,GITHUB_opened_pull_requests_daily,2024-12-02,36.0
Runtime Verification,GITHUB_opened_pull_requests_daily,2024-12-02,2.0
Trail of Bits Security Reviews,GITHUB_opened_pull_requests_daily,2024-12-02,5.0
Redstone Finance,GITHUB_opened_pull_requests_daily,2024-12-02,3.0
Debid - Fairblock,GITHUB_merged_pull_requests_weekly,2024-12-02,1.0
Trail of Bits Security Reviews,GITHUB_merged_pull_requests_weekly,2024-12-02,23.0
thirdweb,GITHUB_merged_pull_requests_weekly,2024-12-02,87.0
Walnut,GITHUB_merged_pull_requests_weekly,2024-12-02,6.0
Solang,GITHUB_merged_pull_requests_weekly,2024-12-02,1.0
Trail of Bits Security Reviews,GITHUB_merged_pull_requests_daily,2024-12-02,7.0
Pyth Network,GITHUB_merged_pull_requests_daily,2024-12-02,12.0
Enclave,GITHUB_merged_pull_requests_daily,2024-12-02,1.0
Trail of Bits Security Reviews,GITHUB_opened_issues_weekly,2024-12-02,3.0
Runtime Verification,GITHUB_opened_issues_weekly,2024-12-02,2.0
Open Source Observer,GITHUB_opened_issues_weekly,2024-12-02,37.0
Passport XYZ,GITHUB_closed_issues_weekly,2024-12-02,12.0
Open Source Observer,GITHUB_closed_issues_weekly,2024-12-02,21.0
Enclave,GITHUB_comments_daily,2024-10-15,3.0
thirdweb,GITHUB_comments_daily,2024-10-15,163.0
Open Source Observer,GITHUB_stars_daily,2024-10-15,2.0
Sylow,GITHUB_stars_daily,2024-10-15,1.0
Passport XYZ,GITHUB_stars_daily,2024-10-15,2.0
Open Source Observer,GITHUB_commits_daily,2024-10-15,6.0
thirdweb,GITHUB_releases_daily,2024-10-15,4.0
Remix IDE plugin for Arbitrum Stylus,GITHUB_repositories_daily,2024-10-15,2.0
Pyth Network,GITHUB_repositories_daily,2024-10-15,3.0
Redstone Finance,GITHUB_repositories_daily,2024-10-15,8.0
Enclave,GITHUB_repositories_daily,2024-10-15,1.0
Solang,GITHUB_repositories_daily,2024-10-15,1.0
thirdweb,GITHUB_repositories_daily,2024-10-15,5.0
Enclave,GITHUB_contributors_daily,2024-10-15,1.0
Walnut,GITHUB_contributors_daily,2024-10-15,1.0
Pyth Network,GITHUB_contributors_daily,2024-10-15,4.0
Open Source Observer,GITHUB_opened_pull_requests_daily,2024-10-15,7.0
thirdweb,GITHUB_opened_pull_requests_daily,2024-10-15,24.0
Remix IDE plugin for Arbitrum Stylus,GITHUB_active_developers_daily,2024-10-15,2.0
Passport XYZ,GITHUB_active_developers_daily,2024-10-15,3.0
thirdweb,GITHUB_opened_issues_daily,2024-10-15,2.0
Open Source Observer,GITHUB_closed_issues_daily,2024-10-15,2.0
Runtime Verification,GITHUB_comments_daily,2024-03-20,42.0
Pyth Network,GITHUB_comments_daily,2024-03-20,15.0
Walnut,GITHUB_comments_daily,2024-03-20,16.0
Open Source Observer,GITHUB_comments_daily,2024-03-20,5.0
Trail of Bits Security Reviews,GITHUB_comments_daily,2024-03-20,7.0
Walnut,GITHUB_commits_daily,2024-03-20,11.0
Redstone Finance,GITHUB_repositories_daily,2024-03-20,2.0
Runtime Verification,GITHUB_contributors_daily,2024-03-20,12.0
Open Source Observer,GITHUB_active_developers_daily,2024-03-20,2.0
Runtime Verification,GITHUB_active_developers_daily,2024-03-20,2.0
Walnut,GITHUB_active_developers_daily,2024-03-20,1.0
Runtime Verification,GITHUB_opened_pull_requests_daily,2024-03-20,12.0
Debid - Fairblock,GITHUB_opened_pull_requests_daily,2024-03-20,1.0
Walnut,GITHUB_merged_pull_requests_daily,2024-03-20,3.0
thirdweb,GITHUB_merged_pull_requests_daily,2024-03-20,14.0
Trail of Bits Security Reviews,GITHUB_opened_issues_daily,2024-03-20,2.0
Trail of Bits Security Reviews,GITHUB_closed_issues_daily,2024-03-20,1.0
Walnut,GITHUB_closed_issues_daily,2024-03-20,3.0
Open Source Observer,GITHUB_closed_issues_daily,2024-03-20,2.0
Passport XYZ,GITHUB_comments_daily,2025-01-24,4.0
Runtime Verification,GITHUB_comments_daily,2025-01-24,8.0
Redstone Finance,GITHUB_comments_daily,2025-01-24,1.0
Walnut,GITHUB_comments_daily,2025-01-24,2.0
Runtime Verification,GITHUB_stars_daily,2025-01-24,2.0
Pyth Network,GITHUB_stars_daily,2025-01-24,4.0
Open Source Observer,GITHUB_commits_daily,2025-01-24,4.0
Redstone Finance,GITHUB_commits_daily,2025-01-24,3.0
Runtime Verification,GITHUB_releases_daily,2025-01-24,2.0
thirdweb,GITHUB_releases_daily,2025-01-24,3.0
Passport XYZ,GITHUB_repositories_daily,2025-01-24,2.0
Runtime Verification,GITHUB_repositories_daily,2025-01-24,5.0
Pyth Network,GITHUB_forks_daily,2025-01-24,1.0
9Lives,GITHUB_contributors_daily,2025-01-24,2.0
Redstone Finance,GITHUB_contributors_daily,2025-01-24,3.0
Passport XYZ,GITHUB_contributors_daily,2025-01-24,2.0
Walnut,GITHUB_active_developers_daily,2025-01-24,1.0
thirdweb,GITHUB_active_developers_daily,2025-01-24,3.0
Pyth Network,GITHUB_opened_pull_requests_daily,2025-01-24,8.0
Pyth Network,GITHUB_merged_pull_requests_daily,2025-01-24,8.0
Trail of Bits Security Reviews,GITHUB_merged_pull_requests_daily,2025-01-24,2.0
Runtime Verification,GITHUB_opened_issues_daily,2025-01-24,1.0
Runtime Verification,GITHUB_comments_daily,2024-05-07,24.0
Redstone Finance,GITHUB_comments_daily,2024-05-07,1.0
Pyth Network,GITHUB_comments_daily,2024-05-07,16.0
Pyth Network,GITHUB_stars_daily,2024-05-07,2.0
Redstone Finance,GITHUB_stars_daily,2024-05-07,2.0
Runtime Verification,GITHUB_stars_daily,2024-05-07,1.0
Pyth Network,GITHUB_commits_daily,2024-05-07,11.0
Open Source Observer,GITHUB_commits_daily,2024-05-07,4.0
Redstone Finance,GITHUB_commits_daily,2024-05-07,7.0
Trail of Bits Security Reviews,GITHUB_commits_daily,2024-05-07,26.0
Trail of Bits Security Reviews,GITHUB_releases_daily,2024-05-07,2.0
Pyth Network,GITHUB_releases_daily,2024-05-07,3.0
Pyth Network,GITHUB_forks_daily,2024-05-07,1.0
Open Source Observer,GITHUB_forks_daily,2024-05-07,1.0
Pyth Network,GITHUB_repositories_daily,2024-05-07,7.0
Debid - Fairblock,GITHUB_repositories_daily,2024-05-07,1.0
Runtime Verification,GITHUB_contributors_daily,2024-05-07,6.0
Pyth Network,GITHUB_contributors_daily,2024-05-07,10.0
Open Source Observer,GITHUB_active_developers_daily,2024-05-07,4.0
Trail of Bits Security Reviews,GITHUB_active_developers_daily,2024-05-07,5.0
Open Source Observer,GITHUB_opened_pull_requests_daily,2024-05-07,3.0
Walnut,GITHUB_opened_pull_requests_daily,2024-05-07,1.0
Runtime Verification,GITHUB_opened_pull_requests_daily,2024-05-07,8.0
Trail of Bits Security Reviews,GITHUB_opened_issues_daily,2024-05-07,2.0
Runtime Verification,GITHUB_forks_weekly,2024-09-30,2.0
Open Source Observer,GITHUB_forks_weekly,2024-09-30,6.0
Enclave,GITHUB_comments_daily,2024-09-30,13.0
Trail of Bits Security Reviews,GITHUB_comments_daily,2024-09-30,20.0
Solang,GITHUB_comments_daily,2024-09-30,3.0
Runtime Verification,GITHUB_comments_daily,2024-09-30,2.0
thirdweb,GITHUB_stars_weekly,2024-09-30,7.0
Enclave,GITHUB_stars_weekly,2024-09-30,1.0
Pyth Network,GITHUB_stars_weekly,2024-09-30,5.0
Trail of Bits Security Reviews,GITHUB_releases_weekly,2024-09-30,1.0
Debid - Fairblock,GITHUB_releases_weekly,2024-09-30,1.0
Debid - Fairblock,GITHUB_commits_daily,2024-09-30,5.0
Walnut,GITHUB_commits_daily,2024-09-30,22.0
Trail of Bits Security Reviews,GITHUB_commits_daily,2024-09-30,5.0
Trail of Bits Security Reviews,GITHUB_commits_weekly,2024-09-30,90.0
Passport XYZ,GITHUB_commits_weekly,2024-09-30,54.0
Open Source Observer,GITHUB_commits_weekly,2024-09-30,69.0
Debid - Fairblock,GITHUB_commits_weekly,2024-09-30,7.0
Open Source Observer,GITHUB_comments_weekly,2024-09-30,95.0
Debid - Fairblock,GITHUB_repositories_weekly,2024-09-30,4.0
Pyth Network,GITHUB_repositories_weekly,2024-09-30,8.0
Enclave,GITHUB_repositories_weekly,2024-09-30,1.0
Runtime Verification,GITHUB_repositories_weekly,2024-09-30,22.0
Redstone Finance,GITHUB_forks_daily,2024-09-30,1.0
Trail of Bits Security Reviews,GITHUB_repositories_daily,2024-09-30,16.0
thirdweb,GITHUB_repositories_daily,2024-09-30,4.0
Pyth Network,GITHUB_repositories_daily,2024-09-30,6.0
Passport XYZ,GITHUB_contributors_weekly,2024-09-30,7.0
thirdweb,GITHUB_contributors_weekly,2024-09-30,20.0
Arbos Foundry,GITHUB_contributors_weekly,2024-09-30,1.0
Trail of Bits Security Reviews,GITHUB_contributors_weekly,2024-09-30,13.0
Pyth Network,GITHUB_active_developers_weekly,2024-09-30,6.0
Arbos Foundry,GITHUB_active_developers_weekly,2024-09-30,1.0
Debid - Fairblock,GITHUB_active_developers_weekly,2024-09-30,2.0
Open Source Observer,GITHUB_contributors_daily,2024-09-30,3.0
Passport XYZ,GITHUB_contributors_daily,2024-09-30,4.0
Trail of Bits Security Reviews,GITHUB_contributors_daily,2024-09-30,6.0
Passport XYZ,GITHUB_active_developers_daily,2024-09-30,1.0
Passport XYZ,GITHUB_opened_pull_requests_weekly,2024-09-30,41.0
Debid - Fairblock,GITHUB_opened_pull_requests_weekly,2024-09-30,5.0
Redstone Finance,GITHUB_opened_pull_requests_weekly,2024-09-30,12.0
Runtime Verification,GITHUB_merged_pull_requests_weekly,2024-09-30,21.0
Redstone Finance,GITHUB_merged_pull_requests_weekly,2024-09-30,9.0
Passport XYZ,GITHUB_merged_pull_requests_daily,2024-09-30,11.0
Debid - Fairblock,GITHUB_merged_pull_requests_daily,2024-09-30,1.0
Runtime Verification,GITHUB_merged_pull_requests_daily,2024-09-30,6.0
Enclave,GITHUB_opened_issues_weekly,2024-09-30,15.0
Passport XYZ,GITHUB_opened_issues_weekly,2024-09-30,10.0
Pyth Network,GITHUB_merged_pull_requests_daily,2024-09-30,3.0
Redstone Finance,GITHUB_merged_pull_requests_daily,2024-09-30,2.0
Open Source Observer,GITHUB_closed_issues_weekly,2024-09-30,29.0
thirdweb,GITHUB_closed_issues_weekly,2024-09-30,1.0
Passport XYZ,GITHUB_closed_issues_weekly,2024-09-30,12.0
Debid - Fairblock,GITHUB_forks_weekly,2025-03-03,1.0
Pyth Network,GITHUB_forks_weekly,2025-03-03,3.0
thirdweb,GITHUB_forks_weekly,2025-03-03,5.0
Pyth Network,GITHUB_comments_daily,2025-03-03,28.0
Open Source Observer,GITHUB_comments_daily,2025-03-03,11.0
Passport XYZ,GITHUB_stars_daily,2025-03-03,2.0
Trail of Bits Security Reviews,GITHUB_stars_daily,2025-03-03,4.0
Open Source Observer,GITHUB_commits_daily,2025-03-03,5.0
thirdweb,GITHUB_releases_weekly,2025-03-03,14.0
Pyth Network,GITHUB_releases_weekly,2025-03-03,5.0
Passport XYZ,GITHUB_releases_weekly,2025-03-03,8.0
Runtime Verification,GITHUB_releases_weekly,2025-03-03,10.0
Open Source Observer,GITHUB_stars_weekly,2025-03-03,3.0
Solang,GITHUB_stars_weekly,2025-03-03,3.0
Redstone Finance,GITHUB_forks_daily,2025-03-03,2.0
Passport XYZ,GITHUB_repositories_daily,2025-03-03,2.0
Runtime Verification,GITHUB_repositories_daily,2025-03-03,5.0
Open Source Observer,GITHUB_repositories_daily,2025-03-03,2.0
Pyth Network,GITHUB_repositories_daily,2025-03-03,4.0
Solang,GITHUB_repositories_daily,2025-03-03,1.0
Debid - Fairblock,GITHUB_repositories_daily,2025-03-03,1.0
Debid - Fairblock,GITHUB_repositories_weekly,2025-03-03,2.0
9Lives,GITHUB_repositories_weekly,2025-03-03,1.0
Runtime Verification,GITHUB_contributors_daily,2025-03-03,5.0
Redstone Finance,GITHUB_contributors_daily,2025-03-03,3.0
Walnut,GITHUB_contributors_daily,2025-03-03,5.0
Open Source Observer,GITHUB_contributors_daily,2025-03-03,2.0
Debid - Fairblock,GITHUB_contributors_weekly,2025-03-03,4.0
Open Source Observer,GITHUB_contributors_weekly,2025-03-03,10.0
Trail of Bits Security Reviews,GITHUB_contributors_weekly,2025-03-03,14.0
Redstone Finance,GITHUB_contributors_weekly,2025-03-03,7.0
Sylow,GITHUB_contributors_weekly,2025-03-03,1.0
Enclave,GITHUB_contributors_weekly,2025-03-03,1.0
thirdweb,GITHUB_active_developers_daily,2025-03-03,4.0
Open Source Observer,GITHUB_active_developers_weekly,2025-03-03,7.0
thirdweb,GITHUB_active_developers_weekly,2025-03-03,8.0
Trail of Bits Security Reviews,GITHUB_active_developers_weekly,2025-03-03,8.0
Passport XYZ,GITHUB_active_developers_weekly,2025-03-03,3.0
CodeTracer,GITHUB_opened_pull_requests_weekly,2025-03-03,3.0
Trail of Bits Security Reviews,GITHUB_opened_pull_requests_weekly,2025-03-03,40.0
9Lives,GITHUB_opened_pull_requests_weekly,2025-03-03,1.0
Solang,GITHUB_opened_pull_requests_weekly,2025-03-03,3.0
Passport XYZ,GITHUB_opened_pull_requests_weekly,2025-03-03,16.0
Redstone Finance,GITHUB_opened_pull_requests_daily,2025-03-03,1.0
Walnut,GITHUB_opened_pull_requests_daily,2025-03-03,4.0
Open Source Observer,GITHUB_merged_pull_requests_weekly,2025-03-03,38.0
CoBuilders,GITHUB_merged_pull_requests_weekly,2025-03-03,1.0
Open Source Observer,GITHUB_merged_pull_requests_daily,2025-03-03,3.0
Redstone Finance,GITHUB_merged_pull_requests_daily,2025-03-03,2.0
Runtime Verification,GITHUB_opened_issues_daily,2025-03-03,3.0
Pyth Network,GITHUB_opened_issues_weekly,2025-03-03,1.0
Walnut,GITHUB_opened_issues_weekly,2025-03-03,11.0
Runtime Verification,GITHUB_opened_issues_weekly,2025-03-03,10.0
Walnut,GITHUB_closed_issues_daily,2025-03-03,3.0
Trail of Bits Security Reviews,GITHUB_closed_issues_weekly,2025-03-03,1.0
Trail of Bits Security Reviews,GITHUB_comments_daily,2024-06-26,7.0
Enclave,GITHUB_comments_daily,2024-06-26,1.0
Trail of Bits Security Reviews,GITHUB_stars_daily,2024-06-26,13.0
Redstone Finance,GITHUB_commits_daily,2024-06-26,2.0
thirdweb,GITHUB_forks_daily,2024-06-26,2.0
Trail of Bits Security Reviews,GITHUB_repositories_daily,2024-06-26,12.0
Debid - Fairblock,GITHUB_repositories_daily,2024-06-26,1.0
Enclave,GITHUB_repositories_daily,2024-06-26,1.0
Debid - Fairblock,GITHUB_contributors_daily,2024-06-26,1.0
Open Source Observer,GITHUB_contributors_daily,2024-06-26,4.0
Trail of Bits Security Reviews,GITHUB_active_developers_daily,2024-06-26,4.0
Debid - Fairblock,GITHUB_merged_pull_requests_daily,2024-06-26,1.0
Runtime Verification,GITHUB_closed_issues_daily,2024-06-26,3.0
thirdweb,GITHUB_comments_daily,2024-08-06,199.0
Trail of Bits Security Reviews,GITHUB_stars_daily,2024-08-06,81.0
Open Source Observer,GITHUB_stars_daily,2024-08-06,1.0
Passport XYZ,GITHUB_commits_daily,2024-08-06,8.0
Redstone Finance,GITHUB_commits_daily,2024-08-06,11.0
thirdweb,GITHUB_releases_daily,2024-08-06,3.0
Runtime Verification,GITHUB_releases_daily,2024-08-06,12.0
Pyth Network,GITHUB_forks_daily,2024-08-06,1.0
Runtime Verification,GITHUB_forks_daily,2024-08-06,1.0
Arbos Foundry,GITHUB_repositories_daily,2024-08-06,1.0
Open Source Observer,GITHUB_repositories_daily,2024-08-06,2.0
Redstone Finance,GITHUB_repositories_daily,2024-08-06,3.0
Debid - Fairblock,GITHUB_repositories_daily,2024-08-06,1.0
Redstone Finance,GITHUB_contributors_daily,2024-08-06,4.0
Runtime Verification,GITHUB_contributors_daily,2024-08-06,12.0
Redstone Finance,GITHUB_active_developers_daily,2024-08-06,4.0
Open Source Observer,GITHUB_active_developers_daily,2024-08-06,2.0
thirdweb,GITHUB_active_developers_daily,2024-08-06,2.0
thirdweb,GITHUB_opened_pull_requests_daily,2024-08-06,26.0
Open Source Observer,GITHUB_opened_pull_requests_daily,2024-08-06,11.0
thirdweb,GITHUB_merged_pull_requests_daily,2024-08-06,25.0
Runtime Verification,GITHUB_closed_issues_daily,2024-08-06,1.0
Walnut,GITHUB_closed_issues_daily,2024-08-06,1.0
Enclave,GITHUB_comments_daily,2024-09-14,3.0
Pyth Network,GITHUB_stars_daily,2024-09-14,1.0
thirdweb,GITHUB_stars_daily,2024-09-14,5.0
Open Source Observer,GITHUB_commits_daily,2024-09-14,2.0
Trail of Bits Security Reviews,GITHUB_commits_daily,2024-09-14,1.0
Open Source Observer,GITHUB_forks_daily,2024-09-14,1.0
Pyth Network,GITHUB_repositories_daily,2024-09-14,2.0
Sylow,GITHUB_repositories_daily,2024-09-14,1.0
Open Source Observer,GITHUB_contributors_daily,2024-09-14,3.0
Open Source Observer,GITHUB_active_developers_daily,2024-09-14,2.0
thirdweb,GITHUB_opened_pull_requests_daily,2024-09-14,14.0
Open Source Observer,GITHUB_opened_pull_requests_daily,2024-09-14,2.0
Open Source Observer,GITHUB_merged_pull_requests_daily,2024-09-14,2.0
Pyth Network,GITHUB_comments_daily,2024-03-15,24.0
Redstone Finance,GITHUB_commits_daily,2024-03-15,3.0
Open Source Observer,GITHUB_commits_daily,2024-03-15,6.0
thirdweb,GITHUB_releases_daily,2024-03-15,13.0
Pyth Network,GITHUB_forks_daily,2024-03-15,1.0
Open Source Observer,GITHUB_repositories_daily,2024-03-15,1.0
Trail of Bits Security Reviews,GITHUB_contributors_daily,2024-03-15,6.0
Redstone Finance,GITHUB_active_developers_daily,2024-03-15,1.0
Pyth Network,GITHUB_opened_pull_requests_daily,2024-03-15,10.0
Open Source Observer,GITHUB_opened_pull_requests_daily,2024-03-15,6.0
thirdweb,GITHUB_opened_pull_requests_daily,2024-03-15,21.0
thirdweb,GITHUB_comments_daily,2024-03-02,12.0
thirdweb,GITHUB_stars_daily,2024-03-02,1.0
Walnut,GITHUB_stars_daily,2024-03-02,1.0
thirdweb,GITHUB_commits_daily,2024-03-02,2.0
Runtime Verification,GITHUB_commits_daily,2024-03-02,1.0
Walnut,GITHUB_commits_daily,2024-03-02,10.0
Walnut,GITHUB_forks_daily,2024-03-02,1.0
Pyth Network,GITHUB_repositories_daily,2024-03-02,1.0
Syndicate Protocol,GITHUB_repositories_daily,2024-03-02,1.0
Open Source Observer,GITHUB_repositories_daily,2024-03-02,2.0
Runtime Verification,GITHUB_repositories_daily,2024-03-02,2.0
Redstone Finance,GITHUB_contributors_daily,2024-03-02,1.0
Redstone Finance,GITHUB_active_developers_daily,2024-03-02,1.0
Trail of Bits Security Reviews,GITHUB_opened_pull_requests_daily,2024-03-02,2.0
Runtime Verification,GITHUB_merged_pull_requests_daily,2024-03-02,1.0
Runtime Verification,GITHUB_opened_issues_daily,2024-03-02,1.0
Trail of Bits Security Reviews,GITHUB_closed_issues_daily,2024-03-02,1.0
Trail of Bits Security Reviews,GITHUB_comments_daily,2024-01-30,23.0
Runtime Verification,GITHUB_stars_daily,2024-01-30,1.0
thirdweb,GITHUB_commits_daily,2024-01-30,14.0
Runtime Verification,GITHUB_releases_daily,2024-01-30,6.0
Debid - Fairblock,GITHUB_repositories_daily,2024-01-30,1.0
Open Source Observer,GITHUB_repositories_daily,2024-01-30,1.0
Pyth Network,GITHUB_repositories_daily,2024-01-30,2.0
Runtime Verification,GITHUB_repositories_daily,2024-01-30,13.0
Open Source Observer,GITHUB_contributors_daily,2024-01-30,2.0
Open Source Observer,GITHUB_active_developers_daily,2024-01-30,1.0
thirdweb,GITHUB_active_developers_daily,2024-01-30,7.0
thirdweb,GITHUB_opened_pull_requests_daily,2024-01-30,12.0
Runtime Verification,GITHUB_merged_pull_requests_daily,2024-01-30,17.0
Redstone Finance,GITHUB_merged_pull_requests_daily,2024-01-30,1.0
Open Source Observer,GITHUB_merged_pull_requests_daily,2024-01-30,1.0
Runtime Verification,GITHUB_opened_issues_daily,2024-01-30,4.0
Runtime Verification,GITHUB_comments_daily,2025-03-12,5.0
CodeTracer,GITHUB_comments_daily,2025-03-12,20.0
Trail of Bits Security Reviews,GITHUB_stars_daily,2025-03-12,8.0
Solang,GITHUB_stars_daily,2025-03-12,1.0
thirdweb,GITHUB_commits_daily,2025-03-12,3.0
Redstone Finance,GITHUB_commits_daily,2025-03-12,7.0
Pyth Network,GITHUB_commits_daily,2025-03-12,8.0
Runtime Verification,GITHUB_forks_daily,2025-03-12,1.0
Passport XYZ,GITHUB_contributors_daily,2025-03-12,3.0
Open Source Observer,GITHUB_contributors_daily,2025-03-12,4.0
Walnut,GITHUB_contributors_daily,2025-03-12,2.0
CodeTracer,GITHUB_opened_pull_requests_daily,2025-03-12,1.0
Trail of Bits Security Reviews,GITHUB_opened_pull_requests_daily,2025-03-12,3.0
Walnut,GITHUB_merged_pull_requests_daily,2025-03-12,1.0
Open Source Observer,GITHUB_merged_pull_requests_daily,2025-03-12,3.0
Trail of Bits Security Reviews,GITHUB_merged_pull_requests_daily,2025-03-12,1.0
Runtime Verification,GITHUB_comments_daily,2024-03-21,39.0
Open Source Observer,GITHUB_commits_daily,2024-03-21,14.0
Walnut,GITHUB_commits_daily,2024-03-21,23.0
WakeUp Labs,GITHUB_repositories_daily,2024-03-21,1.0
Pyth Network,GITHUB_repositories_daily,2024-03-21,7.0
Debid - Fairblock,GITHUB_repositories_daily,2024-03-21,2.0
Debid - Fairblock,GITHUB_contributors_daily,2024-03-21,1.0
Runtime Verification,GITHUB_contributors_daily,2024-03-21,13.0
Walnut,GITHUB_contributors_daily,2024-03-21,4.0
Runtime Verification,GITHUB_active_developers_daily,2024-03-21,2.0
Trail of Bits Security Reviews,GITHUB_active_developers_daily,2024-03-21,4.0
Walnut,GITHUB_opened_pull_requests_daily,2024-03-21,4.0
Runtime Verification,GITHUB_merged_pull_requests_daily,2024-03-21,19.0
Trail of Bits Security Reviews,GITHUB_opened_issues_daily,2024-03-21,7.0
Pyth Network,GITHUB_comments_daily,2025-03-08,7.0
Runtime Verification,GITHUB_comments_daily,2025-03-08,1.0
Trail of Bits Security Reviews,GITHUB_stars_daily,2025-03-08,9.0
CodeTracer,GITHUB_stars_daily,2025-03-08,89.0
Open Source Observer,GITHUB_commits_daily,2025-03-08,6.0
Open Source Observer,GITHUB_forks_daily,2025-03-08,1.0
Open Source Observer,GITHUB_repositories_daily,2025-03-08,2.0
Redstone Finance,GITHUB_repositories_daily,2025-03-08,1.0
Solang,GITHUB_repositories_daily,2025-03-08,1.0
Sylow,GITHUB_repositories_daily,2025-03-08,1.0
thirdweb,GITHUB_repositories_daily,2025-03-08,1.0
CodeTracer,GITHUB_contributors_daily,2025-03-08,1.0
Open Source Observer,GITHUB_contributors_daily,2025-03-08,2.0
Open Source Observer,GITHUB_active_developers_daily,2025-03-08,1.0
Open Source Observer,GITHUB_merged_pull_requests_daily,2025-03-08,3.0
Trail of Bits Security Reviews,GITHUB_merged_pull_requests_daily,2025-03-08,2.0
Solang,GITHUB_merged_pull_requests_daily,2025-03-08,1.0
Sylow,GITHUB_opened_issues_daily,2025-03-08,1.0
Pyth Network,GITHUB_forks_weekly,2024-12-23,10.0
Trail of Bits Security Reviews,GITHUB_forks_weekly,2024-12-23,8.0
Trail of Bits Security Reviews,GITHUB_comments_daily,2024-12-23,4.0
Runtime Verification,GITHUB_stars_weekly,2024-12-23,8.0
Trail of Bits Security Reviews,GITHUB_stars_weekly,2024-12-23,73.0
Passport XYZ,GITHUB_stars_weekly,2024-12-23,12.0
Trail of Bits Security Reviews,GITHUB_stars_daily,2024-12-23,11.0
Runtime Verification,GITHUB_releases_weekly,2024-12-23,2.0
Trail of Bits Security Reviews,GITHUB_commits_daily,2024-12-23,5.0
thirdweb,GITHUB_commits_daily,2024-12-23,10.0
Debid - Fairblock,GITHUB_commits_weekly,2024-12-23,4.0
Pyth Network,GITHUB_comments_weekly,2024-12-23,11.0
Open Source Observer,GITHUB_comments_weekly,2024-12-23,22.0
Open Source Observer,GITHUB_repositories_weekly,2024-12-23,6.0
thirdweb,GITHUB_repositories_weekly,2024-12-23,9.0
Pyth Network,GITHUB_repositories_daily,2024-12-23,1.0
Redstone Finance,GITHUB_repositories_daily,2024-12-23,2.0
Passport XYZ,GITHUB_contributors_weekly,2024-12-23,1.0
Walnut,GITHUB_contributors_weekly,2024-12-23,3.0
Debid - Fairblock,GITHUB_contributors_weekly,2024-12-23,2.0
Redstone Finance,GITHUB_active_developers_weekly,2024-12-23,1.0
Pyth Network,GITHUB_active_developers_weekly,2024-12-23,3.0
thirdweb,GITHUB_active_developers_weekly,2024-12-23,2.0
Walnut,GITHUB_contributors_daily,2024-12-23,2.0
Redstone Finance,GITHUB_contributors_daily,2024-12-23,2.0
Redstone Finance,GITHUB_active_developers_daily,2024-12-23,1.0
Moving Stylus,GITHUB_opened_pull_requests_weekly,2024-12-23,3.0
Open Source Observer,GITHUB_opened_pull_requests_weekly,2024-12-23,11.0
Runtime Verification,GITHUB_opened_pull_requests_weekly,2024-12-23,8.0
Walnut,GITHUB_opened_pull_requests_daily,2024-12-23,3.0
Open Source Observer,GITHUB_merged_pull_requests_weekly,2024-12-23,12.0
Redstone Finance,GITHUB_merged_pull_requests_weekly,2024-12-23,8.0
thirdweb,GITHUB_merged_pull_requests_daily,2024-12-23,10.0
Moving Stylus,GITHUB_merged_pull_requests_daily,2024-12-23,1.0
Passport XYZ,GITHUB_opened_issues_weekly,2024-12-23,6.0
Walnut,GITHUB_commits_daily,2025-01-05,1.0
Enclave,GITHUB_repositories_daily,2025-01-05,1.0
Open Source Observer,GITHUB_repositories_daily,2025-01-05,1.0
Solang,GITHUB_repositories_daily,2025-01-05,1.0
Redstone Finance,GITHUB_repositories_daily,2025-01-05,1.0
thirdweb,GITHUB_contributors_daily,2025-01-05,4.0
Redstone Finance,GITHUB_opened_pull_requests_daily,2025-01-05,1.0
Runtime Verification,GITHUB_comments_daily,2024-06-14,28.0
Walnut,GITHUB_comments_daily,2024-06-14,2.0
Trail of Bits Security Reviews,GITHUB_comments_daily,2024-06-14,17.0
Pyth Network,GITHUB_releases_daily,2024-06-14,4.0
thirdweb,GITHUB_stars_daily,2024-06-14,1.0
Trail of Bits Security Reviews,GITHUB_commits_daily,2024-06-14,48.0
Pyth Network,GITHUB_commits_daily,2024-06-14,7.0
thirdweb,GITHUB_forks_daily,2024-06-14,1.0
Trail of Bits Security Reviews,GITHUB_repositories_daily,2024-06-14,12.0
Walnut,GITHUB_active_developers_daily,2024-06-14,1.0
Runtime Verification,GITHUB_active_developers_daily,2024-06-14,2.0
Walnut,GITHUB_opened_pull_requests_daily,2024-06-14,3.0
Pyth Network,GITHUB_merged_pull_requests_daily,2024-06-14,8.0
Walnut,GITHUB_closed_issues_daily,2024-06-14,1.0
Trail of Bits Security Reviews,GITHUB_comments_daily,2024-03-05,3.0
Debid - Fairblock,GITHUB_commits_daily,2024-03-05,28.0
thirdweb,GITHUB_commits_daily,2024-03-05,12.0
Redstone Finance,GITHUB_commits_daily,2024-03-05,3.0
Runtime Verification,GITHUB_releases_daily,2024-03-05,8.0
Trail of Bits Security Reviews,GITHUB_forks_daily,2024-03-05,2.0
Runtime Verification,GITHUB_repositories_daily,2024-03-05,12.0
Debid - Fairblock,GITHUB_repositories_daily,2024-03-05,3.0
thirdweb,GITHUB_repositories_daily,2024-03-05,9.0
Redstone Finance,GITHUB_repositories_daily,2024-03-05,2.0
Syndicate Protocol,GITHUB_repositories_daily,2024-03-05,1.0
Runtime Verification,GITHUB_contributors_daily,2024-03-05,14.0
Pyth Network,GITHUB_contributors_daily,2024-03-05,7.0
Trail of Bits Security Reviews,GITHUB_contributors_daily,2024-03-05,7.0
Debid - Fairblock,GITHUB_contributors_daily,2024-03-05,10.0
Runtime Verification,GITHUB_active_developers_daily,2024-03-05,5.0
Redstone Finance,GITHUB_active_developers_daily,2024-03-05,1.0
Debid - Fairblock,GITHUB_active_developers_daily,2024-03-05,3.0
Trail of Bits Security Reviews,GITHUB_opened_pull_requests_daily,2024-03-05,5.0
Walnut,GITHUB_opened_pull_requests_daily,2024-03-05,2.0
Pyth Network,GITHUB_merged_pull_requests_daily,2024-03-05,3.0
Walnut,GITHUB_merged_pull_requests_daily,2024-03-05,3.0
Trail of Bits Security Reviews,GITHUB_opened_issues_daily,2024-03-05,1.0
Walnut,GITHUB_closed_issues_daily,2024-03-05,1.0
Redstone Finance,GITHUB_comments_daily,2024-02-23,2.0
Walnut,GITHUB_stars_daily,2024-02-23,2.0
Runtime Verification,GITHUB_stars_daily,2024-02-23,1.0
Pyth Network,GITHUB_stars_daily,2024-02-23,2.0
thirdweb,GITHUB_stars_daily,2024-02-23,1.0
Pyth Network,GITHUB_commits_daily,2024-02-23,3.0
Pyth Network,GITHUB_forks_daily,2024-02-23,1.0
thirdweb,GITHUB_repositories_daily,2024-02-23,5.0
thirdweb,GITHUB_contributors_daily,2024-02-23,9.0
Runtime Verification,GITHUB_contributors_daily,2024-02-23,8.0
Trail of Bits Security Reviews,GITHUB_contributors_daily,2024-02-23,8.0
Open Source Observer,GITHUB_active_developers_daily,2024-02-23,3.0
thirdweb,GITHUB_active_developers_daily,2024-02-23,4.0
thirdweb,GITHUB_opened_pull_requests_daily,2024-02-23,21.0
Redstone Finance,GITHUB_opened_pull_requests_daily,2024-02-23,1.0
Pyth Network,GITHUB_opened_pull_requests_daily,2024-02-23,4.0
thirdweb,GITHUB_merged_pull_requests_daily,2024-02-23,14.0
Walnut,GITHUB_merged_pull_requests_daily,2024-02-23,2.0
Redstone Finance,GITHUB_merged_pull_requests_daily,2024-02-23,1.0
Passport XYZ,GITHUB_comments_daily,2024-10-09,6.0
thirdweb,GITHUB_comments_daily,2024-10-09,119.0
Open Source Observer,GITHUB_comments_daily,2024-10-09,10.0
Enclave,GITHUB_comments_daily,2024-10-09,7.0
thirdweb,GITHUB_stars_daily,2024-10-09,2.0
Passport XYZ,GITHUB_commits_daily,2024-10-09,6.0
Runtime Verification,GITHUB_commits_daily,2024-10-09,7.0
Passport XYZ,GITHUB_repositories_daily,2024-10-09,2.0
thirdweb,GITHUB_contributors_daily,2024-10-09,11.0
Passport XYZ,GITHUB_contributors_daily,2024-10-09,4.0
Redstone Finance,GITHUB_active_developers_daily,2024-10-09,2.0
Debid - Fairblock,GITHUB_merged_pull_requests_daily,2024-10-09,3.0
Open Source Observer,GITHUB_opened_issues_daily,2024-10-09,1.0
Runtime Verification,GITHUB_opened_issues_daily,2024-10-09,3.0
Passport XYZ,GITHUB_closed_issues_daily,2024-10-09,8.0
Pyth Network,GITHUB_comments_daily,2024-07-28,2.0
Debid - Fairblock,GITHUB_forks_daily,2024-07-28,1.0
Pyth Network,GITHUB_repositories_daily,2024-07-28,2.0
Open Source Observer,GITHUB_repositories_daily,2024-07-28,1.0
Open Source Observer,GITHUB_contributors_daily,2024-07-28,2.0
thirdweb,GITHUB_contributors_daily,2024-07-28,4.0
Pyth Network,GITHUB_contributors_daily,2024-07-28,1.0
Pyth Network,GITHUB_opened_pull_requests_daily,2024-07-28,2.0
Open Source Observer,GITHUB_merged_pull_requests_daily,2024-07-28,4.0
thirdweb,GITHUB_merged_pull_requests_daily,2024-07-28,1.0
Open Source Observer,GITHUB_closed_issues_daily,2024-07-28,5.0
Enclave,GITHUB_comments_daily,2025-04-10,1.0
Walnut,GITHUB_commits_daily,2025-04-10,2.0
Runtime Verification,GITHUB_commits_daily,2025-04-10,1.0
9Lives,GITHUB_commits_daily,2025-04-10,2.0
Passport XYZ,GITHUB_repositories_daily,2025-04-10,1.0
thirdweb,GITHUB_forks_daily,2025-04-10,3.0
Walnut,GITHUB_forks_daily,2025-04-10,1.0
Open Source Observer,GITHUB_contributors_daily,2025-04-10,5.0
9Lives,GITHUB_active_developers_daily,2025-04-10,1.0
Open Source Observer,GITHUB_active_developers_daily,2025-04-10,4.0
Walnut,GITHUB_opened_pull_requests_daily,2025-04-10,1.0
Open Source Observer,GITHUB_opened_pull_requests_daily,2025-04-10,6.0
Runtime Verification,GITHUB_merged_pull_requests_daily,2025-04-10,3.0
Trail of Bits Security Reviews,GITHUB_stars_daily,2024-05-19,21.0
Open Source Observer,GITHUB_commits_daily,2024-05-19,1.0
Trail of Bits Security Reviews,GITHUB_repositories_daily,2024-05-19,19.0
Trail of Bits Security Reviews,GITHUB_contributors_daily,2024-05-19,3.0
thirdweb,GITHUB_contributors_daily,2024-05-19,6.0
Pyth Network,GITHUB_contributors_daily,2024-05-19,1.0
Runtime Verification,GITHUB_contributors_daily,2024-05-19,2.0
Pyth Network,GITHUB_active_developers_daily,2024-05-19,1.0
Open Source Observer,GITHUB_active_developers_daily,2024-05-19,1.0
Trail of Bits Security Reviews,GITHUB_active_developers_daily,2024-05-19,3.0
Open Source Observer,GITHUB_opened_pull_requests_daily,2024-05-19,2.0
Trail of Bits Security Reviews,GITHUB_opened_issues_daily,2024-05-19,1.0
Open Source Observer,GITHUB_closed_issues_daily,2024-05-19,1.0
Walnut,GITHUB_comments_daily,2025-02-13,2.0
Pyth Network,GITHUB_comments_daily,2025-02-13,7.0
9Lives,GITHUB_commits_daily,2025-02-13,4.0
thirdweb,GITHUB_commits_daily,2025-02-13,7.0
thirdweb,GITHUB_releases_daily,2025-02-13,2.0
Redstone Finance,GITHUB_stars_daily,2025-02-13,1.0
Open Source Observer,GITHUB_active_developers_daily,2025-02-13,4.0
Trail of Bits Security Reviews,GITHUB_active_developers_daily,2025-02-13,3.0
Redstone Finance,GITHUB_active_developers_daily,2025-02-13,2.0
Runtime Verification,GITHUB_active_developers_daily,2025-02-13,1.0
thirdweb,GITHUB_contributors_daily,2025-02-13,9.0
Redstone Finance,GITHUB_forks_daily,2025-02-13,1.0
Remix IDE plugin for Arbitrum Stylus,GITHUB_repositories_daily,2025-02-13,1.0
Passport XYZ,GITHUB_repositories_daily,2025-02-13,3.0
Passport XYZ,GITHUB_opened_pull_requests_daily,2025-02-13,8.0
Walnut,GITHUB_opened_pull_requests_daily,2025-02-13,1.0
Open Source Observer,GITHUB_opened_pull_requests_daily,2025-02-13,10.0
Pyth Network,GITHUB_opened_pull_requests_daily,2025-02-13,4.0
Passport XYZ,GITHUB_merged_pull_requests_daily,2025-02-13,4.0
Pyth Network,GITHUB_merged_pull_requests_daily,2025-02-13,2.0
Passport XYZ,GITHUB_opened_issues_daily,2025-02-13,2.0
thirdweb,GITHUB_closed_issues_daily,2025-02-13,3.0
Open Source Observer,GITHUB_comments_daily,2024-12-06,13.0
Remix IDE plugin for Arbitrum Stylus,GITHUB_commits_daily,2024-12-06,14.0
Walnut,GITHUB_commits_daily,2024-12-06,45.0
Passport XYZ,GITHUB_repositories_daily,2024-12-06,1.0
Trail of Bits Security Reviews,GITHUB_merged_pull_requests_daily,2024-12-06,5.0
Walnut,GITHUB_merged_pull_requests_daily,2024-12-06,2.0
Trail of Bits Security Reviews,GITHUB_active_developers_daily,2024-12-06,4.0
Passport XYZ,GITHUB_active_developers_daily,2024-12-06,1.0
thirdweb,GITHUB_active_developers_daily,2024-12-06,5.0
Pyth Network,GITHUB_active_developers_daily,2024-12-06,6.0
Open Source Observer,GITHUB_opened_pull_requests_daily,2024-12-06,3.0
Remix IDE plugin for Arbitrum Stylus,GITHUB_opened_pull_requests_daily,2024-12-06,2.0
Trail of Bits Security Reviews,GITHUB_opened_pull_requests_daily,2024-12-06,5.0
Open Source Observer,GITHUB_closed_issues_daily,2024-12-06,5.0
Passport XYZ,GITHUB_comments_daily,2024-08-13,2.0
Pyth Network,GITHUB_comments_daily,2024-08-13,49.0
Trail of Bits Security Reviews,GITHUB_stars_daily,2024-08-13,15.0
Walnut,GITHUB_commits_daily,2024-08-13,10.0
Open Source Observer,GITHUB_commits_daily,2024-08-13,4.0
Trail of Bits Security Reviews,GITHUB_releases_daily,2024-08-13,2.0
thirdweb,GITHUB_forks_daily,2024-08-13,1.0
Open Source Observer,GITHUB_repositories_daily,2024-08-13,2.0
Pyth Network,GITHUB_repositories_daily,2024-08-13,2.0
Passport XYZ,GITHUB_repositories_daily,2024-08-13,1.0
Passport XYZ,GITHUB_contributors_daily,2024-08-13,1.0
Open Source Observer,GITHUB_active_developers_daily,2024-08-13,3.0
Runtime Verification,GITHUB_active_developers_daily,2024-08-13,4.0
Walnut,GITHUB_active_developers_daily,2024-08-13,2.0
Redstone Finance,GITHUB_active_developers_daily,2024-08-13,2.0
Pyth Network,GITHUB_opened_pull_requests_daily,2024-08-13,2.0
thirdweb,GITHUB_merged_pull_requests_daily,2024-08-13,29.0
Walnut,GITHUB_comments_daily,2024-02-08,1.0
Arbos Foundry,GITHUB_commits_daily,2024-02-08,20.0
Debid - Fairblock,GITHUB_commits_daily,2024-02-08,1.0
Debid - Fairblock,GITHUB_repositories_daily,2024-02-08,1.0
Pyth Network,GITHUB_contributors_daily,2024-02-08,10.0
Debid - Fairblock,GITHUB_contributors_daily,2024-02-08,1.0
thirdweb,GITHUB_contributors_daily,2024-02-08,11.0
Redstone Finance,GITHUB_active_developers_daily,2024-02-08,2.0
Trail of Bits Security Reviews,GITHUB_active_developers_daily,2024-02-08,5.0
Arbos Foundry,GITHUB_active_developers_daily,2024-02-08,1.0
Open Source Observer,GITHUB_active_developers_daily,2024-02-08,3.0
Debid - Fairblock,GITHUB_active_developers_daily,2024-02-08,1.0
thirdweb,GITHUB_opened_pull_requests_daily,2024-02-08,13.0
Open Source Observer,GITHUB_opened_pull_requests_daily,2024-02-08,5.0
Open Source Observer,GITHUB_merged_pull_requests_daily,2024-02-08,6.0
Runtime Verification,GITHUB_merged_pull_requests_daily,2024-02-08,11.0
Trail of Bits Security Reviews,GITHUB_opened_issues_daily,2024-02-08,3.0
Runtime Verification,GITHUB_closed_issues_daily,2024-02-08,6.0
Open Source Observer,GITHUB_closed_issues_daily,2024-02-08,1.0
Open Source Observer,GITHUB_commits_daily,2024-09-27,6.0
Runtime Verification,GITHUB_commits_daily,2024-09-27,1.0
Trail of Bits Security Reviews,GITHUB_commits_daily,2024-09-27,12.0
Pyth Network,GITHUB_repositories_daily,2024-09-27,2.0
Redstone Finance,GITHUB_repositories_daily,2024-09-27,2.0
Walnut,GITHUB_contributors_daily,2024-09-27,3.0
Pyth Network,GITHUB_active_developers_daily,2024-09-27,2.0
thirdweb,GITHUB_active_developers_daily,2024-09-27,4.0
Walnut,GITHUB_opened_pull_requests_daily,2024-09-27,1.0
Passport XYZ,GITHUB_merged_pull_requests_daily,2024-09-27,14.0
thirdweb,GITHUB_opened_issues_daily,2024-09-27,1.0
Passport XYZ,GITHUB_opened_issues_daily,2024-09-27,2.0
Trail of Bits Security Reviews,GITHUB_opened_issues_daily,2024-09-27,1.0
Runtime Verification,GITHUB_comments_daily,2024-09-12,24.0
Pyth Network,GITHUB_comments_daily,2024-09-12,13.0
thirdweb,GITHUB_stars_daily,2024-09-12,1.0
Open Source Observer,GITHUB_stars_daily,2024-09-12,1.0
thirdweb,GITHUB_forks_daily,2024-09-12,2.0
Trail of Bits Security Reviews,GITHUB_forks_daily,2024-09-12,3.0
Open Source Observer,GITHUB_repositories_daily,2024-09-12,3.0
Passport XYZ,GITHUB_repositories_daily,2024-09-12,2.0
thirdweb,GITHUB_repositories_daily,2024-09-12,3.0
Open Source Observer,GITHUB_contributors_daily,2024-09-12,6.0
Enclave,GITHUB_contributors_daily,2024-09-12,1.0
Passport XYZ,GITHUB_active_developers_daily,2024-09-12,1.0
Open Source Observer,GITHUB_active_developers_daily,2024-09-12,6.0
Redstone Finance,GITHUB_merged_pull_requests_daily,2024-09-12,1.0
Pyth Network,GITHUB_merged_pull_requests_daily,2024-09-12,7.0
Open Source Observer,GITHUB_closed_issues_daily,2024-09-12,5.0
Trail of Bits Security Reviews,GITHUB_forks_weekly,2024-08-19,12.0
Redstone Finance,GITHUB_forks_weekly,2024-08-19,2.0
Runtime Verification,GITHUB_forks_weekly,2024-08-19,3.0
Passport XYZ,GITHUB_forks_weekly,2024-08-19,2.0
Redstone Finance,GITHUB_comments_daily,2024-08-19,1.0
Pyth Network,GITHUB_comments_daily,2024-08-19,11.0
Enclave,GITHUB_stars_weekly,2024-08-19,1.0
Trail of Bits Security Reviews,GITHUB_commits_daily,2024-08-19,22.0
thirdweb,GITHUB_commits_daily,2024-08-19,10.0
Remix IDE plugin for Arbitrum Stylus,GITHUB_releases_weekly,2024-08-19,1.0
Redstone Finance,GITHUB_comments_weekly,2024-08-19,7.0
Enclave,GITHUB_comments_weekly,2024-08-19,9.0
Passport XYZ,GITHUB_comments_weekly,2024-08-19,44.0
Walnut,GITHUB_commits_weekly,2024-08-19,4.0
thirdweb,GITHUB_commits_weekly,2024-08-19,96.0
Runtime Verification,GITHUB_commits_weekly,2024-08-19,94.0
Runtime Verification,GITHUB_repositories_weekly,2024-08-19,20.0
Walnut,GITHUB_repositories_weekly,2024-08-19,3.0
Remix IDE plugin for Arbitrum Stylus,GITHUB_repositories_weekly,2024-08-19,2.0
Passport XYZ,GITHUB_repositories_weekly,2024-08-19,3.0
thirdweb,GITHUB_repositories_weekly,2024-08-19,7.0
Enclave,GITHUB_repositories_weekly,2024-08-19,1.0
Enclave,GITHUB_contributors_weekly,2024-08-19,1.0
Redstone Finance,GITHUB_contributors_weekly,2024-08-19,8.0
Passport XYZ,GITHUB_active_developers_weekly,2024-08-19,3.0
Runtime Verification,GITHUB_contributors_daily,2024-08-19,10.0
Passport XYZ,GITHUB_contributors_daily,2024-08-19,1.0
Trail of Bits Security Reviews,GITHUB_active_developers_daily,2024-08-19,5.0
Redstone Finance,GITHUB_opened_pull_requests_daily,2024-08-19,2.0
Open Source Observer,GITHUB_opened_pull_requests_daily,2024-08-19,1.0
Pyth Network,GITHUB_opened_pull_requests_daily,2024-08-19,2.0
Passport XYZ,GITHUB_opened_pull_requests_weekly,2024-08-19,24.0
Open Source Observer,GITHUB_opened_pull_requests_weekly,2024-08-19,17.0
Pyth Network,GITHUB_opened_pull_requests_weekly,2024-08-19,32.0
thirdweb,GITHUB_merged_pull_requests_daily,2024-08-19,10.0
Runtime Verification,GITHUB_merged_pull_requests_daily,2024-08-19,6.0
Enclave,GITHUB_merged_pull_requests_weekly,2024-08-19,5.0
Remix IDE plugin for Arbitrum Stylus,GITHUB_merged_pull_requests_weekly,2024-08-19,1.0
Runtime Verification,GITHUB_opened_issues_weekly,2024-08-19,5.0
Trail of Bits Security Reviews,GITHUB_opened_issues_weekly,2024-08-19,10.0
Passport XYZ,GITHUB_opened_issues_weekly,2024-08-19,14.0
Passport XYZ,GITHUB_opened_issues_daily,2024-08-19,2.0
Trail of Bits Security Reviews,GITHUB_closed_issues_weekly,2024-08-19,4.0
Pyth Network,GITHUB_stars_daily,2024-01-31,1.0
Walnut,GITHUB_commits_daily,2024-01-31,1.0
Trail of Bits Security Reviews,GITHUB_commits_daily,2024-01-31,9.0
Runtime Verification,GITHUB_releases_daily,2024-01-31,6.0
Remix IDE plugin for Arbitrum Stylus,GITHUB_repositories_daily,2024-01-31,1.0
thirdweb,GITHUB_contributors_daily,2024-01-31,11.0
Open Source Observer,GITHUB_contributors_daily,2024-01-31,1.0
Pyth Network,GITHUB_active_developers_daily,2024-01-31,5.0
Remix IDE plugin for Arbitrum Stylus,GITHUB_active_developers_daily,2024-01-31,1.0
Open Source Observer,GITHUB_active_developers_daily,2024-01-31,1.0
Runtime Verification,GITHUB_opened_pull_requests_daily,2024-01-31,14.0
Walnut,GITHUB_opened_issues_daily,2024-01-31,1.0
Pyth Network,GITHUB_merged_pull_requests_daily,2024-01-31,10.0
Open Source Observer,GITHUB_merged_pull_requests_daily,2024-01-31,3.0
thirdweb,GITHUB_forks_weekly,2024-12-09,7.0
Passport XYZ,GITHUB_comments_daily,2024-12-09,20.0
Pyth Network,GITHUB_stars_weekly,2024-12-09,2.0
thirdweb,GITHUB_stars_weekly,2024-12-09,7.0
Passport XYZ,GITHUB_commits_daily,2024-12-09,8.0
thirdweb,GITHUB_releases_weekly,2024-12-09,11.0
Trail of Bits Security Reviews,GITHUB_releases_weekly,2024-12-09,7.0
Pyth Network,GITHUB_commits_weekly,2024-12-09,42.0
Moving Stylus,GITHUB_commits_weekly,2024-12-09,8.0
Debid - Fairblock,GITHUB_commits_weekly,2024-12-09,15.0
Redstone Finance,GITHUB_comments_weekly,2024-12-09,9.0
Walnut,GITHUB_commits_weekly,2024-12-09,14.0
Walnut,GITHUB_repositories_weekly,2024-12-09,4.0
Syndicate Protocol,GITHUB_repositories_weekly,2024-12-09,1.0
Pyth Network,GITHUB_repositories_daily,2024-12-09,3.0
Enclave,GITHUB_repositories_daily,2024-12-09,1.0
Debid - Fairblock,GITHUB_repositories_daily,2024-12-09,1.0
Open Source Observer,GITHUB_contributors_weekly,2024-12-09,8.0
Passport XYZ,GITHUB_contributors_weekly,2024-12-09,5.0
Passport XYZ,GITHUB_active_developers_weekly,2024-12-09,3.0
Pyth Network,GITHUB_active_developers_weekly,2024-12-09,9.0
Debid - Fairblock,GITHUB_contributors_daily,2024-12-09,1.0
Pyth Network,GITHUB_contributors_daily,2024-12-09,5.0
Pyth Network,GITHUB_opened_pull_requests_daily,2024-12-09,6.0
Open Source Observer,GITHUB_opened_pull_requests_weekly,2024-12-09,34.0
Passport XYZ,GITHUB_opened_pull_requests_weekly,2024-12-09,12.0
Trail of Bits Security Reviews,GITHUB_merged_pull_requests_daily,2024-12-09,17.0
Open Source Observer,GITHUB_merged_pull_requests_daily,2024-12-09,7.0
Pyth Network,GITHUB_merged_pull_requests_daily,2024-12-09,8.0
Runtime Verification,GITHUB_merged_pull_requests_daily,2024-12-09,5.0
Trail of Bits Security Reviews,GITHUB_merged_pull_requests_weekly,2024-12-09,49.0
thirdweb,GITHUB_merged_pull_requests_weekly,2024-12-09,91.0
Solang,GITHUB_merged_pull_requests_weekly,2024-12-09,1.0
Pyth Network,GITHUB_opened_issues_weekly,2024-12-09,1.0
Open Source Observer,GITHUB_opened_issues_weekly,2024-12-09,27.0
Trail of Bits Security Reviews,GITHUB_opened_issues_daily,2024-12-09,1.0
Walnut,GITHUB_opened_issues_daily,2024-12-09,4.0
Debid - Fairblock,GITHUB_opened_issues_daily,2024-12-09,1.0
Pyth Network,GITHUB_opened_issues_daily,2024-12-09,1.0
Open Source Observer,GITHUB_closed_issues_weekly,2024-12-09,23.0
Enclave,GITHUB_closed_issues_weekly,2024-12-09,3.0
thirdweb,GITHUB_closed_issues_weekly,2024-12-09,2.0
Passport XYZ,GITHUB_closed_issues_daily,2024-12-09,4.0
Walnut,GITHUB_comments_daily,2025-01-08,3.0
Runtime Verification,GITHUB_comments_daily,2025-01-08,3.0
Pyth Network,GITHUB_comments_daily,2025-01-08,18.0
Open Source Observer,GITHUB_comments_daily,2025-01-08,15.0
Trail of Bits Security Reviews,GITHUB_comments_daily,2025-01-08,2.0
Redstone Finance,GITHUB_comments_daily,2025-01-08,16.0
thirdweb,GITHUB_stars_daily,2025-01-08,1.0
Walnut,GITHUB_commits_daily,2025-01-08,23.0
Runtime Verification,GITHUB_commits_daily,2025-01-08,1.0
Trail of Bits Security Reviews,GITHUB_commits_daily,2025-01-08,6.0
thirdweb,GITHUB_commits_daily,2025-01-08,6.0
thirdweb,GITHUB_repositories_daily,2025-01-08,4.0
Trail of Bits Security Reviews,GITHUB_contributors_daily,2025-01-08,5.0
Runtime Verification,GITHUB_contributors_daily,2025-01-08,4.0
Redstone Finance,GITHUB_active_developers_daily,2025-01-08,1.0
Walnut,GITHUB_opened_pull_requests_daily,2025-01-08,1.0
Runtime Verification,GITHUB_opened_pull_requests_daily,2025-01-08,2.0
Open Source Observer,GITHUB_opened_issues_daily,2025-01-08,4.0
Pyth Network,GITHUB_closed_issues_daily,2025-01-08,1.0
Walnut,GITHUB_stars_daily,2024-04-09,1.0
Trail of Bits Security Reviews,GITHUB_commits_daily,2024-04-09,2.0
Runtime Verification,GITHUB_commits_daily,2024-04-09,18.0
Pyth Network,GITHUB_commits_daily,2024-04-09,6.0
thirdweb,GITHUB_releases_daily,2024-04-09,12.0
Pyth Network,GITHUB_releases_daily,2024-04-09,1.0
Runtime Verification,GITHUB_forks_daily,2024-04-09,1.0
Open Source Observer,GITHUB_forks_daily,2024-04-09,1.0
Trail of Bits Security Reviews,GITHUB_repositories_daily,2024-04-09,8.0
Redstone Finance,GITHUB_contributors_daily,2024-04-09,2.0
Walnut,GITHUB_contributors_daily,2024-04-09,2.0
Runtime Verification,GITHUB_active_developers_daily,2024-04-09,5.0
thirdweb,GITHUB_active_developers_daily,2024-04-09,11.0
Trail of Bits Security Reviews,GITHUB_opened_pull_requests_daily,2024-04-09,1.0
Walnut,GITHUB_merged_pull_requests_daily,2024-04-09,1.0
Pyth Network,GITHUB_merged_pull_requests_daily,2024-04-09,7.0
Walnut,GITHUB_opened_issues_daily,2024-04-09,1.0
Open Source Observer,GITHUB_comments_daily,2024-03-13,16.0
Runtime Verification,GITHUB_releases_daily,2024-03-13,12.0
Pyth Network,GITHUB_releases_daily,2024-03-13,1.0
thirdweb,GITHUB_forks_daily,2024-03-13,3.0
Redstone Finance,GITHUB_repositories_daily,2024-03-13,1.0
Trail of Bits Security Reviews,GITHUB_repositories_daily,2024-03-13,14.0
thirdweb,GITHUB_contributors_daily,2024-03-13,13.0
Redstone Finance,GITHUB_contributors_daily,2024-03-13,1.0
Open Source Observer,GITHUB_contributors_daily,2024-03-13,3.0
Redstone Finance,GITHUB_active_developers_daily,2024-03-13,1.0
Pyth Network,GITHUB_active_developers_daily,2024-03-13,4.0
Runtime Verification,GITHUB_merged_pull_requests_daily,2024-03-13,19.0
thirdweb,GITHUB_comments_daily,2024-01-03,24.0
Pyth Network,GITHUB_commits_daily,2024-01-03,3.0
Debid - Fairblock,GITHUB_forks_daily,2024-01-03,3.0
Open Source Observer,GITHUB_forks_daily,2024-01-03,1.0
Trail of Bits Security Reviews,GITHUB_contributors_daily,2024-01-03,3.0
thirdweb,GITHUB_contributors_daily,2024-01-03,8.0
Trail of Bits Security Reviews,GITHUB_active_developers_daily,2024-01-03,2.0
Redstone Finance,GITHUB_active_developers_daily,2024-01-03,2.0
Open Source Observer,GITHUB_active_developers_daily,2024-01-03,1.0
Pyth Network,GITHUB_opened_pull_requests_daily,2024-01-03,5.0
Trail of Bits Security Reviews,GITHUB_opened_issues_daily,2024-01-03,1.0
Pyth Network,GITHUB_comments_daily,2024-08-11,7.0
Walnut,GITHUB_comments_daily,2024-08-11,1.0
Redstone Finance,GITHUB_stars_daily,2024-08-11,1.0
Open Source Observer,GITHUB_commits_daily,2024-08-11,2.0
Runtime Verification,GITHUB_commits_daily,2024-08-11,2.0
thirdweb,GITHUB_commits_daily,2024-08-11,9.0
thirdweb,GITHUB_forks_daily,2024-08-11,2.0
Redstone Finance,GITHUB_repositories_daily,2024-08-11,1.0
Trail of Bits Security Reviews,GITHUB_repositories_daily,2024-08-11,11.0
Pyth Network,GITHUB_repositories_daily,2024-08-11,2.0
Pyth Network,GITHUB_contributors_daily,2024-08-11,2.0
Open Source Observer,GITHUB_contributors_daily,2024-08-11,2.0
Trail of Bits Security Reviews,GITHUB_contributors_daily,2024-08-11,1.0
Open Source Observer,GITHUB_merged_pull_requests_daily,2024-08-11,2.0
thirdweb,GITHUB_closed_issues_daily,2024-08-11,1.0
thirdweb,GITHUB_comments_daily,2025-03-23,31.0
Trail of Bits Security Reviews,GITHUB_comments_daily,2025-03-23,1.0
thirdweb,GITHUB_stars_daily,2025-03-23,1.0
thirdweb,GITHUB_commits_daily,2025-03-23,3.0
thirdweb,GITHUB_repositories_daily,2025-03-23,6.0
Solang,GITHUB_repositories_daily,2025-03-23,1.0
CodeTracer,GITHUB_repositories_daily,2025-03-23,1.0
Enclave,GITHUB_repositories_daily,2025-03-23,1.0
Open Source Observer,GITHUB_repositories_daily,2025-03-23,1.0
Passport XYZ,GITHUB_repositories_daily,2025-03-23,1.0
Enclave,GITHUB_contributors_daily,2025-03-23,1.0
Solang,GITHUB_contributors_daily,2025-03-23,1.0
Runtime Verification,GITHUB_opened_pull_requests_daily,2025-03-23,2.0
Solang,GITHUB_opened_issues_daily,2025-03-23,6.0
Solang,GITHUB_commits_daily,2025-03-15,1.0
thirdweb,GITHUB_commits_daily,2025-03-15,3.0
Redstone Finance,GITHUB_commits_daily,2025-03-15,1.0
Trail of Bits Security Reviews,GITHUB_repositories_daily,2025-03-15,10.0
9Lives,GITHUB_repositories_daily,2025-03-15,1.0
CodeTracer,GITHUB_repositories_daily,2025-03-15,1.0
Solang,GITHUB_repositories_daily,2025-03-15,1.0
Runtime Verification,GITHUB_repositories_daily,2025-03-15,3.0
Redstone Finance,GITHUB_repositories_daily,2025-03-15,1.0
Runtime Verification,GITHUB_opened_pull_requests_daily,2025-03-15,3.0
Passport XYZ,GITHUB_contributors_daily,2025-03-15,1.0
Pyth Network,GITHUB_contributors_daily,2025-03-15,1.0
Trail of Bits Security Reviews,GITHUB_active_developers_daily,2025-03-15,1.0
thirdweb,GITHUB_active_developers_daily,2025-03-15,2.0
thirdweb,GITHUB_merged_pull_requests_daily,2025-03-15,3.0
Runtime Verification,GITHUB_merged_pull_requests_daily,2025-03-15,4.0
Solang,GITHUB_merged_pull_requests_daily,2025-03-15,1.0
Trail of Bits Security Reviews,GITHUB_opened_issues_daily,2025-03-15,1.0
Enclave,GITHUB_opened_issues_daily,2025-03-15,1.0
9Lives,GITHUB_opened_issues_daily,2025-03-15,1.0
Trail of Bits Security Reviews,GITHUB_closed_issues_daily,2025-03-15,3.0
Open Source Observer,GITHUB_comments_daily,2024-12-31,1.0
Trail of Bits Security Reviews,GITHUB_comments_daily,2024-12-31,1.0
thirdweb,GITHUB_stars_daily,2024-12-31,1.0
Trail of Bits Security Reviews,GITHUB_releases_daily,2024-12-31,1.0
Open Source Observer,GITHUB_commits_daily,2024-12-31,1.0
thirdweb,GITHUB_commits_daily,2024-12-31,3.0
Redstone Finance,GITHUB_repositories_daily,2024-12-31,1.0
Enclave,GITHUB_repositories_daily,2024-12-31,1.0
Runtime Verification,GITHUB_repositories_daily,2024-12-31,1.0
thirdweb,GITHUB_active_developers_daily,2024-12-31,2.0
Redstone Finance,GITHUB_active_developers_daily,2024-12-31,1.0
Trail of Bits Security Reviews,GITHUB_contributors_daily,2024-12-31,4.0
Redstone Finance,GITHUB_contributors_daily,2024-12-31,1.0
thirdweb,GITHUB_contributors_daily,2024-12-31,7.0
Enclave,GITHUB_contributors_daily,2024-12-31,1.0
Open Source Observer,GITHUB_contributors_daily,2024-12-31,1.0
thirdweb,GITHUB_opened_pull_requests_daily,2024-12-31,7.0
Enclave,GITHUB_merged_pull_requests_daily,2024-12-31,3.0
Pyth Network,GITHUB_merged_pull_requests_daily,2024-12-31,1.0
thirdweb,GITHUB_opened_issues_daily,2024-12-31,1.0
Trail of Bits Security Reviews,GITHUB_closed_issues_daily,2024-12-31,1.0
Open Source Observer,GITHUB_comments_daily,2024-04-13,5.0
Runtime Verification,GITHUB_stars_daily,2024-04-13,1.0
Redstone Finance,GITHUB_commits_daily,2024-04-13,3.0
Pyth Network,GITHUB_repositories_daily,2024-04-13,1.0
Redstone Finance,GITHUB_repositories_daily,2024-04-13,2.0
thirdweb,GITHUB_repositories_daily,2024-04-13,5.0
Open Source Observer,GITHUB_contributors_daily,2024-04-13,1.0
Open Source Observer,GITHUB_merged_pull_requests_daily,2024-04-13,1.0
Trail of Bits Security Reviews,GITHUB_stars_daily,2025-03-26,15.0
Trail of Bits Security Reviews,GITHUB_comments_daily,2025-03-26,6.0
Runtime Verification,GITHUB_comments_daily,2025-03-26,10.0
Runtime Verification,GITHUB_commits_daily,2025-03-26,5.0
Arbos Foundry,GITHUB_commits_daily,2025-03-26,20.0
Remix IDE plugin for Arbitrum Stylus,GITHUB_repositories_daily,2025-03-26,1.0
Sylow,GITHUB_repositories_daily,2025-03-26,1.0
Trail of Bits Security Reviews,GITHUB_repositories_daily,2025-03-26,16.0
Redstone Finance,GITHUB_repositories_daily,2025-03-26,2.0
Walnut,GITHUB_repositories_daily,2025-03-26,3.0
Trail of Bits Security Reviews,GITHUB_forks_daily,2025-03-26,2.0
Pyth Network,GITHUB_contributors_daily,2025-03-26,6.0
thirdweb,GITHUB_contributors_daily,2025-03-26,9.0
Open Source Observer,GITHUB_active_developers_daily,2025-03-26,3.0
Runtime Verification,GITHUB_opened_pull_requests_daily,2025-03-26,3.0
Open Source Observer,GITHUB_opened_pull_requests_daily,2025-03-26,9.0
Walnut,GITHUB_opened_pull_requests_daily,2025-03-26,3.0
Open Source Observer,GITHUB_opened_issues_daily,2025-03-26,11.0
Trail of Bits Security Reviews,GITHUB_comments_daily,2024-06-25,11.0
Enclave,GITHUB_commits_daily,2024-06-25,1.0
Trail of Bits Security Reviews,GITHUB_commits_daily,2024-06-25,41.0
Trail of Bits Security Reviews,GITHUB_releases_daily,2024-06-25,1.0
Runtime Verification,GITHUB_releases_daily,2024-06-25,14.0
Redstone Finance,GITHUB_repositories_daily,2024-06-25,1.0
Pyth Network,GITHUB_contributors_daily,2024-06-25,13.0
Enclave,GITHUB_active_developers_daily,2024-06-25,1.0
Pyth Network,GITHUB_active_developers_daily,2024-06-25,7.0
Debid - Fairblock,GITHUB_opened_pull_requests_daily,2024-06-25,1.0
Open Source Observer,GITHUB_opened_pull_requests_daily,2024-06-25,4.0
Trail of Bits Security Reviews,GITHUB_merged_pull_requests_daily,2024-06-25,14.0
Open Source Observer,GITHUB_closed_issues_daily,2024-06-25,4.0
Trail of Bits Security Reviews,GITHUB_closed_issues_daily,2024-06-25,6.0
Open Source Observer,GITHUB_comments_daily,2025-02-02,25.0
Pyth Network,GITHUB_comments_daily,2025-02-02,1.0
Trail of Bits Security Reviews,GITHUB_comments_daily,2025-02-02,1.0
Solang,GITHUB_comments_daily,2025-02-02,2.0
Redstone Finance,GITHUB_stars_daily,2025-02-02,1.0
Trail of Bits Security Reviews,GITHUB_commits_daily,2025-02-02,3.0
Solang,GITHUB_commits_daily,2025-02-02,5.0
Pyth Network,GITHUB_commits_daily,2025-02-02,4.0
Trail of Bits Security Reviews,GITHUB_forks_daily,2025-02-02,1.0
Open Source Observer,GITHUB_forks_daily,2025-02-02,1.0
Pyth Network,GITHUB_contributors_daily,2025-02-02,1.0
Walnut,GITHUB_contributors_daily,2025-02-02,1.0
Pyth Network,GITHUB_opened_pull_requests_daily,2025-02-02,2.0
Trail of Bits Security Reviews,GITHUB_opened_pull_requests_daily,2025-02-02,4.0
Trail of Bits Security Reviews,GITHUB_merged_pull_requests_daily,2025-02-02,3.0
thirdweb,GITHUB_comments_daily,2024-07-17,98.0
Trail of Bits Security Reviews,GITHUB_comments_daily,2024-07-17,15.0
Runtime Verification,GITHUB_comments_daily,2024-07-17,24.0
Pyth Network,GITHUB_commits_daily,2024-07-17,9.0
thirdweb,GITHUB_commits_daily,2024-07-17,12.0
thirdweb,GITHUB_stars_daily,2024-07-17,1.0
Trail of Bits Security Reviews,GITHUB_stars_daily,2024-07-17,7.0
Pyth Network,GITHUB_stars_daily,2024-07-17,1.0
Trail of Bits Security Reviews,GITHUB_forks_daily,2024-07-17,1.0
Passport XYZ,GITHUB_repositories_daily,2024-07-17,1.0
thirdweb,GITHUB_contributors_daily,2024-07-17,15.0
Trail of Bits Security Reviews,GITHUB_contributors_daily,2024-07-17,7.0
Trail of Bits Security Reviews,GITHUB_opened_pull_requests_daily,2024-07-17,5.0
thirdweb,GITHUB_opened_pull_requests_daily,2024-07-17,17.0
Passport XYZ,GITHUB_opened_pull_requests_daily,2024-07-17,2.0
Runtime Verification,GITHUB_merged_pull_requests_daily,2024-07-17,14.0
thirdweb,GITHUB_merged_pull_requests_daily,2024-07-17,13.0
Open Source Observer,GITHUB_opened_issues_daily,2024-07-17,3.0
thirdweb,GITHUB_opened_issues_daily,2024-07-17,3.0
Runtime Verification,GITHUB_comments_daily,2025-02-23,3.0
Redstone Finance,GITHUB_commits_daily,2025-02-23,11.0
Runtime Verification,GITHUB_commits_daily,2025-02-23,1.0
thirdweb,GITHUB_commits_daily,2025-02-23,1.0
Trail of Bits Security Reviews,GITHUB_forks_daily,2025-02-23,3.0
Passport XYZ,GITHUB_repositories_daily,2025-02-23,1.0
thirdweb,GITHUB_contributors_daily,2025-02-23,5.0
Trail of Bits Security Reviews,GITHUB_active_developers_daily,2025-02-23,1.0
Pyth Network,GITHUB_comments_daily,2025-03-22,1.0
Trail of Bits Security Reviews,GITHUB_stars_daily,2025-03-22,4.0
Runtime Verification,GITHUB_commits_daily,2025-03-22,1.0
Pyth Network,GITHUB_commits_daily,2025-03-22,2.0
Open Source Observer,GITHUB_commits_daily,2025-03-22,2.0
CodeTracer,GITHUB_repositories_daily,2025-03-22,1.0
Pyth Network,GITHUB_repositories_daily,2025-03-22,2.0
Runtime Verification,GITHUB_repositories_daily,2025-03-22,2.0
thirdweb,GITHUB_repositories_daily,2025-03-22,2.0
thirdweb,GITHUB_forks_daily,2025-03-22,3.0
9Lives,GITHUB_opened_pull_requests_daily,2025-03-22,1.0
thirdweb,GITHUB_opened_pull_requests_daily,2025-03-22,7.0
thirdweb,GITHUB_merged_pull_requests_daily,2025-03-22,7.0
Open Source Observer,GITHUB_merged_pull_requests_daily,2025-03-22,2.0
Debid - Fairblock,GITHUB_forks_weekly,2024-04-22,1.0
Pyth Network,GITHUB_forks_weekly,2024-04-22,4.0
Trail of Bits Security Reviews,GITHUB_stars_weekly,2024-04-22,94.0
Trail of Bits Security Reviews,GITHUB_commits_daily,2024-04-22,21.0
Pyth Network,GITHUB_commits_daily,2024-04-22,8.0
Runtime Verification,GITHUB_releases_daily,2024-04-22,2.0
Syndicate Protocol,GITHUB_commits_weekly,2024-04-22,7.0
Arbos Foundry,GITHUB_commits_weekly,2024-04-22,20.0
Syndicate Protocol,GITHUB_comments_weekly,2024-04-22,2.0
Pyth Network,GITHUB_comments_weekly,2024-04-22,126.0
Open Source Observer,GITHUB_commits_weekly,2024-04-22,22.0
Walnut,GITHUB_comments_weekly,2024-04-22,17.0
Debid - Fairblock,GITHUB_comments_weekly,2024-04-22,2.0
Syndicate Protocol,GITHUB_repositories_weekly,2024-04-22,1.0
Walnut,GITHUB_repositories_daily,2024-04-22,1.0
Pyth Network,GITHUB_repositories_daily,2024-04-22,4.0
Runtime Verification,GITHUB_repositories_daily,2024-04-22,9.0
Pyth Network,GITHUB_contributors_weekly,2024-04-22,19.0
Runtime Verification,GITHUB_active_developers_weekly,2024-04-22,6.0
Arbos Foundry,GITHUB_active_developers_weekly,2024-04-22,1.0
thirdweb,GITHUB_contributors_daily,2024-04-22,9.0
Runtime Verification,GITHUB_active_developers_daily,2024-04-22,3.0
Pyth Network,GITHUB_active_developers_daily,2024-04-22,6.0
Open Source Observer,GITHUB_opened_pull_requests_daily,2024-04-22,3.0
thirdweb,GITHUB_opened_pull_requests_daily,2024-04-22,17.0
Pyth Network,GITHUB_opened_pull_requests_weekly,2024-04-22,53.0
Pyth Network,GITHUB_merged_pull_requests_daily,2024-04-22,13.0
Trail of Bits Security Reviews,GITHUB_merged_pull_requests_daily,2024-04-22,11.0
Trail of Bits Security Reviews,GITHUB_merged_pull_requests_weekly,2024-04-22,28.0
Open Source Observer,GITHUB_merged_pull_requests_weekly,2024-04-22,20.0
Walnut,GITHUB_opened_issues_weekly,2024-04-22,3.0
Trail of Bits Security Reviews,GITHUB_opened_issues_weekly,2024-04-22,20.0
Open Source Observer,GITHUB_opened_issues_daily,2024-04-22,3.0
Pyth Network,GITHUB_opened_issues_daily,2024-04-22,1.0
Trail of Bits Security Reviews,GITHUB_closed_issues_weekly,2024-04-22,5.0
Runtime Verification,GITHUB_closed_issues_weekly,2024-04-22,7.0
Trail of Bits Security Reviews,GITHUB_closed_issues_daily,2024-04-22,2.0
Runtime Verification,GITHUB_closed_issues_daily,2024-04-22,1.0
Open Source Observer,GITHUB_comments_daily,2025-04-13,3.0
Walnut,GITHUB_repositories_daily,2025-04-13,1.0
Open Source Observer,GITHUB_repositories_daily,2025-04-13,1.0
thirdweb,GITHUB_repositories_daily,2025-04-13,3.0
Walnut,GITHUB_forks_daily,2025-04-13,1.0
thirdweb,GITHUB_contributors_daily,2025-04-13,4.0
Trail of Bits Security Reviews,GITHUB_opened_pull_requests_daily,2025-04-13,10.0
thirdweb,GITHUB_merged_pull_requests_daily,2025-04-13,2.0
Open Source Observer,GITHUB_merged_pull_requests_daily,2025-04-13,1.0
thirdweb,GITHUB_opened_issues_daily,2025-04-13,1.0
Trail of Bits Security Reviews,GITHUB_closed_issues_daily,2025-04-13,2.0
Trail of Bits Security Reviews,GITHUB_comments_daily,2025-02-09,3.0
thirdweb,GITHUB_comments_daily,2025-02-09,30.0
Trail of Bits Security Reviews,GITHUB_commits_daily,2025-02-09,5.0
Open Source Observer,GITHUB_commits_daily,2025-02-09,1.0
thirdweb,GITHUB_commits_daily,2025-02-09,4.0
thirdweb,GITHUB_repositories_daily,2025-02-09,4.0
Trail of Bits Security Reviews,GITHUB_contributors_daily,2025-02-09,4.0
Open Source Observer,GITHUB_active_developers_daily,2025-02-09,1.0
Open Source Observer,GITHUB_merged_pull_requests_daily,2025-02-09,1.0
Walnut,GITHUB_merged_pull_requests_daily,2025-02-09,3.0
Open Source Observer,GITHUB_opened_issues_daily,2025-02-09,2.0
Redstone Finance,GITHUB_comments_daily,2025-02-19,5.0
thirdweb,GITHUB_comments_daily,2025-02-19,35.0
Passport XYZ,GITHUB_comments_daily,2025-02-19,2.0
Enclave,GITHUB_comments_daily,2025-02-19,1.0
Runtime Verification,GITHUB_stars_daily,2025-02-19,2.0
Walnut,GITHUB_commits_daily,2025-02-19,2.0
9Lives,GITHUB_commits_daily,2025-02-19,6.0
Open Source Observer,GITHUB_commits_daily,2025-02-19,4.0
Runtime Verification,GITHUB_releases_daily,2025-02-19,1.0
Trail of Bits Security Reviews,GITHUB_repositories_daily,2025-02-19,15.0
Redstone Finance,GITHUB_repositories_daily,2025-02-19,5.0
Trail of Bits Security Reviews,GITHUB_contributors_daily,2025-02-19,8.0
Redstone Finance,GITHUB_contributors_daily,2025-02-19,5.0
Open Source Observer,GITHUB_contributors_daily,2025-02-19,6.0
thirdweb,GITHUB_contributors_daily,2025-02-19,9.0
9Lives,GITHUB_active_developers_daily,2025-02-19,1.0
Open Source Observer,GITHUB_opened_pull_requests_daily,2025-02-19,4.0
Passport XYZ,GITHUB_opened_issues_daily,2025-02-19,8.0
Walnut,GITHUB_closed_issues_daily,2025-02-19,2.0
thirdweb,GITHUB_comments_daily,2024-03-27,34.0
Runtime Verification,GITHUB_comments_daily,2024-03-27,47.0
thirdweb,GITHUB_stars_daily,2024-03-27,1.0
thirdweb,GITHUB_commits_daily,2024-03-27,16.0
Trail of Bits Security Reviews,GITHUB_commits_daily,2024-03-27,5.0
Walnut,GITHUB_commits_daily,2024-03-27,20.0
Redstone Finance,GITHUB_commits_daily,2024-03-27,2.0
Redstone Finance,GITHUB_forks_daily,2024-03-27,2.0
Redstone Finance,GITHUB_repositories_daily,2024-03-27,3.0
Pyth Network,GITHUB_repositories_daily,2024-03-27,3.0
Runtime Verification,GITHUB_repositories_daily,2024-03-27,8.0
Runtime Verification,GITHUB_contributors_daily,2024-03-27,13.0
Debid - Fairblock,GITHUB_contributors_daily,2024-03-27,1.0
thirdweb,GITHUB_contributors_daily,2024-03-27,10.0
Walnut,GITHUB_active_developers_daily,2024-03-27,1.0
Trail of Bits Security Reviews,GITHUB_active_developers_daily,2024-03-27,2.0
Runtime Verification,GITHUB_active_developers_daily,2024-03-27,5.0
Open Source Observer,GITHUB_active_developers_daily,2024-03-27,2.0
Pyth Network,GITHUB_active_developers_daily,2024-03-27,4.0
thirdweb,GITHUB_active_developers_daily,2024-03-27,5.0
thirdweb,GITHUB_opened_pull_requests_daily,2024-03-27,16.0
Trail of Bits Security Reviews,GITHUB_opened_pull_requests_daily,2024-03-27,3.0
Pyth Network,GITHUB_opened_pull_requests_daily,2024-03-27,5.0
Open Source Observer,GITHUB_opened_pull_requests_daily,2024-03-27,3.0
Pyth Network,GITHUB_comments_daily,2025-02-18,23.0
Passport XYZ,GITHUB_stars_daily,2025-02-18,4.0
Redstone Finance,GITHUB_commits_daily,2025-02-18,11.0
Passport XYZ,GITHUB_commits_daily,2025-02-18,15.0
Open Source Observer,GITHUB_forks_daily,2025-02-18,1.0
Runtime Verification,GITHUB_forks_daily,2025-02-18,1.0
Walnut,GITHUB_repositories_daily,2025-02-18,2.0
Passport XYZ,GITHUB_repositories_daily,2025-02-18,3.0
Passport XYZ,GITHUB_contributors_daily,2025-02-18,4.0
Trail of Bits Security Reviews,GITHUB_contributors_daily,2025-02-18,7.0
Pyth Network,GITHUB_contributors_daily,2025-02-18,8.0
Trail of Bits Security Reviews,GITHUB_active_developers_daily,2025-02-18,4.0
Runtime Verification,GITHUB_active_developers_daily,2025-02-18,7.0
thirdweb,GITHUB_active_developers_daily,2025-02-18,4.0
Open Source Observer,GITHUB_active_developers_daily,2025-02-18,1.0
Solang,GITHUB_opened_pull_requests_daily,2025-02-18,1.0
Runtime Verification,GITHUB_merged_pull_requests_daily,2025-02-18,4.0
Open Source Observer,GITHUB_merged_pull_requests_daily,2025-02-18,2.0
Pyth Network,GITHUB_merged_pull_requests_daily,2025-02-18,8.0
Walnut,GITHUB_opened_issues_daily,2025-02-18,10.0
Passport XYZ,GITHUB_opened_issues_daily,2025-02-18,4.0
Runtime Verification,GITHUB_opened_issues_daily,2025-02-18,1.0
Walnut,GITHUB_forks_weekly,2024-07-22,1.0
Pyth Network,GITHUB_stars_daily,2024-07-22,3.0
Runtime Verification,GITHUB_stars_daily,2024-07-22,4.0
Walnut,GITHUB_stars_weekly,2024-07-22,2.0
Runtime Verification,GITHUB_stars_weekly,2024-07-22,7.0
Trail of Bits Security Reviews,GITHUB_stars_weekly,2024-07-22,73.0
Open Source Observer,GITHUB_commits_daily,2024-07-22,3.0
Trail of Bits Security Reviews,GITHUB_commits_daily,2024-07-22,46.0
Pyth Network,GITHUB_commits_daily,2024-07-22,7.0
Passport XYZ,GITHUB_comments_weekly,2024-07-22,8.0
Walnut,GITHUB_repositories_weekly,2024-07-22,3.0
thirdweb,GITHUB_repositories_weekly,2024-07-22,10.0
Pyth Network,GITHUB_repositories_weekly,2024-07-22,12.0
Open Source Observer,GITHUB_repositories_weekly,2024-07-22,3.0
Passport XYZ,GITHUB_repositories_weekly,2024-07-22,5.0
Runtime Verification,GITHUB_repositories_daily,2024-07-22,13.0
Pyth Network,GITHUB_repositories_daily,2024-07-22,6.0
Pyth Network,GITHUB_releases_weekly,2024-07-22,8.0
Trail of Bits Security Reviews,GITHUB_releases_weekly,2024-07-22,3.0
Walnut,GITHUB_commits_weekly,2024-07-22,6.0
Redstone Finance,GITHUB_active_developers_daily,2024-07-22,2.0
Debid - Fairblock,GITHUB_active_developers_weekly,2024-07-22,3.0
Open Source Observer,GITHUB_active_developers_weekly,2024-07-22,6.0
thirdweb,GITHUB_active_developers_weekly,2024-07-22,13.0
Redstone Finance,GITHUB_contributors_daily,2024-07-22,3.0
Trail of Bits Security Reviews,GITHUB_contributors_daily,2024-07-22,7.0
thirdweb,GITHUB_opened_pull_requests_daily,2024-07-22,18.0
Passport XYZ,GITHUB_opened_pull_requests_weekly,2024-07-22,25.0
Open Source Observer,GITHUB_opened_pull_requests_weekly,2024-07-22,28.0
thirdweb,GITHUB_merged_pull_requests_daily,2024-07-22,16.0
thirdweb,GITHUB_merged_pull_requests_weekly,2024-07-22,91.0
Runtime Verification,GITHUB_opened_issues_daily,2024-07-22,7.0
Trail of Bits Security Reviews,GITHUB_closed_issues_daily,2024-07-22,1.0
Runtime Verification,GITHUB_closed_issues_daily,2024-07-22,2.0
Trail of Bits Security Reviews,GITHUB_comments_daily,2024-12-20,6.0
Runtime Verification,GITHUB_comments_daily,2024-12-20,19.0
Sylow,GITHUB_stars_daily,2024-12-20,1.0
Trail of Bits Security Reviews,GITHUB_stars_daily,2024-12-20,8.0
Trail of Bits Security Reviews,GITHUB_commits_daily,2024-12-20,17.0
Redstone Finance,GITHUB_forks_daily,2024-12-20,1.0
thirdweb,GITHUB_forks_daily,2024-12-20,2.0
Remix IDE plugin for Arbitrum Stylus,GITHUB_repositories_daily,2024-12-20,1.0
Pyth Network,GITHUB_repositories_daily,2024-12-20,4.0
Trail of Bits Security Reviews,GITHUB_repositories_daily,2024-12-20,11.0
Runtime Verification,GITHUB_repositories_daily,2024-12-20,4.0
thirdweb,GITHUB_repositories_daily,2024-12-20,3.0
Passport XYZ,GITHUB_repositories_daily,2024-12-20,3.0
Debid - Fairblock,GITHUB_contributors_daily,2024-12-20,1.0
Redstone Finance,GITHUB_contributors_daily,2024-12-20,4.0
Open Source Observer,GITHUB_active_developers_daily,2024-12-20,1.0
Passport XYZ,GITHUB_opened_pull_requests_daily,2024-12-20,2.0
Pyth Network,GITHUB_opened_pull_requests_daily,2024-12-20,6.0
Walnut,GITHUB_merged_pull_requests_daily,2024-12-20,2.0
Trail of Bits Security Reviews,GITHUB_merged_pull_requests_daily,2024-12-20,2.0
Runtime Verification,GITHUB_opened_issues_daily,2024-12-20,1.0
thirdweb,GITHUB_comments_daily,2024-09-08,39.0
Trail of Bits Security Reviews,GITHUB_comments_daily,2024-09-08,1.0
Open Source Observer,GITHUB_comments_daily,2024-09-08,21.0
Enclave,GITHUB_comments_daily,2024-09-08,5.0
Pyth Network,GITHUB_commits_daily,2024-09-08,3.0
thirdweb,GITHUB_commits_daily,2024-09-08,4.0
Enclave,GITHUB_repositories_daily,2024-09-08,1.0
Pyth Network,GITHUB_repositories_daily,2024-09-08,1.0
thirdweb,GITHUB_contributors_daily,2024-09-08,9.0
Trail of Bits Security Reviews,GITHUB_contributors_daily,2024-09-08,2.0
Pyth Network,GITHUB_active_developers_daily,2024-09-08,1.0
thirdweb,GITHUB_active_developers_daily,2024-09-08,2.0
thirdweb,GITHUB_closed_issues_daily,2024-09-08,1.0
Open Source Observer,GITHUB_comments_daily,2024-07-18,7.0
Pyth Network,GITHUB_comments_daily,2024-07-18,18.0
Trail of Bits Security Reviews,GITHUB_stars_daily,2024-07-18,5.0
Walnut,GITHUB_stars_daily,2024-07-18,1.0
Open Source Observer,GITHUB_commits_daily,2024-07-18,1.0
Pyth Network,GITHUB_commits_daily,2024-07-18,6.0
Redstone Finance,GITHUB_commits_daily,2024-07-18,4.0
thirdweb,GITHUB_forks_daily,2024-07-18,1.0
Trail of Bits Security Reviews,GITHUB_repositories_daily,2024-07-18,10.0
Passport XYZ,GITHUB_repositories_daily,2024-07-18,1.0
Pyth Network,GITHUB_contributors_daily,2024-07-18,8.0
Runtime Verification,GITHUB_contributors_daily,2024-07-18,12.0
Passport XYZ,GITHUB_contributors_daily,2024-07-18,1.0
Trail of Bits Security Reviews,GITHUB_active_developers_daily,2024-07-18,3.0
Pyth Network,GITHUB_active_developers_daily,2024-07-18,3.0
Runtime Verification,GITHUB_active_developers_daily,2024-07-18,4.0
Runtime Verification,GITHUB_opened_pull_requests_daily,2024-07-18,12.0
Pyth Network,GITHUB_merged_pull_requests_daily,2024-07-18,4.0
thirdweb,GITHUB_opened_issues_daily,2024-07-18,1.0
Open Source Observer,GITHUB_opened_issues_daily,2024-07-18,1.0
Trail of Bits Security Reviews,GITHUB_closed_issues_daily,2024-07-18,1.0
Walnut,GITHUB_commits_daily,2025-01-04,4.0
Trail of Bits Security Reviews,GITHUB_commits_daily,2025-01-04,4.0
Open Source Observer,GITHUB_commits_daily,2025-01-04,1.0
Trail of Bits Security Reviews,GITHUB_forks_daily,2025-01-04,3.0
Pyth Network,GITHUB_forks_daily,2025-01-04,1.0
Open Source Observer,GITHUB_contributors_daily,2025-01-04,1.0
Pyth Network,GITHUB_active_developers_daily,2025-01-04,1.0
Walnut,GITHUB_active_developers_daily,2025-01-04,2.0
Trail of Bits Security Reviews,GITHUB_merged_pull_requests_daily,2025-01-04,1.0
Open Source Observer,GITHUB_merged_pull_requests_daily,2025-01-04,1.0
Passport XYZ,GITHUB_opened_issues_daily,2025-01-04,2.0
Passport XYZ,GITHUB_comments_daily,2024-11-13,2.0
Pyth Network,GITHUB_comments_daily,2024-11-13,23.0
Redstone Finance,GITHUB_comments_daily,2024-11-13,1.0
Enclave,GITHUB_comments_daily,2024-11-13,1.0
Open Source Observer,GITHUB_stars_daily,2024-11-13,1.0
Passport XYZ,GITHUB_stars_daily,2024-11-13,2.0
Passport XYZ,GITHUB_commits_daily,2024-11-13,14.0
Pyth Network,GITHUB_commits_daily,2024-11-13,10.0
thirdweb,GITHUB_releases_daily,2024-11-13,3.0
Trail of Bits Security Reviews,GITHUB_repositories_daily,2024-11-13,11.0
Solang,GITHUB_repositories_daily,2024-11-13,1.0
Debid - Fairblock,GITHUB_repositories_daily,2024-11-13,1.0
Walnut,GITHUB_repositories_daily,2024-11-13,1.0
Solang,GITHUB_contributors_daily,2024-11-13,2.0
Pyth Network,GITHUB_contributors_daily,2024-11-13,9.0
thirdweb,GITHUB_contributors_daily,2024-11-13,12.0
Redstone Finance,GITHUB_active_developers_daily,2024-11-13,2.0
Redstone Finance,GITHUB_opened_pull_requests_daily,2024-11-13,1.0
Debid - Fairblock,GITHUB_merged_pull_requests_daily,2024-11-13,1.0
thirdweb,GITHUB_merged_pull_requests_daily,2024-11-13,12.0
Trail of Bits Security Reviews,GITHUB_merged_pull_requests_daily,2024-11-13,7.0
Enclave,GITHUB_opened_issues_daily,2024-11-13,1.0
Debid - Fairblock,GITHUB_closed_issues_daily,2024-11-13,1.0
Open Source Observer,GITHUB_comments_daily,2024-10-16,16.0
thirdweb,GITHUB_stars_daily,2024-10-16,3.0
Enclave,GITHUB_commits_daily,2024-10-16,3.0
Remix IDE plugin for Arbitrum Stylus,GITHUB_commits_daily,2024-10-16,2.0
Runtime Verification,GITHUB_releases_daily,2024-10-16,7.0
Trail of Bits Security Reviews,GITHUB_forks_daily,2024-10-16,2.0
Runtime Verification,GITHUB_repositories_daily,2024-10-16,12.0
Enclave,GITHUB_repositories_daily,2024-10-16,1.0
Pyth Network,GITHUB_repositories_daily,2024-10-16,5.0
Passport XYZ,GITHUB_contributors_daily,2024-10-16,4.0
Pyth Network,GITHUB_contributors_daily,2024-10-16,6.0
Redstone Finance,GITHUB_active_developers_daily,2024-10-16,2.0
thirdweb,GITHUB_active_developers_daily,2024-10-16,3.0
Trail of Bits Security Reviews,GITHUB_opened_pull_requests_daily,2024-10-16,7.0
Open Source Observer,GITHUB_opened_pull_requests_daily,2024-10-16,9.0
Redstone Finance,GITHUB_merged_pull_requests_daily,2024-10-16,4.0
Pyth Network,GITHUB_merged_pull_requests_daily,2024-10-16,9.0
Trail of Bits Security Reviews,GITHUB_merged_pull_requests_daily,2024-10-16,3.0
Walnut,GITHUB_comments_daily,2024-06-11,4.0
Runtime Verification,GITHUB_releases_daily,2024-06-11,9.0
Trail of Bits Security Reviews,GITHUB_stars_daily,2024-06-11,15.0
Open Source Observer,GITHUB_stars_daily,2024-06-11,1.0
Debid - Fairblock,GITHUB_stars_daily,2024-06-11,1.0
Trail of Bits Security Reviews,GITHUB_commits_daily,2024-06-11,4.0
Redstone Finance,GITHUB_commits_daily,2024-06-11,6.0
Pyth Network,GITHUB_forks_daily,2024-06-11,1.0
thirdweb,GITHUB_forks_daily,2024-06-11,1.0
Redstone Finance,GITHUB_repositories_daily,2024-06-11,1.0
Trail of Bits Security Reviews,GITHUB_repositories_daily,2024-06-11,13.0
Debid - Fairblock,GITHUB_repositories_daily,2024-06-11,1.0
Trail of Bits Security Reviews,GITHUB_contributors_daily,2024-06-11,4.0
thirdweb,GITHUB_contributors_daily,2024-06-11,11.0
Passport XYZ,GITHUB_opened_pull_requests_daily,2024-06-11,2.0
Trail of Bits Security Reviews,GITHUB_opened_pull_requests_daily,2024-06-11,3.0
Open Source Observer,GITHUB_opened_pull_requests_daily,2024-06-11,8.0
Walnut,GITHUB_opened_pull_requests_daily,2024-06-11,2.0
Runtime Verification,GITHUB_opened_pull_requests_daily,2024-06-11,16.0
Pyth Network,GITHUB_merged_pull_requests_daily,2024-06-11,4.0
thirdweb,GITHUB_merged_pull_requests_daily,2024-06-11,20.0
thirdweb,GITHUB_opened_issues_daily,2024-06-11,1.0
Open Source Observer,GITHUB_closed_issues_daily,2024-06-11,2.0
Runtime Verification,GITHUB_comments_daily,2024-10-25,1.0
Trail of Bits Security Reviews,GITHUB_comments_daily,2024-10-25,15.0
Passport XYZ,GITHUB_comments_daily,2024-10-25,4.0
Runtime Verification,GITHUB_stars_daily,2024-10-25,2.0
thirdweb,GITHUB_stars_daily,2024-10-25,2.0
Open Source Observer,GITHUB_commits_daily,2024-10-25,13.0
Runtime Verification,GITHUB_commits_daily,2024-10-25,1.0
Runtime Verification,GITHUB_releases_daily,2024-10-25,2.0
thirdweb,GITHUB_repositories_daily,2024-10-25,4.0
Debid - Fairblock,GITHUB_repositories_daily,2024-10-25,2.0
Arbos Foundry,GITHUB_contributors_daily,2024-10-25,1.0
Debid - Fairblock,GITHUB_contributors_daily,2024-10-25,1.0
thirdweb,GITHUB_contributors_daily,2024-10-25,8.0
Redstone Finance,GITHUB_active_developers_daily,2024-10-25,2.0
Passport XYZ,GITHUB_active_developers_daily,2024-10-25,1.0
Walnut,GITHUB_active_developers_daily,2024-10-25,1.0
Debid - Fairblock,GITHUB_active_developers_daily,2024-10-25,1.0
Open Source Observer,GITHUB_active_developers_daily,2024-10-25,4.0
Open Source Observer,GITHUB_opened_pull_requests_daily,2024-10-25,12.0
Pyth Network,GITHUB_opened_pull_requests_daily,2024-10-25,9.0
Trail of Bits Security Reviews,GITHUB_opened_pull_requests_daily,2024-10-25,8.0
Runtime Verification,GITHUB_merged_pull_requests_daily,2024-10-25,1.0
Passport XYZ,GITHUB_merged_pull_requests_daily,2024-10-25,8.0
Trail of Bits Security Reviews,GITHUB_opened_issues_daily,2024-10-25,1.0
Trail of Bits Security Reviews,GITHUB_closed_issues_daily,2024-10-25,1.0
Open Source Observer,GITHUB_closed_issues_daily,2024-10-25,5.0
Walnut,GITHUB_forks_weekly,2024-01-29,1.0
Open Source Observer,GITHUB_forks_weekly,2024-01-29,2.0
Pyth Network,GITHUB_forks_weekly,2024-01-29,8.0
Runtime Verification,GITHUB_stars_daily,2024-01-29,1.0
Open Source Observer,GITHUB_commits_daily,2024-01-29,4.0
Debid - Fairblock,GITHUB_releases_weekly,2024-01-29,1.0
Debid - Fairblock,GITHUB_commits_weekly,2024-01-29,15.0
Pyth Network,GITHUB_comments_weekly,2024-01-29,121.0
Redstone Finance,GITHUB_forks_daily,2024-01-29,1.0
Trail of Bits Security Reviews,GITHUB_forks_daily,2024-01-29,2.0
Syndicate Protocol,GITHUB_repositories_weekly,2024-01-29,1.0
Pyth Network,GITHUB_repositories_weekly,2024-01-29,11.0
Remix IDE plugin for Arbitrum Stylus,GITHUB_repositories_weekly,2024-01-29,1.0
Runtime Verification,GITHUB_repositories_weekly,2024-01-29,19.0
Debid - Fairblock,GITHUB_repositories_weekly,2024-01-29,2.0
thirdweb,GITHUB_contributors_daily,2024-01-29,7.0
WakeUp Labs,GITHUB_contributors_daily,2024-01-29,1.0
Walnut,GITHUB_contributors_daily,2024-01-29,1.0
Syndicate Protocol,GITHUB_contributors_weekly,2024-01-29,1.0
WakeUp Labs,GITHUB_contributors_weekly,2024-01-29,2.0
Redstone Finance,GITHUB_active_developers_weekly,2024-01-29,3.0
Walnut,GITHUB_active_developers_weekly,2024-01-29,2.0
Debid - Fairblock,GITHUB_active_developers_weekly,2024-01-29,1.0
Trail of Bits Security Reviews,GITHUB_active_developers_daily,2024-01-29,5.0
Pyth Network,GITHUB_active_developers_daily,2024-01-29,4.0
Open Source Observer,GITHUB_opened_pull_requests_weekly,2024-01-29,10.0
Walnut,GITHUB_opened_pull_requests_weekly,2024-01-29,3.0
WakeUp Labs,GITHUB_opened_pull_requests_weekly,2024-01-29,5.0
Debid - Fairblock,GITHUB_opened_pull_requests_weekly,2024-01-29,2.0
Walnut,GITHUB_opened_pull_requests_daily,2024-01-29,1.0
WakeUp Labs,GITHUB_merged_pull_requests_weekly,2024-01-29,2.0
Trail of Bits Security Reviews,GITHUB_merged_pull_requests_weekly,2024-01-29,64.0
Pyth Network,GITHUB_merged_pull_requests_daily,2024-01-29,8.0
Trail of Bits Security Reviews,GITHUB_merged_pull_requests_daily,2024-01-29,19.0
thirdweb,GITHUB_merged_pull_requests_daily,2024-01-29,5.0
WakeUp Labs,GITHUB_merged_pull_requests_daily,2024-01-29,1.0
thirdweb,GITHUB_closed_issues_weekly,2024-01-29,1.0
Walnut,GITHUB_comments_daily,2024-06-23,1.0
Trail of Bits Security Reviews,GITHUB_comments_daily,2024-06-23,1.0
Trail of Bits Security Reviews,GITHUB_stars_daily,2024-06-23,14.0
Runtime Verification,GITHUB_commits_daily,2024-06-23,3.0
Trail of Bits Security Reviews,GITHUB_commits_daily,2024-06-23,3.0
thirdweb,GITHUB_commits_daily,2024-06-23,9.0
Runtime Verification,GITHUB_releases_daily,2024-06-23,2.0
thirdweb,GITHUB_repositories_daily,2024-06-23,2.0
Open Source Observer,GITHUB_repositories_daily,2024-06-23,3.0
Walnut,GITHUB_repositories_daily,2024-06-23,2.0
Open Source Observer,GITHUB_contributors_daily,2024-06-23,2.0
Trail of Bits Security Reviews,GITHUB_active_developers_daily,2024-06-23,2.0
Trail of Bits Security Reviews,GITHUB_opened_pull_requests_daily,2024-06-23,4.0
Open Source Observer,GITHUB_opened_pull_requests_daily,2024-06-23,5.0
Runtime Verification,GITHUB_comments_daily,2024-02-09,32.0
Pyth Network,GITHUB_stars_daily,2024-02-09,3.0
Trail of Bits Security Reviews,GITHUB_stars_daily,2024-02-09,22.0
Runtime Verification,GITHUB_stars_daily,2024-02-09,3.0
Pyth Network,GITHUB_releases_daily,2024-02-09,1.0
Trail of Bits Security Reviews,GITHUB_forks_daily,2024-02-09,1.0
Arbos Foundry,GITHUB_repositories_daily,2024-02-09,1.0
Open Source Observer,GITHUB_contributors_daily,2024-02-09,4.0
Redstone Finance,GITHUB_active_developers_daily,2024-02-09,1.0
Debid - Fairblock,GITHUB_merged_pull_requests_daily,2024-02-09,3.0
Walnut,GITHUB_opened_issues_daily,2024-02-09,1.0
CodeTracer,GITHUB_comments_daily,2025-04-01,1.0
9Lives,GITHUB_commits_daily,2025-04-01,1.0
Redstone Finance,GITHUB_commits_daily,2025-04-01,8.0
Trail of Bits Security Reviews,GITHUB_repositories_daily,2025-04-01,13.0
Pyth Network,GITHUB_repositories_daily,2025-04-01,2.0
Open Source Observer,GITHUB_repositories_daily,2025-04-01,4.0
CodeTracer,GITHUB_contributors_daily,2025-04-01,2.0
thirdweb,GITHUB_contributors_daily,2025-04-01,9.0
9Lives,GITHUB_contributors_daily,2025-04-01,2.0
Pyth Network,GITHUB_contributors_daily,2025-04-01,6.0
thirdweb,GITHUB_active_developers_daily,2025-04-01,7.0
Pyth Network,GITHUB_active_developers_daily,2025-04-01,2.0
Runtime Verification,GITHUB_active_developers_daily,2025-04-01,2.0
Open Source Observer,GITHUB_opened_pull_requests_daily,2025-04-01,12.0
Pyth Network,GITHUB_opened_pull_requests_daily,2025-04-01,7.0
Trail of Bits Security Reviews,GITHUB_merged_pull_requests_daily,2025-04-01,5.0
thirdweb,GITHUB_merged_pull_requests_daily,2025-04-01,12.0
Open Source Observer,GITHUB_merged_pull_requests_daily,2025-04-01,11.0
Passport XYZ,GITHUB_opened_issues_daily,2025-04-01,2.0
Runtime Verification,GITHUB_comments_daily,2025-04-08,9.0
CodeTracer,GITHUB_comments_daily,2025-04-08,1.0
Open Source Observer,GITHUB_commits_daily,2025-04-08,5.0
thirdweb,GITHUB_commits_daily,2025-04-08,5.0
Pyth Network,GITHUB_commits_daily,2025-04-08,7.0
CodeTracer,GITHUB_repositories_daily,2025-04-08,1.0
9Lives,GITHUB_repositories_daily,2025-04-08,1.0
Pyth Network,GITHUB_repositories_daily,2025-04-08,5.0
Redstone Finance,GITHUB_repositories_daily,2025-04-08,1.0
Passport XYZ,GITHUB_opened_pull_requests_daily,2025-04-08,12.0
Open Source Observer,GITHUB_merged_pull_requests_daily,2025-04-08,1.0
Runtime Verification,GITHUB_merged_pull_requests_daily,2025-04-08,5.0
Pyth Network,GITHUB_contributors_daily,2025-04-08,11.0
9Lives,GITHUB_contributors_daily,2025-04-08,1.0
Open Source Observer,GITHUB_contributors_daily,2025-04-08,2.0
thirdweb,GITHUB_contributors_daily,2025-04-08,5.0
thirdweb,GITHUB_active_developers_daily,2025-04-08,2.0
Walnut,GITHUB_active_developers_daily,2025-04-08,1.0
Pyth Network,GITHUB_active_developers_daily,2025-04-08,3.0
Passport XYZ,GITHUB_opened_issues_daily,2025-04-08,2.0
Pyth Network,GITHUB_opened_issues_daily,2025-04-08,1.0
Runtime Verification,GITHUB_commits_daily,2024-07-19,61.0
thirdweb,GITHUB_commits_daily,2024-07-19,20.0
Arbos Foundry,GITHUB_commits_daily,2024-07-19,20.0
Walnut,GITHUB_commits_daily,2024-07-19,7.0
Remix IDE plugin for Arbitrum Stylus,GITHUB_commits_daily,2024-07-19,2.0
Runtime Verification,GITHUB_stars_daily,2024-07-19,1.0
Debid - Fairblock,GITHUB_repositories_daily,2024-07-19,2.0
Runtime Verification,GITHUB_repositories_daily,2024-07-19,9.0
Redstone Finance,GITHUB_repositories_daily,2024-07-19,2.0
Pyth Network,GITHUB_forks_daily,2024-07-19,1.0
Pyth Network,GITHUB_contributors_daily,2024-07-19,5.0
Remix IDE plugin for Arbitrum Stylus,GITHUB_contributors_daily,2024-07-19,2.0
Passport XYZ,GITHUB_contributors_daily,2024-07-19,4.0
Walnut,GITHUB_contributors_daily,2024-07-19,3.0
Trail of Bits Security Reviews,GITHUB_contributors_daily,2024-07-19,5.0
Runtime Verification,GITHUB_contributors_daily,2024-07-19,10.0
Passport XYZ,GITHUB_active_developers_daily,2024-07-19,3.0
thirdweb,GITHUB_active_developers_daily,2024-07-19,4.0
Walnut,GITHUB_active_developers_daily,2024-07-19,1.0
Pyth Network,GITHUB_opened_pull_requests_daily,2024-07-19,5.0
thirdweb,GITHUB_merged_pull_requests_daily,2024-07-19,21.0
Trail of Bits Security Reviews,GITHUB_merged_pull_requests_daily,2024-07-19,7.0
Remix IDE plugin for Arbitrum Stylus,GITHUB_merged_pull_requests_daily,2024-07-19,1.0
Walnut,GITHUB_closed_issues_daily,2024-07-19,1.0
thirdweb,GITHUB_comments_daily,2024-08-16,160.0
Open Source Observer,GITHUB_comments_daily,2024-08-16,6.0
Open Source Observer,GITHUB_repositories_daily,2024-08-16,2.0
Passport XYZ,GITHUB_repositories_daily,2024-08-16,1.0
Runtime Verification,GITHUB_repositories_daily,2024-08-16,11.0
thirdweb,GITHUB_repositories_daily,2024-08-16,3.0
Walnut,GITHUB_active_developers_daily,2024-08-16,1.0
thirdweb,GITHUB_contributors_daily,2024-08-16,8.0
Passport XYZ,GITHUB_contributors_daily,2024-08-16,2.0
Redstone Finance,GITHUB_merged_pull_requests_daily,2024-08-16,1.0
Passport XYZ,GITHUB_opened_issues_daily,2024-08-16,4.0
Walnut,GITHUB_comments_daily,2024-07-02,1.0
Pyth Network,GITHUB_comments_daily,2024-07-02,20.0
Runtime Verification,GITHUB_stars_daily,2024-07-02,2.0
Trail of Bits Security Reviews,GITHUB_commits_daily,2024-07-02,60.0
thirdweb,GITHUB_forks_daily,2024-07-02,2.0
Passport XYZ,GITHUB_repositories_daily,2024-07-02,1.0
Walnut,GITHUB_repositories_daily,2024-07-02,2.0
Redstone Finance,GITHUB_repositories_daily,2024-07-02,2.0
Runtime Verification,GITHUB_repositories_daily,2024-07-02,10.0
Trail of Bits Security Reviews,GITHUB_repositories_daily,2024-07-02,10.0
thirdweb,GITHUB_contributors_daily,2024-07-02,11.0
Redstone Finance,GITHUB_contributors_daily,2024-07-02,2.0
Trail of Bits Security Reviews,GITHUB_contributors_daily,2024-07-02,12.0
Passport XYZ,GITHUB_contributors_daily,2024-07-02,1.0
Pyth Network,GITHUB_contributors_daily,2024-07-02,5.0
Open Source Observer,GITHUB_active_developers_daily,2024-07-02,2.0
Trail of Bits Security Reviews,GITHUB_active_developers_daily,2024-07-02,6.0
Redstone Finance,GITHUB_active_developers_daily,2024-07-02,2.0
thirdweb,GITHUB_opened_pull_requests_daily,2024-07-02,16.0
thirdweb,GITHUB_merged_pull_requests_daily,2024-07-02,21.0
Runtime Verification,GITHUB_merged_pull_requests_daily,2024-07-02,9.0
Open Source Observer,GITHUB_merged_pull_requests_daily,2024-07-02,4.0
Passport XYZ,GITHUB_merged_pull_requests_daily,2024-07-02,2.0
Runtime Verification,GITHUB_closed_issues_daily,2024-07-02,1.0
Pyth Network,GITHUB_comments_daily,2024-04-19,35.0
Trail of Bits Security Reviews,GITHUB_comments_daily,2024-04-19,20.0
Open Source Observer,GITHUB_comments_daily,2024-04-19,26.0
Walnut,GITHUB_comments_daily,2024-04-19,1.0
Runtime Verification,GITHUB_stars_daily,2024-04-19,4.0
Trail of Bits Security Reviews,GITHUB_commits_daily,2024-04-19,5.0
Open Source Observer,GITHUB_commits_daily,2024-04-19,15.0
Pyth Network,GITHUB_commits_daily,2024-04-19,19.0
Pyth Network,GITHUB_forks_daily,2024-04-19,3.0
thirdweb,GITHUB_repositories_daily,2024-04-19,4.0
Open Source Observer,GITHUB_active_developers_daily,2024-04-19,2.0
Walnut,GITHUB_contributors_daily,2024-04-19,1.0
Pyth Network,GITHUB_contributors_daily,2024-04-19,10.0
Open Source Observer,GITHUB_contributors_daily,2024-04-19,4.0
Walnut,GITHUB_opened_pull_requests_daily,2024-04-19,1.0
Pyth Network,GITHUB_opened_pull_requests_daily,2024-04-19,9.0
thirdweb,GITHUB_merged_pull_requests_daily,2024-04-19,18.0
Runtime Verification,GITHUB_merged_pull_requests_daily,2024-04-19,4.0
Trail of Bits Security Reviews,GITHUB_merged_pull_requests_daily,2024-04-19,5.0
Pyth Network,GITHUB_merged_pull_requests_daily,2024-04-19,11.0
thirdweb,GITHUB_closed_issues_daily,2024-04-19,3.0
Passport XYZ,GITHUB_comments_daily,2024-08-28,10.0
Open Source Observer,GITHUB_comments_daily,2024-08-28,26.0
Open Source Observer,GITHUB_commits_daily,2024-08-28,8.0
Runtime Verification,GITHUB_commits_daily,2024-08-28,15.0
Runtime Verification,GITHUB_releases_daily,2024-08-28,12.0
Trail of Bits Security Reviews,GITHUB_repositories_daily,2024-08-28,11.0
Passport XYZ,GITHUB_repositories_daily,2024-08-28,2.0
thirdweb,GITHUB_repositories_daily,2024-08-28,4.0
Open Source Observer,GITHUB_repositories_daily,2024-08-28,3.0
Trail of Bits Security Reviews,GITHUB_contributors_daily,2024-08-28,3.0
Redstone Finance,GITHUB_contributors_daily,2024-08-28,2.0
Pyth Network,GITHUB_merged_pull_requests_daily,2024-08-28,6.0
Pyth Network,GITHUB_comments_daily,2024-04-07,1.0
Redstone Finance,GITHUB_stars_daily,2024-04-07,3.0
Trail of Bits Security Reviews,GITHUB_stars_daily,2024-04-07,16.0
Open Source Observer,GITHUB_commits_daily,2024-04-07,1.0
Trail of Bits Security Reviews,GITHUB_repositories_daily,2024-04-07,14.0
thirdweb,GITHUB_contributors_daily,2024-04-07,6.0
Pyth Network,GITHUB_contributors_daily,2024-04-07,2.0
Trail of Bits Security Reviews,GITHUB_contributors_daily,2024-04-07,2.0
Enclave,GITHUB_comments_daily,2024-10-04,11.0
Trail of Bits Security Reviews,GITHUB_comments_daily,2024-10-04,9.0
Redstone Finance,GITHUB_comments_daily,2024-10-04,6.0
Walnut,GITHUB_comments_daily,2024-10-04,1.0
Runtime Verification,GITHUB_comments_daily,2024-10-04,11.0
Solang,GITHUB_comments_daily,2024-10-04,15.0
Pyth Network,GITHUB_comments_daily,2024-10-04,5.0
Walnut,GITHUB_commits_daily,2024-10-04,5.0
Passport XYZ,GITHUB_commits_daily,2024-10-04,22.0
thirdweb,GITHUB_commits_daily,2024-10-04,19.0
Trail of Bits Security Reviews,GITHUB_forks_daily,2024-10-04,1.0
Walnut,GITHUB_repositories_daily,2024-10-04,2.0
Debid - Fairblock,GITHUB_repositories_daily,2024-10-04,1.0
Walnut,GITHUB_contributors_daily,2024-10-04,2.0
Trail of Bits Security Reviews,GITHUB_contributors_daily,2024-10-04,6.0
Redstone Finance,GITHUB_contributors_daily,2024-10-04,5.0
Runtime Verification,GITHUB_contributors_daily,2024-10-04,6.0
Debid - Fairblock,GITHUB_merged_pull_requests_daily,2024-10-04,1.0
Trail of Bits Security Reviews,GITHUB_merged_pull_requests_daily,2024-10-04,9.0
Trail of Bits Security Reviews,GITHUB_opened_pull_requests_daily,2024-10-04,13.0
Open Source Observer,GITHUB_closed_issues_daily,2024-10-04,4.0
Trail of Bits Security Reviews,GITHUB_stars_daily,2024-11-10,5.0
thirdweb,GITHUB_commits_daily,2024-11-10,2.0
thirdweb,GITHUB_forks_daily,2024-11-10,2.0
Trail of Bits Security Reviews,GITHUB_contributors_daily,2024-11-10,2.0
Runtime Verification,GITHUB_contributors_daily,2024-11-10,1.0
thirdweb,GITHUB_opened_pull_requests_daily,2024-11-10,5.0
Open Source Observer,GITHUB_active_developers_daily,2024-11-10,1.0
thirdweb,GITHUB_active_developers_daily,2024-11-10,2.0
Open Source Observer,GITHUB_opened_issues_daily,2024-11-10,3.0
thirdweb,GITHUB_opened_issues_daily,2024-11-10,2.0
thirdweb,GITHUB_releases_daily,2025-03-28,2.0
thirdweb,GITHUB_stars_daily,2025-03-28,2.0
Trail of Bits Security Reviews,GITHUB_comments_daily,2025-03-28,8.0
thirdweb,GITHUB_commits_daily,2025-03-28,9.0
Trail of Bits Security Reviews,GITHUB_commits_daily,2025-03-28,72.0
Open Source Observer,GITHUB_commits_daily,2025-03-28,8.0
Redstone Finance,GITHUB_repositories_daily,2025-03-28,1.0
Passport XYZ,GITHUB_repositories_daily,2025-03-28,1.0
Runtime Verification,GITHUB_repositories_daily,2025-03-28,4.0
Walnut,GITHUB_repositories_daily,2025-03-28,5.0
thirdweb,GITHUB_repositories_daily,2025-03-28,4.0
Pyth Network,GITHUB_forks_daily,2025-03-28,1.0
Open Source Observer,GITHUB_contributors_daily,2025-03-28,6.0
Trail of Bits Security Reviews,GITHUB_contributors_daily,2025-03-28,7.0
Open Source Observer,GITHUB_active_developers_daily,2025-03-28,5.0
Pyth Network,GITHUB_opened_pull_requests_daily,2025-03-28,6.0
Trail of Bits Security Reviews,GITHUB_opened_issues_daily,2025-03-28,1.0
Enclave,GITHUB_opened_issues_daily,2025-03-28,1.0
Open Source Observer,GITHUB_closed_issues_daily,2025-03-28,2.0
Runtime Verification,GITHUB_releases_daily,2024-07-25,10.0
Pyth Network,GITHUB_forks_daily,2024-07-25,1.0
Trail of Bits Security Reviews,GITHUB_forks_daily,2024-07-25,5.0
thirdweb,GITHUB_repositories_daily,2024-07-25,6.0
Trail of Bits Security Reviews,GITHUB_repositories_daily,2024-07-25,12.0
Pyth Network,GITHUB_contributors_daily,2024-07-25,7.0
Trail of Bits Security Reviews,GITHUB_contributors_daily,2024-07-25,3.0
Open Source Observer,GITHUB_active_developers_daily,2024-07-25,3.0
Pyth Network,GITHUB_opened_pull_requests_daily,2024-07-25,10.0
thirdweb,GITHUB_opened_pull_requests_daily,2024-07-25,29.0
Pyth Network,GITHUB_merged_pull_requests_daily,2024-07-25,6.0
thirdweb,GITHUB_merged_pull_requests_daily,2024-07-25,30.0
Runtime Verification,GITHUB_merged_pull_requests_daily,2024-07-25,10.0
Open Source Observer,GITHUB_comments_daily,2025-03-25,14.0
Pyth Network,GITHUB_stars_daily,2025-03-25,2.0
Trail of Bits Security Reviews,GITHUB_stars_daily,2025-03-25,2.0
Passport XYZ,GITHUB_stars_daily,2025-03-25,2.0
Trail of Bits Security Reviews,GITHUB_comments_daily,2025-03-25,9.0
Debid - Fairblock,GITHUB_stars_daily,2025-03-25,1.0
CodeTracer,GITHUB_stars_daily,2025-03-25,3.0
Trail of Bits Security Reviews,GITHUB_commits_daily,2025-03-25,3.0
Redstone Finance,GITHUB_commits_daily,2025-03-25,6.0
Passport XYZ,GITHUB_repositories_daily,2025-03-25,3.0
Solang,GITHUB_repositories_daily,2025-03-25,1.0
Enclave,GITHUB_repositories_daily,2025-03-25,1.0
Pyth Network,GITHUB_repositories_daily,2025-03-25,5.0
Trail of Bits Security Reviews,GITHUB_forks_daily,2025-03-25,1.0
Pyth Network,GITHUB_forks_daily,2025-03-25,1.0
thirdweb,GITHUB_contributors_daily,2025-03-25,8.0
Open Source Observer,GITHUB_contributors_daily,2025-03-25,7.0
CodeTracer,GITHUB_contributors_daily,2025-03-25,1.0
thirdweb,GITHUB_active_developers_daily,2025-03-25,3.0
Runtime Verification,GITHUB_active_developers_daily,2025-03-25,5.0
Walnut,GITHUB_active_developers_daily,2025-03-25,1.0
Redstone Finance,GITHUB_active_developers_daily,2025-03-25,2.0
Runtime Verification,GITHUB_opened_pull_requests_daily,2025-03-25,5.0
Walnut,GITHUB_merged_pull_requests_daily,2025-03-25,3.0
Pyth Network,GITHUB_opened_issues_daily,2025-03-25,1.0
Redstone Finance,GITHUB_stars_daily,2024-01-12,2.0
thirdweb,GITHUB_stars_daily,2024-01-12,1.0
Runtime Verification,GITHUB_commits_daily,2024-01-12,19.0
thirdweb,GITHUB_releases_daily,2024-01-12,8.0
Trail of Bits Security Reviews,GITHUB_forks_daily,2024-01-12,2.0
Pyth Network,GITHUB_repositories_daily,2024-01-12,5.0
Redstone Finance,GITHUB_contributors_daily,2024-01-12,1.0
Runtime Verification,GITHUB_contributors_daily,2024-01-12,14.0
WakeUp Labs,GITHUB_merged_pull_requests_daily,2024-01-12,2.0
thirdweb,GITHUB_closed_issues_daily,2024-01-12,1.0
Open Source Observer,GITHUB_comments_daily,2024-01-27,8.0
Pyth Network,GITHUB_commits_daily,2024-01-27,1.0
thirdweb,GITHUB_forks_daily,2024-01-27,1.0
Open Source Observer,GITHUB_repositories_daily,2024-01-27,3.0
Trail of Bits Security Reviews,GITHUB_contributors_daily,2024-01-27,1.0
Trail of Bits Security Reviews,GITHUB_active_developers_daily,2024-01-27,1.0
Pyth Network,GITHUB_opened_pull_requests_daily,2024-01-27,1.0
Open Source Observer,GITHUB_opened_issues_daily,2024-01-27,4.0
thirdweb,GITHUB_opened_issues_daily,2024-01-27,1.0
Trail of Bits Security Reviews,GITHUB_stars_daily,2025-04-05,6.0
Passport XYZ,GITHUB_stars_daily,2025-04-05,1.0
Pyth Network,GITHUB_comments_daily,2025-04-05,7.0
thirdweb,GITHUB_commits_daily,2025-04-05,3.0
thirdweb,GITHUB_repositories_daily,2025-04-05,2.0
Enclave,GITHUB_repositories_daily,2025-04-05,1.0
Runtime Verification,GITHUB_contributors_daily,2025-04-05,3.0
Open Source Observer,GITHUB_contributors_daily,2025-04-05,3.0
Pyth Network,GITHUB_contributors_daily,2025-04-05,3.0
Pyth Network,GITHUB_active_developers_daily,2025-04-05,1.0
Runtime Verification,GITHUB_active_developers_daily,2025-04-05,2.0
thirdweb,GITHUB_merged_pull_requests_daily,2025-04-05,3.0
Open Source Observer,GITHUB_merged_pull_requests_daily,2025-04-05,5.0
Open Source Observer,GITHUB_opened_issues_daily,2025-04-05,2.0
Enclave,GITHUB_opened_issues_daily,2025-04-05,1.0
Redstone Finance,GITHUB_comments_daily,2024-09-19,9.0
Remix IDE plugin for Arbitrum Stylus,GITHUB_comments_daily,2024-09-19,2.0
Enclave,GITHUB_comments_daily,2024-09-19,8.0
Runtime Verification,GITHUB_comments_daily,2024-09-19,5.0
thirdweb,GITHUB_comments_daily,2024-09-19,218.0
Enclave,GITHUB_stars_daily,2024-09-19,1.0
Remix IDE plugin for Arbitrum Stylus,GITHUB_commits_daily,2024-09-19,5.0
Open Source Observer,GITHUB_commits_daily,2024-09-19,7.0
Debid - Fairblock,GITHUB_commits_daily,2024-09-19,1.0
thirdweb,GITHUB_commits_daily,2024-09-19,26.0
thirdweb,GITHUB_releases_daily,2024-09-19,4.0
Debid - Fairblock,GITHUB_repositories_daily,2024-09-19,1.0
Remix IDE plugin for Arbitrum Stylus,GITHUB_repositories_daily,2024-09-19,1.0
Remix IDE plugin for Arbitrum Stylus,GITHUB_contributors_daily,2024-09-19,1.0
Debid - Fairblock,GITHUB_contributors_daily,2024-09-19,1.0
Redstone Finance,GITHUB_contributors_daily,2024-09-19,4.0
Passport XYZ,GITHUB_contributors_daily,2024-09-19,3.0
thirdweb,GITHUB_contributors_daily,2024-09-19,11.0
Redstone Finance,GITHUB_active_developers_daily,2024-09-19,3.0
Runtime Verification,GITHUB_opened_pull_requests_daily,2024-09-19,6.0
Enclave,GITHUB_merged_pull_requests_daily,2024-09-19,6.0
Pyth Network,GITHUB_merged_pull_requests_daily,2024-09-19,11.0
Trail of Bits Security Reviews,GITHUB_merged_pull_requests_daily,2024-09-19,1.0
Runtime Verification,GITHUB_merged_pull_requests_daily,2024-09-19,8.0
thirdweb,GITHUB_merged_pull_requests_daily,2024-09-19,28.0
Passport XYZ,GITHUB_opened_issues_daily,2024-09-19,2.0
Open Source Observer,GITHUB_closed_issues_daily,2024-09-19,3.0
Runtime Verification,GITHUB_forks_weekly,2024-01-08,1.0
Runtime Verification,GITHUB_releases_weekly,2024-01-08,21.0
Runtime Verification,GITHUB_stars_weekly,2024-01-08,3.0
Debid - Fairblock,GITHUB_commits_weekly,2024-01-08,46.0
Debid - Fairblock,GITHUB_repositories_weekly,2024-01-08,3.0
WakeUp Labs,GITHUB_repositories_weekly,2024-01-08,1.0
Arbos Foundry,GITHUB_repositories_weekly,2024-01-08,1.0
Runtime Verification,GITHUB_repositories_weekly,2024-01-08,22.0
Open Source Observer,GITHUB_repositories_daily,2024-01-08,2.0
Redstone Finance,GITHUB_repositories_daily,2024-01-08,4.0
Trail of Bits Security Reviews,GITHUB_repositories_daily,2024-01-08,14.0
Arbos Foundry,GITHUB_contributors_weekly,2024-01-08,1.0
Pyth Network,GITHUB_contributors_weekly,2024-01-08,10.0
Open Source Observer,GITHUB_contributors_weekly,2024-01-08,4.0
Redstone Finance,GITHUB_active_developers_daily,2024-01-08,2.0
thirdweb,GITHUB_active_developers_weekly,2024-01-08,18.0
Debid - Fairblock,GITHUB_active_developers_weekly,2024-01-08,1.0
Open Source Observer,GITHUB_active_developers_weekly,2024-01-08,2.0
thirdweb,GITHUB_opened_pull_requests_daily,2024-01-08,15.0
Runtime Verification,GITHUB_opened_pull_requests_daily,2024-01-08,3.0
thirdweb,GITHUB_opened_pull_requests_weekly,2024-01-08,90.0
WakeUp Labs,GITHUB_opened_pull_requests_weekly,2024-01-08,6.0
Debid - Fairblock,GITHUB_merged_pull_requests_weekly,2024-01-08,13.0
thirdweb,GITHUB_merged_pull_requests_weekly,2024-01-08,85.0
Open Source Observer,GITHUB_opened_issues_weekly,2024-01-08,16.0
Trail of Bits Security Reviews,GITHUB_opened_issues_daily,2024-01-08,2.0
Runtime Verification,GITHUB_opened_issues_daily,2024-01-08,4.0
Trail of Bits Security Reviews,GITHUB_closed_issues_weekly,2024-01-08,4.0
Runtime Verification,GITHUB_closed_issues_daily,2024-01-08,3.0
thirdweb,GITHUB_comments_daily,2024-05-25,16.0
Open Source Observer,GITHUB_comments_daily,2024-05-25,17.0
Trail of Bits Security Reviews,GITHUB_releases_daily,2024-05-25,1.0
Redstone Finance,GITHUB_repositories_daily,2024-05-25,1.0
Runtime Verification,GITHUB_contributors_daily,2024-05-25,4.0
Open Source Observer,GITHUB_contributors_daily,2024-05-25,2.0
Runtime Verification,GITHUB_active_developers_daily,2024-05-25,2.0
Open Source Observer,GITHUB_active_developers_daily,2024-05-25,2.0
Trail of Bits Security Reviews,GITHUB_opened_pull_requests_daily,2024-05-25,2.0
Runtime Verification,GITHUB_merged_pull_requests_daily,2024-05-25,2.0
Open Source Observer,GITHUB_opened_issues_daily,2024-05-25,1.0
Open Source Observer,GITHUB_comments_daily,2024-06-20,7.0
Walnut,GITHUB_comments_daily,2024-06-20,56.0
Trail of Bits Security Reviews,GITHUB_releases_daily,2024-06-20,1.0
Runtime Verification,GITHUB_releases_daily,2024-06-20,13.0
Trail of Bits Security Reviews,GITHUB_repositories_daily,2024-06-20,19.0
Trail of Bits Security Reviews,GITHUB_contributors_daily,2024-06-20,15.0
Redstone Finance,GITHUB_contributors_daily,2024-06-20,1.0
Walnut,GITHUB_contributors_daily,2024-06-20,4.0
Trail of Bits Security Reviews,GITHUB_active_developers_daily,2024-06-20,7.0
Runtime Verification,GITHUB_merged_pull_requests_daily,2024-06-20,16.0
Pyth Network,GITHUB_merged_pull_requests_daily,2024-06-20,7.0
Trail of Bits Security Reviews,GITHUB_opened_issues_daily,2024-06-20,6.0
Trail of Bits Security Reviews,GITHUB_closed_issues_daily,2024-06-20,1.0
Runtime Verification,GITHUB_stars_daily,2024-05-16,2.0
thirdweb,GITHUB_commits_daily,2024-05-16,16.0
Runtime Verification,GITHUB_forks_daily,2024-05-16,1.0
Passport XYZ,GITHUB_repositories_daily,2024-05-16,1.0
Open Source Observer,GITHUB_repositories_daily,2024-05-16,3.0
Trail of Bits Security Reviews,GITHUB_contributors_daily,2024-05-16,4.0
Pyth Network,GITHUB_contributors_daily,2024-05-16,6.0
thirdweb,GITHUB_contributors_daily,2024-05-16,14.0
Syndicate Protocol,GITHUB_contributors_daily,2024-05-16,2.0
Runtime Verification,GITHUB_active_developers_daily,2024-05-16,4.0
thirdweb,GITHUB_active_developers_daily,2024-05-16,8.0
Trail of Bits Security Reviews,GITHUB_opened_pull_requests_daily,2024-05-16,1.0
Pyth Network,GITHUB_opened_pull_requests_daily,2024-05-16,6.0
thirdweb,GITHUB_closed_issues_daily,2024-05-16,1.0
Runtime Verification,GITHUB_closed_issues_daily,2024-05-16,2.0
Open Source Observer,GITHUB_opened_issues_daily,2024-05-16,2.0
Open Source Observer,GITHUB_commits_daily,2024-08-21,1.0
thirdweb,GITHUB_commits_daily,2024-08-21,14.0
Open Source Observer,GITHUB_contributors_daily,2024-08-21,4.0
Redstone Finance,GITHUB_contributors_daily,2024-08-21,3.0
Trail of Bits Security Reviews,GITHUB_contributors_daily,2024-08-21,8.0
Runtime Verification,GITHUB_active_developers_daily,2024-08-21,2.0
thirdweb,GITHUB_active_developers_daily,2024-08-21,2.0
Open Source Observer,GITHUB_opened_pull_requests_daily,2024-08-21,1.0
Passport XYZ,GITHUB_opened_pull_requests_daily,2024-08-21,6.0
Pyth Network,GITHUB_merged_pull_requests_daily,2024-08-21,5.0
Runtime Verification,GITHUB_merged_pull_requests_daily,2024-08-21,7.0
Walnut,GITHUB_merged_pull_requests_daily,2024-08-21,1.0
Open Source Observer,GITHUB_opened_issues_daily,2024-08-21,3.0
Runtime Verification,GITHUB_closed_issues_daily,2024-08-21,2.0
Trail of Bits Security Reviews,GITHUB_closed_issues_daily,2024-08-21,4.0
Open Source Observer,GITHUB_comments_daily,2024-04-12,5.0
thirdweb,GITHUB_releases_daily,2024-04-12,4.0
WakeUp Labs,GITHUB_stars_daily,2024-04-12,1.0
Pyth Network,GITHUB_commits_daily,2024-04-12,10.0
Redstone Finance,GITHUB_commits_daily,2024-04-12,1.0
Trail of Bits Security Reviews,GITHUB_forks_daily,2024-04-12,1.0
thirdweb,GITHUB_forks_daily,2024-04-12,2.0
Open Source Observer,GITHUB_repositories_daily,2024-04-12,2.0
thirdweb,GITHUB_repositories_daily,2024-04-12,6.0
WakeUp Labs,GITHUB_repositories_daily,2024-04-12,1.0
Runtime Verification,GITHUB_repositories_daily,2024-04-12,12.0
Debid - Fairblock,GITHUB_contributors_daily,2024-04-12,1.0
Open Source Observer,GITHUB_contributors_daily,2024-04-12,2.0
Walnut,GITHUB_active_developers_daily,2024-04-12,1.0
thirdweb,GITHUB_active_developers_daily,2024-04-12,6.0
Open Source Observer,GITHUB_active_developers_daily,2024-04-12,2.0
Trail of Bits Security Reviews,GITHUB_opened_pull_requests_daily,2024-04-12,6.0
Runtime Verification,GITHUB_opened_pull_requests_daily,2024-04-12,10.0
Pyth Network,GITHUB_opened_pull_requests_daily,2024-04-12,11.0
Debid - Fairblock,GITHUB_merged_pull_requests_daily,2024-04-12,1.0
Trail of Bits Security Reviews,GITHUB_merged_pull_requests_daily,2024-04-12,5.0
Runtime Verification,GITHUB_closed_issues_daily,2024-04-12,2.0
thirdweb,GITHUB_stars_daily,2024-06-22,1.0
Pyth Network,GITHUB_stars_daily,2024-06-22,1.0
thirdweb,GITHUB_forks_daily,2024-06-22,2.0
Trail of Bits Security Reviews,GITHUB_forks_daily,2024-06-22,2.0
Runtime Verification,GITHUB_repositories_daily,2024-06-22,1.0
thirdweb,GITHUB_contributors_daily,2024-06-22,9.0
Open Source Observer,GITHUB_opened_pull_requests_daily,2024-06-22,4.0
Trail of Bits Security Reviews,GITHUB_opened_pull_requests_daily,2024-06-22,4.0
Runtime Verification,GITHUB_merged_pull_requests_daily,2024-06-22,1.0
Trail of Bits Security Reviews,GITHUB_merged_pull_requests_daily,2024-06-22,3.0
Open Source Observer,GITHUB_opened_issues_daily,2024-06-22,1.0
Enclave,GITHUB_comments_daily,2024-12-26,1.0
Trail of Bits Security Reviews,GITHUB_comments_daily,2024-12-26,7.0
thirdweb,GITHUB_comments_daily,2024-12-26,16.0
Pyth Network,GITHUB_stars_daily,2024-12-26,1.0
Debid - Fairblock,GITHUB_commits_daily,2024-12-26,2.0
Enclave,GITHUB_repositories_daily,2024-12-26,1.0
Moving Stylus,GITHUB_contributors_daily,2024-12-26,1.0
Enclave,GITHUB_contributors_daily,2024-12-26,1.0
thirdweb,GITHUB_opened_pull_requests_daily,2024-12-26,1.0
Enclave,GITHUB_opened_pull_requests_daily,2024-12-26,1.0
Pyth Network,GITHUB_opened_pull_requests_daily,2024-12-26,1.0
Open Source Observer,GITHUB_opened_pull_requests_daily,2024-12-26,1.0
Moving Stylus,GITHUB_opened_pull_requests_daily,2024-12-26,1.0
Pyth Network,GITHUB_merged_pull_requests_daily,2024-12-26,2.0
Moving Stylus,GITHUB_merged_pull_requests_daily,2024-12-26,1.0
Trail of Bits Security Reviews,GITHUB_merged_pull_requests_daily,2024-12-26,11.0
thirdweb,GITHUB_merged_pull_requests_daily,2024-12-26,2.0
thirdweb,GITHUB_opened_issues_daily,2024-12-26,1.0
Walnut,GITHUB_comments_daily,2024-04-24,3.0
Runtime Verification,GITHUB_comments_daily,2024-04-24,43.0
Open Source Observer,GITHUB_stars_daily,2024-04-24,1.0
thirdweb,GITHUB_commits_daily,2024-04-24,11.0
Pyth Network,GITHUB_commits_daily,2024-04-24,4.0
Walnut,GITHUB_forks_daily,2024-04-24,1.0
thirdweb,GITHUB_forks_daily,2024-04-24,1.0
thirdweb,GITHUB_repositories_daily,2024-04-24,6.0
Debid - Fairblock,GITHUB_repositories_daily,2024-04-24,1.0
Walnut,GITHUB_repositories_daily,2024-04-24,1.0
Redstone Finance,GITHUB_repositories_daily,2024-04-24,5.0
Trail of Bits Security Reviews,GITHUB_repositories_daily,2024-04-24,14.0
Debid - Fairblock,GITHUB_contributors_daily,2024-04-24,1.0
Open Source Observer,GITHUB_contributors_daily,2024-04-24,3.0
Debid - Fairblock,GITHUB_active_developers_daily,2024-04-24,1.0
Redstone Finance,GITHUB_active_developers_daily,2024-04-24,1.0
thirdweb,GITHUB_opened_pull_requests_daily,2024-04-24,13.0
Runtime Verification,GITHUB_opened_pull_requests_daily,2024-04-24,8.0
Trail of Bits Security Reviews,GITHUB_opened_pull_requests_daily,2024-04-24,2.0
thirdweb,GITHUB_merged_pull_requests_daily,2024-04-24,12.0
Runtime Verification,GITHUB_merged_pull_requests_daily,2024-04-24,9.0
Open Source Observer,GITHUB_merged_pull_requests_daily,2024-04-24,4.0
thirdweb,GITHUB_opened_issues_daily,2024-04-24,1.0
thirdweb,GITHUB_comments_daily,2024-04-28,27.0
Runtime Verification,GITHUB_stars_daily,2024-04-28,1.0
thirdweb,GITHUB_stars_daily,2024-04-28,5.0
Trail of Bits Security Reviews,GITHUB_stars_daily,2024-04-28,11.0
Trail of Bits Security Reviews,GITHUB_commits_daily,2024-04-28,3.0
Trail of Bits Security Reviews,GITHUB_forks_daily,2024-04-28,2.0
Trail of Bits Security Reviews,GITHUB_repositories_daily,2024-04-28,11.0
Pyth Network,GITHUB_contributors_daily,2024-04-28,1.0
Runtime Verification,GITHUB_contributors_daily,2024-04-28,2.0
thirdweb,GITHUB_contributors_daily,2024-04-28,2.0
Open Source Observer,GITHUB_opened_pull_requests_daily,2024-04-28,2.0
Pyth Network,GITHUB_opened_pull_requests_daily,2024-04-28,1.0
thirdweb,GITHUB_opened_pull_requests_daily,2024-04-28,6.0
Pyth Network,GITHUB_comments_daily,2025-03-11,32.0
Trail of Bits Security Reviews,GITHUB_comments_daily,2025-03-11,8.0
Runtime Verification,GITHUB_comments_daily,2025-03-11,10.0
Runtime Verification,GITHUB_stars_daily,2025-03-11,3.0
Open Source Observer,GITHUB_repositories_daily,2025-03-11,2.0
Redstone Finance,GITHUB_active_developers_daily,2025-03-11,4.0
Passport XYZ,GITHUB_active_developers_daily,2025-03-11,1.0
thirdweb,GITHUB_active_developers_daily,2025-03-11,1.0
Runtime Verification,GITHUB_opened_pull_requests_daily,2025-03-11,5.0
Open Source Observer,GITHUB_opened_pull_requests_daily,2025-03-11,10.0
Passport XYZ,GITHUB_merged_pull_requests_daily,2025-03-11,2.0
Passport XYZ,GITHUB_opened_issues_daily,2025-03-11,6.0
Runtime Verification,GITHUB_opened_issues_daily,2025-03-11,2.0
Runtime Verification,GITHUB_closed_issues_daily,2025-03-11,1.0
Passport XYZ,GITHUB_closed_issues_daily,2025-03-11,2.0
Runtime Verification,GITHUB_comments_daily,2024-07-23,22.0
Runtime Verification,GITHUB_stars_daily,2024-07-23,2.0
Trail of Bits Security Reviews,GITHUB_stars_daily,2024-07-23,17.0
Runtime Verification,GITHUB_commits_daily,2024-07-23,42.0
Passport XYZ,GITHUB_commits_daily,2024-07-23,21.0
Trail of Bits Security Reviews,GITHUB_releases_daily,2024-07-23,1.0
Runtime Verification,GITHUB_releases_daily,2024-07-23,14.0
Trail of Bits Security Reviews,GITHUB_repositories_daily,2024-07-23,22.0
Open Source Observer,GITHUB_repositories_daily,2024-07-23,2.0
Redstone Finance,GITHUB_repositories_daily,2024-07-23,3.0
Open Source Observer,GITHUB_contributors_daily,2024-07-23,2.0
Redstone Finance,GITHUB_contributors_daily,2024-07-23,3.0
Trail of Bits Security Reviews,GITHUB_active_developers_daily,2024-07-23,4.0
Runtime Verification,GITHUB_active_developers_daily,2024-07-23,4.0
Pyth Network,GITHUB_active_developers_daily,2024-07-23,2.0
thirdweb,GITHUB_opened_pull_requests_daily,2024-07-23,17.0
Trail of Bits Security Reviews,GITHUB_opened_pull_requests_daily,2024-07-23,4.0
Pyth Network,GITHUB_merged_pull_requests_daily,2024-07-23,3.0
Open Source Observer,GITHUB_merged_pull_requests_daily,2024-07-23,4.0
Trail of Bits Security Reviews,GITHUB_closed_issues_daily,2024-07-23,1.0
Trail of Bits Security Reviews,GITHUB_comments_daily,2024-10-17,16.0
Trail of Bits Security Reviews,GITHUB_stars_daily,2024-10-17,14.0
Redstone Finance,GITHUB_commits_daily,2024-10-17,11.0
Open Source Observer,GITHUB_commits_daily,2024-10-17,18.0
Runtime Verification,GITHUB_releases_daily,2024-10-17,7.0
thirdweb,GITHUB_contributors_daily,2024-10-17,10.0
Open Source Observer,GITHUB_active_developers_daily,2024-10-17,5.0
Runtime Verification,GITHUB_active_developers_daily,2024-10-17,6.0
Runtime Verification,GITHUB_merged_pull_requests_daily,2024-10-17,6.0
Runtime Verification,GITHUB_opened_issues_daily,2024-10-17,2.0
Walnut,GITHUB_comments_daily,2024-08-14,1.0
Pyth Network,GITHUB_commits_daily,2024-08-14,4.0
Pyth Network,GITHUB_forks_daily,2024-08-14,1.0
Trail of Bits Security Reviews,GITHUB_forks_daily,2024-08-14,3.0
Redstone Finance,GITHUB_repositories_daily,2024-08-14,1.0
Passport XYZ,GITHUB_repositories_daily,2024-08-14,2.0
Walnut,GITHUB_repositories_daily,2024-08-14,1.0
Walnut,GITHUB_contributors_daily,2024-08-14,1.0
Redstone Finance,GITHUB_contributors_daily,2024-08-14,1.0
Trail of Bits Security Reviews,GITHUB_contributors_daily,2024-08-14,4.0
thirdweb,GITHUB_active_developers_daily,2024-08-14,4.0
Trail of Bits Security Reviews,GITHUB_opened_pull_requests_daily,2024-08-14,3.0
thirdweb,GITHUB_merged_pull_requests_daily,2024-08-14,11.0
Passport XYZ,GITHUB_merged_pull_requests_daily,2024-08-14,4.0
Trail of Bits Security Reviews,GITHUB_merged_pull_requests_daily,2024-08-14,1.0
Walnut,GITHUB_opened_issues_daily,2024-08-14,1.0
Open Source Observer,GITHUB_opened_issues_daily,2024-08-14,3.0
Runtime Verification,GITHUB_closed_issues_daily,2024-08-14,2.0
Walnut,GITHUB_closed_issues_daily,2024-08-14,1.0
Pyth Network,GITHUB_comments_daily,2024-03-03,1.0
thirdweb,GITHUB_comments_daily,2024-03-03,1.0
Trail of Bits Security Reviews,GITHUB_stars_daily,2024-03-03,15.0
Trail of Bits Security Reviews,GITHUB_forks_daily,2024-03-03,2.0
Redstone Finance,GITHUB_forks_daily,2024-03-03,1.0
Pyth Network,GITHUB_forks_daily,2024-03-03,2.0
Trail of Bits Security Reviews,GITHUB_repositories_daily,2024-03-03,9.0
Redstone Finance,GITHUB_repositories_daily,2024-03-03,2.0
thirdweb,GITHUB_contributors_daily,2024-03-03,1.0
thirdweb,GITHUB_opened_pull_requests_daily,2024-03-03,1.0
Runtime Verification,GITHUB_forks_daily,2024-06-08,1.0
Trail of Bits Security Reviews,GITHUB_repositories_daily,2024-06-08,7.0
Runtime Verification,GITHUB_repositories_daily,2024-06-08,3.0
Open Source Observer,GITHUB_repositories_daily,2024-06-08,3.0
Trail of Bits Security Reviews,GITHUB_contributors_daily,2024-06-08,1.0
Runtime Verification,GITHUB_contributors_daily,2024-06-08,1.0
Runtime Verification,GITHUB_active_developers_daily,2024-06-08,1.0
Open Source Observer,GITHUB_opened_pull_requests_daily,2024-06-08,3.0
Open Source Observer,GITHUB_merged_pull_requests_daily,2024-06-08,1.0
thirdweb,GITHUB_merged_pull_requests_daily,2024-06-08,6.0
Trail of Bits Security Reviews,GITHUB_merged_pull_requests_daily,2024-06-08,2.0
Redstone Finance,GITHUB_stars_daily,2024-01-28,1.0
Debid - Fairblock,GITHUB_stars_daily,2024-01-28,6.0
thirdweb,GITHUB_commits_daily,2024-01-28,1.0
Runtime Verification,GITHUB_releases_daily,2024-01-28,2.0
Pyth Network,GITHUB_forks_daily,2024-01-28,1.0
Runtime Verification,GITHUB_contributors_daily,2024-01-28,1.0
Passport XYZ,GITHUB_comments_daily,2024-12-19,8.0
thirdweb,GITHUB_comments_daily,2024-12-19,113.0
Walnut,GITHUB_stars_daily,2024-12-19,1.0
Walnut,GITHUB_commits_daily,2024-12-19,3.0
Remix IDE plugin for Arbitrum Stylus,GITHUB_commits_daily,2024-12-19,1.0
Enclave,GITHUB_commits_daily,2024-12-19,1.0
Redstone Finance,GITHUB_commits_daily,2024-12-19,12.0
Runtime Verification,GITHUB_releases_daily,2024-12-19,4.0
Runtime Verification,GITHUB_repositories_daily,2024-12-19,5.0
Walnut,GITHUB_repositories_daily,2024-12-19,4.0
Solang,GITHUB_repositories_daily,2024-12-19,1.0
Enclave,GITHUB_repositories_daily,2024-12-19,1.0
Enclave,GITHUB_contributors_daily,2024-12-19,2.0
Pyth Network,GITHUB_contributors_daily,2024-12-19,9.0
Remix IDE plugin for Arbitrum Stylus,GITHUB_contributors_daily,2024-12-19,1.0
Pyth Network,GITHUB_active_developers_daily,2024-12-19,6.0
Runtime Verification,GITHUB_opened_pull_requests_daily,2024-12-19,1.0
Trail of Bits Security Reviews,GITHUB_opened_pull_requests_daily,2024-12-19,4.0
Pyth Network,GITHUB_opened_pull_requests_daily,2024-12-19,4.0
Open Source Observer,GITHUB_merged_pull_requests_daily,2024-12-19,9.0
Pyth Network,GITHUB_closed_issues_daily,2024-12-19,1.0
Open Source Observer,GITHUB_commits_daily,2024-11-17,9.0
Open Source Observer,GITHUB_repositories_daily,2024-11-17,3.0
Remix IDE plugin for Arbitrum Stylus,GITHUB_repositories_daily,2024-11-17,1.0
Trail of Bits Security Reviews,GITHUB_repositories_daily,2024-11-17,14.0
Pyth Network,GITHUB_repositories_daily,2024-11-17,1.0
Runtime Verification,GITHUB_repositories_daily,2024-11-17,3.0
Remix IDE plugin for Arbitrum Stylus,GITHUB_contributors_daily,2024-11-17,1.0
Enclave,GITHUB_contributors_daily,2024-11-17,1.0
Runtime Verification,GITHUB_active_developers_daily,2024-11-17,1.0
Remix IDE plugin for Arbitrum Stylus,GITHUB_active_developers_daily,2024-11-17,1.0
Trail of Bits Security Reviews,GITHUB_active_developers_daily,2024-11-17,2.0
Runtime Verification,GITHUB_merged_pull_requests_daily,2024-11-17,2.0
Open Source Observer,GITHUB_stars_daily,2024-12-08,1.0
Open Source Observer,GITHUB_commits_daily,2024-12-08,5.0
Runtime Verification,GITHUB_commits_daily,2024-12-08,1.0
Trail of Bits Security Reviews,GITHUB_repositories_daily,2024-12-08,7.0
Runtime Verification,GITHUB_repositories_daily,2024-12-08,1.0
Ember,GITHUB_contributors_daily,2024-12-08,1.0
Open Source Observer,GITHUB_contributors_daily,2024-12-08,2.0
Open Source Observer,GITHUB_active_developers_daily,2024-12-08,1.0
thirdweb,GITHUB_opened_issues_daily,2024-12-08,1.0
Walnut,GITHUB_forks_weekly,2024-04-08,1.0
Runtime Verification,GITHUB_forks_weekly,2024-04-08,5.0
Walnut,GITHUB_stars_weekly,2024-04-08,3.0
Pyth Network,GITHUB_stars_weekly,2024-04-08,1.0
Redstone Finance,GITHUB_commits_daily,2024-04-08,4.0
Walnut,GITHUB_commits_daily,2024-04-08,42.0
Trail of Bits Security Reviews,GITHUB_commits_daily,2024-04-08,28.0
Pyth Network,GITHUB_releases_weekly,2024-04-08,4.0
Runtime Verification,GITHUB_releases_daily,2024-04-08,4.0
Pyth Network,GITHUB_commits_weekly,2024-04-08,39.0
Trail of Bits Security Reviews,GITHUB_commits_weekly,2024-04-08,54.0
WakeUp Labs,GITHUB_commits_weekly,2024-04-08,1.0
Runtime Verification,GITHUB_forks_daily,2024-04-08,1.0
Pyth Network,GITHUB_repositories_weekly,2024-04-08,8.0
Redstone Finance,GITHUB_repositories_daily,2024-04-08,3.0
Runtime Verification,GITHUB_repositories_daily,2024-04-08,10.0
Syndicate Protocol,GITHUB_contributors_weekly,2024-04-08,1.0
Redstone Finance,GITHUB_contributors_weekly,2024-04-08,6.0
Walnut,GITHUB_contributors_weekly,2024-04-08,4.0
Pyth Network,GITHUB_contributors_daily,2024-04-08,7.0
Runtime Verification,GITHUB_active_developers_weekly,2024-04-08,10.0
Trail of Bits Security Reviews,GITHUB_active_developers_daily,2024-04-08,6.0
Walnut,GITHUB_active_developers_daily,2024-04-08,1.0
Pyth Network,GITHUB_active_developers_daily,2024-04-08,3.0
Walnut,GITHUB_opened_pull_requests_weekly,2024-04-08,5.0
Runtime Verification,GITHUB_opened_pull_requests_weekly,2024-04-08,59.0
Redstone Finance,GITHUB_merged_pull_requests_weekly,2024-04-08,2.0
Trail of Bits Security Reviews,GITHUB_merged_pull_requests_weekly,2024-04-08,48.0
Walnut,GITHUB_merged_pull_requests_weekly,2024-04-08,3.0
thirdweb,GITHUB_merged_pull_requests_weekly,2024-04-08,103.0
Debid - Fairblock,GITHUB_merged_pull_requests_weekly,2024-04-08,1.0
Pyth Network,GITHUB_opened_pull_requests_daily,2024-04-08,8.0
thirdweb,GITHUB_opened_pull_requests_daily,2024-04-08,31.0
Pyth Network,GITHUB_merged_pull_requests_daily,2024-04-08,2.0
Runtime Verification,GITHUB_merged_pull_requests_daily,2024-04-08,4.0
Trail of Bits Security Reviews,GITHUB_opened_issues_daily,2024-04-08,3.0
Open Source Observer,GITHUB_comments_daily,2024-05-18,3.0
thirdweb,GITHUB_commits_daily,2024-05-18,2.0
Runtime Verification,GITHUB_commits_daily,2024-05-18,5.0
thirdweb,GITHUB_repositories_daily,2024-05-18,6.0
Open Source Observer,GITHUB_opened_pull_requests_daily,2024-05-18,1.0
Runtime Verification,GITHUB_comments_daily,2025-03-09,4.0
Trail of Bits Security Reviews,GITHUB_stars_daily,2025-03-09,13.0
CodeTracer,GITHUB_forks_daily,2025-03-09,1.0
Walnut,GITHUB_repositories_daily,2025-03-09,3.0
Trail of Bits Security Reviews,GITHUB_contributors_daily,2025-03-09,1.0
Open Source Observer,GITHUB_active_developers_daily,2025-03-09,2.0
Solang,GITHUB_opened_issues_daily,2025-03-09,1.0
Open Source Observer,GITHUB_opened_issues_daily,2025-03-09,3.0
Open Source Observer,GITHUB_closed_issues_daily,2025-03-09,1.0
Redstone Finance,GITHUB_comments_daily,2024-09-07,3.0
thirdweb,GITHUB_stars_daily,2024-09-07,1.0
Trail of Bits Security Reviews,GITHUB_stars_daily,2024-09-07,12.0
Pyth Network,GITHUB_forks_daily,2024-09-07,1.0
Runtime Verification,GITHUB_repositories_daily,2024-09-07,2.0
Open Source Observer,GITHUB_closed_issues_daily,2024-09-07,14.0
thirdweb,GITHUB_comments_daily,2024-12-18,78.0
Remix IDE plugin for Arbitrum Stylus,GITHUB_comments_daily,2024-12-18,1.0
thirdweb,GITHUB_stars_daily,2024-12-18,2.0
Redstone Finance,GITHUB_commits_daily,2024-12-18,25.0
Runtime Verification,GITHUB_commits_daily,2024-12-18,5.0
Remix IDE plugin for Arbitrum Stylus,GITHUB_repositories_daily,2024-12-18,1.0
thirdweb,GITHUB_repositories_daily,2024-12-18,2.0
Enclave,GITHUB_repositories_daily,2024-12-18,1.0
Debid - Fairblock,GITHUB_contributors_daily,2024-12-18,2.0
thirdweb,GITHUB_contributors_daily,2024-12-18,11.0
Enclave,GITHUB_contributors_daily,2024-12-18,1.0
Solang,GITHUB_contributors_daily,2024-12-18,1.0
Redstone Finance,GITHUB_contributors_daily,2024-12-18,2.0
Debid - Fairblock,GITHUB_active_developers_daily,2024-12-18,2.0
Walnut,GITHUB_active_developers_daily,2024-12-18,1.0
Passport XYZ,GITHUB_opened_pull_requests_daily,2024-12-18,4.0
Remix IDE plugin for Arbitrum Stylus,GITHUB_merged_pull_requests_daily,2024-12-18,2.0
Pyth Network,GITHUB_merged_pull_requests_daily,2024-12-18,3.0
Enclave,GITHUB_closed_issues_daily,2024-12-18,1.0
Trail of Bits Security Reviews,GITHUB_comments_daily,2024-06-05,12.0
Enclave,GITHUB_stars_daily,2024-06-05,1.0
Walnut,GITHUB_commits_daily,2024-06-05,7.0
Redstone Finance,GITHUB_commits_daily,2024-06-05,3.0
thirdweb,GITHUB_active_developers_daily,2024-06-05,5.0
Trail of Bits Security Reviews,GITHUB_opened_pull_requests_daily,2024-06-05,2.0
thirdweb,GITHUB_merged_pull_requests_daily,2024-06-05,5.0
Runtime Verification,GITHUB_opened_issues_daily,2024-06-05,4.0
Walnut,GITHUB_closed_issues_daily,2024-06-05,7.0
Pyth Network,GITHUB_comments_daily,2024-05-08,5.0
Open Source Observer,GITHUB_comments_daily,2024-05-08,13.0
Redstone Finance,GITHUB_stars_daily,2024-05-08,1.0
Walnut,GITHUB_repositories_daily,2024-05-08,1.0
Open Source Observer,GITHUB_repositories_daily,2024-05-08,1.0
Pyth Network,GITHUB_active_developers_daily,2024-05-08,1.0
Open Source Observer,GITHUB_contributors_daily,2024-05-08,3.0
Walnut,GITHUB_contributors_daily,2024-05-08,2.0
WakeUp Labs,GITHUB_contributors_daily,2024-05-08,1.0
Pyth Network,GITHUB_opened_pull_requests_daily,2024-05-08,3.0
Pyth Network,GITHUB_merged_pull_requests_daily,2024-05-08,1.0
thirdweb,GITHUB_merged_pull_requests_daily,2024-05-08,7.0
Runtime Verification,GITHUB_stars_daily,2024-12-25,1.0
Trail of Bits Security Reviews,GITHUB_forks_daily,2024-12-25,1.0
Pyth Network,GITHUB_contributors_daily,2024-12-25,2.0
Trail of Bits Security Reviews,GITHUB_comments_daily,2024-03-23,1.0
Trail of Bits Security Reviews,GITHUB_commits_daily,2024-03-23,1.0
Trail of Bits Security Reviews,GITHUB_forks_daily,2024-03-23,4.0
Runtime Verification,GITHUB_forks_daily,2024-03-23,1.0
Pyth Network,GITHUB_repositories_daily,2024-03-23,10.0
Runtime Verification,GITHUB_repositories_daily,2024-03-23,4.0
Trail of Bits Security Reviews,GITHUB_active_developers_daily,2024-03-23,1.0
thirdweb,GITHUB_merged_pull_requests_daily,2024-03-23,4.0
Walnut,GITHUB_opened_pull_requests_daily,2024-03-23,1.0
Runtime Verification,GITHUB_opened_pull_requests_daily,2024-03-23,1.0
Runtime Verification,GITHUB_opened_issues_daily,2024-03-23,2.0
Pyth Network,GITHUB_comments_daily,2024-08-05,6.0
Open Source Observer,GITHUB_comments_daily,2024-08-05,10.0
Passport XYZ,GITHUB_comments_daily,2024-08-05,8.0
Redstone Finance,GITHUB_forks_weekly,2024-08-05,1.0
Open Source Observer,GITHUB_stars_weekly,2024-08-05,4.0
Pyth Network,GITHUB_stars_weekly,2024-08-05,6.0
Redstone Finance,GITHUB_stars_weekly,2024-08-05,3.0
Open Source Observer,GITHUB_stars_daily,2024-08-05,1.0
thirdweb,GITHUB_stars_daily,2024-08-05,1.0
Passport XYZ,GITHUB_releases_weekly,2024-08-05,8.0
Pyth Network,GITHUB_releases_weekly,2024-08-05,1.0
Debid - Fairblock,GITHUB_releases_weekly,2024-08-05,2.0
thirdweb,GITHUB_releases_weekly,2024-08-05,9.0
Passport XYZ,GITHUB_commits_daily,2024-08-05,8.0
Walnut,GITHUB_commits_daily,2024-08-05,19.0
Trail of Bits Security Reviews,GITHUB_commits_weekly,2024-08-05,96.0
Remix IDE plugin for Arbitrum Stylus,GITHUB_commits_weekly,2024-08-05,9.0
Walnut,GITHUB_commits_weekly,2024-08-05,54.0
Arbos Foundry,GITHUB_commits_weekly,2024-08-05,40.0
Redstone Finance,GITHUB_comments_weekly,2024-08-05,30.0
Pyth Network,GITHUB_comments_weekly,2024-08-05,108.0
Walnut,GITHUB_comments_weekly,2024-08-05,55.0
Pyth Network,GITHUB_repositories_weekly,2024-08-05,10.0
Enclave,GITHUB_repositories_weekly,2024-08-05,1.0
Runtime Verification,GITHUB_repositories_weekly,2024-08-05,18.0
Redstone Finance,GITHUB_repositories_weekly,2024-08-05,5.0
Walnut,GITHUB_repositories_weekly,2024-08-05,3.0
Pyth Network,GITHUB_repositories_daily,2024-08-05,5.0
Redstone Finance,GITHUB_repositories_daily,2024-08-05,2.0
thirdweb,GITHUB_repositories_daily,2024-08-05,4.0
Passport XYZ,GITHUB_repositories_daily,2024-08-05,3.0
Debid - Fairblock,GITHUB_contributors_weekly,2024-08-05,4.0
Runtime Verification,GITHUB_contributors_weekly,2024-08-05,25.0
Walnut,GITHUB_contributors_weekly,2024-08-05,13.0
Remix IDE plugin for Arbitrum Stylus,GITHUB_active_developers_weekly,2024-08-05,1.0
Trail of Bits Security Reviews,GITHUB_active_developers_weekly,2024-08-05,8.0
Walnut,GITHUB_active_developers_weekly,2024-08-05,2.0
Enclave,GITHUB_contributors_daily,2024-08-05,1.0
Passport XYZ,GITHUB_contributors_daily,2024-08-05,2.0
Walnut,GITHUB_active_developers_daily,2024-08-05,1.0
thirdweb,GITHUB_active_developers_daily,2024-08-05,2.0
Open Source Observer,GITHUB_contributors_daily,2024-08-05,2.0
Debid - Fairblock,GITHUB_opened_pull_requests_weekly,2024-08-05,3.0
Arbos Foundry,GITHUB_opened_pull_requests_weekly,2024-08-05,1.0
Redstone Finance,GITHUB_opened_pull_requests_weekly,2024-08-05,6.0
Runtime Verification,GITHUB_merged_pull_requests_weekly,2024-08-05,74.0
Walnut,GITHUB_merged_pull_requests_weekly,2024-08-05,9.0
Pyth Network,GITHUB_merged_pull_requests_daily,2024-08-05,2.0
thirdweb,GITHUB_merged_pull_requests_daily,2024-08-05,15.0
Runtime Verification,GITHUB_merged_pull_requests_daily,2024-08-05,13.0
Trail of Bits Security Reviews,GITHUB_opened_issues_weekly,2024-08-05,6.0
Walnut,GITHUB_closed_issues_daily,2024-08-05,3.0
Open Source Observer,GITHUB_closed_issues_daily,2024-08-05,2.0
Pyth Network,GITHUB_comments_daily,2024-11-29,25.0
Redstone Finance,GITHUB_comments_daily,2024-11-29,7.0
Solang,GITHUB_comments_daily,2024-11-29,2.0
Open Source Observer,GITHUB_stars_daily,2024-11-29,3.0
Solang,GITHUB_stars_daily,2024-11-29,1.0
Enclave,GITHUB_commits_daily,2024-11-29,5.0
Trail of Bits Security Reviews,GITHUB_forks_daily,2024-11-29,1.0
Enclave,GITHUB_repositories_daily,2024-11-29,1.0
Pyth Network,GITHUB_repositories_daily,2024-11-29,6.0
Walnut,GITHUB_repositories_daily,2024-11-29,1.0
Pyth Network,GITHUB_contributors_daily,2024-11-29,6.0
Trail of Bits Security Reviews,GITHUB_contributors_daily,2024-11-29,4.0
Redstone Finance,GITHUB_active_developers_daily,2024-11-29,3.0
Open Source Observer,GITHUB_active_developers_daily,2024-11-29,2.0
Redstone Finance,GITHUB_opened_pull_requests_daily,2024-11-29,3.0
Pyth Network,GITHUB_opened_pull_requests_daily,2024-11-29,6.0
Open Source Observer,GITHUB_comments_daily,2025-02-16,3.0
Trail of Bits Security Reviews,GITHUB_stars_daily,2025-02-16,9.0
Passport XYZ,GITHUB_stars_daily,2025-02-16,8.0
Pyth Network,GITHUB_commits_daily,2025-02-16,3.0
Open Source Observer,GITHUB_commits_daily,2025-02-16,1.0
Pyth Network,GITHUB_forks_daily,2025-02-16,1.0
Trail of Bits Security Reviews,GITHUB_repositories_daily,2025-02-16,8.0
Open Source Observer,GITHUB_contributors_daily,2025-02-16,1.0
thirdweb,GITHUB_active_developers_daily,2025-02-16,1.0
Pyth Network,GITHUB_merged_pull_requests_daily,2025-02-16,3.0
Pyth Network,GITHUB_comments_daily,2025-01-16,31.0
Runtime Verification,GITHUB_comments_daily,2025-01-16,35.0
Passport XYZ,GITHUB_comments_daily,2025-01-16,2.0
thirdweb,GITHUB_comments_daily,2025-01-16,77.0
Trail of Bits Security Reviews,GITHUB_commits_daily,2025-01-16,8.0
9Lives,GITHUB_commits_daily,2025-01-16,6.0
Pyth Network,GITHUB_releases_daily,2025-01-16,1.0
Trail of Bits Security Reviews,GITHUB_repositories_daily,2025-01-16,16.0
Walnut,GITHUB_repositories_daily,2025-01-16,1.0
Pyth Network,GITHUB_repositories_daily,2025-01-16,6.0
Walnut,GITHUB_contributors_daily,2025-01-16,2.0
Pyth Network,GITHUB_contributors_daily,2025-01-16,9.0
Walnut,GITHUB_active_developers_daily,2025-01-16,1.0
Pyth Network,GITHUB_active_developers_daily,2025-01-16,7.0
Redstone Finance,GITHUB_active_developers_daily,2025-01-16,1.0
Walnut,GITHUB_merged_pull_requests_daily,2025-01-16,2.0
Trail of Bits Security Reviews,GITHUB_merged_pull_requests_daily,2025-01-16,7.0
Open Source Observer,GITHUB_opened_issues_daily,2025-01-16,12.0
Solang,GITHUB_opened_issues_daily,2025-01-16,1.0
thirdweb,GITHUB_closed_issues_daily,2025-01-16,1.0
thirdweb,GITHUB_stars_daily,2024-03-31,4.0
thirdweb,GITHUB_repositories_daily,2024-03-31,4.0
Trail of Bits Security Reviews,GITHUB_contributors_daily,2024-03-31,3.0
Open Source Observer,GITHUB_active_developers_daily,2024-03-31,1.0
thirdweb,GITHUB_merged_pull_requests_daily,2024-03-31,3.0
Enclave,GITHUB_comments_daily,2025-01-02,7.0
Open Source Observer,GITHUB_comments_daily,2025-01-02,8.0
Trail of Bits Security Reviews,GITHUB_stars_daily,2025-01-02,10.0
thirdweb,GITHUB_stars_daily,2025-01-02,1.0
Trail of Bits Security Reviews,GITHUB_commits_daily,2025-01-02,23.0
Solang,GITHUB_forks_daily,2025-01-02,1.0
thirdweb,GITHUB_forks_daily,2025-01-02,1.0
Pyth Network,GITHUB_forks_daily,2025-01-02,1.0
Runtime Verification,GITHUB_repositories_daily,2025-01-02,3.0
Pyth Network,GITHUB_repositories_daily,2025-01-02,6.0
Trail of Bits Security Reviews,GITHUB_repositories_daily,2025-01-02,13.0
Solang,GITHUB_repositories_daily,2025-01-02,1.0
Enclave,GITHUB_contributors_daily,2025-01-02,2.0
thirdweb,GITHUB_contributors_daily,2025-01-02,5.0
Pyth Network,GITHUB_opened_pull_requests_daily,2025-01-02,4.0
Open Source Observer,GITHUB_opened_pull_requests_daily,2025-01-02,1.0
Enclave,GITHUB_opened_pull_requests_daily,2025-01-02,2.0
Open Source Observer,GITHUB_merged_pull_requests_daily,2025-01-02,2.0
Open Source Observer,GITHUB_stars_daily,2024-01-21,1.0
Runtime Verification,GITHUB_stars_daily,2024-01-21,4.0
Trail of Bits Security Reviews,GITHUB_stars_daily,2024-01-21,19.0
thirdweb,GITHUB_commits_daily,2024-01-21,1.0
Trail of Bits Security Reviews,GITHUB_commits_daily,2024-01-21,4.0
Runtime Verification,GITHUB_forks_daily,2024-01-21,1.0
Open Source Observer,GITHUB_repositories_daily,2024-01-21,3.0
Debid - Fairblock,GITHUB_repositories_daily,2024-01-21,1.0
Redstone Finance,GITHUB_repositories_daily,2024-01-21,1.0
Trail of Bits Security Reviews,GITHUB_repositories_daily,2024-01-21,14.0
thirdweb,GITHUB_active_developers_daily,2024-01-21,1.0
Open Source Observer,GITHUB_opened_pull_requests_daily,2024-01-21,2.0
Open Source Observer,GITHUB_merged_pull_requests_daily,2024-01-21,1.0
CoBuilders,GITHUB_comments_daily,2025-01-21,2.0
Passport XYZ,GITHUB_comments_daily,2025-01-21,2.0
Runtime Verification,GITHUB_comments_daily,2025-01-21,10.0
Trail of Bits Security Reviews,GITHUB_stars_daily,2025-01-21,12.0
thirdweb,GITHUB_commits_daily,2025-01-21,12.0
Runtime Verification,GITHUB_commits_daily,2025-01-21,8.0
thirdweb,GITHUB_releases_daily,2025-01-21,2.0
Moving Stylus,GITHUB_repositories_daily,2025-01-21,1.0
CoBuilders,GITHUB_repositories_daily,2025-01-21,1.0
Solang,GITHUB_repositories_daily,2025-01-21,1.0
Open Source Observer,GITHUB_active_developers_daily,2025-01-21,4.0
Walnut,GITHUB_contributors_daily,2025-01-21,2.0
Trail of Bits Security Reviews,GITHUB_contributors_daily,2025-01-21,6.0
Runtime Verification,GITHUB_opened_pull_requests_daily,2025-01-21,5.0
Open Source Observer,GITHUB_merged_pull_requests_daily,2025-01-21,8.0
Runtime Verification,GITHUB_opened_issues_daily,2025-01-21,1.0
Trail of Bits Security Reviews,GITHUB_opened_issues_daily,2025-01-21,1.0
Trail of Bits Security Reviews,GITHUB_closed_issues_daily,2025-01-21,1.0
Open Source Observer,GITHUB_comments_daily,2024-06-13,8.0
Enclave,GITHUB_stars_daily,2024-06-13,1.0
Trail of Bits Security Reviews,GITHUB_stars_daily,2024-06-13,15.0
Trail of Bits Security Reviews,GITHUB_commits_daily,2024-06-13,26.0
Debid - Fairblock,GITHUB_commits_daily,2024-06-13,1.0
Pyth Network,GITHUB_forks_daily,2024-06-13,2.0
Open Source Observer,GITHUB_forks_daily,2024-06-13,1.0
Passport XYZ,GITHUB_forks_daily,2024-06-13,2.0
Passport XYZ,GITHUB_repositories_daily,2024-06-13,1.0
Debid - Fairblock,GITHUB_repositories_daily,2024-06-13,1.0
Passport XYZ,GITHUB_contributors_daily,2024-06-13,1.0
Trail of Bits Security Reviews,GITHUB_contributors_daily,2024-06-13,4.0
thirdweb,GITHUB_contributors_daily,2024-06-13,14.0
Pyth Network,GITHUB_active_developers_daily,2024-06-13,6.0
Redstone Finance,GITHUB_active_developers_daily,2024-06-13,2.0
thirdweb,GITHUB_opened_pull_requests_daily,2024-06-13,15.0
Walnut,GITHUB_opened_pull_requests_daily,2024-06-13,2.0
Open Source Observer,GITHUB_opened_issues_daily,2024-06-13,1.0
thirdweb,GITHUB_forks_daily,2024-06-09,3.0
thirdweb,GITHUB_repositories_daily,2024-06-09,5.0
Open Source Observer,GITHUB_contributors_daily,2024-06-09,5.0
thirdweb,GITHUB_active_developers_daily,2024-06-09,4.0
thirdweb,GITHUB_closed_issues_daily,2024-06-09,1.0
thirdweb,GITHUB_merged_pull_requests_daily,2024-06-09,6.0
Trail of Bits Security Reviews,GITHUB_merged_pull_requests_daily,2024-06-09,2.0
Trail of Bits Security Reviews,GITHUB_stars_daily,2024-01-25,13.0
Walnut,GITHUB_stars_daily,2024-01-25,1.0
Trail of Bits Security Reviews,GITHUB_commits_daily,2024-01-25,28.0
Redstone Finance,GITHUB_commits_daily,2024-01-25,5.0
Pyth Network,GITHUB_commits_daily,2024-01-25,6.0
thirdweb,GITHUB_commits_daily,2024-01-25,19.0
Walnut,GITHUB_commits_daily,2024-01-25,12.0
Runtime Verification,GITHUB_releases_daily,2024-01-25,2.0
Trail of Bits Security Reviews,GITHUB_repositories_daily,2024-01-25,15.0
Walnut,GITHUB_repositories_daily,2024-01-25,1.0
Remix IDE plugin for Arbitrum Stylus,GITHUB_repositories_daily,2024-01-25,1.0
Pyth Network,GITHUB_contributors_daily,2024-01-25,4.0
thirdweb,GITHUB_active_developers_daily,2024-01-25,9.0
Pyth Network,GITHUB_active_developers_daily,2024-01-25,4.0
thirdweb,GITHUB_opened_pull_requests_daily,2024-01-25,21.0
Walnut,GITHUB_opened_issues_daily,2024-01-25,8.0
Open Source Observer,GITHUB_opened_issues_daily,2024-01-25,8.0
Walnut,GITHUB_closed_issues_daily,2024-01-25,2.0
thirdweb,GITHUB_closed_issues_daily,2024-01-25,6.0
Runtime Verification,GITHUB_closed_issues_daily,2024-01-25,2.0
Runtime Verification,GITHUB_stars_daily,2024-06-28,3.0
Pyth Network,GITHUB_commits_daily,2024-06-28,6.0
Pyth Network,GITHUB_releases_daily,2024-06-28,1.0
Runtime Verification,GITHUB_forks_daily,2024-06-28,2.0
Walnut,GITHUB_repositories_daily,2024-06-28,3.0
Redstone Finance,GITHUB_repositories_daily,2024-06-28,2.0
Trail of Bits Security Reviews,GITHUB_contributors_daily,2024-06-28,9.0
Walnut,GITHUB_active_developers_daily,2024-06-28,2.0
thirdweb,GITHUB_active_developers_daily,2024-06-28,3.0
Pyth Network,GITHUB_active_developers_daily,2024-06-28,3.0
Trail of Bits Security Reviews,GITHUB_comments_daily,2024-02-17,1.0
Runtime Verification,GITHUB_stars_daily,2024-02-17,1.0
Syndicate Protocol,GITHUB_stars_daily,2024-02-17,1.0
Pyth Network,GITHUB_forks_daily,2024-02-17,3.0
Trail of Bits Security Reviews,GITHUB_forks_daily,2024-02-17,1.0
Redstone Finance,GITHUB_repositories_daily,2024-02-17,2.0
Trail of Bits Security Reviews,GITHUB_repositories_daily,2024-02-17,14.0
Syndicate Protocol,GITHUB_repositories_daily,2024-02-17,1.0
Open Source Observer,GITHUB_contributors_daily,2024-02-17,1.0
thirdweb,GITHUB_contributors_daily,2024-02-17,7.0
Runtime Verification,GITHUB_active_developers_daily,2024-02-17,1.0
Redstone Finance,GITHUB_active_developers_daily,2024-02-17,1.0
Trail of Bits Security Reviews,GITHUB_opened_pull_requests_daily,2024-02-17,3.0
Debid - Fairblock,GITHUB_part_time_contributors_quarterly,2024-11-01,5.0
Walnut,GITHUB_active_contributors_quarterly,2024-11-01,7.0
thirdweb,GITHUB_active_contributors_quarterly,2024-11-01,45.0
Solang,GITHUB_part_time_contributors_quarterly,2024-11-01,4.0
Runtime Verification,GITHUB_active_contributors_quarterly,2024-11-01,23.0
Sylow,GITHUB_active_contributors_quarterly,2024-11-01,1.0
Sylow,GITHUB_part_time_contributors_quarterly,2024-11-01,1.0
Solang,GITHUB_new_contributors_quarterly,2024-11-01,4.0
Moving Stylus,GITHUB_active_contributors_quarterly,2024-11-01,2.0
Runtime Verification,GITHUB_releases_biannually,2024-11-01,56.0
Pyth Network,GITHUB_releases_quarterly,2024-11-01,12.0
thirdweb,GITHUB_releases_quarterly,2024-11-01,25.0
Redstone Finance,GITHUB_releases_quarterly,2024-11-01,1.0
Remix IDE plugin for Arbitrum Stylus,GITHUB_commits_biannually,2024-11-01,34.0
Runtime Verification,GITHUB_commits_biannually,2024-11-01,214.0
Solang,GITHUB_commits_biannually,2024-11-01,3.0
Moving Stylus,GITHUB_commits_biannually,2024-11-01,8.0
Runtime Verification,GITHUB_comments_daily,2024-11-01,8.0
Pyth Network,GITHUB_comments_daily,2024-11-01,11.0
Debid - Fairblock,GITHUB_comments_daily,2024-11-01,3.0
Walnut,GITHUB_comments_daily,2024-11-01,1.0
thirdweb,GITHUB_active_developers_biannually,2024-11-01,9.0
Pyth Network,GITHUB_active_developers_biannually,2024-11-01,15.0
Debid - Fairblock,GITHUB_active_developers_biannually,2024-11-01,3.0
Remix IDE plugin for Arbitrum Stylus,GITHUB_active_developers_biannually,2024-11-01,3.0
Enclave,GITHUB_active_developers_biannually,2024-11-01,2.0
Open Source Observer,GITHUB_repositories_quarterly,2024-11-01,8.0
Debid - Fairblock,GITHUB_repositories_quarterly,2024-11-01,11.0
Walnut,GITHUB_repositories_quarterly,2024-11-01,7.0
Trail of Bits Security Reviews,GITHUB_repositories_quarterly,2024-11-01,80.0
Passport XYZ,GITHUB_repositories_quarterly,2024-11-01,8.0
Pyth Network,GITHUB_active_developers_quarterly,2024-11-01,15.0
Enclave,GITHUB_active_developers_quarterly,2024-11-01,2.0
Redstone Finance,GITHUB_active_developers_quarterly,2024-11-01,7.0
Solang,GITHUB_active_developers_quarterly,2024-11-01,2.0
Remix IDE plugin for Arbitrum Stylus,GITHUB_active_developers_quarterly,2024-11-01,3.0
thirdweb,GITHUB_active_developers_quarterly,2024-11-01,9.0
Passport XYZ,GITHUB_active_developers_quarterly,2024-11-01,5.0
Runtime Verification,GITHUB_forks_monthly,2024-11-01,10.0
Trail of Bits Security Reviews,GITHUB_stars_biannually,2024-11-01,366.0
thirdweb,GITHUB_part_time_developers_quarterly,2024-11-01,9.0
Syndicate Protocol,GITHUB_stars_biannually,2024-11-01,2.0
Sylow,GITHUB_stars_biannually,2024-11-01,7.0
Pyth Network,GITHUB_stars_biannually,2024-11-01,18.0
Redstone Finance,GITHUB_part_time_developers_quarterly,2024-11-01,7.0
Open Source Observer,GITHUB_part_time_developers_quarterly,2024-11-01,8.0
Remix IDE plugin for Arbitrum Stylus,GITHUB_part_time_developers_quarterly,2024-11-01,3.0
Moving Stylus,GITHUB_part_time_developers_quarterly,2024-11-01,2.0
Enclave,GITHUB_part_time_developers_quarterly,2024-11-01,2.0
thirdweb,GITHUB_stars_monthly,2024-11-01,57.0
Walnut,GITHUB_stars_monthly,2024-11-01,1.0
Debid - Fairblock,GITHUB_stars_monthly,2024-11-01,11.0
Redstone Finance,GITHUB_commits_monthly,2024-11-01,150.0
Pyth Network,GITHUB_commits_monthly,2024-11-01,154.0
Debid - Fairblock,GITHUB_commits_monthly,2024-11-01,63.0
Pyth Network,GITHUB_stars_quarterly,2024-11-01,18.0
Open Source Observer,GITHUB_comments_monthly,2024-11-01,212.0
Debid - Fairblock,GITHUB_stars_quarterly,2024-11-01,11.0
Walnut,GITHUB_comments_monthly,2024-11-01,11.0
Trail of Bits Security Reviews,GITHUB_commits_daily,2024-11-01,3.0
Walnut,GITHUB_commits_daily,2024-11-01,5.0
thirdweb,GITHUB_releases_monthly,2024-11-01,25.0
Pyth Network,GITHUB_releases_daily,2024-11-01,1.0
Solang,GITHUB_commits_quarterly,2024-11-01,3.0
Debid - Fairblock,GITHUB_commits_quarterly,2024-11-01,63.0
Pyth Network,GITHUB_commits_quarterly,2024-11-01,154.0
Moving Stylus,GITHUB_commits_quarterly,2024-11-01,8.0
Passport XYZ,GITHUB_forks_quarterly,2024-11-01,10.0
Pyth Network,GITHUB_forks_quarterly,2024-11-01,20.0
Redstone Finance,GITHUB_forks_quarterly,2024-11-01,3.0
Redstone Finance,GITHUB_forks_biannually,2024-11-01,3.0
Trail of Bits Security Reviews,GITHUB_forks_biannually,2024-11-01,34.0
Sylow,GITHUB_forks_biannually,2024-11-01,1.0
Runtime Verification,GITHUB_repositories_daily,2024-11-01,8.0
Debid - Fairblock,GITHUB_repositories_daily,2024-11-01,2.0
Enclave,GITHUB_repositories_daily,2024-11-01,1.0
Debid - Fairblock,GITHUB_repositories_biannually,2024-11-01,11.0
Walnut,GITHUB_repositories_monthly,2024-11-01,7.0
thirdweb,GITHUB_repositories_monthly,2024-11-01,12.0
Syndicate Protocol,GITHUB_repositories_monthly,2024-11-01,1.0
Enclave,GITHUB_repositories_monthly,2024-11-01,1.0
Solang,GITHUB_repositories_monthly,2024-11-01,1.0
Open Source Observer,GITHUB_repositories_monthly,2024-11-01,8.0
Enclave,GITHUB_repositories_biannually,2024-11-01,1.0
Passport XYZ,GITHUB_repositories_biannually,2024-11-01,8.0
Pyth Network,GITHUB_repositories_biannually,2024-11-01,13.0
Solang,GITHUB_contributors_monthly,2024-11-01,4.0
Remix IDE plugin for Arbitrum Stylus,GITHUB_contributors_monthly,2024-11-01,4.0
Moving Stylus,GITHUB_contributors_monthly,2024-11-01,2.0
Trail of Bits Security Reviews,GITHUB_contributors_quarterly,2024-11-01,37.0
Redstone Finance,GITHUB_contributors_quarterly,2024-11-01,8.0
Pyth Network,GITHUB_contributors_quarterly,2024-11-01,26.0
Trail of Bits Security Reviews,GITHUB_contributors_biannually,2024-11-01,37.0
Passport XYZ,GITHUB_contributors_biannually,2024-11-01,7.0
Sylow,GITHUB_contributors_biannually,2024-11-01,1.0
thirdweb,GITHUB_contributors_biannually,2024-11-01,45.0
Open Source Observer,GITHUB_contributors_daily,2024-11-01,1.0
Enclave,GITHUB_contributors_daily,2024-11-01,2.0
thirdweb,GITHUB_contributors_daily,2024-11-01,9.0
Walnut,GITHUB_contributors_daily,2024-11-01,1.0
Solang,GITHUB_active_developers_monthly,2024-11-01,2.0
Walnut,GITHUB_active_developers_monthly,2024-11-01,3.0
Redstone Finance,GITHUB_active_developers_monthly,2024-11-01,7.0
Trail of Bits Security Reviews,GITHUB_active_developers_monthly,2024-11-01,15.0
Passport XYZ,GITHUB_active_developers_monthly,2024-11-01,5.0
Open Source Observer,GITHUB_active_developers_monthly,2024-11-01,8.0
Redstone Finance,GITHUB_full_time_developers_monthly,2024-11-01,2.0
Open Source Observer,GITHUB_full_time_developers_monthly,2024-11-01,2.0
Runtime Verification,GITHUB_part_time_developers_monthly,2024-11-01,10.0
Runtime Verification,GITHUB_full_time_developers_monthly,2024-11-01,1.0
Pyth Network,GITHUB_part_time_developers_monthly,2024-11-01,11.0
Moving Stylus,GITHUB_part_time_developers_monthly,2024-11-01,2.0
Trail of Bits Security Reviews,GITHUB_part_time_developers_monthly,2024-11-01,12.0
Walnut,GITHUB_part_time_developers_monthly,2024-11-01,3.0
Redstone Finance,GITHUB_part_time_developers_monthly,2024-11-01,5.0
Trail of Bits Security Reviews,GITHUB_part_time_developers_biannually,2024-11-01,15.0
Pyth Network,GITHUB_part_time_developers_biannually,2024-11-01,15.0
thirdweb,GITHUB_part_time_developers_biannually,2024-11-01,9.0
Enclave,GITHUB_active_developers_daily,2024-11-01,1.0
Remix IDE plugin for Arbitrum Stylus,GITHUB_new_contributors_monthly,2024-11-01,3.0
Moving Stylus,GITHUB_new_contributors_monthly,2024-11-01,2.0
Redstone Finance,GITHUB_new_contributors_monthly,2024-11-01,5.0
Remix IDE plugin for Arbitrum Stylus,GITHUB_active_contributors_monthly,2024-11-01,4.0
thirdweb,GITHUB_active_developers_daily,2024-11-01,4.0
Passport XYZ,GITHUB_new_contributors_monthly,2024-11-01,7.0
Debid - Fairblock,GITHUB_active_contributors_monthly,2024-11-01,5.0
Pyth Network,GITHUB_active_contributors_monthly,2024-11-01,26.0
Open Source Observer,GITHUB_active_contributors_monthly,2024-11-01,17.0
Passport XYZ,GITHUB_part_time_contributors_monthly,2024-11-01,3.0
thirdweb,GITHUB_part_time_contributors_monthly,2024-11-01,36.0
Runtime Verification,GITHUB_active_contributors_monthly,2024-11-01,23.0
Walnut,GITHUB_new_contributors_monthly,2024-11-01,5.0
Walnut,GITHUB_part_time_contributors_monthly,2024-11-01,7.0
Redstone Finance,GITHUB_active_contributors_monthly,2024-11-01,8.0
Passport XYZ,GITHUB_full_time_contributors_monthly,2024-11-01,4.0
Moving Stylus,GITHUB_part_time_contributors_monthly,2024-11-01,2.0
Solang,GITHUB_active_contributors_biannually,2024-11-01,4.0
Runtime Verification,GITHUB_new_contributors_biannually,2024-11-01,4.0
Trail of Bits Security Reviews,GITHUB_part_time_contributors_biannually,2024-11-01,37.0
Walnut,GITHUB_active_contributors_biannually,2024-11-01,7.0
Debid - Fairblock,GITHUB_part_time_contributors_biannually,2024-11-01,5.0
Redstone Finance,GITHUB_new_contributors_biannually,2024-11-01,5.0
Moving Stylus,GITHUB_new_contributors_biannually,2024-11-01,2.0
Debid - Fairblock,GITHUB_active_contributors_biannually,2024-11-01,5.0
Sylow,GITHUB_change_in_part_time_contributors_monthly,2024-11-01,1.0
Sylow,GITHUB_change_in_active_developers_monthly,2024-11-01,1.0
Passport XYZ,GITHUB_change_in_active_developers_quarterly,2024-11-01,1.0
Passport XYZ,GITHUB_change_in_part_time_contributors_biannually,2024-11-01,1.0
Passport XYZ,GITHUB_change_in_part_time_contributors_monthly,2024-11-01,3.0
Runtime Verification,GITHUB_change_in_part_time_contributors_monthly,2024-11-01,5.0
thirdweb,GITHUB_change_in_full_time_contributors_monthly,2024-11-01,-1.0
Redstone Finance,GITHUB_change_in_active_developers_monthly,2024-11-01,3.0
Walnut,GITHUB_change_in_active_developers_monthly,2024-11-01,-2.0
Open Source Observer,GITHUB_change_in_part_time_contributors_quarterly,2024-11-01,19.0
Moving Stylus,GITHUB_change_in_part_time_contributors_quarterly,2024-11-01,-1.0
Remix IDE plugin for Arbitrum Stylus,GITHUB_change_in_part_time_contributors_quarterly,2024-11-01,0.0
Walnut,GITHUB_change_in_part_time_contributors_quarterly,2024-11-01,-2.0
Solang,GITHUB_change_in_part_time_contributors_monthly,2024-11-01,-1.0
Walnut,GITHUB_change_in_part_time_contributors_monthly,2024-11-01,-2.0
thirdweb,GITHUB_change_in_part_time_contributors_quarterly,2024-11-01,-7.0
Passport XYZ,GITHUB_change_in_part_time_contributors_quarterly,2024-11-01,1.0
Runtime Verification,GITHUB_change_in_part_time_contributors_quarterly,2024-11-01,4.0
Passport XYZ,GITHUB_change_in_active_developers_biannually,2024-11-01,1.0
Redstone Finance,GITHUB_change_in_active_developers_quarterly,2024-11-01,3.0
Solang,GITHUB_change_in_active_developers_biannually,2024-11-01,-1.0
Remix IDE plugin for Arbitrum Stylus,GITHUB_change_in_active_developers_biannually,2024-11-01,0.0
Walnut,GITHUB_change_in_part_time_contributors_biannually,2024-11-01,-2.0
Trail of Bits Security Reviews,GITHUB_change_in_part_time_contributors_biannually,2024-11-01,-6.0
Sylow,GITHUB_opened_pull_requests_monthly,2024-11-01,1.0
Open Source Observer,GITHUB_opened_pull_requests_monthly,2024-11-01,81.0
Runtime Verification,GITHUB_opened_pull_requests_monthly,2024-11-01,97.0
Enclave,GITHUB_opened_pull_requests_monthly,2024-11-01,8.0
Walnut,GITHUB_opened_pull_requests_monthly,2024-11-01,12.0
Passport XYZ,GITHUB_opened_pull_requests_daily,2024-11-01,6.0
Solang,GITHUB_opened_pull_requests_biannually,2024-11-01,3.0
Runtime Verification,GITHUB_opened_pull_requests_biannually,2024-11-01,97.0
thirdweb,GITHUB_opened_pull_requests_biannually,2024-11-01,266.0
Debid - Fairblock,GITHUB_opened_pull_requests_quarterly,2024-11-01,9.0
Solang,GITHUB_opened_pull_requests_quarterly,2024-11-01,3.0
Redstone Finance,GITHUB_opened_pull_requests_biannually,2024-11-01,30.0
Sylow,GITHUB_opened_pull_requests_biannually,2024-11-01,1.0
Solang,GITHUB_merged_pull_requests_biannually,2024-11-01,3.0
Remix IDE plugin for Arbitrum Stylus,GITHUB_merged_pull_requests_quarterly,2024-11-01,5.0
Open Source Observer,GITHUB_merged_pull_requests_quarterly,2024-11-01,67.0
Trail of Bits Security Reviews,GITHUB_merged_pull_requests_quarterly,2024-11-01,157.0
Enclave,GITHUB_merged_pull_requests_quarterly,2024-11-01,9.0
Redstone Finance,GITHUB_merged_pull_requests_quarterly,2024-11-01,24.0
Redstone Finance,GITHUB_merged_pull_requests_biannually,2024-11-01,24.0
Passport XYZ,GITHUB_opened_issues_monthly,2024-11-01,50.0
thirdweb,GITHUB_opened_issues_monthly,2024-11-01,19.0
thirdweb,GITHUB_merged_pull_requests_biannually,2024-11-01,222.0
Remix IDE plugin for Arbitrum Stylus,GITHUB_merged_pull_requests_biannually,2024-11-01,5.0
Runtime Verification,GITHUB_opened_issues_quarterly,2024-11-01,11.0
Pyth Network,GITHUB_opened_issues_quarterly,2024-11-01,1.0
Runtime Verification,GITHUB_opened_issues_daily,2024-11-01,1.0
Passport XYZ,GITHUB_opened_issues_biannually,2024-11-01,50.0
thirdweb,GITHUB_closed_issues_monthly,2024-11-01,22.0
thirdweb,GITHUB_closed_issues_quarterly,2024-11-01,22.0
Enclave,GITHUB_closed_issues_biannually,2024-11-01,6.0
Passport XYZ,GITHUB_closed_issues_biannually,2024-11-01,52.0
Redstone Finance,GITHUB_closed_issues_biannually,2024-11-01,2.0
Trail of Bits Security Reviews,GITHUB_closed_issues_daily,2024-11-01,1.0
Remix IDE plugin for Arbitrum Stylus,GITHUB_avg_prs_time_to_merge_quarterly,2024-11-01,0.0
Pyth Network,GITHUB_avg_prs_time_to_merge_quarterly,2024-11-01,0.0
Redstone Finance,GITHUB_avg_prs_time_to_merge_quarterly,2024-11-01,0.0
Sylow,GITHUB_avg_prs_time_to_merge_quarterly,2024-11-01,0.0
Passport XYZ,GITHUB_avg_time_to_first_response_quarterly,2024-11-01,232064.75159235668
Sylow,GITHUB_avg_time_to_first_response_biannually,2024-11-01,1823.0
Solang,GITHUB_avg_time_to_first_response_biannually,2024-11-01,197198.66666666666
Redstone Finance,GITHUB_avg_time_to_first_response_biannually,2024-11-01,3721001.2258064514
Open Source Observer,GITHUB_avg_prs_time_to_merge_biannually,2024-11-01,0.0
Runtime Verification,GITHUB_change_in_new_contributors_quarterly,2024-11-01,2.0
Runtime Verification,GITHUB_churned_contributors_quarterly,2024-11-01,0.0
Trail of Bits Security Reviews,GITHUB_churned_contributors_quarterly,2024-11-01,-24.0
Walnut,GITHUB_change_in_full_time_contributors_quarterly,2024-11-01,0.0
Sylow,GITHUB_change_in_active_contributors_monthly,2024-11-01,1.0
Pyth Network,GITHUB_churned_contributors_monthly,2024-11-01,-20.0
Passport XYZ,GITHUB_churned_contributors_monthly,2024-11-01,-6.0
Passport XYZ,GITHUB_change_in_active_contributors_monthly,2024-11-01,1.0
Moving Stylus,GITHUB_change_in_active_contributors_monthly,2024-11-01,-1.0
Sylow,GITHUB_change_in_active_contributors_quarterly,2024-11-01,1.0
Open Source Observer,GITHUB_change_in_new_contributors_quarterly,2024-11-01,18.0
Open Source Observer,GITHUB_churned_contributors_quarterly,2024-11-01,6.0
Solang,GITHUB_churned_contributors_quarterly,2024-11-01,-5.0
Solang,GITHUB_change_in_full_time_contributors_quarterly,2024-11-01,0.0
Pyth Network,GITHUB_change_in_active_contributors_quarterly,2024-11-01,-3.0
Moving Stylus,GITHUB_change_in_full_time_contributors_quarterly,2024-11-01,0.0
Enclave,GITHUB_change_in_active_contributors_quarterly,2024-11-01,1.0
Moving Stylus,GITHUB_churned_contributors_quarterly,2024-11-01,-3.0
Open Source Observer,GITHUB_change_in_active_contributors_biannually,2024-11-01,19.0
Solang,GITHUB_change_in_active_contributors_biannually,2024-11-01,-1.0
Redstone Finance,GITHUB_change_in_active_contributors_monthly,2024-11-01,3.0
Redstone Finance,GITHUB_change_in_new_contributors_monthly,2024-11-01,1.0
Walnut,GITHUB_change_in_new_contributors_monthly,2024-11-01,-2.0
Debid - Fairblock,GITHUB_change_in_new_contributors_quarterly,2024-11-01,18.0
thirdweb,GITHUB_change_in_active_contributors_quarterly,2024-11-01,-7.0
thirdweb,GITHUB_churned_contributors_quarterly,2024-11-01,-36.0
thirdweb,GITHUB_change_in_full_time_contributors_quarterly,2024-11-01,0.0
Remix IDE plugin for Arbitrum Stylus,GITHUB_change_in_new_contributors_biannually,2024-11-01,0.0
Remix IDE plugin for Arbitrum Stylus,GITHUB_change_in_active_contributors_biannually,2024-11-01,0.0
Passport XYZ,GITHUB_change_in_new_contributors_biannually,2024-11-01,1.0
Passport XYZ,GITHUB_change_in_full_time_contributors_biannually,2024-11-01,0.0
Enclave,GITHUB_change_in_full_time_contributors_biannually,2024-11-01,0.0
Enclave,GITHUB_change_in_new_contributors_biannually,2024-11-01,1.0
Debid - Fairblock,GITHUB_change_in_new_contributors_monthly,2024-11-01,18.0
Runtime Verification,GITHUB_change_in_active_contributors_monthly,2024-11-01,4.0
Runtime Verification,GITHUB_change_in_new_contributors_monthly,2024-11-01,2.0
Walnut,GITHUB_change_in_new_contributors_biannually,2024-11-01,-2.0
Redstone Finance,GITHUB_change_in_full_time_contributors_biannually,2024-11-01,0.0
Sylow,GITHUB_churned_contributors_biannually,2024-11-01,0.0
Sylow,GITHUB_change_in_full_time_contributors_biannually,2024-11-01,0.0
Sylow,GITHUB_change_in_active_contributors_biannually,2024-11-01,1.0
Debid - Fairblock,GITHUB_change_in_full_time_contributors_biannually,2024-11-01,0.0
Runtime Verification,GITHUB_comments_daily,2024-03-26,67.0
Walnut,GITHUB_comments_daily,2024-03-26,3.0
Debid - Fairblock,GITHUB_commits_daily,2024-03-26,10.0
Runtime Verification,GITHUB_commits_daily,2024-03-26,39.0
thirdweb,GITHUB_commits_daily,2024-03-26,5.0
Trail of Bits Security Reviews,GITHUB_releases_daily,2024-03-26,1.0
Debid - Fairblock,GITHUB_repositories_daily,2024-03-26,3.0
Redstone Finance,GITHUB_repositories_daily,2024-03-26,7.0
Trail of Bits Security Reviews,GITHUB_repositories_daily,2024-03-26,15.0
thirdweb,GITHUB_opened_pull_requests_daily,2024-03-26,15.0
Runtime Verification,GITHUB_contributors_daily,2024-03-26,13.0
Open Source Observer,GITHUB_contributors_daily,2024-03-26,5.0
Redstone Finance,GITHUB_contributors_daily,2024-03-26,4.0
Pyth Network,GITHUB_active_developers_daily,2024-03-26,4.0
Open Source Observer,GITHUB_closed_issues_daily,2024-03-26,18.0
Trail of Bits Security Reviews,GITHUB_closed_issues_daily,2024-03-26,1.0
Runtime Verification,GITHUB_merged_pull_requests_daily,2024-03-26,23.0
Debid - Fairblock,GITHUB_merged_pull_requests_daily,2024-03-26,2.0
Pyth Network,GITHUB_merged_pull_requests_daily,2024-03-26,7.0
Trail of Bits Security Reviews,GITHUB_stars_daily,2024-05-24,9.0
Runtime Verification,GITHUB_stars_daily,2024-05-24,1.0
thirdweb,GITHUB_commits_daily,2024-05-24,9.0
Runtime Verification,GITHUB_commits_daily,2024-05-24,21.0
Trail of Bits Security Reviews,GITHUB_commits_daily,2024-05-24,2.0
Trail of Bits Security Reviews,GITHUB_forks_daily,2024-05-24,2.0
Runtime Verification,GITHUB_repositories_daily,2024-05-24,11.0
Open Source Observer,GITHUB_contributors_daily,2024-05-24,4.0
Debid - Fairblock,GITHUB_contributors_daily,2024-05-24,1.0
Trail of Bits Security Reviews,GITHUB_contributors_daily,2024-05-24,2.0
Redstone Finance,GITHUB_contributors_daily,2024-05-24,2.0
Runtime Verification,GITHUB_active_developers_daily,2024-05-24,2.0
thirdweb,GITHUB_active_developers_daily,2024-05-24,5.0
Debid - Fairblock,GITHUB_opened_pull_requests_daily,2024-05-24,1.0
Open Source Observer,GITHUB_opened_pull_requests_daily,2024-05-24,7.0
thirdweb,GITHUB_merged_pull_requests_daily,2024-05-24,15.0
Runtime Verification,GITHUB_closed_issues_daily,2024-05-24,4.0
Runtime Verification,GITHUB_comments_daily,2024-01-26,16.0
Open Source Observer,GITHUB_comments_daily,2024-01-26,10.0
Trail of Bits Security Reviews,GITHUB_comments_daily,2024-01-26,2.0
Walnut,GITHUB_comments_daily,2024-01-26,1.0
thirdweb,GITHUB_stars_daily,2024-01-26,1.0
thirdweb,GITHUB_commits_daily,2024-01-26,11.0
Trail of Bits Security Reviews,GITHUB_commits_daily,2024-01-26,4.0
Syndicate Protocol,GITHUB_repositories_daily,2024-01-26,1.0
Remix IDE plugin for Arbitrum Stylus,GITHUB_repositories_daily,2024-01-26,1.0
thirdweb,GITHUB_repositories_daily,2024-01-26,5.0
Runtime Verification,GITHUB_repositories_daily,2024-01-26,9.0
Trail of Bits Security Reviews,GITHUB_repositories_daily,2024-01-26,14.0
thirdweb,GITHUB_contributors_daily,2024-01-26,9.0
Walnut,GITHUB_contributors_daily,2024-01-26,2.0
Remix IDE plugin for Arbitrum Stylus,GITHUB_contributors_daily,2024-01-26,1.0
Trail of Bits Security Reviews,GITHUB_contributors_daily,2024-01-26,5.0
Redstone Finance,GITHUB_contributors_daily,2024-01-26,2.0
Remix IDE plugin for Arbitrum Stylus,GITHUB_active_developers_daily,2024-01-26,1.0
Open Source Observer,GITHUB_active_developers_daily,2024-01-26,4.0
Pyth Network,GITHUB_opened_pull_requests_daily,2024-01-26,9.0
Trail of Bits Security Reviews,GITHUB_opened_pull_requests_daily,2024-01-26,4.0
thirdweb,GITHUB_merged_pull_requests_daily,2024-01-26,10.0
Open Source Observer,GITHUB_opened_issues_daily,2024-01-26,1.0
thirdweb,GITHUB_comments_daily,2024-03-17,17.0
Runtime Verification,GITHUB_commits_daily,2024-03-17,1.0
Walnut,GITHUB_forks_daily,2024-03-17,1.0
Open Source Observer,GITHUB_repositories_daily,2024-03-17,2.0
Trail of Bits Security Reviews,GITHUB_merged_pull_requests_daily,2024-03-17,5.0
Walnut,GITHUB_comments_daily,2024-08-03,7.0
Trail of Bits Security Reviews,GITHUB_commits_daily,2024-08-03,2.0
Trail of Bits Security Reviews,GITHUB_releases_daily,2024-08-03,1.0
Open Source Observer,GITHUB_repositories_daily,2024-08-03,2.0
thirdweb,GITHUB_repositories_daily,2024-08-03,3.0
Walnut,GITHUB_repositories_daily,2024-08-03,1.0
Trail of Bits Security Reviews,GITHUB_contributors_daily,2024-08-03,1.0
thirdweb,GITHUB_contributors_daily,2024-08-03,6.0
Open Source Observer,GITHUB_contributors_daily,2024-08-03,2.0
Open Source Observer,GITHUB_opened_pull_requests_daily,2024-08-03,1.0
Redstone Finance,GITHUB_forks_weekly,2024-05-13,6.0
Debid - Fairblock,GITHUB_forks_weekly,2024-05-13,1.0
Open Source Observer,GITHUB_comments_daily,2024-05-13,11.0
Debid - Fairblock,GITHUB_stars_weekly,2024-05-13,2.0
Pyth Network,GITHUB_stars_weekly,2024-05-13,5.0
Runtime Verification,GITHUB_releases_weekly,2024-05-13,56.0
Walnut,GITHUB_commits_daily,2024-05-13,2.0
Redstone Finance,GITHUB_commits_daily,2024-05-13,10.0
Redstone Finance,GITHUB_commits_weekly,2024-05-13,35.0
thirdweb,GITHUB_comments_weekly,2024-05-13,406.0
Redstone Finance,GITHUB_repositories_weekly,2024-05-13,7.0
Trail of Bits Security Reviews,GITHUB_repositories_weekly,2024-05-13,50.0
Walnut,GITHUB_repositories_weekly,2024-05-13,3.0
Pyth Network,GITHUB_forks_daily,2024-05-13,1.0
thirdweb,GITHUB_repositories_daily,2024-05-13,6.0
Redstone Finance,GITHUB_repositories_daily,2024-05-13,5.0
Redstone Finance,GITHUB_contributors_weekly,2024-05-13,4.0
Syndicate Protocol,GITHUB_contributors_weekly,2024-05-13,2.0
Passport XYZ,GITHUB_contributors_weekly,2024-05-13,1.0
Pyth Network,GITHUB_active_developers_weekly,2024-05-13,11.0
Open Source Observer,GITHUB_active_developers_weekly,2024-05-13,4.0
Debid - Fairblock,GITHUB_active_developers_weekly,2024-05-13,1.0
Runtime Verification,GITHUB_contributors_daily,2024-05-13,12.0
Open Source Observer,GITHUB_contributors_daily,2024-05-13,3.0
Runtime Verification,GITHUB_active_developers_daily,2024-05-13,2.0
thirdweb,GITHUB_opened_pull_requests_weekly,2024-05-13,103.0
Debid - Fairblock,GITHUB_opened_pull_requests_weekly,2024-05-13,1.0
Trail of Bits Security Reviews,GITHUB_opened_pull_requests_daily,2024-05-13,26.0
Open Source Observer,GITHUB_opened_pull_requests_daily,2024-05-13,4.0
Pyth Network,GITHUB_merged_pull_requests_weekly,2024-05-13,33.0
Trail of Bits Security Reviews,GITHUB_merged_pull_requests_daily,2024-05-13,25.0
Open Source Observer,GITHUB_opened_issues_weekly,2024-05-13,7.0
Runtime Verification,GITHUB_opened_issues_weekly,2024-05-13,33.0
Walnut,GITHUB_closed_issues_weekly,2024-05-13,1.0
Trail of Bits Security Reviews,GITHUB_comments_daily,2024-02-06,4.0
Redstone Finance,GITHUB_stars_daily,2024-02-06,4.0
thirdweb,GITHUB_stars_daily,2024-02-06,1.0
Open Source Observer,GITHUB_commits_daily,2024-02-06,1.0
Pyth Network,GITHUB_commits_daily,2024-02-06,4.0
thirdweb,GITHUB_releases_daily,2024-02-06,6.0
Debid - Fairblock,GITHUB_releases_daily,2024-02-06,2.0
Pyth Network,GITHUB_forks_daily,2024-02-06,1.0
Runtime Verification,GITHUB_repositories_daily,2024-02-06,14.0
Open Source Observer,GITHUB_repositories_daily,2024-02-06,2.0
Redstone Finance,GITHUB_repositories_daily,2024-02-06,4.0
Debid - Fairblock,GITHUB_repositories_daily,2024-02-06,2.0
Walnut,GITHUB_contributors_daily,2024-02-06,2.0
Trail of Bits Security Reviews,GITHUB_contributors_daily,2024-02-06,6.0
Trail of Bits Security Reviews,GITHUB_active_developers_daily,2024-02-06,4.0
Walnut,GITHUB_active_developers_daily,2024-02-06,1.0
Remix IDE plugin for Arbitrum Stylus,GITHUB_active_developers_daily,2024-02-06,1.0
Debid - Fairblock,GITHUB_opened_pull_requests_daily,2024-02-06,1.0
Runtime Verification,GITHUB_merged_pull_requests_daily,2024-02-06,16.0
Trail of Bits Security Reviews,GITHUB_merged_pull_requests_daily,2024-02-06,4.0
Walnut,GITHUB_merged_pull_requests_daily,2024-02-06,1.0
thirdweb,GITHUB_opened_issues_daily,2024-02-06,3.0
Trail of Bits Security Reviews,GITHUB_opened_issues_daily,2024-02-06,2.0
Pyth Network,GITHUB_comments_daily,2024-07-12,16.0
Walnut,GITHUB_comments_daily,2024-07-12,1.0
Trail of Bits Security Reviews,GITHUB_comments_daily,2024-07-12,1.0
Redstone Finance,GITHUB_stars_daily,2024-07-12,1.0
Walnut,GITHUB_contributors_daily,2024-07-12,2.0
Pyth Network,GITHUB_contributors_daily,2024-07-12,5.0
Walnut,GITHUB_active_developers_daily,2024-07-12,1.0
Trail of Bits Security Reviews,GITHUB_opened_pull_requests_daily,2024-07-12,9.0
thirdweb,GITHUB_merged_pull_requests_daily,2024-07-12,8.0
Walnut,GITHUB_merged_pull_requests_daily,2024-07-12,1.0
Open Source Observer,GITHUB_comments_daily,2024-09-04,24.0
Passport XYZ,GITHUB_comments_daily,2024-09-04,4.0
thirdweb,GITHUB_stars_daily,2024-09-04,3.0
Runtime Verification,GITHUB_stars_daily,2024-09-04,1.0
Passport XYZ,GITHUB_commits_daily,2024-09-04,16.0
Pyth Network,GITHUB_releases_daily,2024-09-04,1.0
Passport XYZ,GITHUB_forks_daily,2024-09-04,3.0
Passport XYZ,GITHUB_repositories_daily,2024-09-04,7.0
Runtime Verification,GITHUB_repositories_daily,2024-09-04,12.0
WakeUp Labs,GITHUB_repositories_daily,2024-09-04,1.0
Pyth Network,GITHUB_active_developers_daily,2024-09-04,6.0
Open Source Observer,GITHUB_active_developers_daily,2024-09-04,3.0
Pyth Network,GITHUB_contributors_daily,2024-09-04,9.0
Enclave,GITHUB_contributors_daily,2024-09-04,1.0
thirdweb,GITHUB_contributors_daily,2024-09-04,15.0
WakeUp Labs,GITHUB_contributors_daily,2024-09-04,2.0
Open Source Observer,GITHUB_opened_pull_requests_daily,2024-09-04,8.0
Enclave,GITHUB_merged_pull_requests_daily,2024-09-04,4.0
Runtime Verification,GITHUB_merged_pull_requests_daily,2024-09-04,4.0
Passport XYZ,GITHUB_merged_pull_requests_daily,2024-09-04,16.0
Trail of Bits Security Reviews,GITHUB_merged_pull_requests_daily,2024-09-04,3.0
Runtime Verification,GITHUB_opened_issues_daily,2024-09-04,3.0
Enclave,GITHUB_closed_issues_daily,2024-09-04,3.0
thirdweb,GITHUB_comments_daily,2024-09-21,103.0
Trail of Bits Security Reviews,GITHUB_stars_daily,2024-09-21,12.0
Pyth Network,GITHUB_commits_daily,2024-09-21,11.0
Trail of Bits Security Reviews,GITHUB_forks_daily,2024-09-21,1.0
Trail of Bits Security Reviews,GITHUB_repositories_daily,2024-09-21,8.0
Pyth Network,GITHUB_repositories_daily,2024-09-21,2.0
Trail of Bits Security Reviews,GITHUB_contributors_daily,2024-09-21,1.0
Pyth Network,GITHUB_merged_pull_requests_daily,2024-09-21,7.0
Open Source Observer,GITHUB_opened_issues_daily,2024-09-21,1.0
Pyth Network,GITHUB_comments_daily,2025-03-02,1.0
thirdweb,GITHUB_stars_daily,2025-03-02,3.0
CodeTracer,GITHUB_stars_daily,2025-03-02,1.0
Solang,GITHUB_forks_daily,2025-03-02,1.0
9Lives,GITHUB_active_developers_daily,2025-03-02,2.0
Open Source Observer,GITHUB_merged_pull_requests_daily,2025-03-02,2.0
thirdweb,GITHUB_comments_daily,2024-03-22,18.0
Walnut,GITHUB_commits_daily,2024-03-22,27.0
Runtime Verification,GITHUB_commits_daily,2024-03-22,12.0
Trail of Bits Security Reviews,GITHUB_commits_daily,2024-03-22,23.0
Trail of Bits Security Reviews,GITHUB_forks_daily,2024-03-22,1.0
Runtime Verification,GITHUB_forks_daily,2024-03-22,1.0
thirdweb,GITHUB_forks_daily,2024-03-22,2.0
Pyth Network,GITHUB_repositories_daily,2024-03-22,3.0
Runtime Verification,GITHUB_repositories_daily,2024-03-22,12.0
Open Source Observer,GITHUB_contributors_daily,2024-03-22,2.0
Trail of Bits Security Reviews,GITHUB_contributors_daily,2024-03-22,9.0
Walnut,GITHUB_merged_pull_requests_daily,2024-03-22,2.0
Trail of Bits Security Reviews,GITHUB_opened_issues_daily,2024-03-22,6.0
Runtime Verification,GITHUB_closed_issues_daily,2024-03-22,2.0
CodeTracer,GITHUB_forks_weekly,2025-03-17,3.0
Passport XYZ,GITHUB_comments_daily,2025-03-17,10.0
thirdweb,GITHUB_comments_daily,2025-03-17,39.0
Passport XYZ,GITHUB_stars_daily,2025-03-17,6.0
Trail of Bits Security Reviews,GITHUB_stars_daily,2025-03-17,8.0
Solang,GITHUB_stars_weekly,2025-03-17,2.0
Passport XYZ,GITHUB_commits_daily,2025-03-17,8.0
Runtime Verification,GITHUB_releases_daily,2025-03-17,4.0
Remix IDE plugin for Arbitrum Stylus,GITHUB_commits_weekly,2025-03-17,1.0
CodeTracer,GITHUB_commits_weekly,2025-03-17,36.0
Runtime Verification,GITHUB_commits_weekly,2025-03-17,61.0
9Lives,GITHUB_comments_weekly,2025-03-17,2.0
Passport XYZ,GITHUB_comments_weekly,2025-03-17,20.0
thirdweb,GITHUB_comments_weekly,2025-03-17,248.0
Open Source Observer,GITHUB_comments_weekly,2025-03-17,126.0
Runtime Verification,GITHUB_comments_weekly,2025-03-17,47.0
Trail of Bits Security Reviews,GITHUB_comments_weekly,2025-03-17,67.0
Enclave,GITHUB_repositories_weekly,2025-03-17,1.0
9Lives,GITHUB_repositories_weekly,2025-03-17,1.0
Redstone Finance,GITHUB_repositories_weekly,2025-03-17,4.0
CodeTracer,GITHUB_repositories_weekly,2025-03-17,1.0
Walnut,GITHUB_repositories_weekly,2025-03-17,4.0
Walnut,GITHUB_repositories_daily,2025-03-17,2.0
Pyth Network,GITHUB_repositories_daily,2025-03-17,5.0
thirdweb,GITHUB_repositories_daily,2025-03-17,3.0
thirdweb,GITHUB_contributors_weekly,2025-03-17,24.0
Runtime Verification,GITHUB_contributors_weekly,2025-03-17,14.0
Pyth Network,GITHUB_contributors_daily,2025-03-17,8.0
Trail of Bits Security Reviews,GITHUB_contributors_daily,2025-03-17,2.0
Runtime Verification,GITHUB_contributors_daily,2025-03-17,10.0
Redstone Finance,GITHUB_contributors_daily,2025-03-17,1.0
thirdweb,GITHUB_contributors_daily,2025-03-17,5.0
Pyth Network,GITHUB_active_developers_weekly,2025-03-17,9.0
thirdweb,GITHUB_active_developers_weekly,2025-03-17,7.0
Walnut,GITHUB_active_developers_weekly,2025-03-17,2.0
Redstone Finance,GITHUB_active_developers_daily,2025-03-17,1.0
thirdweb,GITHUB_active_developers_daily,2025-03-17,2.0
Runtime Verification,GITHUB_active_developers_daily,2025-03-17,6.0
Redstone Finance,GITHUB_opened_pull_requests_weekly,2025-03-17,4.0
CodeTracer,GITHUB_opened_pull_requests_weekly,2025-03-17,8.0
Pyth Network,GITHUB_opened_pull_requests_weekly,2025-03-17,45.0
thirdweb,GITHUB_opened_pull_requests_daily,2025-03-17,8.0
CodeTracer,GITHUB_opened_pull_requests_daily,2025-03-17,1.0
9Lives,GITHUB_merged_pull_requests_weekly,2025-03-17,1.0
Open Source Observer,GITHUB_merged_pull_requests_weekly,2025-03-17,53.0
Walnut,GITHUB_merged_pull_requests_weekly,2025-03-17,7.0
Runtime Verification,GITHUB_merged_pull_requests_daily,2025-03-17,8.0
Passport XYZ,GITHUB_merged_pull_requests_daily,2025-03-17,6.0
Trail of Bits Security Reviews,GITHUB_merged_pull_requests_daily,2025-03-17,12.0
CodeTracer,GITHUB_merged_pull_requests_daily,2025-03-17,3.0
Passport XYZ,GITHUB_opened_issues_weekly,2025-03-17,24.0
Trail of Bits Security Reviews,GITHUB_opened_issues_weekly,2025-03-17,2.0
Runtime Verification,GITHUB_opened_issues_weekly,2025-03-17,8.0
Runtime Verification,GITHUB_closed_issues_weekly,2025-03-17,4.0
Open Source Observer,GITHUB_closed_issues_daily,2025-03-17,6.0
Open Source Observer,GITHUB_comments_daily,2024-10-08,16.0
Trail of Bits Security Reviews,GITHUB_comments_daily,2024-10-08,16.0
Passport XYZ,GITHUB_stars_daily,2024-10-08,4.0
Runtime Verification,GITHUB_stars_daily,2024-10-08,1.0
thirdweb,GITHUB_stars_daily,2024-10-08,1.0
Redstone Finance,GITHUB_commits_daily,2024-10-08,10.0
Pyth Network,GITHUB_commits_daily,2024-10-08,10.0
thirdweb,GITHUB_releases_daily,2024-10-08,5.0
Runtime Verification,GITHUB_releases_daily,2024-10-08,4.0
Debid - Fairblock,GITHUB_repositories_daily,2024-10-08,1.0
Open Source Observer,GITHUB_contributors_daily,2024-10-08,5.0
Remix IDE plugin for Arbitrum Stylus,GITHUB_active_developers_daily,2024-10-08,1.0
Passport XYZ,GITHUB_active_developers_daily,2024-10-08,2.0
Redstone Finance,GITHUB_contributors_daily,2024-10-08,4.0
Runtime Verification,GITHUB_opened_pull_requests_daily,2024-10-08,6.0
thirdweb,GITHUB_opened_pull_requests_daily,2024-10-08,20.0
Debid - Fairblock,GITHUB_opened_pull_requests_daily,2024-10-08,3.0
Trail of Bits Security Reviews,GITHUB_merged_pull_requests_daily,2024-10-08,4.0
Open Source Observer,GITHUB_merged_pull_requests_daily,2024-10-08,4.0
Trail of Bits Security Reviews,GITHUB_closed_issues_daily,2024-10-08,1.0
Open Source Observer,GITHUB_comments_daily,2024-04-21,2.0
Trail of Bits Security Reviews,GITHUB_comments_daily,2024-04-21,1.0
Trail of Bits Security Reviews,GITHUB_stars_daily,2024-04-21,8.0
thirdweb,GITHUB_commits_daily,2024-04-21,1.0
thirdweb,GITHUB_forks_daily,2024-04-21,3.0
Pyth Network,GITHUB_repositories_daily,2024-04-21,1.0
Trail of Bits Security Reviews,GITHUB_repositories_daily,2024-04-21,7.0
Runtime Verification,GITHUB_releases_daily,2024-04-21,1.0
Trail of Bits Security Reviews,GITHUB_contributors_daily,2024-04-21,3.0
Open Source Observer,GITHUB_contributors_daily,2024-04-21,1.0
Runtime Verification,GITHUB_contributors_daily,2024-04-21,3.0
Runtime Verification,GITHUB_active_developers_daily,2024-04-21,2.0
Trail of Bits Security Reviews,GITHUB_opened_pull_requests_daily,2024-04-21,5.0
thirdweb,GITHUB_opened_pull_requests_daily,2024-04-21,3.0
Trail of Bits Security Reviews,GITHUB_merged_pull_requests_daily,2024-04-21,6.0
Pyth Network,GITHUB_forks_weekly,2024-08-12,2.0
thirdweb,GITHUB_forks_weekly,2024-08-12,14.0
Runtime Verification,GITHUB_comments_daily,2024-08-12,28.0
Redstone Finance,GITHUB_comments_daily,2024-08-12,2.0
Trail of Bits Security Reviews,GITHUB_comments_daily,2024-08-12,6.0
Runtime Verification,GITHUB_stars_weekly,2024-08-12,9.0
Passport XYZ,GITHUB_stars_weekly,2024-08-12,6.0
Pyth Network,GITHUB_stars_weekly,2024-08-12,2.0
thirdweb,GITHUB_stars_daily,2024-08-12,5.0
Runtime Verification,GITHUB_commits_daily,2024-08-12,11.0
Redstone Finance,GITHUB_commits_daily,2024-08-12,27.0
Pyth Network,GITHUB_releases_daily,2024-08-12,1.0
Passport XYZ,GITHUB_comments_weekly,2024-08-12,20.0
Walnut,GITHUB_comments_weekly,2024-08-12,23.0
Runtime Verification,GITHUB_comments_weekly,2024-08-12,107.0
Runtime Verification,GITHUB_commits_weekly,2024-08-12,87.0
Open Source Observer,GITHUB_commits_weekly,2024-08-12,16.0
Runtime Verification,GITHUB_repositories_weekly,2024-08-12,21.0
Open Source Observer,GITHUB_repositories_weekly,2024-08-12,3.0
Trail of Bits Security Reviews,GITHUB_repositories_weekly,2024-08-12,36.0
thirdweb,GITHUB_forks_daily,2024-08-12,1.0
Runtime Verification,GITHUB_repositories_daily,2024-08-12,10.0
Passport XYZ,GITHUB_contributors_weekly,2024-08-12,6.0
Runtime Verification,GITHUB_contributors_weekly,2024-08-12,20.0
Redstone Finance,GITHUB_contributors_weekly,2024-08-12,7.0
Walnut,GITHUB_contributors_weekly,2024-08-12,8.0
Redstone Finance,GITHUB_active_developers_weekly,2024-08-12,5.0
Redstone Finance,GITHUB_contributors_daily,2024-08-12,2.0
Walnut,GITHUB_active_developers_daily,2024-08-12,3.0
Pyth Network,GITHUB_active_developers_daily,2024-08-12,4.0
Open Source Observer,GITHUB_active_developers_daily,2024-08-12,2.0
thirdweb,GITHUB_active_developers_daily,2024-08-12,3.0
Runtime Verification,GITHUB_opened_pull_requests_daily,2024-08-12,11.0
Walnut,GITHUB_opened_pull_requests_daily,2024-08-12,6.0
Open Source Observer,GITHUB_opened_pull_requests_daily,2024-08-12,2.0
Passport XYZ,GITHUB_opened_pull_requests_weekly,2024-08-12,10.0
Pyth Network,GITHUB_opened_pull_requests_weekly,2024-08-12,34.0
Redstone Finance,GITHUB_opened_pull_requests_weekly,2024-08-12,4.0
Open Source Observer,GITHUB_opened_pull_requests_weekly,2024-08-12,15.0
Trail of Bits Security Reviews,GITHUB_merged_pull_requests_daily,2024-08-12,1.0
Open Source Observer,GITHUB_merged_pull_requests_weekly,2024-08-12,15.0
thirdweb,GITHUB_merged_pull_requests_weekly,2024-08-12,97.0
Trail of Bits Security Reviews,GITHUB_opened_issues_weekly,2024-08-12,2.0
Open Source Observer,GITHUB_opened_issues_weekly,2024-08-12,11.0
thirdweb,GITHUB_opened_issues_weekly,2024-08-12,1.0
Walnut,GITHUB_closed_issues_weekly,2024-08-12,2.0
thirdweb,GITHUB_closed_issues_weekly,2024-08-12,2.0
Walnut,GITHUB_closed_issues_daily,2024-08-12,1.0
Open Source Observer,GITHUB_comments_daily,2025-01-10,16.0
Redstone Finance,GITHUB_comments_daily,2025-01-10,2.0
Walnut,GITHUB_comments_daily,2025-01-10,1.0
CoBuilders,GITHUB_comments_daily,2025-01-10,2.0
Passport XYZ,GITHUB_comments_daily,2025-01-10,6.0
thirdweb,GITHUB_comments_daily,2025-01-10,27.0
Trail of Bits Security Reviews,GITHUB_forks_daily,2025-01-10,4.0
Runtime Verification,GITHUB_opened_pull_requests_daily,2025-01-10,1.0
Passport XYZ,GITHUB_opened_issues_daily,2025-01-10,4.0
Open Source Observer,GITHUB_closed_issues_daily,2025-01-10,6.0
Runtime Verification,GITHUB_comments_daily,2024-02-27,34.0
Open Source Observer,GITHUB_commits_daily,2024-02-27,8.0
Trail of Bits Security Reviews,GITHUB_commits_daily,2024-02-27,5.0
thirdweb,GITHUB_commits_daily,2024-02-27,10.0
Trail of Bits Security Reviews,GITHUB_forks_daily,2024-02-27,3.0
Pyth Network,GITHUB_repositories_daily,2024-02-27,6.0
thirdweb,GITHUB_repositories_daily,2024-02-27,8.0
Open Source Observer,GITHUB_contributors_daily,2024-02-27,4.0
thirdweb,GITHUB_contributors_daily,2024-02-27,12.0
Trail of Bits Security Reviews,GITHUB_active_developers_daily,2024-02-27,3.0
Pyth Network,GITHUB_active_developers_daily,2024-02-27,3.0
Pyth Network,GITHUB_opened_pull_requests_daily,2024-02-27,8.0
thirdweb,GITHUB_opened_pull_requests_daily,2024-02-27,14.0
Runtime Verification,GITHUB_merged_pull_requests_daily,2024-02-27,18.0
thirdweb,GITHUB_opened_issues_daily,2024-02-27,1.0
Trail of Bits Security Reviews,GITHUB_stars_daily,2024-07-10,10.0
Pyth Network,GITHUB_commits_daily,2024-07-10,3.0
thirdweb,GITHUB_commits_daily,2024-07-10,10.0
Walnut,GITHUB_commits_daily,2024-07-10,1.0
Runtime Verification,GITHUB_releases_daily,2024-07-10,16.0
Open Source Observer,GITHUB_forks_daily,2024-07-10,1.0
thirdweb,GITHUB_forks_daily,2024-07-10,2.0
Open Source Observer,GITHUB_repositories_daily,2024-07-10,3.0
Runtime Verification,GITHUB_repositories_daily,2024-07-10,12.0
Debid - Fairblock,GITHUB_contributors_daily,2024-07-10,1.0
thirdweb,GITHUB_active_developers_daily,2024-07-10,5.0
Walnut,GITHUB_active_developers_daily,2024-07-10,1.0
Open Source Observer,GITHUB_opened_pull_requests_daily,2024-07-10,3.0
Trail of Bits Security Reviews,GITHUB_opened_pull_requests_daily,2024-07-10,4.0
Trail of Bits Security Reviews,GITHUB_closed_issues_daily,2024-07-10,1.0
Trail of Bits Security Reviews,GITHUB_comments_daily,2024-12-07,3.0
Open Source Observer,GITHUB_stars_daily,2024-12-07,2.0
Trail of Bits Security Reviews,GITHUB_stars_daily,2024-12-07,10.0
Runtime Verification,GITHUB_stars_daily,2024-12-07,1.0
thirdweb,GITHUB_commits_daily,2024-12-07,6.0
Pyth Network,GITHUB_commits_daily,2024-12-07,1.0
Open Source Observer,GITHUB_contributors_daily,2024-12-07,1.0
Pyth Network,GITHUB_active_developers_daily,2024-12-07,1.0
Trail of Bits Security Reviews,GITHUB_opened_pull_requests_daily,2024-12-07,2.0
thirdweb,GITHUB_closed_issues_daily,2024-12-07,1.0
Redstone Finance,GITHUB_comments_daily,2024-08-30,1.0
Runtime Verification,GITHUB_comments_daily,2024-08-30,16.0
Open Source Observer,GITHUB_forks_daily,2024-08-30,1.0
thirdweb,GITHUB_forks_daily,2024-08-30,4.0
Passport XYZ,GITHUB_forks_daily,2024-08-30,2.0
Trail of Bits Security Reviews,GITHUB_commits_daily,2024-08-30,34.0
Runtime Verification,GITHUB_commits_daily,2024-08-30,4.0
thirdweb,GITHUB_releases_daily,2024-08-30,2.0
Redstone Finance,GITHUB_releases_daily,2024-08-30,1.0
Passport XYZ,GITHUB_repositories_daily,2024-08-30,3.0
Walnut,GITHUB_repositories_daily,2024-08-30,3.0
Runtime Verification,GITHUB_repositories_daily,2024-08-30,4.0
thirdweb,GITHUB_repositories_daily,2024-08-30,4.0
Passport XYZ,GITHUB_contributors_daily,2024-08-30,2.0
Runtime Verification,GITHUB_contributors_daily,2024-08-30,6.0
thirdweb,GITHUB_contributors_daily,2024-08-30,13.0
Enclave,GITHUB_contributors_daily,2024-08-30,2.0
Redstone Finance,GITHUB_active_developers_daily,2024-08-30,2.0
thirdweb,GITHUB_active_developers_daily,2024-08-30,3.0
Open Source Observer,GITHUB_opened_pull_requests_daily,2024-08-30,8.0
Redstone Finance,GITHUB_opened_pull_requests_daily,2024-08-30,1.0
thirdweb,GITHUB_opened_pull_requests_daily,2024-08-30,17.0
Runtime Verification,GITHUB_opened_pull_requests_daily,2024-08-30,4.0
thirdweb,GITHUB_merged_pull_requests_daily,2024-08-30,15.0
Trail of Bits Security Reviews,GITHUB_merged_pull_requests_daily,2024-08-30,8.0
Redstone Finance,GITHUB_merged_pull_requests_daily,2024-08-30,1.0
Enclave,GITHUB_merged_pull_requests_daily,2024-08-30,2.0
Runtime Verification,GITHUB_merged_pull_requests_daily,2024-08-30,4.0
Open Source Observer,GITHUB_comments_daily,2024-04-14,1.0
Trail of Bits Security Reviews,GITHUB_comments_daily,2024-04-14,1.0
Pyth Network,GITHUB_comments_daily,2024-04-14,1.0
thirdweb,GITHUB_stars_daily,2024-04-14,3.0
Trail of Bits Security Reviews,GITHUB_stars_daily,2024-04-14,9.0
Runtime Verification,GITHUB_repositories_daily,2024-04-14,1.0
Trail of Bits Security Reviews,GITHUB_opened_pull_requests_daily,2024-04-14,5.0
Trail of Bits Security Reviews,GITHUB_merged_pull_requests_daily,2024-04-14,8.0
Passport XYZ,GITHUB_forks_weekly,2024-11-18,2.0
Sylow,GITHUB_comments_daily,2024-11-18,2.0
Trail of Bits Security Reviews,GITHUB_stars_daily,2024-11-18,15.0
Solang,GITHUB_stars_weekly,2024-11-18,2.0
Runtime Verification,GITHUB_stars_weekly,2024-11-18,1.0
Sylow,GITHUB_stars_weekly,2024-11-18,5.0
Pyth Network,GITHUB_stars_weekly,2024-11-18,1.0
Runtime Verification,GITHUB_commits_daily,2024-11-18,2.0
Pyth Network,GITHUB_releases_weekly,2024-11-18,1.0
thirdweb,GITHUB_releases_weekly,2024-11-18,7.0
Trail of Bits Security Reviews,GITHUB_releases_daily,2024-11-18,2.0
Runtime Verification,GITHUB_releases_daily,2024-11-18,1.0
Moving Stylus,GITHUB_commits_weekly,2024-11-18,8.0
Remix IDE plugin for Arbitrum Stylus,GITHUB_commits_weekly,2024-11-18,9.0
Debid - Fairblock,GITHUB_commits_weekly,2024-11-18,7.0
Open Source Observer,GITHUB_commits_weekly,2024-11-18,14.0
Moving Stylus,GITHUB_repositories_weekly,2024-11-18,2.0
Open Source Observer,GITHUB_repositories_weekly,2024-11-18,5.0
Passport XYZ,GITHUB_repositories_daily,2024-11-18,3.0
Runtime Verification,GITHUB_repositories_daily,2024-11-18,4.0
Redstone Finance,GITHUB_repositories_daily,2024-11-18,3.0
Debid - Fairblock,GITHUB_contributors_weekly,2024-11-18,2.0
thirdweb,GITHUB_contributors_weekly,2024-11-18,25.0
Open Source Observer,GITHUB_contributors_weekly,2024-11-18,7.0
thirdweb,GITHUB_contributors_daily,2024-11-18,11.0
Passport XYZ,GITHUB_contributors_daily,2024-11-18,3.0
Passport XYZ,GITHUB_contributors_weekly,2024-11-18,7.0
Redstone Finance,GITHUB_contributors_weekly,2024-11-18,4.0
Trail of Bits Security Reviews,GITHUB_active_developers_weekly,2024-11-18,7.0
Debid - Fairblock,GITHUB_active_developers_weekly,2024-11-18,2.0
Runtime Verification,GITHUB_active_developers_daily,2024-11-18,2.0
Remix IDE plugin for Arbitrum Stylus,GITHUB_opened_pull_requests_weekly,2024-11-18,3.0
thirdweb,GITHUB_opened_pull_requests_weekly,2024-11-18,52.0
Trail of Bits Security Reviews,GITHUB_opened_pull_requests_weekly,2024-11-18,51.0
Open Source Observer,GITHUB_opened_pull_requests_daily,2024-11-18,1.0
thirdweb,GITHUB_opened_pull_requests_daily,2024-11-18,10.0
Open Source Observer,GITHUB_merged_pull_requests_daily,2024-11-18,2.0
Pyth Network,GITHUB_merged_pull_requests_daily,2024-11-18,8.0
Trail of Bits Security Reviews,GITHUB_merged_pull_requests_daily,2024-11-18,11.0
Open Source Observer,GITHUB_opened_issues_weekly,2024-11-18,32.0
Trail of Bits Security Reviews,GITHUB_closed_issues_weekly,2024-11-18,1.0
thirdweb,GITHUB_closed_issues_weekly,2024-11-18,3.0
Redstone Finance,GITHUB_comments_daily,2024-08-02,1.0
Pyth Network,GITHUB_comments_daily,2024-08-02,37.0
Redstone Finance,GITHUB_stars_daily,2024-08-02,1.0
Trail of Bits Security Reviews,GITHUB_stars_daily,2024-08-02,20.0
Runtime Verification,GITHUB_commits_daily,2024-08-02,25.0
Passport XYZ,GITHUB_repositories_daily,2024-08-02,2.0
Pyth Network,GITHUB_repositories_daily,2024-08-02,5.0
thirdweb,GITHUB_repositories_daily,2024-08-02,4.0
Enclave,GITHUB_repositories_daily,2024-08-02,1.0
Debid - Fairblock,GITHUB_repositories_daily,2024-08-02,2.0
Open Source Observer,GITHUB_repositories_daily,2024-08-02,2.0
Pyth Network,GITHUB_contributors_daily,2024-08-02,4.0
Debid - Fairblock,GITHUB_contributors_daily,2024-08-02,1.0
thirdweb,GITHUB_contributors_daily,2024-08-02,9.0
Pyth Network,GITHUB_active_developers_daily,2024-08-02,3.0
Walnut,GITHUB_active_developers_daily,2024-08-02,2.0
Pyth Network,GITHUB_merged_pull_requests_daily,2024-08-02,5.0
Runtime Verification,GITHUB_opened_issues_daily,2024-08-02,4.0
Runtime Verification,GITHUB_comments_daily,2024-07-05,9.0
Walnut,GITHUB_comments_daily,2024-07-05,1.0
Pyth Network,GITHUB_commits_daily,2024-07-05,2.0
thirdweb,GITHUB_forks_daily,2024-07-05,1.0
Trail of Bits Security Reviews,GITHUB_forks_daily,2024-07-05,1.0
Pyth Network,GITHUB_repositories_daily,2024-07-05,4.0
Walnut,GITHUB_contributors_daily,2024-07-05,3.0
Pyth Network,GITHUB_active_developers_daily,2024-07-05,2.0
Walnut,GITHUB_comments_daily,2024-05-23,44.0
Runtime Verification,GITHUB_comments_daily,2024-05-23,40.0
Passport XYZ,GITHUB_comments_daily,2024-05-23,4.0
Open Source Observer,GITHUB_comments_daily,2024-05-23,38.0
Open Source Observer,GITHUB_commits_daily,2024-05-23,13.0
Runtime Verification,GITHUB_commits_daily,2024-05-23,38.0
Redstone Finance,GITHUB_forks_daily,2024-05-23,1.0
Passport XYZ,GITHUB_forks_daily,2024-05-23,2.0
Pyth Network,GITHUB_repositories_daily,2024-05-23,6.0
Runtime Verification,GITHUB_repositories_daily,2024-05-23,14.0
Trail of Bits Security Reviews,GITHUB_repositories_daily,2024-05-23,7.0
Walnut,GITHUB_repositories_daily,2024-05-23,2.0
thirdweb,GITHUB_contributors_daily,2024-05-23,13.0
Trail of Bits Security Reviews,GITHUB_active_developers_daily,2024-05-23,2.0
Passport XYZ,GITHUB_active_developers_daily,2024-05-23,1.0
Open Source Observer,GITHUB_opened_pull_requests_daily,2024-05-23,13.0
Pyth Network,GITHUB_opened_pull_requests_daily,2024-05-23,13.0
Runtime Verification,GITHUB_merged_pull_requests_daily,2024-05-23,19.0
Pyth Network,GITHUB_merged_pull_requests_daily,2024-05-23,7.0
thirdweb,GITHUB_merged_pull_requests_daily,2024-05-23,20.0
thirdweb,GITHUB_opened_issues_daily,2024-05-23,1.0
Open Source Observer,GITHUB_comments_daily,2024-10-06,4.0
Open Source Observer,GITHUB_commits_daily,2024-10-06,10.0
Passport XYZ,GITHUB_repositories_daily,2024-10-06,1.0
Open Source Observer,GITHUB_contributors_daily,2024-10-06,3.0
Open Source Observer,GITHUB_active_developers_daily,2024-10-06,2.0
thirdweb,GITHUB_opened_pull_requests_daily,2024-10-06,3.0
Trail of Bits Security Reviews,GITHUB_opened_pull_requests_daily,2024-10-06,5.0
Open Source Observer,GITHUB_opened_issues_daily,2024-10-06,2.0
Trail of Bits Security Reviews,GITHUB_opened_issues_daily,2024-10-06,1.0
Walnut,GITHUB_comments_daily,2025-03-07,10.0
Trail of Bits Security Reviews,GITHUB_comments_daily,2025-03-07,1.0
Trail of Bits Security Reviews,GITHUB_stars_daily,2025-03-07,9.0
CodeTracer,GITHUB_stars_daily,2025-03-07,227.0
Runtime Verification,GITHUB_releases_daily,2025-03-07,2.0
Runtime Verification,GITHUB_repositories_daily,2025-03-07,5.0
Debid - Fairblock,GITHUB_repositories_daily,2025-03-07,1.0
Open Source Observer,GITHUB_contributors_daily,2025-03-07,7.0
Redstone Finance,GITHUB_active_developers_daily,2025-03-07,3.0
Pyth Network,GITHUB_active_developers_daily,2025-03-07,4.0
Runtime Verification,GITHUB_active_developers_daily,2025-03-07,1.0
Debid - Fairblock,GITHUB_opened_pull_requests_daily,2025-03-07,1.0
Open Source Observer,GITHUB_opened_pull_requests_daily,2025-03-07,6.0
Runtime Verification,GITHUB_opened_pull_requests_daily,2025-03-07,5.0
Trail of Bits Security Reviews,GITHUB_merged_pull_requests_daily,2025-03-07,4.0
Walnut,GITHUB_merged_pull_requests_daily,2025-03-07,14.0
Runtime Verification,GITHUB_merged_pull_requests_daily,2025-03-07,3.0
Runtime Verification,GITHUB_opened_issues_daily,2025-03-07,3.0
Passport XYZ,GITHUB_closed_issues_daily,2025-03-07,6.0
Passport XYZ,GITHUB_comments_daily,2024-05-21,2.0
Walnut,GITHUB_stars_daily,2024-05-21,4.0
Trail of Bits Security Reviews,GITHUB_commits_daily,2024-05-21,3.0
Trail of Bits Security Reviews,GITHUB_forks_daily,2024-05-21,3.0
Passport XYZ,GITHUB_repositories_daily,2024-05-21,1.0
Pyth Network,GITHUB_contributors_daily,2024-05-21,8.0
Redstone Finance,GITHUB_active_developers_daily,2024-05-21,3.0
thirdweb,GITHUB_active_developers_daily,2024-05-21,7.0
Open Source Observer,GITHUB_active_developers_daily,2024-05-21,6.0
thirdweb,GITHUB_merged_pull_requests_daily,2024-05-21,13.0
Open Source Observer,GITHUB_opened_issues_daily,2024-05-21,20.0
thirdweb,GITHUB_commits_daily,2024-01-02,11.0
thirdweb,GITHUB_releases_daily,2024-01-02,1.0
Syndicate Protocol,GITHUB_active_developers_daily,2024-01-02,1.0
Trail of Bits Security Reviews,GITHUB_contributors_daily,2024-01-02,7.0
Syndicate Protocol,GITHUB_contributors_daily,2024-01-02,1.0
Debid - Fairblock,GITHUB_contributors_daily,2024-01-02,1.0
Pyth Network,GITHUB_contributors_daily,2024-01-02,1.0
thirdweb,GITHUB_opened_pull_requests_daily,2024-01-02,8.0
Pyth Network,GITHUB_merged_pull_requests_daily,2024-01-02,1.0
thirdweb,GITHUB_opened_issues_daily,2024-01-02,1.0
Trail of Bits Security Reviews,GITHUB_forks_weekly,2024-06-24,9.0
Open Source Observer,GITHUB_comments_daily,2024-06-24,19.0
thirdweb,GITHUB_comments_daily,2024-06-24,132.0
Runtime Verification,GITHUB_stars_daily,2024-06-24,1.0
Runtime Verification,GITHUB_commits_daily,2024-06-24,29.0
Open Source Observer,GITHUB_commits_daily,2024-06-24,6.0
thirdweb,GITHUB_stars_weekly,2024-06-24,13.0
Redstone Finance,GITHUB_stars_weekly,2024-06-24,4.0
Pyth Network,GITHUB_releases_daily,2024-06-24,1.0
Pyth Network,GITHUB_releases_weekly,2024-06-24,4.0
Walnut,GITHUB_commits_weekly,2024-06-24,88.0
Pyth Network,GITHUB_commits_weekly,2024-06-24,44.0
Debid - Fairblock,GITHUB_commits_weekly,2024-06-24,21.0
Walnut,GITHUB_comments_weekly,2024-06-24,73.0
thirdweb,GITHUB_comments_weekly,2024-06-24,815.0
Pyth Network,GITHUB_forks_daily,2024-06-24,2.0
Redstone Finance,GITHUB_repositories_daily,2024-06-24,1.0
Trail of Bits Security Reviews,GITHUB_repositories_daily,2024-06-24,19.0
Walnut,GITHUB_repositories_weekly,2024-06-24,5.0
Open Source Observer,GITHUB_repositories_weekly,2024-06-24,4.0
Redstone Finance,GITHUB_repositories_weekly,2024-06-24,7.0
Runtime Verification,GITHUB_repositories_weekly,2024-06-24,23.0
Trail of Bits Security Reviews,GITHUB_repositories_weekly,2024-06-24,39.0
Pyth Network,GITHUB_contributors_daily,2024-06-24,11.0
Passport XYZ,GITHUB_contributors_daily,2024-06-24,1.0
thirdweb,GITHUB_contributors_daily,2024-06-24,13.0
Open Source Observer,GITHUB_contributors_weekly,2024-06-24,8.0
Trail of Bits Security Reviews,GITHUB_contributors_weekly,2024-06-24,23.0
Pyth Network,GITHUB_active_developers_daily,2024-06-24,6.0
Runtime Verification,GITHUB_active_developers_daily,2024-06-24,6.0
Walnut,GITHUB_active_developers_daily,2024-06-24,1.0
Redstone Finance,GITHUB_active_developers_weekly,2024-06-24,2.0
Enclave,GITHUB_active_developers_weekly,2024-06-24,2.0
thirdweb,GITHUB_active_developers_weekly,2024-06-24,9.0
Runtime Verification,GITHUB_opened_pull_requests_weekly,2024-06-24,67.0
thirdweb,GITHUB_opened_pull_requests_weekly,2024-06-24,116.0
Pyth Network,GITHUB_opened_pull_requests_daily,2024-06-24,10.0
Runtime Verification,GITHUB_opened_pull_requests_daily,2024-06-24,20.0
Runtime Verification,GITHUB_merged_pull_requests_weekly,2024-06-24,64.0
Open Source Observer,GITHUB_merged_pull_requests_weekly,2024-06-24,32.0
Pyth Network,GITHUB_merged_pull_requests_weekly,2024-06-24,43.0
Debid - Fairblock,GITHUB_merged_pull_requests_weekly,2024-06-24,1.0
Open Source Observer,GITHUB_opened_issues_daily,2024-06-24,4.0
Runtime Verification,GITHUB_opened_issues_weekly,2024-06-24,17.0
Trail of Bits Security Reviews,GITHUB_closed_issues_daily,2024-06-24,4.0
thirdweb,GITHUB_closed_issues_weekly,2024-06-24,7.0
Enclave,GITHUB_comments_daily,2024-08-29,4.0
Runtime Verification,GITHUB_stars_daily,2024-08-29,1.0
Open Source Observer,GITHUB_stars_daily,2024-08-29,5.0
Enclave,GITHUB_stars_daily,2024-08-29,1.0
thirdweb,GITHUB_releases_daily,2024-08-29,1.0
thirdweb,GITHUB_forks_daily,2024-08-29,1.0
Passport XYZ,GITHUB_forks_daily,2024-08-29,2.0
Runtime Verification,GITHUB_forks_daily,2024-08-29,1.0
Redstone Finance,GITHUB_repositories_daily,2024-08-29,4.0
Trail of Bits Security Reviews,GITHUB_repositories_daily,2024-08-29,12.0
Pyth Network,GITHUB_repositories_daily,2024-08-29,6.0
Open Source Observer,GITHUB_repositories_daily,2024-08-29,3.0
Enclave,GITHUB_repositories_daily,2024-08-29,1.0
Open Source Observer,GITHUB_contributors_daily,2024-08-29,4.0
Pyth Network,GITHUB_active_developers_daily,2024-08-29,8.0
Redstone Finance,GITHUB_active_developers_daily,2024-08-29,3.0
Trail of Bits Security Reviews,GITHUB_active_developers_daily,2024-08-29,2.0
Redstone Finance,GITHUB_opened_pull_requests_daily,2024-08-29,1.0
Open Source Observer,GITHUB_opened_pull_requests_daily,2024-08-29,1.0
Passport XYZ,GITHUB_merged_pull_requests_daily,2024-08-29,8.0
Walnut,GITHUB_closed_issues_daily,2024-08-29,1.0
Open Source Observer,GITHUB_comments_daily,2024-02-28,11.0
Pyth Network,GITHUB_stars_daily,2024-02-28,1.0
Runtime Verification,GITHUB_stars_daily,2024-02-28,2.0
Pyth Network,GITHUB_commits_daily,2024-02-28,6.0
Trail of Bits Security Reviews,GITHUB_commits_daily,2024-02-28,66.0
Redstone Finance,GITHUB_commits_daily,2024-02-28,2.0
thirdweb,GITHUB_commits_daily,2024-02-28,11.0
Debid - Fairblock,GITHUB_releases_daily,2024-02-28,1.0
Debid - Fairblock,GITHUB_forks_daily,2024-02-28,2.0
Debid - Fairblock,GITHUB_repositories_daily,2024-02-28,1.0
Open Source Observer,GITHUB_contributors_daily,2024-02-28,2.0
Pyth Network,GITHUB_contributors_daily,2024-02-28,6.0
Debid - Fairblock,GITHUB_contributors_daily,2024-02-28,1.0
Redstone Finance,GITHUB_contributors_daily,2024-02-28,2.0
Redstone Finance,GITHUB_active_developers_daily,2024-02-28,1.0
Debid - Fairblock,GITHUB_active_developers_daily,2024-02-28,1.0
Debid - Fairblock,GITHUB_opened_pull_requests_daily,2024-02-28,2.0
Open Source Observer,GITHUB_opened_issues_daily,2024-02-28,1.0
Trail of Bits Security Reviews,GITHUB_opened_issues_daily,2024-02-28,2.0
Trail of Bits Security Reviews,GITHUB_comments_daily,2024-06-04,3.0
Open Source Observer,GITHUB_comments_daily,2024-06-04,44.0
Trail of Bits Security Reviews,GITHUB_stars_daily,2024-06-04,8.0
Pyth Network,GITHUB_commits_daily,2024-06-04,5.0
Open Source Observer,GITHUB_commits_daily,2024-06-04,9.0
Walnut,GITHUB_commits_daily,2024-06-04,2.0
Runtime Verification,GITHUB_commits_daily,2024-06-04,36.0
Trail of Bits Security Reviews,GITHUB_commits_daily,2024-06-04,54.0
Walnut,GITHUB_repositories_daily,2024-06-04,3.0
Pyth Network,GITHUB_active_developers_daily,2024-06-04,2.0
Open Source Observer,GITHUB_active_developers_daily,2024-06-04,4.0
Pyth Network,GITHUB_opened_pull_requests_daily,2024-06-04,4.0
Trail of Bits Security Reviews,GITHUB_opened_pull_requests_daily,2024-06-04,4.0
Walnut,GITHUB_contributors_daily,2024-06-04,4.0
Redstone Finance,GITHUB_contributors_daily,2024-06-04,2.0
Runtime Verification,GITHUB_contributors_daily,2024-06-04,14.0
Runtime Verification,GITHUB_merged_pull_requests_daily,2024-06-04,17.0
thirdweb,GITHUB_opened_issues_daily,2024-06-04,1.0
Open Source Observer,GITHUB_opened_issues_daily,2024-06-04,2.0
Walnut,GITHUB_closed_issues_daily,2024-06-04,2.0
Trail of Bits Security Reviews,GITHUB_closed_issues_daily,2024-06-04,2.0
Open Source Observer,GITHUB_comments_daily,2024-12-16,1.0
Remix IDE plugin for Arbitrum Stylus,GITHUB_comments_daily,2024-12-16,7.0
Runtime Verification,GITHUB_comments_daily,2024-12-16,10.0
Passport XYZ,GITHUB_stars_daily,2024-12-16,2.0
Solang,GITHUB_stars_daily,2024-12-16,1.0
Runtime Verification,GITHUB_commits_daily,2024-12-16,4.0
Remix IDE plugin for Arbitrum Stylus,GITHUB_commits_daily,2024-12-16,3.0
Debid - Fairblock,GITHUB_commits_daily,2024-12-16,6.0
Walnut,GITHUB_commits_daily,2024-12-16,1.0
Redstone Finance,GITHUB_commits_daily,2024-12-16,4.0
Passport XYZ,GITHUB_stars_weekly,2024-12-16,10.0
Solang,GITHUB_stars_weekly,2024-12-16,2.0
Trail of Bits Security Reviews,GITHUB_stars_weekly,2024-12-16,82.0
Sylow,GITHUB_stars_weekly,2024-12-16,2.0
thirdweb,GITHUB_releases_daily,2024-12-16,3.0
Enclave,GITHUB_commits_weekly,2024-12-16,1.0
Remix IDE plugin for Arbitrum Stylus,GITHUB_comments_weekly,2024-12-16,8.0
Trail of Bits Security Reviews,GITHUB_forks_daily,2024-12-16,5.0
Trail of Bits Security Reviews,GITHUB_repositories_daily,2024-12-16,16.0
Solang,GITHUB_repositories_daily,2024-12-16,1.0
Passport XYZ,GITHUB_repositories_weekly,2024-12-16,5.0
Moving Stylus,GITHUB_repositories_weekly,2024-12-16,1.0
Solang,GITHUB_repositories_weekly,2024-12-16,1.0
Sylow,GITHUB_repositories_weekly,2024-12-16,1.0
Debid - Fairblock,GITHUB_contributors_daily,2024-12-16,1.0
Trail of Bits Security Reviews,GITHUB_contributors_weekly,2024-12-16,23.0
Enclave,GITHUB_contributors_weekly,2024-12-16,2.0
Redstone Finance,GITHUB_contributors_weekly,2024-12-16,5.0
Open Source Observer,GITHUB_contributors_weekly,2024-12-16,7.0
Debid - Fairblock,GITHUB_active_developers_weekly,2024-12-16,4.0
Pyth Network,GITHUB_opened_pull_requests_weekly,2024-12-16,32.0
Runtime Verification,GITHUB_opened_pull_requests_daily,2024-12-16,3.0
Open Source Observer,GITHUB_opened_pull_requests_daily,2024-12-16,1.0
Trail of Bits Security Reviews,GITHUB_opened_pull_requests_daily,2024-12-16,15.0
Passport XYZ,GITHUB_opened_pull_requests_daily,2024-12-16,6.0
Passport XYZ,GITHUB_merged_pull_requests_weekly,2024-12-16,34.0
Walnut,GITHUB_merged_pull_requests_weekly,2024-12-16,3.0
Debid - Fairblock,GITHUB_merged_pull_requests_weekly,2024-12-16,2.0
thirdweb,GITHUB_merged_pull_requests_weekly,2024-12-16,59.0
Trail of Bits Security Reviews,GITHUB_opened_pull_requests_weekly,2024-12-16,50.0
Pyth Network,GITHUB_merged_pull_requests_daily,2024-12-16,3.0
Debid - Fairblock,GITHUB_merged_pull_requests_daily,2024-12-16,1.0
Passport XYZ,GITHUB_merged_pull_requests_daily,2024-12-16,6.0
Runtime Verification,GITHUB_merged_pull_requests_daily,2024-12-16,5.0
thirdweb,GITHUB_opened_issues_daily,2024-12-16,1.0
Trail of Bits Security Reviews,GITHUB_opened_issues_weekly,2024-12-16,2.0
Walnut,GITHUB_closed_issues_weekly,2024-12-16,1.0
Open Source Observer,GITHUB_closed_issues_weekly,2024-12-16,6.0
Pyth Network,GITHUB_closed_issues_weekly,2024-12-16,1.0
Trail of Bits Security Reviews,GITHUB_closed_issues_weekly,2024-12-16,2.0
Open Source Observer,GITHUB_comments_daily,2024-04-20,7.0
Open Source Observer,GITHUB_stars_daily,2024-04-20,3.0
Runtime Verification,GITHUB_commits_daily,2024-04-20,2.0
Redstone Finance,GITHUB_forks_daily,2024-04-20,5.0
Trail of Bits Security Reviews,GITHUB_forks_daily,2024-04-20,2.0
Open Source Observer,GITHUB_repositories_daily,2024-04-20,3.0
Redstone Finance,GITHUB_contributors_daily,2024-04-20,1.0
Open Source Observer,GITHUB_active_developers_daily,2024-04-20,1.0
Runtime Verification,GITHUB_opened_pull_requests_daily,2024-04-20,1.0
Trail of Bits Security Reviews,GITHUB_opened_issues_daily,2024-04-20,1.0
Open Source Observer,GITHUB_closed_issues_daily,2024-04-20,2.0
thirdweb,GITHUB_comments_daily,2024-10-24,140.0
Passport XYZ,GITHUB_comments_daily,2024-10-24,10.0
Pyth Network,GITHUB_commits_daily,2024-10-24,16.0
Debid - Fairblock,GITHUB_commits_daily,2024-10-24,45.0
thirdweb,GITHUB_releases_daily,2024-10-24,4.0
thirdweb,GITHUB_forks_daily,2024-10-24,2.0
Runtime Verification,GITHUB_repositories_daily,2024-10-24,2.0
Open Source Observer,GITHUB_contributors_daily,2024-10-24,5.0
Trail of Bits Security Reviews,GITHUB_contributors_daily,2024-10-24,5.0
Passport XYZ,GITHUB_active_developers_daily,2024-10-24,2.0
Trail of Bits Security Reviews,GITHUB_active_developers_daily,2024-10-24,2.0
Runtime Verification,GITHUB_active_developers_daily,2024-10-24,2.0
Debid - Fairblock,GITHUB_opened_pull_requests_daily,2024-10-24,2.0
Open Source Observer,GITHUB_merged_pull_requests_daily,2024-10-24,14.0
Trail of Bits Security Reviews,GITHUB_merged_pull_requests_daily,2024-10-24,4.0
Open Source Observer,GITHUB_opened_issues_daily,2024-10-24,4.0
Passport XYZ,GITHUB_closed_issues_daily,2024-10-24,6.0
Pyth Network,GITHUB_comments_daily,2024-06-10,19.0
Trail of Bits Security Reviews,GITHUB_comments_daily,2024-06-10,15.0
Pyth Network,GITHUB_forks_weekly,2024-06-10,7.0
Runtime Verification,GITHUB_forks_weekly,2024-06-10,2.0
thirdweb,GITHUB_stars_daily,2024-06-10,2.0
Redstone Finance,GITHUB_stars_daily,2024-06-10,1.0
Walnut,GITHUB_stars_weekly,2024-06-10,4.0
Open Source Observer,GITHUB_stars_weekly,2024-06-10,3.0
Runtime Verification,GITHUB_stars_weekly,2024-06-10,5.0
Redstone Finance,GITHUB_stars_weekly,2024-06-10,5.0
Runtime Verification,GITHUB_commits_daily,2024-06-10,17.0
Trail of Bits Security Reviews,GITHUB_releases_weekly,2024-06-10,1.0
Runtime Verification,GITHUB_releases_daily,2024-06-10,8.0
Trail of Bits Security Reviews,GITHUB_commits_weekly,2024-06-10,115.0
Passport XYZ,GITHUB_commits_weekly,2024-06-10,12.0
thirdweb,GITHUB_comments_weekly,2024-06-10,773.0
Arbos Foundry,GITHUB_repositories_weekly,2024-06-10,1.0
Open Source Observer,GITHUB_repositories_weekly,2024-06-10,3.0
Remix IDE plugin for Arbitrum Stylus,GITHUB_repositories_weekly,2024-06-10,1.0
thirdweb,GITHUB_repositories_weekly,2024-06-10,9.0
Runtime Verification,GITHUB_repositories_weekly,2024-06-10,14.0
thirdweb,GITHUB_forks_daily,2024-06-10,2.0
Trail of Bits Security Reviews,GITHUB_forks_daily,2024-06-10,1.0
Debid - Fairblock,GITHUB_repositories_daily,2024-06-10,1.0
Trail of Bits Security Reviews,GITHUB_repositories_daily,2024-06-10,12.0
Passport XYZ,GITHUB_contributors_weekly,2024-06-10,4.0
Trail of Bits Security Reviews,GITHUB_contributors_weekly,2024-06-10,14.0
Enclave,GITHUB_contributors_weekly,2024-06-10,1.0
Arbos Foundry,GITHUB_contributors_weekly,2024-06-10,1.0
thirdweb,GITHUB_active_developers_weekly,2024-06-10,15.0
Trail of Bits Security Reviews,GITHUB_active_developers_weekly,2024-06-10,7.0
Debid - Fairblock,GITHUB_contributors_daily,2024-06-10,1.0
thirdweb,GITHUB_contributors_daily,2024-06-10,12.0
Syndicate Protocol,GITHUB_opened_pull_requests_weekly,2024-06-10,1.0
thirdweb,GITHUB_opened_pull_requests_weekly,2024-06-10,132.0
Open Source Observer,GITHUB_opened_pull_requests_daily,2024-06-10,8.0
Debid - Fairblock,GITHUB_opened_pull_requests_daily,2024-06-10,1.0
Runtime Verification,GITHUB_merged_pull_requests_weekly,2024-06-10,58.0
Remix IDE plugin for Arbitrum Stylus,GITHUB_merged_pull_requests_weekly,2024-06-10,1.0
Pyth Network,GITHUB_merged_pull_requests_weekly,2024-06-10,27.0
Runtime Verification,GITHUB_merged_pull_requests_daily,2024-06-10,8.0
Open Source Observer,GITHUB_merged_pull_requests_daily,2024-06-10,6.0
Walnut,GITHUB_opened_issues_weekly,2024-06-10,2.0
Open Source Observer,GITHUB_closed_issues_weekly,2024-06-10,7.0
Open Source Observer,GITHUB_comments_daily,2025-02-06,20.0
Pyth Network,GITHUB_comments_daily,2025-02-06,24.0
thirdweb,GITHUB_commits_daily,2025-02-06,12.0
Trail of Bits Security Reviews,GITHUB_commits_daily,2025-02-06,3.0
Solang,GITHUB_commits_daily,2025-02-06,1.0
Passport XYZ,GITHUB_releases_daily,2025-02-06,1.0
Pyth Network,GITHUB_releases_daily,2025-02-06,1.0
9Lives,GITHUB_repositories_daily,2025-02-06,1.0
9Lives,GITHUB_contributors_daily,2025-02-06,1.0
Open Source Observer,GITHUB_active_developers_daily,2025-02-06,4.0
Solang,GITHUB_opened_pull_requests_daily,2025-02-06,1.0
Open Source Observer,GITHUB_opened_pull_requests_daily,2025-02-06,10.0
thirdweb,GITHUB_merged_pull_requests_daily,2025-02-06,8.0
Pyth Network,GITHUB_merged_pull_requests_daily,2025-02-06,12.0
Walnut,GITHUB_opened_issues_daily,2025-02-06,1.0
Passport XYZ,GITHUB_closed_issues_daily,2025-02-06,6.0
thirdweb,GITHUB_stars_daily,2025-02-15,2.0
Runtime Verification,GITHUB_stars_daily,2025-02-15,1.0
Redstone Finance,GITHUB_stars_daily,2025-02-15,2.0
thirdweb,GITHUB_commits_daily,2025-02-15,6.0
Pyth Network,GITHUB_commits_daily,2025-02-15,4.0
Passport XYZ,GITHUB_forks_daily,2025-02-15,4.0
Runtime Verification,GITHUB_repositories_daily,2025-02-15,1.0
Solang,GITHUB_repositories_daily,2025-02-15,1.0
Walnut,GITHUB_repositories_daily,2025-02-15,2.0
9Lives,GITHUB_active_developers_daily,2025-02-15,1.0
Trail of Bits Security Reviews,GITHUB_opened_pull_requests_daily,2025-02-15,2.0
Walnut,GITHUB_merged_pull_requests_daily,2025-02-15,3.0
Runtime Verification,GITHUB_comments_daily,2024-09-28,4.0
Trail of Bits Security Reviews,GITHUB_comments_daily,2024-09-28,3.0
Runtime Verification,GITHUB_releases_daily,2024-09-28,1.0
Runtime Verification,GITHUB_stars_daily,2024-09-28,1.0
Trail of Bits Security Reviews,GITHUB_commits_daily,2024-09-28,2.0
Trail of Bits Security Reviews,GITHUB_repositories_daily,2024-09-28,11.0
Passport XYZ,GITHUB_repositories_daily,2024-09-28,1.0
Walnut,GITHUB_repositories_daily,2024-09-28,1.0
thirdweb,GITHUB_repositories_daily,2024-09-28,4.0
Trail of Bits Security Reviews,GITHUB_contributors_daily,2024-09-28,3.0
thirdweb,GITHUB_contributors_daily,2024-09-28,7.0
Open Source Observer,GITHUB_contributors_daily,2024-09-28,4.0
Runtime Verification,GITHUB_active_developers_daily,2024-09-28,1.0
Open Source Observer,GITHUB_active_developers_daily,2024-09-28,2.0
thirdweb,GITHUB_merged_pull_requests_daily,2024-09-28,8.0
Open Source Observer,GITHUB_opened_issues_daily,2024-09-28,8.0
Trail of Bits Security Reviews,GITHUB_comments_daily,2024-05-28,3.0
Passport XYZ,GITHUB_comments_daily,2024-05-28,2.0
Syndicate Protocol,GITHUB_commits_daily,2024-05-28,1.0
Walnut,GITHUB_commits_daily,2024-05-28,2.0
thirdweb,GITHUB_commits_daily,2024-05-28,23.0
Redstone Finance,GITHUB_commits_daily,2024-05-28,4.0
thirdweb,GITHUB_releases_daily,2024-05-28,20.0
Redstone Finance,GITHUB_repositories_daily,2024-05-28,2.0
Pyth Network,GITHUB_repositories_daily,2024-05-28,4.0
Syndicate Protocol,GITHUB_contributors_daily,2024-05-28,1.0
Redstone Finance,GITHUB_contributors_daily,2024-05-28,2.0
Runtime Verification,GITHUB_contributors_daily,2024-05-28,14.0
Syndicate Protocol,GITHUB_opened_pull_requests_daily,2024-05-28,1.0
Open Source Observer,GITHUB_opened_pull_requests_daily,2024-05-28,7.0
thirdweb,GITHUB_merged_pull_requests_daily,2024-05-28,21.0
thirdweb,GITHUB_opened_issues_daily,2024-05-28,2.0
thirdweb,GITHUB_closed_issues_daily,2024-05-28,1.0
Redstone Finance,GITHUB_forks_weekly,2024-10-07,1.0
Pyth Network,GITHUB_forks_weekly,2024-10-07,5.0
Open Source Observer,GITHUB_forks_weekly,2024-10-07,3.0
Pyth Network,GITHUB_comments_daily,2024-10-07,26.0
thirdweb,GITHUB_comments_daily,2024-10-07,128.0
Runtime Verification,GITHUB_stars_daily,2024-10-07,1.0
Pyth Network,GITHUB_stars_daily,2024-10-07,1.0
Runtime Verification,GITHUB_commits_daily,2024-10-07,16.0
Enclave,GITHUB_commits_daily,2024-10-07,1.0
Enclave,GITHUB_stars_weekly,2024-10-07,2.0
Sylow,GITHUB_stars_weekly,2024-10-07,1.0
Passport XYZ,GITHUB_stars_weekly,2024-10-07,14.0
Runtime Verification,GITHUB_stars_weekly,2024-10-07,4.0
Debid - Fairblock,GITHUB_releases_weekly,2024-10-07,4.0
Passport XYZ,GITHUB_releases_weekly,2024-10-07,2.0
Trail of Bits Security Reviews,GITHUB_releases_weekly,2024-10-07,4.0
Enclave,GITHUB_commits_weekly,2024-10-07,3.0
Debid - Fairblock,GITHUB_commits_weekly,2024-10-07,22.0
Open Source Observer,GITHUB_commits_weekly,2024-10-07,45.0
Walnut,GITHUB_commits_weekly,2024-10-07,3.0
Runtime Verification,GITHUB_comments_weekly,2024-10-07,32.0
Remix IDE plugin for Arbitrum Stylus,GITHUB_comments_weekly,2024-10-07,1.0
Runtime Verification,GITHUB_forks_daily,2024-10-07,3.0
Debid - Fairblock,GITHUB_repositories_daily,2024-10-07,1.0
Redstone Finance,GITHUB_repositories_daily,2024-10-07,3.0
Open Source Observer,GITHUB_repositories_weekly,2024-10-07,5.0
Sylow,GITHUB_repositories_weekly,2024-10-07,1.0
Runtime Verification,GITHUB_repositories_weekly,2024-10-07,18.0
Runtime Verification,GITHUB_contributors_daily,2024-10-07,6.0
Debid - Fairblock,GITHUB_contributors_daily,2024-10-07,1.0
Debid - Fairblock,GITHUB_contributors_weekly,2024-10-07,2.0
Arbos Foundry,GITHUB_contributors_weekly,2024-10-07,1.0
thirdweb,GITHUB_contributors_weekly,2024-10-07,15.0
Redstone Finance,GITHUB_contributors_weekly,2024-10-07,7.0
Debid - Fairblock,GITHUB_active_developers_daily,2024-10-07,1.0
Trail of Bits Security Reviews,GITHUB_active_developers_daily,2024-10-07,5.0
thirdweb,GITHUB_active_developers_weekly,2024-10-07,7.0
Enclave,GITHUB_active_developers_weekly,2024-10-07,1.0
Runtime Verification,GITHUB_active_developers_weekly,2024-10-07,7.0
Walnut,GITHUB_active_developers_weekly,2024-10-07,1.0
Runtime Verification,GITHUB_opened_pull_requests_weekly,2024-10-07,33.0
Open Source Observer,GITHUB_opened_pull_requests_weekly,2024-10-07,25.0
Redstone Finance,GITHUB_opened_pull_requests_weekly,2024-10-07,8.0
Open Source Observer,GITHUB_opened_pull_requests_daily,2024-10-07,4.0
Enclave,GITHUB_opened_pull_requests_daily,2024-10-07,1.0
thirdweb,GITHUB_merged_pull_requests_weekly,2024-10-07,89.0
Enclave,GITHUB_merged_pull_requests_weekly,2024-10-07,3.0
Open Source Observer,GITHUB_merged_pull_requests_weekly,2024-10-07,23.0
Trail of Bits Security Reviews,GITHUB_merged_pull_requests_weekly,2024-10-07,35.0
Walnut,GITHUB_merged_pull_requests_weekly,2024-10-07,1.0
Redstone Finance,GITHUB_merged_pull_requests_weekly,2024-10-07,11.0
Open Source Observer,GITHUB_merged_pull_requests_daily,2024-10-07,4.0
Redstone Finance,GITHUB_merged_pull_requests_daily,2024-10-07,1.0
Solang,GITHUB_opened_issues_weekly,2024-10-07,1.0
Trail of Bits Security Reviews,GITHUB_closed_issues_weekly,2024-10-07,1.0
thirdweb,GITHUB_comments_daily,2024-05-02,33.0
Syndicate Protocol,GITHUB_commits_daily,2024-05-02,1.0
Runtime Verification,GITHUB_commits_daily,2024-05-02,37.0
Trail of Bits Security Reviews,GITHUB_commits_daily,2024-05-02,8.0
Trail of Bits Security Reviews,GITHUB_releases_daily,2024-05-02,2.0
Trail of Bits Security Reviews,GITHUB_stars_daily,2024-05-02,10.0
Redstone Finance,GITHUB_active_developers_daily,2024-05-02,1.0
Pyth Network,GITHUB_active_developers_daily,2024-05-02,4.0
Open Source Observer,GITHUB_active_developers_daily,2024-05-02,3.0
Syndicate Protocol,GITHUB_contributors_daily,2024-05-02,1.0
thirdweb,GITHUB_contributors_daily,2024-05-02,6.0
Pyth Network,GITHUB_contributors_daily,2024-05-02,10.0
Trail of Bits Security Reviews,GITHUB_contributors_daily,2024-05-02,8.0
Pyth Network,GITHUB_forks_daily,2024-05-02,1.0
Walnut,GITHUB_repositories_daily,2024-05-02,1.0
Open Source Observer,GITHUB_opened_pull_requests_daily,2024-05-02,9.0
Pyth Network,GITHUB_closed_issues_daily,2024-05-02,1.0
Open Source Observer,GITHUB_active_contributors_quarterly,2024-08-01,16.0
Walnut,GITHUB_active_contributors_quarterly,2024-08-01,20.0
Runtime Verification,GITHUB_active_contributors_quarterly,2024-08-01,33.0
Passport XYZ,GITHUB_active_contributors_quarterly,2024-08-01,11.0
Remix IDE plugin for Arbitrum Stylus,GITHUB_new_contributors_quarterly,2024-08-01,1.0
Debid - Fairblock,GITHUB_part_time_contributors_quarterly,2024-08-01,15.0
Redstone Finance,GITHUB_part_time_contributors_quarterly,2024-08-01,11.0
Pyth Network,GITHUB_new_contributors_quarterly,2024-08-01,16.0
Passport XYZ,GITHUB_part_time_contributors_quarterly,2024-08-01,11.0
thirdweb,GITHUB_releases_quarterly,2024-08-01,40.0
Remix IDE plugin for Arbitrum Stylus,GITHUB_releases_quarterly,2024-08-01,1.0
Passport XYZ,GITHUB_commits_biannually,2024-08-01,120.0
Redstone Finance,GITHUB_commits_biannually,2024-08-01,144.0
Walnut,GITHUB_commits_biannually,2024-08-01,120.0
Walnut,GITHUB_active_developers_biannually,2024-08-01,3.0
thirdweb,GITHUB_active_developers_biannually,2024-08-01,11.0
Remix IDE plugin for Arbitrum Stylus,GITHUB_active_developers_biannually,2024-08-01,2.0
Passport XYZ,GITHUB_active_developers_biannually,2024-08-01,6.0
Arbos Foundry,GITHUB_repositories_quarterly,2024-08-01,3.0
Pyth Network,GITHUB_repositories_quarterly,2024-08-01,14.0
Runtime Verification,GITHUB_repositories_quarterly,2024-08-01,31.0
Open Source Observer,GITHUB_active_developers_quarterly,2024-08-01,12.0
Remix IDE plugin for Arbitrum Stylus,GITHUB_active_developers_quarterly,2024-08-01,2.0
Enclave,GITHUB_active_developers_quarterly,2024-08-01,2.0
thirdweb,GITHUB_forks_monthly,2024-08-01,61.0
Redstone Finance,GITHUB_forks_monthly,2024-08-01,4.0
Passport XYZ,GITHUB_stars_biannually,2024-08-01,14.0
Runtime Verification,GITHUB_stars_biannually,2024-08-01,42.0
Open Source Observer,GITHUB_stars_biannually,2024-08-01,22.0
Open Source Observer,GITHUB_part_time_developers_quarterly,2024-08-01,12.0
Enclave,GITHUB_part_time_developers_quarterly,2024-08-01,2.0
Redstone Finance,GITHUB_part_time_developers_quarterly,2024-08-01,7.0
Runtime Verification,GITHUB_comments_daily,2024-08-01,22.0
Pyth Network,GITHUB_comments_daily,2024-08-01,18.0
Passport XYZ,GITHUB_comments_daily,2024-08-01,6.0
thirdweb,GITHUB_comments_daily,2024-08-01,117.0
Trail of Bits Security Reviews,GITHUB_comments_daily,2024-08-01,18.0
Passport XYZ,GITHUB_commits_daily,2024-08-01,8.0
Pyth Network,GITHUB_commits_monthly,2024-08-01,146.0
Arbos Foundry,GITHUB_commits_monthly,2024-08-01,80.0
Passport XYZ,GITHUB_comments_monthly,2024-08-01,156.0
Runtime Verification,GITHUB_comments_monthly,2024-08-01,656.0
Enclave,GITHUB_comments_monthly,2024-08-01,28.0
Pyth Network,GITHUB_comments_monthly,2024-08-01,585.0
Redstone Finance,GITHUB_stars_monthly,2024-08-01,19.0
Pyth Network,GITHUB_stars_monthly,2024-08-01,21.0
Trail of Bits Security Reviews,GITHUB_stars_monthly,2024-08-01,710.0
Trail of Bits Security Reviews,GITHUB_stars_daily,2024-08-01,54.0
thirdweb,GITHUB_stars_daily,2024-08-01,4.0
Open Source Observer,GITHUB_stars_daily,2024-08-01,2.0
thirdweb,GITHUB_releases_daily,2024-08-01,6.0
Debid - Fairblock,GITHUB_releases_monthly,2024-08-01,20.0
thirdweb,GITHUB_releases_monthly,2024-08-01,40.0
Open Source Observer,GITHUB_commits_quarterly,2024-08-01,96.0
Pyth Network,GITHUB_commits_quarterly,2024-08-01,146.0
Walnut,GITHUB_commits_quarterly,2024-08-01,120.0
Redstone Finance,GITHUB_commits_quarterly,2024-08-01,144.0
Walnut,GITHUB_forks_biannually,2024-08-01,4.0
thirdweb,GITHUB_forks_quarterly,2024-08-01,61.0
thirdweb,GITHUB_forks_daily,2024-08-01,3.0
Open Source Observer,GITHUB_repositories_daily,2024-08-01,2.0
Pyth Network,GITHUB_repositories_daily,2024-08-01,5.0
Debid - Fairblock,GITHUB_repositories_daily,2024-08-01,1.0
Redstone Finance,GITHUB_repositories_daily,2024-08-01,2.0
Walnut,GITHUB_repositories_monthly,2024-08-01,5.0
Walnut,GITHUB_repositories_biannually,2024-08-01,5.0
Runtime Verification,GITHUB_repositories_biannually,2024-08-01,31.0
Enclave,GITHUB_repositories_monthly,2024-08-01,1.0
Pyth Network,GITHUB_repositories_monthly,2024-08-01,14.0
Enclave,GITHUB_repositories_biannually,2024-08-01,1.0
Pyth Network,GITHUB_repositories_biannually,2024-08-01,14.0
Passport XYZ,GITHUB_repositories_biannually,2024-08-01,7.0
Enclave,GITHUB_contributors_monthly,2024-08-01,4.0
Redstone Finance,GITHUB_contributors_daily,2024-08-01,2.0
Open Source Observer,GITHUB_contributors_daily,2024-08-01,1.0
Trail of Bits Security Reviews,GITHUB_contributors_daily,2024-08-01,9.0
Walnut,GITHUB_contributors_daily,2024-08-01,1.0
Redstone Finance,GITHUB_contributors_monthly,2024-08-01,11.0
Runtime Verification,GITHUB_contributors_quarterly,2024-08-01,33.0
Debid - Fairblock,GITHUB_contributors_quarterly,2024-08-01,15.0
Debid - Fairblock,GITHUB_contributors_biannually,2024-08-01,15.0
Remix IDE plugin for Arbitrum Stylus,GITHUB_contributors_biannually,2024-08-01,2.0
Trail of Bits Security Reviews,GITHUB_contributors_biannually,2024-08-01,49.0
Pyth Network,GITHUB_contributors_biannually,2024-08-01,25.0
Enclave,GITHUB_contributors_biannually,2024-08-01,4.0
Redstone Finance,GITHUB_contributors_biannually,2024-08-01,11.0
Trail of Bits Security Reviews,GITHUB_contributors_quarterly,2024-08-01,49.0
Redstone Finance,GITHUB_active_developers_daily,2024-08-01,1.0
Passport XYZ,GITHUB_active_developers_daily,2024-08-01,2.0
Debid - Fairblock,GITHUB_active_developers_daily,2024-08-01,1.0
Arbos Foundry,GITHUB_part_time_developers_monthly,2024-08-01,1.0
Pyth Network,GITHUB_active_developers_monthly,2024-08-01,15.0
Open Source Observer,GITHUB_full_time_developers_monthly,2024-08-01,2.0
Enclave,GITHUB_active_developers_monthly,2024-08-01,2.0
Enclave,GITHUB_part_time_developers_monthly,2024-08-01,2.0
Remix IDE plugin for Arbitrum Stylus,GITHUB_part_time_developers_monthly,2024-08-01,2.0
Remix IDE plugin for Arbitrum Stylus,GITHUB_part_time_developers_biannually,2024-08-01,2.0
Pyth Network,GITHUB_part_time_developers_biannually,2024-08-01,15.0
Trail of Bits Security Reviews,GITHUB_part_time_developers_biannually,2024-08-01,16.0
Remix IDE plugin for Arbitrum Stylus,GITHUB_part_time_contributors_monthly,2024-08-01,2.0
Remix IDE plugin for Arbitrum Stylus,GITHUB_active_contributors_monthly,2024-08-01,2.0
Runtime Verification,GITHUB_full_time_contributors_monthly,2024-08-01,6.0
Trail of Bits Security Reviews,GITHUB_active_contributors_biannually,2024-08-01,49.0
Open Source Observer,GITHUB_active_contributors_biannually,2024-08-01,16.0
Remix IDE plugin for Arbitrum Stylus,GITHUB_new_contributors_monthly,2024-08-01,1.0
Pyth Network,GITHUB_full_time_contributors_monthly,2024-08-01,5.0
thirdweb,GITHUB_new_contributors_monthly,2024-08-01,36.0
Trail of Bits Security Reviews,GITHUB_new_contributors_biannually,2024-08-01,21.0
Runtime Verification,GITHUB_part_time_contributors_biannually,2024-08-01,33.0
Runtime Verification,GITHUB_active_contributors_biannually,2024-08-01,33.0
Passport XYZ,GITHUB_active_contributors_biannually,2024-08-01,11.0
Open Source Observer,GITHUB_new_contributors_biannually,2024-08-01,13.0
Enclave,GITHUB_active_contributors_biannually,2024-08-01,4.0
Enclave,GITHUB_part_time_contributors_biannually,2024-08-01,4.0
Remix IDE plugin for Arbitrum Stylus,GITHUB_new_contributors_biannually,2024-08-01,1.0
Open Source Observer,GITHUB_new_contributors_monthly,2024-08-01,13.0
Open Source Observer,GITHUB_change_in_active_developers_monthly,2024-08-01,-1.0
Debid - Fairblock,GITHUB_change_in_active_developers_monthly,2024-08-01,3.0
Passport XYZ,GITHUB_change_in_active_developers_monthly,2024-08-01,-5.0
Redstone Finance,GITHUB_change_in_part_time_contributors_monthly,2024-08-01,-2.0
Debid - Fairblock,GITHUB_change_in_part_time_contributors_monthly,2024-08-01,3.0
Remix IDE plugin for Arbitrum Stylus,GITHUB_change_in_active_developers_biannually,2024-08-01,0.0
Redstone Finance,GITHUB_change_in_active_developers_quarterly,2024-08-01,-2.0
Debid - Fairblock,GITHUB_change_in_active_developers_quarterly,2024-08-01,3.0
Arbos Foundry,GITHUB_change_in_part_time_contributors_quarterly,2024-08-01,-1.0
Redstone Finance,GITHUB_change_in_part_time_contributors_quarterly,2024-08-01,-2.0
Open Source Observer,GITHUB_change_in_part_time_contributors_quarterly,2024-08-01,-1.0
Enclave,GITHUB_change_in_active_developers_quarterly,2024-08-01,-3.0
Walnut,GITHUB_change_in_active_developers_quarterly,2024-08-01,-9.0
thirdweb,GITHUB_change_in_part_time_contributors_biannually,2024-08-01,-11.0
Trail of Bits Security Reviews,GITHUB_change_in_part_time_contributors_biannually,2024-08-01,0.0
Enclave,GITHUB_change_in_active_developers_biannually,2024-08-01,-3.0
Open Source Observer,GITHUB_change_in_active_developers_quarterly,2024-08-01,-1.0
Pyth Network,GITHUB_change_in_active_developers_biannually,2024-08-01,8.0
Passport XYZ,GITHUB_change_in_active_developers_biannually,2024-08-01,-5.0
Passport XYZ,GITHUB_change_in_part_time_contributors_quarterly,2024-08-01,-5.0
Arbos Foundry,GITHUB_opened_pull_requests_monthly,2024-08-01,1.0
Runtime Verification,GITHUB_opened_pull_requests_monthly,2024-08-01,253.0
Debid - Fairblock,GITHUB_opened_pull_requests_monthly,2024-08-01,7.0
Remix IDE plugin for Arbitrum Stylus,GITHUB_opened_pull_requests_monthly,2024-08-01,1.0
Pyth Network,GITHUB_opened_pull_requests_quarterly,2024-08-01,153.0
thirdweb,GITHUB_opened_pull_requests_quarterly,2024-08-01,477.0
Passport XYZ,GITHUB_opened_pull_requests_biannually,2024-08-01,102.0
thirdweb,GITHUB_opened_pull_requests_biannually,2024-08-01,477.0
Arbos Foundry,GITHUB_opened_pull_requests_biannually,2024-08-01,1.0
Pyth Network,GITHUB_opened_pull_requests_daily,2024-08-01,4.0
Debid - Fairblock,GITHUB_opened_pull_requests_daily,2024-08-01,2.0
Runtime Verification,GITHUB_opened_pull_requests_daily,2024-08-01,11.0
Redstone Finance,GITHUB_opened_pull_requests_daily,2024-08-01,1.0
Trail of Bits Security Reviews,GITHUB_opened_pull_requests_daily,2024-08-01,7.0
Redstone Finance,GITHUB_merged_pull_requests_monthly,2024-08-01,12.0
Enclave,GITHUB_merged_pull_requests_monthly,2024-08-01,21.0
Debid - Fairblock,GITHUB_merged_pull_requests_quarterly,2024-08-01,18.0
Trail of Bits Security Reviews,GITHUB_merged_pull_requests_quarterly,2024-08-01,202.0
Walnut,GITHUB_merged_pull_requests_biannually,2024-08-01,34.0
Remix IDE plugin for Arbitrum Stylus,GITHUB_merged_pull_requests_biannually,2024-08-01,1.0
Runtime Verification,GITHUB_merged_pull_requests_monthly,2024-08-01,222.0
thirdweb,GITHUB_merged_pull_requests_biannually,2024-08-01,392.0
Passport XYZ,GITHUB_merged_pull_requests_biannually,2024-08-01,88.0
Trail of Bits Security Reviews,GITHUB_merged_pull_requests_daily,2024-08-01,9.0
Passport XYZ,GITHUB_merged_pull_requests_daily,2024-08-01,6.0
Enclave,GITHUB_opened_issues_monthly,2024-08-01,7.0
Passport XYZ,GITHUB_opened_issues_monthly,2024-08-01,42.0
Pyth Network,GITHUB_opened_issues_quarterly,2024-08-01,3.0
Open Source Observer,GITHUB_opened_issues_quarterly,2024-08-01,65.0
Enclave,GITHUB_opened_issues_biannually,2024-08-01,7.0
Trail of Bits Security Reviews,GITHUB_opened_issues_biannually,2024-08-01,21.0
thirdweb,GITHUB_opened_issues_biannually,2024-08-01,21.0
Walnut,GITHUB_closed_issues_monthly,2024-08-01,16.0
Trail of Bits Security Reviews,GITHUB_closed_issues_daily,2024-08-01,1.0
Passport XYZ,GITHUB_closed_issues_biannually,2024-08-01,76.0
Trail of Bits Security Reviews,GITHUB_closed_issues_biannually,2024-08-01,11.0
Walnut,GITHUB_closed_issues_biannually,2024-08-01,16.0
Trail of Bits Security Reviews,GITHUB_closed_issues_quarterly,2024-08-01,11.0
thirdweb,GITHUB_closed_issues_biannually,2024-08-01,19.0
thirdweb,GITHUB_closed_issues_quarterly,2024-08-01,19.0
Pyth Network,GITHUB_closed_issues_quarterly,2024-08-01,3.0
Open Source Observer,GITHUB_closed_issues_quarterly,2024-08-01,52.0
Enclave,GITHUB_closed_issues_quarterly,2024-08-01,2.0
Runtime Verification,GITHUB_avg_prs_time_to_merge_quarterly,2024-08-01,0.0
Passport XYZ,GITHUB_avg_prs_time_to_merge_quarterly,2024-08-01,0.0
Enclave,GITHUB_avg_prs_time_to_merge_quarterly,2024-08-01,0.0
Walnut,GITHUB_avg_time_to_first_response_quarterly,2024-08-01,170497.93333333332
Solang,GITHUB_avg_prs_time_to_merge_biannually,2024-08-01,0.0
Passport XYZ,GITHUB_avg_prs_time_to_merge_biannually,2024-08-01,0.0
Runtime Verification,GITHUB_avg_prs_time_to_merge_biannually,2024-08-01,0.0
Open Source Observer,GITHUB_avg_prs_time_to_merge_biannually,2024-08-01,0.0
Passport XYZ,GITHUB_avg_time_to_first_response_biannually,2024-08-01,818068.1521739131
Debid - Fairblock,GITHUB_change_in_new_contributors_monthly,2024-08-01,2.0
Runtime Verification,GITHUB_churned_contributors_monthly,2024-08-01,-1.0
Runtime Verification,GITHUB_change_in_new_contributors_monthly,2024-08-01,2.0
Open Source Observer,GITHUB_change_in_new_contributors_monthly,2024-08-01,-3.0
Pyth Network,GITHUB_churned_contributors_monthly,2024-08-01,-8.0
Arbos Foundry,GITHUB_churned_contributors_monthly,2024-08-01,-1.0
Passport XYZ,GITHUB_change_in_active_contributors_quarterly,2024-08-01,-5.0
Enclave,GITHUB_churned_contributors_monthly,2024-08-01,-7.0
Enclave,GITHUB_change_in_new_contributors_monthly,2024-08-01,-3.0
Enclave,GITHUB_change_in_active_contributors_monthly,2024-08-01,-3.0
Trail of Bits Security Reviews,GITHUB_change_in_new_contributors_monthly,2024-08-01,0.0
Debid - Fairblock,GITHUB_change_in_active_contributors_quarterly,2024-08-01,3.0
Debid - Fairblock,GITHUB_change_in_new_contributors_quarterly,2024-08-01,2.0
thirdweb,GITHUB_change_in_new_contributors_quarterly,2024-08-01,-14.0
thirdweb,GITHUB_churned_contributors_quarterly,2024-08-01,-47.0
Runtime Verification,GITHUB_churned_contributors_quarterly,2024-08-01,-1.0
Enclave,GITHUB_change_in_active_contributors_quarterly,2024-08-01,-3.0
Redstone Finance,GITHUB_change_in_active_contributors_quarterly,2024-08-01,-2.0
Redstone Finance,GITHUB_change_in_full_time_contributors_quarterly,2024-08-01,0.0
Trail of Bits Security Reviews,GITHUB_churned_contributors_quarterly,2024-08-01,-21.0
Walnut,GITHUB_change_in_full_time_contributors_quarterly,2024-08-01,0.0
Walnut,GITHUB_change_in_new_contributors_quarterly,2024-08-01,-9.0
Trail of Bits Security Reviews,GITHUB_change_in_full_time_contributors_quarterly,2024-08-01,0.0
Trail of Bits Security Reviews,GITHUB_churned_contributors_biannually,2024-08-01,-21.0
Redstone Finance,GITHUB_change_in_new_contributors_biannually,2024-08-01,-2.0
Redstone Finance,GITHUB_churned_contributors_biannually,2024-08-01,-8.0
Walnut,GITHUB_change_in_new_contributors_biannually,2024-08-01,-9.0
Walnut,GITHUB_change_in_active_contributors_biannually,2024-08-01,-9.0
Redstone Finance,GITHUB_change_in_full_time_contributors_biannually,2024-08-01,0.0
Remix IDE plugin for Arbitrum Stylus,GITHUB_change_in_active_contributors_quarterly,2024-08-01,0.0
Remix IDE plugin for Arbitrum Stylus,GITHUB_churned_contributors_quarterly,2024-08-01,-1.0
Remix IDE plugin for Arbitrum Stylus,GITHUB_change_in_full_time_contributors_quarterly,2024-08-01,0.0
Debid - Fairblock,GITHUB_change_in_active_contributors_biannually,2024-08-01,3.0
Debid - Fairblock,GITHUB_change_in_full_time_contributors_biannually,2024-08-01,0.0
thirdweb,GITHUB_change_in_active_contributors_biannually,2024-08-01,-11.0
Pyth Network,GITHUB_change_in_active_contributors_biannually,2024-08-01,8.0
Passport XYZ,GITHUB_change_in_new_contributors_biannually,2024-08-01,-5.0
Passport XYZ,GITHUB_churned_contributors_biannually,2024-08-01,-16.0
Enclave,GITHUB_change_in_full_time_contributors_biannually,2024-08-01,0.0
Arbos Foundry,GITHUB_change_in_full_time_contributors_biannually,2024-08-01,0.0
Debid - Fairblock,GITHUB_churned_contributors_biannually,2024-08-01,-10.0
Pyth Network,GITHUB_stars_daily,2024-07-14,1.0
thirdweb,GITHUB_forks_daily,2024-07-14,1.0
thirdweb,GITHUB_repositories_daily,2024-07-14,3.0
thirdweb,GITHUB_active_developers_daily,2024-07-14,2.0
Open Source Observer,GITHUB_active_developers_daily,2024-07-14,2.0
Trail of Bits Security Reviews,GITHUB_active_developers_daily,2024-07-14,1.0
Open Source Observer,GITHUB_opened_pull_requests_daily,2024-07-14,2.0
Pyth Network,GITHUB_opened_pull_requests_daily,2024-07-14,1.0
Trail of Bits Security Reviews,GITHUB_merged_pull_requests_daily,2024-07-14,1.0
thirdweb,GITHUB_opened_issues_daily,2024-07-14,1.0
Runtime Verification,GITHUB_comments_daily,2024-06-21,45.0
Passport XYZ,GITHUB_comments_daily,2024-06-21,2.0
Walnut,GITHUB_comments_daily,2024-06-21,23.0
Walnut,GITHUB_stars_daily,2024-06-21,2.0
Runtime Verification,GITHUB_stars_daily,2024-06-21,2.0
Pyth Network,GITHUB_stars_daily,2024-06-21,2.0
Pyth Network,GITHUB_forks_daily,2024-06-21,2.0
Runtime Verification,GITHUB_repositories_daily,2024-06-21,13.0
Walnut,GITHUB_repositories_daily,2024-06-21,2.0
Pyth Network,GITHUB_repositories_daily,2024-06-21,4.0
Pyth Network,GITHUB_contributors_daily,2024-06-21,5.0
Open Source Observer,GITHUB_contributors_daily,2024-06-21,3.0
Trail of Bits Security Reviews,GITHUB_active_developers_daily,2024-06-21,3.0
Pyth Network,GITHUB_merged_pull_requests_daily,2024-06-21,3.0
Walnut,GITHUB_opened_issues_daily,2024-06-21,3.0
Walnut,GITHUB_closed_issues_daily,2024-06-21,1.0
Runtime Verification,GITHUB_comments_daily,2024-02-14,44.0
Trail of Bits Security Reviews,GITHUB_comments_daily,2024-02-14,6.0
Runtime Verification,GITHUB_stars_daily,2024-02-14,1.0
thirdweb,GITHUB_forks_daily,2024-02-14,31.0
Syndicate Protocol,GITHUB_repositories_daily,2024-02-14,1.0
Runtime Verification,GITHUB_repositories_daily,2024-02-14,11.0
Runtime Verification,GITHUB_contributors_daily,2024-02-14,14.0
thirdweb,GITHUB_contributors_daily,2024-02-14,10.0
Walnut,GITHUB_contributors_daily,2024-02-14,2.0
thirdweb,GITHUB_active_developers_daily,2024-02-14,7.0
Syndicate Protocol,GITHUB_active_developers_daily,2024-02-14,1.0
Runtime Verification,GITHUB_merged_pull_requests_daily,2024-02-14,12.0
Runtime Verification,GITHUB_opened_issues_daily,2024-02-14,4.0
Open Source Observer,GITHUB_closed_issues_daily,2024-02-14,1.0
Walnut,GITHUB_closed_issues_daily,2024-02-14,1.0
Runtime Verification,GITHUB_comments_daily,2024-08-24,1.0
Debid - Fairblock,GITHUB_stars_daily,2024-08-24,1.0
Open Source Observer,GITHUB_commits_daily,2024-08-24,1.0
Trail of Bits Security Reviews,GITHUB_forks_daily,2024-08-24,1.0
Open Source Observer,GITHUB_repositories_daily,2024-08-24,2.0
Open Source Observer,GITHUB_opened_pull_requests_daily,2024-08-24,2.0
thirdweb,GITHUB_opened_issues_daily,2024-08-24,1.0
Runtime Verification,GITHUB_stars_daily,2024-11-07,5.0
Trail of Bits Security Reviews,GITHUB_stars_daily,2024-11-07,22.0
Trail of Bits Security Reviews,GITHUB_commits_daily,2024-11-07,7.0
thirdweb,GITHUB_releases_daily,2024-11-07,1.0
Trail of Bits Security Reviews,GITHUB_releases_daily,2024-11-07,1.0
Trail of Bits Security Reviews,GITHUB_repositories_daily,2024-11-07,13.0
thirdweb,GITHUB_repositories_daily,2024-11-07,3.0
Pyth Network,GITHUB_repositories_daily,2024-11-07,3.0
Passport XYZ,GITHUB_repositories_daily,2024-11-07,3.0
Redstone Finance,GITHUB_contributors_daily,2024-11-07,2.0
thirdweb,GITHUB_active_developers_daily,2024-11-07,4.0
thirdweb,GITHUB_opened_pull_requests_daily,2024-11-07,15.0
thirdweb,GITHUB_merged_pull_requests_daily,2024-11-07,15.0
Trail of Bits Security Reviews,GITHUB_merged_pull_requests_daily,2024-11-07,4.0
Redstone Finance,GITHUB_merged_pull_requests_daily,2024-11-07,1.0
Passport XYZ,GITHUB_merged_pull_requests_daily,2024-11-07,2.0
Runtime Verification,GITHUB_merged_pull_requests_daily,2024-11-07,2.0
Passport XYZ,GITHUB_opened_issues_daily,2024-11-07,4.0
Runtime Verification,GITHUB_comments_daily,2024-12-10,21.0
Pyth Network,GITHUB_comments_daily,2024-12-10,20.0
thirdweb,GITHUB_comments_daily,2024-12-10,141.0
Runtime Verification,GITHUB_stars_daily,2024-12-10,2.0
Redstone Finance,GITHUB_commits_daily,2024-12-10,5.0
Runtime Verification,GITHUB_commits_daily,2024-12-10,9.0
thirdweb,GITHUB_commits_daily,2024-12-10,21.0
Open Source Observer,GITHUB_commits_daily,2024-12-10,6.0
thirdweb,GITHUB_forks_daily,2024-12-10,1.0
Redstone Finance,GITHUB_repositories_daily,2024-12-10,1.0
Open Source Observer,GITHUB_contributors_daily,2024-12-10,4.0
thirdweb,GITHUB_active_developers_daily,2024-12-10,5.0
Redstone Finance,GITHUB_active_developers_daily,2024-12-10,1.0
Passport XYZ,GITHUB_opened_pull_requests_daily,2024-12-10,2.0
Enclave,GITHUB_opened_pull_requests_daily,2024-12-10,1.0
thirdweb,GITHUB_opened_pull_requests_daily,2024-12-10,21.0
Enclave,GITHUB_merged_pull_requests_daily,2024-12-10,3.0
thirdweb,GITHUB_merged_pull_requests_daily,2024-12-10,20.0
Runtime Verification,GITHUB_opened_issues_daily,2024-12-10,2.0
Runtime Verification,GITHUB_closed_issues_daily,2024-12-10,1.0
Passport XYZ,GITHUB_closed_issues_daily,2024-12-10,4.0
Open Source Observer,GITHUB_comments_daily,2024-12-14,21.0
Walnut,GITHUB_commits_daily,2024-12-14,2.0
Runtime Verification,GITHUB_stars_daily,2024-12-14,1.0
Trail of Bits Security Reviews,GITHUB_releases_daily,2024-12-14,1.0
Passport XYZ,GITHUB_forks_daily,2024-12-14,2.0
Walnut,GITHUB_repositories_daily,2024-12-14,1.0
Pyth Network,GITHUB_repositories_daily,2024-12-14,4.0
thirdweb,GITHUB_repositories_daily,2024-12-14,2.0
Trail of Bits Security Reviews,GITHUB_contributors_daily,2024-12-14,2.0
Runtime Verification,GITHUB_active_developers_daily,2024-12-14,1.0
Redstone Finance,GITHUB_active_developers_daily,2024-12-14,1.0
Open Source Observer,GITHUB_active_developers_daily,2024-12-14,5.0
Trail of Bits Security Reviews,GITHUB_closed_issues_daily,2024-12-14,1.0
Walnut,GITHUB_comments_daily,2024-08-04,9.0
Runtime Verification,GITHUB_stars_daily,2024-08-04,1.0
Trail of Bits Security Reviews,GITHUB_commits_daily,2024-08-04,9.0
Pyth Network,GITHUB_commits_daily,2024-08-04,1.0
Trail of Bits Security Reviews,GITHUB_forks_daily,2024-08-04,2.0
Redstone Finance,GITHUB_repositories_daily,2024-08-04,2.0
Walnut,GITHUB_repositories_daily,2024-08-04,1.0
thirdweb,GITHUB_repositories_daily,2024-08-04,2.0
Pyth Network,GITHUB_contributors_daily,2024-08-04,2.0
Open Source Observer,GITHUB_contributors_daily,2024-08-04,1.0
Walnut,GITHUB_contributors_daily,2024-08-04,7.0
Open Source Observer,GITHUB_opened_pull_requests_daily,2024-08-04,1.0
thirdweb,GITHUB_merged_pull_requests_daily,2024-08-04,2.0
Trail of Bits Security Reviews,GITHUB_merged_pull_requests_daily,2024-08-04,9.0
Walnut,GITHUB_closed_issues_daily,2024-08-04,2.0
thirdweb,GITHUB_closed_issues_daily,2024-08-04,1.0
thirdweb,GITHUB_forks_weekly,2024-11-11,14.0
Pyth Network,GITHUB_comments_daily,2024-11-11,21.0
Trail of Bits Security Reviews,GITHUB_comments_daily,2024-11-11,1.0
Passport XYZ,GITHUB_stars_weekly,2024-11-11,14.0
Enclave,GITHUB_stars_weekly,2024-11-11,1.0
Open Source Observer,GITHUB_stars_weekly,2024-11-11,4.0
Sylow,GITHUB_stars_weekly,2024-11-11,1.0
Runtime Verification,GITHUB_stars_daily,2024-11-11,2.0
Pyth Network,GITHUB_releases_weekly,2024-11-11,7.0
Walnut,GITHUB_commits_daily,2024-11-11,11.0
Open Source Observer,GITHUB_commits_daily,2024-11-11,4.0
Open Source Observer,GITHUB_commits_weekly,2024-11-11,20.0
Debid - Fairblock,GITHUB_commits_weekly,2024-11-11,20.0
Trail of Bits Security Reviews,GITHUB_commits_weekly,2024-11-11,55.0
Solang,GITHUB_commits_weekly,2024-11-11,2.0
Debid - Fairblock,GITHUB_comments_weekly,2024-11-11,4.0
Passport XYZ,GITHUB_comments_weekly,2024-11-11,22.0
Passport XYZ,GITHUB_releases_daily,2024-11-11,2.0
Open Source Observer,GITHUB_repositories_weekly,2024-11-11,4.0
Runtime Verification,GITHUB_repositories_weekly,2024-11-11,16.0
Sylow,GITHUB_repositories_weekly,2024-11-11,1.0
Debid - Fairblock,GITHUB_repositories_weekly,2024-11-11,1.0
Redstone Finance,GITHUB_repositories_weekly,2024-11-11,3.0
Trail of Bits Security Reviews,GITHUB_forks_daily,2024-11-11,2.0
Runtime Verification,GITHUB_contributors_weekly,2024-11-11,13.0
Trail of Bits Security Reviews,GITHUB_contributors_weekly,2024-11-11,15.0
Runtime Verification,GITHUB_active_developers_weekly,2024-11-11,5.0
Debid - Fairblock,GITHUB_active_developers_weekly,2024-11-11,1.0
thirdweb,GITHUB_active_developers_weekly,2024-11-11,4.0
Remix IDE plugin for Arbitrum Stylus,GITHUB_active_developers_weekly,2024-11-11,3.0
Open Source Observer,GITHUB_contributors_daily,2024-11-11,1.0
Pyth Network,GITHUB_contributors_daily,2024-11-11,6.0
Passport XYZ,GITHUB_active_developers_daily,2024-11-11,1.0
Pyth Network,GITHUB_active_developers_daily,2024-11-11,5.0
Trail of Bits Security Reviews,GITHUB_opened_pull_requests_weekly,2024-11-11,49.0
Runtime Verification,GITHUB_opened_pull_requests_daily,2024-11-11,4.0
Trail of Bits Security Reviews,GITHUB_opened_pull_requests_daily,2024-11-11,24.0
Walnut,GITHUB_merged_pull_requests_weekly,2024-11-11,4.0
Solang,GITHUB_merged_pull_requests_weekly,2024-11-11,2.0
Redstone Finance,GITHUB_merged_pull_requests_weekly,2024-11-11,4.0
Pyth Network,GITHUB_merged_pull_requests_weekly,2024-11-11,36.0
Debid - Fairblock,GITHUB_merged_pull_requests_weekly,2024-11-11,1.0
Pyth Network,GITHUB_merged_pull_requests_daily,2024-11-11,8.0
thirdweb,GITHUB_merged_pull_requests_daily,2024-11-11,8.0
Debid - Fairblock,GITHUB_opened_issues_weekly,2024-11-11,1.0
Open Source Observer,GITHUB_opened_issues_weekly,2024-11-11,2.0
Passport XYZ,GITHUB_closed_issues_daily,2024-11-11,2.0
Runtime Verification,GITHUB_comments_daily,2024-10-10,2.0
Passport XYZ,GITHUB_comments_daily,2024-10-10,6.0
thirdweb,GITHUB_stars_daily,2024-10-10,1.0
Passport XYZ,GITHUB_stars_daily,2024-10-10,2.0
Solang,GITHUB_stars_daily,2024-10-10,1.0
Pyth Network,GITHUB_stars_daily,2024-10-10,2.0
Trail of Bits Security Reviews,GITHUB_stars_daily,2024-10-10,20.0
thirdweb,GITHUB_commits_daily,2024-10-10,29.0
Runtime Verification,GITHUB_commits_daily,2024-10-10,9.0
Runtime Verification,GITHUB_forks_daily,2024-10-10,1.0
Remix IDE plugin for Arbitrum Stylus,GITHUB_repositories_daily,2024-10-10,1.0
Passport XYZ,GITHUB_repositories_daily,2024-10-10,1.0
Runtime Verification,GITHUB_repositories_daily,2024-10-10,8.0
Trail of Bits Security Reviews,GITHUB_contributors_daily,2024-10-10,3.0
Pyth Network,GITHUB_opened_pull_requests_daily,2024-10-10,12.0
Runtime Verification,GITHUB_merged_pull_requests_daily,2024-10-10,7.0
Trail of Bits Security Reviews,GITHUB_merged_pull_requests_daily,2024-10-10,3.0
Remix IDE plugin for Arbitrum Stylus,GITHUB_merged_pull_requests_daily,2024-10-10,1.0
Open Source Observer,GITHUB_merged_pull_requests_daily,2024-10-10,5.0
Runtime Verification,GITHUB_opened_issues_daily,2024-10-10,1.0
Open Source Observer,GITHUB_closed_issues_daily,2024-10-10,1.0
Passport XYZ,GITHUB_comments_daily,2024-08-23,8.0
Redstone Finance,GITHUB_stars_daily,2024-08-23,4.0
Debid - Fairblock,GITHUB_commits_daily,2024-08-23,20.0
Pyth Network,GITHUB_commits_daily,2024-08-23,5.0
Open Source Observer,GITHUB_commits_daily,2024-08-23,1.0
Runtime Verification,GITHUB_commits_daily,2024-08-23,13.0
thirdweb,GITHUB_releases_daily,2024-08-23,1.0
Runtime Verification,GITHUB_forks_daily,2024-08-23,1.0
Runtime Verification,GITHUB_repositories_daily,2024-08-23,10.0
Passport XYZ,GITHUB_repositories_daily,2024-08-23,1.0
Walnut,GITHUB_repositories_daily,2024-08-23,1.0
Passport XYZ,GITHUB_contributors_daily,2024-08-23,2.0
Passport XYZ,GITHUB_active_developers_daily,2024-08-23,1.0
Pyth Network,GITHUB_opened_pull_requests_daily,2024-08-23,5.0
Trail of Bits Security Reviews,GITHUB_opened_pull_requests_daily,2024-08-23,7.0
Trail of Bits Security Reviews,GITHUB_merged_pull_requests_daily,2024-08-23,6.0
Pyth Network,GITHUB_merged_pull_requests_daily,2024-08-23,4.0
Enclave,GITHUB_merged_pull_requests_daily,2024-08-23,2.0
Pyth Network,GITHUB_opened_issues_daily,2024-08-23,1.0
Enclave,GITHUB_closed_issues_daily,2024-08-23,1.0
Pyth Network,GITHUB_closed_issues_daily,2024-08-23,1.0
Runtime Verification,GITHUB_comments_daily,2024-05-03,20.0
Trail of Bits Security Reviews,GITHUB_comments_daily,2024-05-03,16.0
Runtime Verification,GITHUB_stars_daily,2024-05-03,1.0
Trail of Bits Security Reviews,GITHUB_stars_daily,2024-05-03,19.0
Pyth Network,GITHUB_stars_daily,2024-05-03,6.0
thirdweb,GITHUB_commits_daily,2024-05-03,10.0
Pyth Network,GITHUB_commits_daily,2024-05-03,10.0
Syndicate Protocol,GITHUB_commits_daily,2024-05-03,1.0
Runtime Verification,GITHUB_releases_daily,2024-05-03,2.0
Trail of Bits Security Reviews,GITHUB_releases_daily,2024-05-03,2.0
Pyth Network,GITHUB_releases_daily,2024-05-03,1.0
Walnut,GITHUB_repositories_daily,2024-05-03,1.0
Pyth Network,GITHUB_repositories_daily,2024-05-03,8.0
Debid - Fairblock,GITHUB_repositories_daily,2024-05-03,1.0
Open Source Observer,GITHUB_repositories_daily,2024-05-03,3.0
thirdweb,GITHUB_contributors_daily,2024-05-03,7.0
Trail of Bits Security Reviews,GITHUB_contributors_daily,2024-05-03,9.0
Syndicate Protocol,GITHUB_active_developers_daily,2024-05-03,1.0
thirdweb,GITHUB_active_developers_daily,2024-05-03,4.0
Runtime Verification,GITHUB_active_developers_daily,2024-05-03,4.0
Trail of Bits Security Reviews,GITHUB_opened_issues_daily,2024-05-03,3.0
Runtime Verification,GITHUB_opened_pull_requests_daily,2024-05-03,11.0
Pyth Network,GITHUB_opened_pull_requests_daily,2024-05-03,10.0
Runtime Verification,GITHUB_comments_daily,2024-05-14,37.0
Pyth Network,GITHUB_comments_daily,2024-05-14,31.0
thirdweb,GITHUB_comments_daily,2024-05-14,59.0
thirdweb,GITHUB_stars_daily,2024-05-14,1.0
Walnut,GITHUB_stars_daily,2024-05-14,1.0
Runtime Verification,GITHUB_commits_daily,2024-05-14,14.0
Pyth Network,GITHUB_commits_daily,2024-05-14,11.0
thirdweb,GITHUB_commits_daily,2024-05-14,24.0
Pyth Network,GITHUB_releases_daily,2024-05-14,1.0
Pyth Network,GITHUB_repositories_daily,2024-05-14,4.0
Open Source Observer,GITHUB_contributors_daily,2024-05-14,3.0
Pyth Network,GITHUB_contributors_daily,2024-05-14,7.0
Passport XYZ,GITHUB_active_developers_daily,2024-05-14,1.0
thirdweb,GITHUB_closed_issues_daily,2024-05-14,2.0
Passport XYZ,GITHUB_opened_pull_requests_daily,2024-05-14,2.0
thirdweb,GITHUB_merged_pull_requests_daily,2024-05-14,24.0
Pyth Network,GITHUB_merged_pull_requests_daily,2024-05-14,9.0
thirdweb,GITHUB_opened_issues_daily,2024-05-14,1.0
Open Source Observer,GITHUB_opened_issues_daily,2024-05-14,1.0
Open Source Observer,GITHUB_comments_daily,2024-11-02,2.0
Runtime Verification,GITHUB_stars_daily,2024-11-02,2.0
Trail of Bits Security Reviews,GITHUB_stars_daily,2024-11-02,13.0
Redstone Finance,GITHUB_repositories_daily,2024-11-02,2.0
Redstone Finance,GITHUB_active_developers_daily,2024-11-02,1.0
Passport XYZ,GITHUB_active_developers_daily,2024-11-02,1.0
Passport XYZ,GITHUB_opened_issues_daily,2024-11-02,2.0
Solang,GITHUB_opened_issues_daily,2024-11-02,1.0
Runtime Verification,GITHUB_comments_daily,2024-08-08,23.0
Open Source Observer,GITHUB_comments_daily,2024-08-08,12.0
Trail of Bits Security Reviews,GITHUB_comments_daily,2024-08-08,4.0
Pyth Network,GITHUB_commits_daily,2024-08-08,7.0
Remix IDE plugin for Arbitrum Stylus,GITHUB_commits_daily,2024-08-08,9.0
Passport XYZ,GITHUB_commits_daily,2024-08-08,4.0
Runtime Verification,GITHUB_commits_daily,2024-08-08,38.0
Walnut,GITHUB_repositories_daily,2024-08-08,1.0
Open Source Observer,GITHUB_repositories_daily,2024-08-08,2.0
thirdweb,GITHUB_contributors_daily,2024-08-08,16.0
Runtime Verification,GITHUB_contributors_daily,2024-08-08,14.0
Open Source Observer,GITHUB_active_developers_daily,2024-08-08,3.0
Walnut,GITHUB_opened_pull_requests_daily,2024-08-08,1.0
thirdweb,GITHUB_opened_pull_requests_daily,2024-08-08,25.0
Debid - Fairblock,GITHUB_opened_pull_requests_daily,2024-08-08,1.0
Open Source Observer,GITHUB_opened_pull_requests_daily,2024-08-08,5.0
Passport XYZ,GITHUB_merged_pull_requests_daily,2024-08-08,6.0
Trail of Bits Security Reviews,GITHUB_opened_issues_daily,2024-08-08,2.0
thirdweb,GITHUB_opened_issues_daily,2024-08-08,4.0
Runtime Verification,GITHUB_opened_issues_daily,2024-08-08,6.0
Open Source Observer,GITHUB_closed_issues_daily,2024-08-08,1.0
Open Source Observer,GITHUB_comments_daily,2024-01-17,5.0
Redstone Finance,GITHUB_stars_daily,2024-01-17,1.0
Redstone Finance,GITHUB_commits_daily,2024-01-17,2.0
Trail of Bits Security Reviews,GITHUB_commits_daily,2024-01-17,4.0
Runtime Verification,GITHUB_releases_daily,2024-01-17,3.0
Trail of Bits Security Reviews,GITHUB_forks_daily,2024-01-17,1.0
thirdweb,GITHUB_forks_daily,2024-01-17,3.0
Redstone Finance,GITHUB_repositories_daily,2024-01-17,1.0
Trail of Bits Security Reviews,GITHUB_repositories_daily,2024-01-17,10.0
Remix IDE plugin for Arbitrum Stylus,GITHUB_active_developers_daily,2024-01-17,1.0
Runtime Verification,GITHUB_opened_pull_requests_daily,2024-01-17,14.0
thirdweb,GITHUB_opened_pull_requests_daily,2024-01-17,21.0
Trail of Bits Security Reviews,GITHUB_opened_issues_daily,2024-01-17,1.0
Open Source Observer,GITHUB_closed_issues_daily,2024-01-17,2.0
Walnut,GITHUB_commits_daily,2024-01-04,1.0
Pyth Network,GITHUB_releases_daily,2024-01-04,2.0
Trail of Bits Security Reviews,GITHUB_forks_daily,2024-01-04,2.0
Walnut,GITHUB_repositories_daily,2024-01-04,1.0
Pyth Network,GITHUB_repositories_daily,2024-01-04,4.0
thirdweb,GITHUB_active_developers_daily,2024-01-04,6.0
Debid - Fairblock,GITHUB_active_developers_daily,2024-01-04,1.0
Redstone Finance,GITHUB_opened_pull_requests_daily,2024-01-04,1.0
Trail of Bits Security Reviews,GITHUB_opened_pull_requests_daily,2024-01-04,3.0
thirdweb,GITHUB_opened_pull_requests_daily,2024-01-04,11.0
Pyth Network,GITHUB_opened_pull_requests_daily,2024-01-04,7.0
thirdweb,GITHUB_comments_daily,2024-11-16,14.0
Debid - Fairblock,GITHUB_stars_daily,2024-11-16,1.0
thirdweb,GITHUB_stars_daily,2024-11-16,2.0
Runtime Verification,GITHUB_stars_daily,2024-11-16,1.0
Remix IDE plugin for Arbitrum Stylus,GITHUB_commits_daily,2024-11-16,14.0
Passport XYZ,GITHUB_repositories_daily,2024-11-16,2.0
Runtime Verification,GITHUB_contributors_daily,2024-11-16,2.0
thirdweb,GITHUB_contributors_daily,2024-11-16,2.0
Remix IDE plugin for Arbitrum Stylus,GITHUB_contributors_daily,2024-11-16,2.0
thirdweb,GITHUB_opened_issues_daily,2024-11-16,1.0
Trail of Bits Security Reviews,GITHUB_comments_daily,2025-02-07,6.0
Solang,GITHUB_stars_daily,2025-02-07,3.0
thirdweb,GITHUB_stars_daily,2025-02-07,2.0
thirdweb,GITHUB_commits_daily,2025-02-07,12.0
Passport XYZ,GITHUB_commits_daily,2025-02-07,4.0
9Lives,GITHUB_commits_daily,2025-02-07,11.0
Open Source Observer,GITHUB_commits_daily,2025-02-07,3.0
Walnut,GITHUB_commits_daily,2025-02-07,26.0
Redstone Finance,GITHUB_repositories_daily,2025-02-07,2.0
Trail of Bits Security Reviews,GITHUB_repositories_daily,2025-02-07,9.0
Debid - Fairblock,GITHUB_repositories_daily,2025-02-07,1.0
Debid - Fairblock,GITHUB_contributors_daily,2025-02-07,1.0
Open Source Observer,GITHUB_contributors_daily,2025-02-07,2.0
Redstone Finance,GITHUB_contributors_daily,2025-02-07,2.0
Walnut,GITHUB_opened_pull_requests_daily,2025-02-07,12.0
Walnut,GITHUB_merged_pull_requests_daily,2025-02-07,13.0
Passport XYZ,GITHUB_opened_issues_daily,2025-02-07,8.0
Solang,GITHUB_opened_issues_daily,2025-02-07,6.0
Trail of Bits Security Reviews,GITHUB_stars_daily,2024-10-13,12.0
Trail of Bits Security Reviews,GITHUB_commits_daily,2024-10-13,3.0
Trail of Bits Security Reviews,GITHUB_repositories_daily,2024-10-13,4.0
Passport XYZ,GITHUB_repositories_daily,2024-10-13,1.0
Runtime Verification,GITHUB_repositories_daily,2024-10-13,1.0
thirdweb,GITHUB_contributors_daily,2024-10-13,5.0
Trail of Bits Security Reviews,GITHUB_opened_pull_requests_daily,2024-10-13,2.0
thirdweb,GITHUB_merged_pull_requests_daily,2024-10-13,7.0
Runtime Verification,GITHUB_opened_issues_daily,2024-10-13,1.0
Walnut,GITHUB_comments_daily,2024-04-02,1.0
Open Source Observer,GITHUB_comments_daily,2024-04-02,15.0
Pyth Network,GITHUB_stars_daily,2024-04-02,1.0
Trail of Bits Security Reviews,GITHUB_stars_daily,2024-04-02,9.0
Redstone Finance,GITHUB_commits_daily,2024-04-02,7.0
Runtime Verification,GITHUB_repositories_daily,2024-04-02,11.0
thirdweb,GITHUB_repositories_daily,2024-04-02,5.0
thirdweb,GITHUB_contributors_daily,2024-04-02,15.0
thirdweb,GITHUB_active_developers_daily,2024-04-02,6.0
Pyth Network,GITHUB_active_developers_daily,2024-04-02,1.0
Trail of Bits Security Reviews,GITHUB_merged_pull_requests_daily,2024-04-02,8.0
thirdweb,GITHUB_merged_pull_requests_daily,2024-04-02,28.0
Pyth Network,GITHUB_merged_pull_requests_daily,2024-04-02,2.0
Redstone Finance,GITHUB_merged_pull_requests_daily,2024-04-02,1.0
Runtime Verification,GITHUB_closed_issues_daily,2024-04-02,2.0
thirdweb,GITHUB_stars_daily,2024-09-06,1.0
thirdweb,GITHUB_commits_daily,2024-09-06,24.0
Pyth Network,GITHUB_commits_daily,2024-09-06,1.0
Walnut,GITHUB_commits_daily,2024-09-06,4.0
Trail of Bits Security Reviews,GITHUB_releases_daily,2024-09-06,1.0
Open Source Observer,GITHUB_forks_daily,2024-09-06,2.0
Pyth Network,GITHUB_forks_daily,2024-09-06,1.0
thirdweb,GITHUB_forks_daily,2024-09-06,2.0
Runtime Verification,GITHUB_repositories_daily,2024-09-06,11.0
Passport XYZ,GITHUB_repositories_daily,2024-09-06,3.0
Redstone Finance,GITHUB_repositories_daily,2024-09-06,3.0
Trail of Bits Security Reviews,GITHUB_repositories_daily,2024-09-06,12.0
Redstone Finance,GITHUB_contributors_daily,2024-09-06,2.0
Passport XYZ,GITHUB_contributors_daily,2024-09-06,3.0
Passport XYZ,GITHUB_opened_pull_requests_daily,2024-09-06,6.0
Pyth Network,GITHUB_opened_pull_requests_daily,2024-09-06,5.0
Trail of Bits Security Reviews,GITHUB_opened_pull_requests_daily,2024-09-06,3.0
Pyth Network,GITHUB_merged_pull_requests_daily,2024-09-06,2.0
Passport XYZ,GITHUB_merged_pull_requests_daily,2024-09-06,2.0
Open Source Observer,GITHUB_opened_issues_daily,2024-09-06,10.0
Trail of Bits Security Reviews,GITHUB_stars_daily,2025-02-28,3.0
thirdweb,GITHUB_commits_daily,2025-02-28,21.0
Runtime Verification,GITHUB_commits_daily,2025-02-28,7.0
Redstone Finance,GITHUB_commits_daily,2025-02-28,6.0
9Lives,GITHUB_commits_daily,2025-02-28,7.0
Redstone Finance,GITHUB_repositories_daily,2025-02-28,2.0
Solang,GITHUB_repositories_daily,2025-02-28,1.0
CodeTracer,GITHUB_contributors_daily,2025-02-28,2.0
Trail of Bits Security Reviews,GITHUB_contributors_daily,2025-02-28,4.0
Trail of Bits Security Reviews,GITHUB_active_developers_daily,2025-02-28,3.0
Redstone Finance,GITHUB_active_developers_daily,2025-02-28,1.0
Pyth Network,GITHUB_opened_pull_requests_daily,2025-02-28,9.0
Trail of Bits Security Reviews,GITHUB_opened_pull_requests_daily,2025-02-28,3.0
Redstone Finance,GITHUB_opened_pull_requests_daily,2025-02-28,1.0
thirdweb,GITHUB_opened_pull_requests_daily,2025-02-28,13.0
Runtime Verification,GITHUB_merged_pull_requests_daily,2025-02-28,7.0
CodeTracer,GITHUB_merged_pull_requests_daily,2025-02-28,1.0
Pyth Network,GITHUB_merged_pull_requests_daily,2025-02-28,6.0
thirdweb,GITHUB_merged_pull_requests_daily,2025-02-28,16.0
Open Source Observer,GITHUB_opened_issues_daily,2025-02-28,1.0
Walnut,GITHUB_opened_issues_daily,2025-02-28,2.0
Pyth Network,GITHUB_comments_daily,2024-01-22,11.0
thirdweb,GITHUB_forks_weekly,2024-01-22,13.0
Pyth Network,GITHUB_stars_weekly,2024-01-22,9.0
Open Source Observer,GITHUB_stars_weekly,2024-01-22,4.0
Redstone Finance,GITHUB_commits_daily,2024-01-22,4.0
Pyth Network,GITHUB_releases_weekly,2024-01-22,1.0
Runtime Verification,GITHUB_releases_daily,2024-01-22,9.0
Remix IDE plugin for Arbitrum Stylus,GITHUB_commits_weekly,2024-01-22,22.0
Pyth Network,GITHUB_commits_weekly,2024-01-22,24.0
Redstone Finance,GITHUB_commits_weekly,2024-01-22,19.0
thirdweb,GITHUB_comments_weekly,2024-01-22,170.0
Runtime Verification,GITHUB_comments_weekly,2024-01-22,117.0
Pyth Network,GITHUB_forks_daily,2024-01-22,1.0
Debid - Fairblock,GITHUB_forks_daily,2024-01-22,1.0
Open Source Observer,GITHUB_repositories_weekly,2024-01-22,3.0
Pyth Network,GITHUB_repositories_weekly,2024-01-22,9.0
Remix IDE plugin for Arbitrum Stylus,GITHUB_repositories_weekly,2024-01-22,1.0
Redstone Finance,GITHUB_repositories_weekly,2024-01-22,7.0
Trail of Bits Security Reviews,GITHUB_repositories_weekly,2024-01-22,39.0
Redstone Finance,GITHUB_repositories_daily,2024-01-22,2.0
Debid - Fairblock,GITHUB_repositories_daily,2024-01-22,1.0
WakeUp Labs,GITHUB_repositories_daily,2024-01-22,1.0
Runtime Verification,GITHUB_contributors_weekly,2024-01-22,21.0
Walnut,GITHUB_contributors_weekly,2024-01-22,2.0
Redstone Finance,GITHUB_contributors_daily,2024-01-22,1.0
Remix IDE plugin for Arbitrum Stylus,GITHUB_contributors_daily,2024-01-22,1.0
Runtime Verification,GITHUB_active_developers_daily,2024-01-22,3.0
Remix IDE plugin for Arbitrum Stylus,GITHUB_active_developers_daily,2024-01-22,1.0
Trail of Bits Security Reviews,GITHUB_opened_pull_requests_weekly,2024-01-22,56.0
WakeUp Labs,GITHUB_merged_pull_requests_weekly,2024-01-22,1.0
Runtime Verification,GITHUB_merged_pull_requests_weekly,2024-01-22,58.0
WakeUp Labs,GITHUB_opened_pull_requests_daily,2024-01-22,1.0
thirdweb,GITHUB_merged_pull_requests_weekly,2024-01-22,54.0
Runtime Verification,GITHUB_merged_pull_requests_daily,2024-01-22,15.0
Runtime Verification,GITHUB_opened_issues_daily,2024-01-22,2.0
Open Source Observer,GITHUB_opened_issues_daily,2024-01-22,12.0
Trail of Bits Security Reviews,GITHUB_closed_issues_weekly,2024-01-22,9.0
thirdweb,GITHUB_closed_issues_daily,2024-01-22,1.0
Redstone Finance,GITHUB_comments_daily,2024-08-07,4.0
Open Source Observer,GITHUB_comments_daily,2024-08-07,16.0
Runtime Verification,GITHUB_commits_daily,2024-08-07,23.0
Debid - Fairblock,GITHUB_commits_daily,2024-08-07,1.0
Redstone Finance,GITHUB_commits_daily,2024-08-07,6.0
Runtime Verification,GITHUB_releases_daily,2024-08-07,11.0
Passport XYZ,GITHUB_releases_daily,2024-08-07,6.0
Open Source Observer,GITHUB_forks_daily,2024-08-07,1.0
Pyth Network,GITHUB_repositories_daily,2024-08-07,6.0
thirdweb,GITHUB_contributors_daily,2024-08-07,8.0
Debid - Fairblock,GITHUB_contributors_daily,2024-08-07,1.0
Pyth Network,GITHUB_active_developers_daily,2024-08-07,2.0
Runtime Verification,GITHUB_opened_pull_requests_daily,2024-08-07,17.0
Open Source Observer,GITHUB_closed_issues_daily,2024-08-07,1.0
Open Source Observer,GITHUB_comments_daily,2024-09-15,7.0
Pyth Network,GITHUB_comments_daily,2024-09-15,4.0
thirdweb,GITHUB_commits_daily,2024-09-15,12.0
Pyth Network,GITHUB_releases_daily,2024-09-15,1.0
Open Source Observer,GITHUB_repositories_daily,2024-09-15,2.0
Trail of Bits Security Reviews,GITHUB_forks_daily,2024-09-15,2.0
Pyth Network,GITHUB_forks_daily,2024-09-15,1.0
thirdweb,GITHUB_contributors_daily,2024-09-15,5.0
Pyth Network,GITHUB_contributors_daily,2024-09-15,4.0
Trail of Bits Security Reviews,GITHUB_contributors_daily,2024-09-15,1.0
Open Source Observer,GITHUB_active_developers_daily,2024-09-15,2.0
Redstone Finance,GITHUB_active_developers_daily,2024-09-15,1.0
Pyth Network,GITHUB_opened_pull_requests_daily,2024-09-15,3.0
Open Source Observer,GITHUB_merged_pull_requests_daily,2024-09-15,2.0
Enclave,GITHUB_closed_issues_daily,2024-09-15,1.0
Pyth Network,GITHUB_forks_weekly,2024-04-15,6.0
Redstone Finance,GITHUB_forks_weekly,2024-04-15,7.0
Pyth Network,GITHUB_comments_daily,2024-04-15,36.0
Runtime Verification,GITHUB_comments_daily,2024-04-15,35.0
Trail of Bits Security Reviews,GITHUB_stars_daily,2024-04-15,22.0
Walnut,GITHUB_commits_daily,2024-04-15,4.0
Syndicate Protocol,GITHUB_commits_daily,2024-04-15,1.0
Trail of Bits Security Reviews,GITHUB_commits_daily,2024-04-15,31.0
Runtime Verification,GITHUB_releases_daily,2024-04-15,12.0
Open Source Observer,GITHUB_commits_weekly,2024-04-15,44.0
thirdweb,GITHUB_commits_weekly,2024-04-15,83.0
Walnut,GITHUB_commits_weekly,2024-04-15,4.0
Runtime Verification,GITHUB_comments_weekly,2024-04-15,118.0
Walnut,GITHUB_comments_weekly,2024-04-15,3.0
Trail of Bits Security Reviews,GITHUB_forks_daily,2024-04-15,2.0
Redstone Finance,GITHUB_forks_daily,2024-04-15,2.0
thirdweb,GITHUB_repositories_daily,2024-04-15,8.0
Syndicate Protocol,GITHUB_repositories_daily,2024-04-15,1.0
thirdweb,GITHUB_contributors_weekly,2024-04-15,21.0
Syndicate Protocol,GITHUB_contributors_daily,2024-04-15,1.0
Walnut,GITHUB_contributors_weekly,2024-04-15,2.0
Walnut,GITHUB_contributors_daily,2024-04-15,2.0
Pyth Network,GITHUB_contributors_daily,2024-04-15,8.0
Open Source Observer,GITHUB_active_developers_weekly,2024-04-15,3.0
Redstone Finance,GITHUB_active_developers_weekly,2024-04-15,2.0
thirdweb,GITHUB_active_developers_weekly,2024-04-15,16.0
Walnut,GITHUB_active_developers_weekly,2024-04-15,1.0
Trail of Bits Security Reviews,GITHUB_active_developers_weekly,2024-04-15,12.0
Walnut,GITHUB_active_developers_daily,2024-04-15,1.0
Trail of Bits Security Reviews,GITHUB_active_developers_daily,2024-04-15,5.0
thirdweb,GITHUB_active_developers_daily,2024-04-15,2.0
Trail of Bits Security Reviews,GITHUB_opened_pull_requests_weekly,2024-04-15,50.0
Runtime Verification,GITHUB_opened_pull_requests_weekly,2024-04-15,69.0
Open Source Observer,GITHUB_merged_pull_requests_weekly,2024-04-15,29.0
thirdweb,GITHUB_merged_pull_requests_weekly,2024-04-15,81.0
Trail of Bits Security Reviews,GITHUB_merged_pull_requests_weekly,2024-04-15,41.0
Runtime Verification,GITHUB_opened_pull_requests_daily,2024-04-15,18.0
Walnut,GITHUB_merged_pull_requests_daily,2024-04-15,2.0
thirdweb,GITHUB_opened_issues_weekly,2024-04-15,4.0
Runtime Verification,GITHUB_opened_issues_weekly,2024-04-15,16.0
thirdweb,GITHUB_closed_issues_weekly,2024-04-15,14.0
Runtime Verification,GITHUB_closed_issues_daily,2024-04-15,6.0
Runtime Verification,GITHUB_comments_daily,2024-02-04,8.0
Runtime Verification,GITHUB_stars_daily,2024-02-04,1.0
Debid - Fairblock,GITHUB_releases_daily,2024-02-04,1.0
Trail of Bits Security Reviews,GITHUB_forks_daily,2024-02-04,3.0
Open Source Observer,GITHUB_repositories_daily,2024-02-04,3.0
thirdweb,GITHUB_repositories_daily,2024-02-04,3.0
Debid - Fairblock,GITHUB_contributors_daily,2024-02-04,1.0
Open Source Observer,GITHUB_contributors_daily,2024-02-04,1.0
Debid - Fairblock,GITHUB_opened_pull_requests_daily,2024-02-04,2.0
Trail of Bits Security Reviews,GITHUB_opened_pull_requests_daily,2024-02-04,6.0
thirdweb,GITHUB_opened_pull_requests_daily,2024-02-04,1.0
Runtime Verification,GITHUB_merged_pull_requests_daily,2024-02-04,3.0
Debid - Fairblock,GITHUB_merged_pull_requests_daily,2024-02-04,2.0
Runtime Verification,GITHUB_opened_issues_daily,2024-02-04,1.0
Open Source Observer,GITHUB_closed_issues_daily,2024-02-04,1.0
Runtime Verification,GITHUB_closed_issues_daily,2024-02-04,8.0
thirdweb,GITHUB_commits_daily,2024-01-24,4.0
Trail of Bits Security Reviews,GITHUB_commits_daily,2024-01-24,21.0
Walnut,GITHUB_commits_daily,2024-01-24,12.0
thirdweb,GITHUB_releases_daily,2024-01-24,1.0
Trail of Bits Security Reviews,GITHUB_releases_daily,2024-01-24,1.0
Pyth Network,GITHUB_forks_daily,2024-01-24,3.0
Remix IDE plugin for Arbitrum Stylus,GITHUB_contributors_daily,2024-01-24,1.0
Trail of Bits Security Reviews,GITHUB_contributors_daily,2024-01-24,9.0
Runtime Verification,GITHUB_contributors_daily,2024-01-24,12.0
Pyth Network,GITHUB_active_developers_daily,2024-01-24,4.0
Open Source Observer,GITHUB_active_developers_daily,2024-01-24,1.0
Remix IDE plugin for Arbitrum Stylus,GITHUB_active_developers_daily,2024-01-24,1.0
thirdweb,GITHUB_opened_pull_requests_daily,2024-01-24,6.0
Trail of Bits Security Reviews,GITHUB_merged_pull_requests_daily,2024-01-24,8.0
thirdweb,GITHUB_merged_pull_requests_daily,2024-01-24,5.0
Open Source Observer,GITHUB_closed_issues_daily,2024-01-24,1.0
Runtime Verification,GITHUB_closed_issues_daily,2024-01-24,5.0
Redstone Finance,GITHUB_stars_weekly,2025-03-24,1.0
CodeTracer,GITHUB_releases_daily,2025-03-24,4.0
Trail of Bits Security Reviews,GITHUB_releases_weekly,2025-03-24,5.0
Pyth Network,GITHUB_commits_weekly,2025-03-24,36.0
Open Source Observer,GITHUB_commits_weekly,2025-03-24,57.0
thirdweb,GITHUB_commits_weekly,2025-03-24,56.0
Walnut,GITHUB_comments_daily,2025-03-24,11.0
CodeTracer,GITHUB_stars_daily,2025-03-24,4.0
Open Source Observer,GITHUB_stars_daily,2025-03-24,1.0
Pyth Network,GITHUB_comments_daily,2025-03-24,25.0
Pyth Network,GITHUB_commits_daily,2025-03-24,9.0
Redstone Finance,GITHUB_commits_daily,2025-03-24,11.0
Pyth Network,GITHUB_contributors_daily,2025-03-24,7.0
CodeTracer,GITHUB_contributors_daily,2025-03-24,4.0
Redstone Finance,GITHUB_contributors_weekly,2025-03-24,6.0
Open Source Observer,GITHUB_contributors_weekly,2025-03-24,14.0
Pyth Network,GITHUB_contributors_weekly,2025-03-24,15.0
thirdweb,GITHUB_active_developers_daily,2025-03-24,3.0
Walnut,GITHUB_active_developers_daily,2025-03-24,1.0
Open Source Observer,GITHUB_active_developers_weekly,2025-03-24,10.0
Arbos Foundry,GITHUB_active_developers_weekly,2025-03-24,1.0
Enclave,GITHUB_active_developers_weekly,2025-03-24,1.0
Runtime Verification,GITHUB_comments_weekly,2025-03-24,37.0
Open Source Observer,GITHUB_comments_weekly,2025-03-24,135.0
CodeTracer,GITHUB_comments_weekly,2025-03-24,10.0
thirdweb,GITHUB_repositories_daily,2025-03-24,2.0
Debid - Fairblock,GITHUB_repositories_daily,2025-03-24,1.0
Runtime Verification,GITHUB_repositories_daily,2025-03-24,9.0
Open Source Observer,GITHUB_repositories_daily,2025-03-24,4.0
Runtime Verification,GITHUB_repositories_weekly,2025-03-24,16.0
Walnut,GITHUB_repositories_weekly,2025-03-24,7.0
Trail of Bits Security Reviews,GITHUB_repositories_weekly,2025-03-24,37.0
thirdweb,GITHUB_repositories_weekly,2025-03-24,9.0
Enclave,GITHUB_repositories_weekly,2025-03-24,1.0
Remix IDE plugin for Arbitrum Stylus,GITHUB_repositories_weekly,2025-03-24,1.0
thirdweb,GITHUB_forks_daily,2025-03-24,2.0
Open Source Observer,GITHUB_opened_pull_requests_daily,2025-03-24,12.0
Walnut,GITHUB_opened_pull_requests_daily,2025-03-24,3.0
Walnut,GITHUB_opened_pull_requests_weekly,2025-03-24,18.0
CodeTracer,GITHUB_opened_pull_requests_weekly,2025-03-24,5.0
Redstone Finance,GITHUB_merged_pull_requests_daily,2025-03-24,2.0
Passport XYZ,GITHUB_merged_pull_requests_daily,2025-03-24,1.0
Walnut,GITHUB_merged_pull_requests_weekly,2025-03-24,19.0
Open Source Observer,GITHUB_opened_issues_daily,2025-03-24,8.0
Walnut,GITHUB_opened_issues_weekly,2025-03-24,7.0
Open Source Observer,GITHUB_opened_issues_weekly,2025-03-24,27.0
Runtime Verification,GITHUB_closed_issues_weekly,2025-03-24,1.0
Enclave,GITHUB_closed_issues_weekly,2025-03-24,7.0
Runtime Verification,GITHUB_commits_daily,2024-09-22,4.0
Trail of Bits Security Reviews,GITHUB_forks_daily,2024-09-22,1.0
thirdweb,GITHUB_repositories_daily,2024-09-22,2.0
thirdweb,GITHUB_active_developers_daily,2024-09-22,1.0
Open Source Observer,GITHUB_active_developers_daily,2024-09-22,3.0
Trail of Bits Security Reviews,GITHUB_contributors_daily,2024-09-22,2.0
thirdweb,GITHUB_opened_pull_requests_daily,2024-09-22,5.0
Open Source Observer,GITHUB_comments_daily,2025-01-12,1.0
thirdweb,GITHUB_comments_daily,2025-01-12,15.0
Open Source Observer,GITHUB_commits_daily,2025-01-12,1.0
Runtime Verification,GITHUB_repositories_daily,2025-01-12,1.0
Trail of Bits Security Reviews,GITHUB_repositories_daily,2025-01-12,4.0
9Lives,GITHUB_repositories_daily,2025-01-12,1.0
Open Source Observer,GITHUB_contributors_daily,2025-01-12,2.0
thirdweb,GITHUB_contributors_daily,2025-01-12,4.0
thirdweb,GITHUB_active_developers_daily,2025-01-12,2.0
thirdweb,GITHUB_opened_pull_requests_daily,2025-01-12,2.0
Trail of Bits Security Reviews,GITHUB_comments_daily,2024-11-26,3.0
Trail of Bits Security Reviews,GITHUB_stars_daily,2024-11-26,14.0
Runtime Verification,GITHUB_commits_daily,2024-11-26,12.0
Pyth Network,GITHUB_commits_daily,2024-11-26,3.0
Runtime Verification,GITHUB_releases_daily,2024-11-26,7.0
Debid - Fairblock,GITHUB_repositories_daily,2024-11-26,2.0
Runtime Verification,GITHUB_contributors_daily,2024-11-26,10.0
Open Source Observer,GITHUB_contributors_daily,2024-11-26,4.0
Pyth Network,GITHUB_active_developers_daily,2024-11-26,2.0
Open Source Observer,GITHUB_opened_pull_requests_daily,2024-11-26,9.0
thirdweb,GITHUB_merged_pull_requests_daily,2024-11-26,15.0
Redstone Finance,GITHUB_merged_pull_requests_daily,2024-11-26,1.0
thirdweb,GITHUB_closed_issues_daily,2024-11-26,2.0
thirdweb,GITHUB_comments_daily,2024-08-31,42.0
Pyth Network,GITHUB_comments_daily,2024-08-31,3.0
Redstone Finance,GITHUB_stars_daily,2024-08-31,3.0
Trail of Bits Security Reviews,GITHUB_stars_daily,2024-08-31,9.0
thirdweb,GITHUB_commits_daily,2024-08-31,8.0
Open Source Observer,GITHUB_commits_daily,2024-08-31,4.0
Trail of Bits Security Reviews,GITHUB_commits_daily,2024-08-31,5.0
thirdweb,GITHUB_releases_daily,2024-08-31,1.0
thirdweb,GITHUB_forks_daily,2024-08-31,1.0
Runtime Verification,GITHUB_repositories_daily,2024-08-31,3.0
Open Source Observer,GITHUB_contributors_daily,2024-08-31,2.0
Redstone Finance,GITHUB_contributors_daily,2024-08-31,1.0
Trail of Bits Security Reviews,GITHUB_contributors_daily,2024-08-31,1.0
thirdweb,GITHUB_active_developers_daily,2024-08-31,3.0
Trail of Bits Security Reviews,GITHUB_opened_pull_requests_daily,2024-08-31,4.0
thirdweb,GITHUB_opened_pull_requests_daily,2024-08-31,7.0
Runtime Verification,GITHUB_merged_pull_requests_daily,2024-08-31,1.0
thirdweb,GITHUB_comments_daily,2024-10-30,114.0
Pyth Network,GITHUB_comments_daily,2024-10-30,21.0
Passport XYZ,GITHUB_stars_daily,2024-10-30,2.0
Trail of Bits Security Reviews,GITHUB_commits_daily,2024-10-30,4.0
Pyth Network,GITHUB_commits_daily,2024-10-30,8.0
Runtime Verification,GITHUB_commits_daily,2024-10-30,25.0
thirdweb,GITHUB_forks_daily,2024-10-30,4.0
Runtime Verification,GITHUB_repositories_daily,2024-10-30,7.0
Redstone Finance,GITHUB_repositories_daily,2024-10-30,4.0
Walnut,GITHUB_repositories_daily,2024-10-30,1.0
Passport XYZ,GITHUB_repositories_daily,2024-10-30,2.0
thirdweb,GITHUB_merged_pull_requests_daily,2024-10-30,14.0
Passport XYZ,GITHUB_merged_pull_requests_daily,2024-10-30,2.0
Trail of Bits Security Reviews,GITHUB_merged_pull_requests_daily,2024-10-30,4.0
Pyth Network,GITHUB_active_developers_daily,2024-10-30,7.0
Trail of Bits Security Reviews,GITHUB_active_developers_daily,2024-10-30,3.0
Runtime Verification,GITHUB_opened_pull_requests_daily,2024-10-30,6.0
Debid - Fairblock,GITHUB_opened_pull_requests_daily,2024-10-30,1.0
Pyth Network,GITHUB_opened_pull_requests_daily,2024-10-30,9.0
Open Source Observer,GITHUB_closed_issues_daily,2024-10-30,4.0
Runtime Verification,GITHUB_comments_daily,2024-02-26,31.0
Walnut,GITHUB_forks_weekly,2024-02-26,2.0
Redstone Finance,GITHUB_forks_weekly,2024-02-26,3.0
Runtime Verification,GITHUB_stars_weekly,2024-02-26,3.0
Pyth Network,GITHUB_stars_weekly,2024-02-26,6.0
Trail of Bits Security Reviews,GITHUB_stars_weekly,2024-02-26,98.0
Debid - Fairblock,GITHUB_stars_weekly,2024-02-26,2.0
Open Source Observer,GITHUB_commits_daily,2024-02-26,3.0
thirdweb,GITHUB_releases_weekly,2024-02-26,25.0
Redstone Finance,GITHUB_commits_weekly,2024-02-26,61.0
Syndicate Protocol,GITHUB_commits_weekly,2024-02-26,20.0
Runtime Verification,GITHUB_commits_weekly,2024-02-26,130.0
Trail of Bits Security Reviews,GITHUB_commits_weekly,2024-02-26,105.0
thirdweb,GITHUB_comments_weekly,2024-02-26,230.0
Walnut,GITHUB_comments_weekly,2024-02-26,53.0
Open Source Observer,GITHUB_comments_weekly,2024-02-26,46.0
Remix IDE plugin for Arbitrum Stylus,GITHUB_repositories_daily,2024-02-26,1.0
Open Source Observer,GITHUB_contributors_weekly,2024-02-26,4.0
Trail of Bits Security Reviews,GITHUB_contributors_weekly,2024-02-26,15.0
thirdweb,GITHUB_contributors_weekly,2024-02-26,22.0
Pyth Network,GITHUB_contributors_daily,2024-02-26,1.0
Redstone Finance,GITHUB_contributors_daily,2024-02-26,2.0
Runtime Verification,GITHUB_contributors_daily,2024-02-26,9.0
Debid - Fairblock,GITHUB_contributors_daily,2024-02-26,2.0
Debid - Fairblock,GITHUB_active_developers_weekly,2024-02-26,2.0
Trail of Bits Security Reviews,GITHUB_active_developers_daily,2024-02-26,4.0
thirdweb,GITHUB_active_developers_daily,2024-02-26,6.0
Walnut,GITHUB_opened_pull_requests_weekly,2024-02-26,4.0
Debid - Fairblock,GITHUB_opened_pull_requests_weekly,2024-02-26,4.0
Runtime Verification,GITHUB_opened_pull_requests_weekly,2024-02-26,91.0
Open Source Observer,GITHUB_opened_pull_requests_weekly,2024-02-26,17.0
Pyth Network,GITHUB_opened_pull_requests_weekly,2024-02-26,28.0
Pyth Network,GITHUB_opened_pull_requests_daily,2024-02-26,1.0
Trail of Bits Security Reviews,GITHUB_merged_pull_requests_weekly,2024-02-26,28.0
thirdweb,GITHUB_merged_pull_requests_weekly,2024-02-26,63.0
Pyth Network,GITHUB_merged_pull_requests_weekly,2024-02-26,29.0
Debid - Fairblock,GITHUB_merged_pull_requests_weekly,2024-02-26,3.0
Runtime Verification,GITHUB_merged_pull_requests_daily,2024-02-26,5.0
thirdweb,GITHUB_opened_issues_weekly,2024-02-26,1.0
Walnut,GITHUB_opened_issues_weekly,2024-02-26,9.0
Open Source Observer,GITHUB_opened_issues_weekly,2024-02-26,13.0
Open Source Observer,GITHUB_opened_issues_daily,2024-02-26,7.0
Trail of Bits Security Reviews,GITHUB_closed_issues_weekly,2024-02-26,1.0
Open Source Observer,GITHUB_stars_daily,2024-06-16,1.0
Open Source Observer,GITHUB_commits_daily,2024-06-16,2.0
Runtime Verification,GITHUB_repositories_daily,2024-06-16,1.0
Pyth Network,GITHUB_repositories_daily,2024-06-16,2.0
Open Source Observer,GITHUB_repositories_daily,2024-06-16,2.0
Pyth Network,GITHUB_contributors_daily,2024-06-16,1.0
Open Source Observer,GITHUB_contributors_daily,2024-06-16,3.0
Trail of Bits Security Reviews,GITHUB_opened_pull_requests_daily,2024-06-16,1.0
Open Source Observer,GITHUB_merged_pull_requests_daily,2024-06-16,2.0
Passport XYZ,GITHUB_comments_daily,2025-01-23,8.0
Walnut,GITHUB_comments_daily,2025-01-23,2.0
Open Source Observer,GITHUB_comments_daily,2025-01-23,8.0
Trail of Bits Security Reviews,GITHUB_stars_daily,2025-01-23,3.0
Trail of Bits Security Reviews,GITHUB_commits_daily,2025-01-23,3.0
Runtime Verification,GITHUB_releases_daily,2025-01-23,5.0
9Lives,GITHUB_repositories_daily,2025-01-23,1.0
Passport XYZ,GITHUB_repositories_daily,2025-01-23,3.0
Redstone Finance,GITHUB_repositories_daily,2025-01-23,3.0
Debid - Fairblock,GITHUB_repositories_daily,2025-01-23,2.0
Open Source Observer,GITHUB_contributors_daily,2025-01-23,5.0
Redstone Finance,GITHUB_contributors_daily,2025-01-23,3.0
Debid - Fairblock,GITHUB_contributors_daily,2025-01-23,1.0
9Lives,GITHUB_contributors_daily,2025-01-23,2.0
Trail of Bits Security Reviews,GITHUB_contributors_daily,2025-01-23,5.0
Pyth Network,GITHUB_active_developers_daily,2025-01-23,3.0
Walnut,GITHUB_opened_pull_requests_daily,2025-01-23,2.0
Pyth Network,GITHUB_opened_pull_requests_daily,2025-01-23,6.0
Trail of Bits Security Reviews,GITHUB_opened_pull_requests_daily,2025-01-23,4.0
Passport XYZ,GITHUB_opened_issues_daily,2025-01-23,2.0
Runtime Verification,GITHUB_opened_issues_daily,2025-01-23,3.0
Open Source Observer,GITHUB_closed_issues_daily,2025-01-23,3.0
Trail of Bits Security Reviews,GITHUB_stars_daily,2024-04-05,19.0
Walnut,GITHUB_commits_daily,2024-04-05,3.0
Arbos Foundry,GITHUB_commits_daily,2024-04-05,20.0
Runtime Verification,GITHUB_releases_daily,2024-04-05,5.0
thirdweb,GITHUB_repositories_daily,2024-04-05,7.0
Walnut,GITHUB_repositories_daily,2024-04-05,1.0
Runtime Verification,GITHUB_forks_daily,2024-04-05,1.0
Pyth Network,GITHUB_forks_daily,2024-04-05,1.0
thirdweb,GITHUB_contributors_daily,2024-04-05,11.0
Arbos Foundry,GITHUB_contributors_daily,2024-04-05,1.0
Redstone Finance,GITHUB_contributors_daily,2024-04-05,2.0
Debid - Fairblock,GITHUB_contributors_daily,2024-04-05,2.0
Pyth Network,GITHUB_contributors_daily,2024-04-05,5.0
Walnut,GITHUB_active_developers_daily,2024-04-05,1.0
Arbos Foundry,GITHUB_active_developers_daily,2024-04-05,1.0
Pyth Network,GITHUB_active_developers_daily,2024-04-05,2.0
Pyth Network,GITHUB_opened_pull_requests_daily,2024-04-05,4.0
Walnut,GITHUB_merged_pull_requests_daily,2024-04-05,1.0
thirdweb,GITHUB_merged_pull_requests_daily,2024-04-05,25.0
Walnut,GITHUB_closed_issues_daily,2024-04-05,1.0
thirdweb,GITHUB_comments_daily,2024-05-05,9.0
Runtime Verification,GITHUB_comments_daily,2024-05-05,1.0
Open Source Observer,GITHUB_comments_daily,2024-05-05,3.0
Runtime Verification,GITHUB_releases_daily,2024-05-05,1.0
Redstone Finance,GITHUB_stars_daily,2024-05-05,1.0
Runtime Verification,GITHUB_commits_daily,2024-05-05,1.0
Pyth Network,GITHUB_forks_daily,2024-05-05,3.0
thirdweb,GITHUB_forks_daily,2024-05-05,2.0
Redstone Finance,GITHUB_repositories_daily,2024-05-05,2.0
Runtime Verification,GITHUB_contributors_daily,2024-05-05,1.0
Trail of Bits Security Reviews,GITHUB_active_developers_daily,2024-05-05,2.0
Runtime Verification,GITHUB_merged_pull_requests_daily,2024-05-05,1.0
Redstone Finance,GITHUB_opened_issues_daily,2024-05-05,1.0
Open Source Observer,GITHUB_closed_issues_daily,2024-05-05,1.0
Runtime Verification,GITHUB_comments_daily,2025-01-30,11.0
Pyth Network,GITHUB_comments_daily,2025-01-30,41.0
Trail of Bits Security Reviews,GITHUB_stars_daily,2025-01-30,9.0
Passport XYZ,GITHUB_stars_daily,2025-01-30,6.0
9Lives,GITHUB_commits_daily,2025-01-30,9.0
Pyth Network,GITHUB_commits_daily,2025-01-30,3.0
Trail of Bits Security Reviews,GITHUB_commits_daily,2025-01-30,7.0
Pyth Network,GITHUB_releases_daily,2025-01-30,1.0
thirdweb,GITHUB_releases_daily,2025-01-30,6.0
Solang,GITHUB_repositories_daily,2025-01-30,1.0
Walnut,GITHUB_repositories_daily,2025-01-30,1.0
Runtime Verification,GITHUB_repositories_daily,2025-01-30,4.0
Pyth Network,GITHUB_repositories_daily,2025-01-30,6.0
Open Source Observer,GITHUB_contributors_daily,2025-01-30,4.0
Walnut,GITHUB_contributors_daily,2025-01-30,2.0
thirdweb,GITHUB_active_developers_daily,2025-01-30,6.0
Passport XYZ,GITHUB_opened_pull_requests_daily,2025-01-30,5.0
9Lives,GITHUB_opened_pull_requests_daily,2025-01-30,1.0
Runtime Verification,GITHUB_opened_pull_requests_daily,2025-01-30,4.0
Pyth Network,GITHUB_merged_pull_requests_daily,2025-01-30,3.0
thirdweb,GITHUB_merged_pull_requests_daily,2025-01-30,13.0
thirdweb,GITHUB_opened_issues_daily,2025-01-30,1.0
Runtime Verification,GITHUB_opened_issues_daily,2025-01-30,1.0
Trail of Bits Security Reviews,GITHUB_opened_issues_daily,2025-01-30,1.0
Open Source Observer,GITHUB_comments_daily,2024-09-13,13.0
thirdweb,GITHUB_comments_daily,2024-09-13,85.0
Runtime Verification,GITHUB_commits_daily,2024-09-13,9.0
Walnut,GITHUB_commits_daily,2024-09-13,7.0
Walnut,GITHUB_forks_daily,2024-09-13,1.0
Walnut,GITHUB_repositories_daily,2024-09-13,2.0
Redstone Finance,GITHUB_repositories_daily,2024-09-13,2.0
Trail of Bits Security Reviews,GITHUB_active_developers_daily,2024-09-13,2.0
Redstone Finance,GITHUB_active_developers_daily,2024-09-13,3.0
Trail of Bits Security Reviews,GITHUB_contributors_daily,2024-09-13,3.0
Passport XYZ,GITHUB_contributors_daily,2024-09-13,1.0
Passport XYZ,GITHUB_opened_pull_requests_daily,2024-09-13,7.0
Pyth Network,GITHUB_opened_pull_requests_daily,2024-09-13,21.0
Enclave,GITHUB_opened_pull_requests_daily,2024-09-13,4.0
Open Source Observer,GITHUB_opened_pull_requests_daily,2024-09-13,6.0
Trail of Bits Security Reviews,GITHUB_opened_pull_requests_daily,2024-09-13,1.0
Enclave,GITHUB_opened_issues_daily,2024-09-13,4.0
Open Source Observer,GITHUB_closed_issues_daily,2024-09-13,5.0
Walnut,GITHUB_comments_daily,2024-08-10,2.0
thirdweb,GITHUB_comments_daily,2024-08-10,17.0
Runtime Verification,GITHUB_commits_daily,2024-08-10,11.0
Walnut,GITHUB_forks_daily,2024-08-10,1.0
thirdweb,GITHUB_active_developers_daily,2024-08-10,2.0
Runtime Verification,GITHUB_merged_pull_requests_daily,2024-08-10,5.0
thirdweb,GITHUB_comments_daily,2024-11-14,69.0
Open Source Observer,GITHUB_commits_daily,2024-11-14,2.0
Passport XYZ,GITHUB_commits_daily,2024-11-14,20.0
Runtime Verification,GITHUB_releases_daily,2024-11-14,3.0
Trail of Bits Security Reviews,GITHUB_releases_daily,2024-11-14,1.0
Runtime Verification,GITHUB_forks_daily,2024-11-14,1.0
Passport XYZ,GITHUB_contributors_daily,2024-11-14,5.0
Walnut,GITHUB_contributors_daily,2024-11-14,2.0
Pyth Network,GITHUB_contributors_daily,2024-11-14,6.0
Open Source Observer,GITHUB_contributors_daily,2024-11-14,1.0
Trail of Bits Security Reviews,GITHUB_opened_pull_requests_daily,2024-11-14,7.0
Runtime Verification,GITHUB_opened_pull_requests_daily,2024-11-14,7.0
Redstone Finance,GITHUB_opened_pull_requests_daily,2024-11-14,2.0
Enclave,GITHUB_merged_pull_requests_daily,2024-11-14,1.0
Runtime Verification,GITHUB_merged_pull_requests_daily,2024-11-14,5.0
Passport XYZ,GITHUB_opened_issues_daily,2024-11-14,2.0
thirdweb,GITHUB_stars_daily,2024-01-09,1.0
Debid - Fairblock,GITHUB_contributors_daily,2024-01-09,5.0
WakeUp Labs,GITHUB_contributors_daily,2024-01-09,1.0
thirdweb,GITHUB_contributors_daily,2024-01-09,13.0
Pyth Network,GITHUB_contributors_daily,2024-01-09,6.0
Open Source Observer,GITHUB_contributors_daily,2024-01-09,1.0
Redstone Finance,GITHUB_contributors_daily,2024-01-09,1.0
Trail of Bits Security Reviews,GITHUB_contributors_daily,2024-01-09,4.0
Open Source Observer,GITHUB_active_developers_daily,2024-01-09,1.0
Pyth Network,GITHUB_active_developers_daily,2024-01-09,3.0
Runtime Verification,GITHUB_active_developers_daily,2024-01-09,2.0
Trail of Bits Security Reviews,GITHUB_opened_pull_requests_daily,2024-01-09,6.0
Debid - Fairblock,GITHUB_forks_daily,2024-01-09,4.0
Pyth Network,GITHUB_repositories_daily,2024-01-09,4.0
Open Source Observer,GITHUB_repositories_daily,2024-01-09,1.0
Redstone Finance,GITHUB_repositories_daily,2024-01-09,1.0
Runtime Verification,GITHUB_merged_pull_requests_daily,2024-01-09,5.0
thirdweb,GITHUB_closed_issues_daily,2024-01-09,1.0
Open Source Observer,GITHUB_forks_weekly,2025-01-27,1.0
Pyth Network,GITHUB_forks_weekly,2025-01-27,1.0
Passport XYZ,GITHUB_forks_weekly,2025-01-27,2.0
Solang,GITHUB_forks_weekly,2025-01-27,1.0
Runtime Verification,GITHUB_comments_daily,2025-01-27,4.0
Pyth Network,GITHUB_comments_daily,2025-01-27,19.0
thirdweb,GITHUB_stars_daily,2025-01-27,2.0
Debid - Fairblock,GITHUB_stars_weekly,2025-01-27,2.0
Open Source Observer,GITHUB_stars_weekly,2025-01-27,1.0
Passport XYZ,GITHUB_stars_weekly,2025-01-27,18.0
Runtime Verification,GITHUB_stars_weekly,2025-01-27,1.0
Trail of Bits Security Reviews,GITHUB_releases_daily,2025-01-27,1.0
thirdweb,GITHUB_releases_weekly,2025-01-27,25.0
Redstone Finance,GITHUB_comments_weekly,2025-01-27,30.0
Walnut,GITHUB_comments_weekly,2025-01-27,6.0
Moving Stylus,GITHUB_comments_weekly,2025-01-27,2.0
Runtime Verification,GITHUB_repositories_daily,2025-01-27,5.0
thirdweb,GITHUB_repositories_daily,2025-01-27,3.0
Redstone Finance,GITHUB_repositories_daily,2025-01-27,4.0
Pyth Network,GITHUB_repositories_daily,2025-01-27,3.0
thirdweb,GITHUB_repositories_weekly,2025-01-27,8.0
Walnut,GITHUB_repositories_weekly,2025-01-27,5.0
Debid - Fairblock,GITHUB_contributors_daily,2025-01-27,1.0
Walnut,GITHUB_contributors_daily,2025-01-27,2.0
Passport XYZ,GITHUB_contributors_daily,2025-01-27,2.0
Trail of Bits Security Reviews,GITHUB_contributors_daily,2025-01-27,7.0
Runtime Verification,GITHUB_contributors_weekly,2025-01-27,15.0
Pyth Network,GITHUB_contributors_weekly,2025-01-27,13.0
Moving Stylus,GITHUB_active_developers_weekly,2025-01-27,1.0
Arbos Foundry,GITHUB_active_developers_weekly,2025-01-27,1.0
Trail of Bits Security Reviews,GITHUB_active_developers_weekly,2025-01-27,8.0
Redstone Finance,GITHUB_active_developers_weekly,2025-01-27,5.0
thirdweb,GITHUB_active_developers_weekly,2025-01-27,10.0
Moving Stylus,GITHUB_contributors_weekly,2025-01-27,1.0
Trail of Bits Security Reviews,GITHUB_opened_pull_requests_weekly,2025-01-27,43.0
Pyth Network,GITHUB_opened_pull_requests_weekly,2025-01-27,30.0
Redstone Finance,GITHUB_opened_pull_requests_daily,2025-01-27,1.0
Runtime Verification,GITHUB_opened_pull_requests_daily,2025-01-27,5.0
Trail of Bits Security Reviews,GITHUB_opened_pull_requests_daily,2025-01-27,14.0
Passport XYZ,GITHUB_merged_pull_requests_weekly,2025-01-27,20.0
Walnut,GITHUB_merged_pull_requests_weekly,2025-01-27,11.0
Pyth Network,GITHUB_merged_pull_requests_weekly,2025-01-27,25.0
Runtime Verification,GITHUB_merged_pull_requests_weekly,2025-01-27,25.0
Solang,GITHUB_merged_pull_requests_weekly,2025-01-27,4.0
Trail of Bits Security Reviews,GITHUB_merged_pull_requests_daily,2025-01-27,14.0
Runtime Verification,GITHUB_merged_pull_requests_daily,2025-01-27,5.0
Open Source Observer,GITHUB_opened_issues_daily,2025-01-27,1.0
Solang,GITHUB_opened_issues_daily,2025-01-27,1.0
Runtime Verification,GITHUB_opened_issues_weekly,2025-01-27,6.0
thirdweb,GITHUB_closed_issues_weekly,2025-01-27,5.0
Passport XYZ,GITHUB_forks_weekly,2025-02-17,4.0
Redstone Finance,GITHUB_comments_daily,2025-02-17,2.0
Trail of Bits Security Reviews,GITHUB_stars_daily,2025-02-17,9.0
thirdweb,GITHUB_stars_daily,2025-02-17,3.0
Passport XYZ,GITHUB_stars_daily,2025-02-17,6.0
thirdweb,GITHUB_stars_weekly,2025-02-17,15.0
Passport XYZ,GITHUB_stars_weekly,2025-02-17,26.0
Redstone Finance,GITHUB_stars_weekly,2025-02-17,3.0
thirdweb,GITHUB_releases_weekly,2025-02-17,11.0
Solang,GITHUB_commits_weekly,2025-02-17,1.0
Walnut,GITHUB_commits_weekly,2025-02-17,45.0
Trail of Bits Security Reviews,GITHUB_commits_weekly,2025-02-17,55.0
Passport XYZ,GITHUB_comments_weekly,2025-02-17,10.0
Pyth Network,GITHUB_comments_weekly,2025-02-17,104.0
Redstone Finance,GITHUB_comments_weekly,2025-02-17,16.0
Trail of Bits Security Reviews,GITHUB_comments_weekly,2025-02-17,47.0
Redstone Finance,GITHUB_forks_daily,2025-02-17,1.0
thirdweb,GITHUB_repositories_weekly,2025-02-17,9.0
Solang,GITHUB_repositories_weekly,2025-02-17,1.0
Redstone Finance,GITHUB_repositories_weekly,2025-02-17,7.0
Pyth Network,GITHUB_repositories_weekly,2025-02-17,7.0
Redstone Finance,GITHUB_repositories_daily,2025-02-17,3.0
9Lives,GITHUB_repositories_daily,2025-02-17,1.0
Trail of Bits Security Reviews,GITHUB_contributors_weekly,2025-02-17,21.0
Walnut,GITHUB_contributors_weekly,2025-02-17,5.0
Passport XYZ,GITHUB_contributors_weekly,2025-02-17,4.0
Walnut,GITHUB_contributors_daily,2025-02-17,4.0
Passport XYZ,GITHUB_contributors_daily,2025-02-17,4.0
Walnut,GITHUB_active_developers_weekly,2025-02-17,2.0
Solang,GITHUB_active_developers_weekly,2025-02-17,1.0
Passport XYZ,GITHUB_active_developers_daily,2025-02-17,1.0
Walnut,GITHUB_active_developers_daily,2025-02-17,2.0
Pyth Network,GITHUB_active_developers_daily,2025-02-17,5.0
Redstone Finance,GITHUB_opened_pull_requests_weekly,2025-02-17,9.0
Runtime Verification,GITHUB_opened_pull_requests_weekly,2025-02-17,23.0
Runtime Verification,GITHUB_merged_pull_requests_weekly,2025-02-17,20.0
Passport XYZ,GITHUB_merged_pull_requests_weekly,2025-02-17,13.0
Solang,GITHUB_merged_pull_requests_weekly,2025-02-17,1.0
thirdweb,GITHUB_opened_pull_requests_daily,2025-02-17,14.0
thirdweb,GITHUB_merged_pull_requests_daily,2025-02-17,6.0
Walnut,GITHUB_merged_pull_requests_daily,2025-02-17,8.0
Passport XYZ,GITHUB_merged_pull_requests_daily,2025-02-17,2.0
Pyth Network,GITHUB_merged_pull_requests_daily,2025-02-17,6.0
Walnut,GITHUB_opened_issues_weekly,2025-02-17,26.0
Trail of Bits Security Reviews,GITHUB_opened_issues_weekly,2025-02-17,7.0
thirdweb,GITHUB_opened_issues_weekly,2025-02-17,3.0
Trail of Bits Security Reviews,GITHUB_opened_issues_daily,2025-02-17,2.0
Walnut,GITHUB_opened_issues_daily,2025-02-17,9.0
Passport XYZ,GITHUB_opened_issues_daily,2025-02-17,6.0
Redstone Finance,GITHUB_closed_issues_weekly,2025-02-17,1.0
Runtime Verification,GITHUB_closed_issues_weekly,2025-02-17,10.0
Passport XYZ,GITHUB_closed_issues_daily,2025-02-17,2.0
Sylow,GITHUB_comments_daily,2025-03-13,5.0
thirdweb,GITHUB_comments_daily,2025-03-13,42.0
CodeTracer,GITHUB_comments_daily,2025-03-13,2.0
Solang,GITHUB_comments_daily,2025-03-13,1.0
Trail of Bits Security Reviews,GITHUB_commits_daily,2025-03-13,9.0
Open Source Observer,GITHUB_commits_daily,2025-03-13,21.0
9Lives,GITHUB_commits_daily,2025-03-13,1.0
thirdweb,GITHUB_commits_daily,2025-03-13,9.0
CodeTracer,GITHUB_commits_daily,2025-03-13,8.0
Passport XYZ,GITHUB_releases_daily,2025-03-13,4.0
thirdweb,GITHUB_forks_daily,2025-03-13,1.0
Redstone Finance,GITHUB_forks_daily,2025-03-13,1.0
Debid - Fairblock,GITHUB_repositories_daily,2025-03-13,1.0
thirdweb,GITHUB_repositories_daily,2025-03-13,2.0
Runtime Verification,GITHUB_repositories_daily,2025-03-13,9.0
Redstone Finance,GITHUB_contributors_daily,2025-03-13,2.0
9Lives,GITHUB_contributors_daily,2025-03-13,2.0
Pyth Network,GITHUB_contributors_daily,2025-03-13,9.0
Pyth Network,GITHUB_active_developers_daily,2025-03-13,5.0
Open Source Observer,GITHUB_active_developers_daily,2025-03-13,6.0
Walnut,GITHUB_active_developers_daily,2025-03-13,1.0
Runtime Verification,GITHUB_active_developers_daily,2025-03-13,5.0
Sylow,GITHUB_active_developers_daily,2025-03-13,1.0
thirdweb,GITHUB_opened_pull_requests_daily,2025-03-13,6.0
Runtime Verification,GITHUB_opened_pull_requests_daily,2025-03-13,9.0
Walnut,GITHUB_merged_pull_requests_daily,2025-03-13,2.0
CodeTracer,GITHUB_merged_pull_requests_daily,2025-03-13,2.0
thirdweb,GITHUB_merged_pull_requests_daily,2025-03-13,7.0
Runtime Verification,GITHUB_merged_pull_requests_daily,2025-03-13,9.0
thirdweb,GITHUB_comments_daily,2024-02-25,1.0
Redstone Finance,GITHUB_stars_daily,2024-02-25,3.0
Walnut,GITHUB_commits_daily,2024-02-25,3.0
Redstone Finance,GITHUB_repositories_daily,2024-02-25,6.0
Walnut,GITHUB_repositories_daily,2024-02-25,1.0
Trail of Bits Security Reviews,GITHUB_contributors_daily,2024-02-25,3.0
thirdweb,GITHUB_contributors_daily,2024-02-25,1.0
Walnut,GITHUB_active_developers_daily,2024-02-25,2.0
Trail of Bits Security Reviews,GITHUB_comments_daily,2024-08-09,11.0
Walnut,GITHUB_comments_daily,2024-08-09,7.0
Passport XYZ,GITHUB_comments_daily,2024-08-09,14.0
Redstone Finance,GITHUB_stars_daily,2024-08-09,1.0
Runtime Verification,GITHUB_commits_daily,2024-08-09,29.0
Trail of Bits Security Reviews,GITHUB_commits_daily,2024-08-09,18.0
Redstone Finance,GITHUB_commits_daily,2024-08-09,1.0
Enclave,GITHUB_commits_daily,2024-08-09,1.0
Passport XYZ,GITHUB_releases_daily,2024-08-09,2.0
Trail of Bits Security Reviews,GITHUB_releases_daily,2024-08-09,1.0
Runtime Verification,GITHUB_repositories_daily,2024-08-09,11.0
Trail of Bits Security Reviews,GITHUB_repositories_daily,2024-08-09,13.0
Passport XYZ,GITHUB_contributors_daily,2024-08-09,1.0
thirdweb,GITHUB_active_developers_daily,2024-08-09,2.0
Redstone Finance,GITHUB_active_developers_daily,2024-08-09,1.0
Enclave,GITHUB_active_developers_daily,2024-08-09,1.0
Runtime Verification,GITHUB_merged_pull_requests_daily,2024-08-09,13.0
thirdweb,GITHUB_merged_pull_requests_daily,2024-08-09,16.0
thirdweb,GITHUB_stars_daily,2024-03-08,2.0
Redstone Finance,GITHUB_stars_daily,2024-03-08,4.0
Redstone Finance,GITHUB_commits_daily,2024-03-08,5.0
Trail of Bits Security Reviews,GITHUB_commits_daily,2024-03-08,11.0
thirdweb,GITHUB_releases_daily,2024-03-08,1.0
Runtime Verification,GITHUB_releases_daily,2024-03-08,5.0
Runtime Verification,GITHUB_repositories_daily,2024-03-08,13.0
thirdweb,GITHUB_repositories_daily,2024-03-08,4.0
Redstone Finance,GITHUB_repositories_daily,2024-03-08,6.0
Debid - Fairblock,GITHUB_contributors_daily,2024-03-08,3.0
thirdweb,GITHUB_contributors_daily,2024-03-08,12.0
Walnut,GITHUB_active_developers_daily,2024-03-08,1.0
Debid - Fairblock,GITHUB_active_developers_daily,2024-03-08,1.0
Trail of Bits Security Reviews,GITHUB_merged_pull_requests_daily,2024-03-08,3.0
Runtime Verification,GITHUB_merged_pull_requests_daily,2024-03-08,14.0
Trail of Bits Security Reviews,GITHUB_opened_issues_daily,2024-03-08,1.0
Open Source Observer,GITHUB_opened_issues_daily,2024-03-08,13.0
Runtime Verification,GITHUB_opened_issues_daily,2024-03-08,3.0
Open Source Observer,GITHUB_closed_issues_daily,2024-03-08,5.0
Open Source Observer,GITHUB_comments_daily,2025-02-27,13.0
CodeTracer,GITHUB_comments_daily,2025-02-27,5.0
Passport XYZ,GITHUB_stars_daily,2025-02-27,6.0
CodeTracer,GITHUB_stars_daily,2025-02-27,4.0
Open Source Observer,GITHUB_commits_daily,2025-02-27,6.0
Passport XYZ,GITHUB_commits_daily,2025-02-27,2.0
CodeTracer,GITHUB_commits_daily,2025-02-27,3.0
Passport XYZ,GITHUB_releases_daily,2025-02-27,2.0
Pyth Network,GITHUB_releases_daily,2025-02-27,1.0
Runtime Verification,GITHUB_releases_daily,2025-02-27,1.0
thirdweb,GITHUB_forks_daily,2025-02-27,2.0
Runtime Verification,GITHUB_repositories_daily,2025-02-27,4.0
Redstone Finance,GITHUB_repositories_daily,2025-02-27,3.0
Passport XYZ,GITHUB_repositories_daily,2025-02-27,3.0
thirdweb,GITHUB_contributors_daily,2025-02-27,8.0
Passport XYZ,GITHUB_contributors_daily,2025-02-27,2.0
Redstone Finance,GITHUB_contributors_daily,2025-02-27,5.0
Open Source Observer,GITHUB_contributors_daily,2025-02-27,7.0
Pyth Network,GITHUB_active_developers_daily,2025-02-27,6.0
Redstone Finance,GITHUB_active_developers_daily,2025-02-27,4.0
Open Source Observer,GITHUB_active_developers_daily,2025-02-27,5.0
thirdweb,GITHUB_active_developers_daily,2025-02-27,3.0
9Lives,GITHUB_active_developers_daily,2025-02-27,2.0
Walnut,GITHUB_opened_pull_requests_daily,2025-02-27,3.0
Runtime Verification,GITHUB_opened_pull_requests_daily,2025-02-27,3.0
Redstone Finance,GITHUB_opened_pull_requests_daily,2025-02-27,3.0
thirdweb,GITHUB_opened_pull_requests_daily,2025-02-27,9.0
Passport XYZ,GITHUB_opened_pull_requests_daily,2025-02-27,4.0
Pyth Network,GITHUB_opened_pull_requests_daily,2025-02-27,14.0
Open Source Observer,GITHUB_merged_pull_requests_daily,2025-02-27,6.0
thirdweb,GITHUB_merged_pull_requests_daily,2025-02-27,13.0
Redstone Finance,GITHUB_merged_pull_requests_daily,2025-02-27,2.0
Passport XYZ,GITHUB_merged_pull_requests_daily,2025-02-27,2.0
CodeTracer,GITHUB_merged_pull_requests_daily,2025-02-27,2.0
Walnut,GITHUB_closed_issues_daily,2025-02-27,3.0
thirdweb,GITHUB_comments_daily,2024-01-13,5.0
Trail of Bits Security Reviews,GITHUB_comments_daily,2024-01-13,4.0
Pyth Network,GITHUB_stars_daily,2024-01-13,1.0
Open Source Observer,GITHUB_commits_daily,2024-01-13,2.0
thirdweb,GITHUB_contributors_daily,2024-01-13,2.0
thirdweb,GITHUB_opened_pull_requests_daily,2024-01-13,3.0
Enclave,GITHUB_comments_daily,2024-12-03,1.0
Walnut,GITHUB_stars_daily,2024-12-03,5.0
Open Source Observer,GITHUB_commits_daily,2024-12-03,7.0
Pyth Network,GITHUB_releases_daily,2024-12-03,2.0
Runtime Verification,GITHUB_releases_daily,2024-12-03,2.0
Syndicate Protocol,GITHUB_forks_daily,2024-12-03,1.0
thirdweb,GITHUB_forks_daily,2024-12-03,1.0
Runtime Verification,GITHUB_forks_daily,2024-12-03,2.0
Syndicate Protocol,GITHUB_contributors_daily,2024-12-03,1.0
Runtime Verification,GITHUB_contributors_daily,2024-12-03,4.0
Enclave,GITHUB_contributors_daily,2024-12-03,2.0
Passport XYZ,GITHUB_contributors_daily,2024-12-03,5.0
Trail of Bits Security Reviews,GITHUB_contributors_daily,2024-12-03,2.0
Pyth Network,GITHUB_contributors_daily,2024-12-03,9.0
Redstone Finance,GITHUB_merged_pull_requests_daily,2024-12-03,1.0
Debid - Fairblock,GITHUB_active_developers_daily,2024-12-03,1.0
Pyth Network,GITHUB_active_developers_daily,2024-12-03,4.0
Open Source Observer,GITHUB_opened_issues_daily,2024-12-03,18.0
thirdweb,GITHUB_closed_issues_daily,2024-12-03,2.0
Open Source Observer,GITHUB_comments_daily,2024-06-29,1.0
Pyth Network,GITHUB_comments_daily,2024-06-29,20.0
Runtime Verification,GITHUB_stars_daily,2024-06-29,1.0
Walnut,GITHUB_commits_daily,2024-06-29,33.0
Trail of Bits Security Reviews,GITHUB_forks_daily,2024-06-29,1.0
thirdweb,GITHUB_forks_daily,2024-06-29,1.0
Trail of Bits Security Reviews,GITHUB_repositories_daily,2024-06-29,7.0
Passport XYZ,GITHUB_repositories_daily,2024-06-29,2.0
Pyth Network,GITHUB_contributors_daily,2024-06-29,4.0
Walnut,GITHUB_contributors_daily,2024-06-29,5.0
Redstone Finance,GITHUB_active_developers_daily,2024-06-29,1.0
thirdweb,GITHUB_closed_issues_daily,2024-06-29,2.0
Pyth Network,GITHUB_commits_daily,2024-01-05,1.0
thirdweb,GITHUB_commits_daily,2024-01-05,12.0
Pyth Network,GITHUB_repositories_daily,2024-01-05,3.0
thirdweb,GITHUB_repositories_daily,2024-01-05,5.0
Debid - Fairblock,GITHUB_repositories_daily,2024-01-05,1.0
Remix IDE plugin for Arbitrum Stylus,GITHUB_repositories_daily,2024-01-05,1.0
Pyth Network,GITHUB_active_developers_daily,2024-01-05,1.0
Trail of Bits Security Reviews,GITHUB_active_developers_daily,2024-01-05,2.0
Remix IDE plugin for Arbitrum Stylus,GITHUB_active_developers_daily,2024-01-05,1.0
Pyth Network,GITHUB_opened_pull_requests_daily,2024-01-05,5.0
Pyth Network,GITHUB_comments_daily,2025-03-18,29.0
Runtime Verification,GITHUB_commits_daily,2025-03-18,8.0
Trail of Bits Security Reviews,GITHUB_commits_daily,2025-03-18,3.0
Open Source Observer,GITHUB_commits_daily,2025-03-18,11.0
Remix IDE plugin for Arbitrum Stylus,GITHUB_commits_daily,2025-03-18,1.0
Trail of Bits Security Reviews,GITHUB_releases_daily,2025-03-18,1.0
thirdweb,GITHUB_forks_daily,2025-03-18,3.0
CodeTracer,GITHUB_repositories_daily,2025-03-18,1.0
Walnut,GITHUB_repositories_daily,2025-03-18,3.0
Remix IDE plugin for Arbitrum Stylus,GITHUB_repositories_daily,2025-03-18,2.0
Enclave,GITHUB_repositories_daily,2025-03-18,1.0
Solang,GITHUB_repositories_daily,2025-03-18,1.0
CodeTracer,GITHUB_contributors_daily,2025-03-18,2.0
Remix IDE plugin for Arbitrum Stylus,GITHUB_contributors_daily,2025-03-18,1.0
Trail of Bits Security Reviews,GITHUB_contributors_daily,2025-03-18,2.0
Runtime Verification,GITHUB_active_developers_daily,2025-03-18,3.0
Trail of Bits Security Reviews,GITHUB_opened_pull_requests_daily,2025-03-18,4.0
thirdweb,GITHUB_merged_pull_requests_daily,2025-03-18,6.0
Remix IDE plugin for Arbitrum Stylus,GITHUB_merged_pull_requests_daily,2025-03-18,1.0
Open Source Observer,GITHUB_merged_pull_requests_daily,2025-03-18,10.0
Open Source Observer,GITHUB_opened_issues_daily,2025-03-18,9.0
Enclave,GITHUB_opened_issues_daily,2025-03-18,2.0
Runtime Verification,GITHUB_comments_daily,2025-02-12,8.0
Trail of Bits Security Reviews,GITHUB_comments_daily,2025-02-12,13.0
Trail of Bits Security Reviews,GITHUB_stars_daily,2025-02-12,10.0
thirdweb,GITHUB_stars_daily,2025-02-12,2.0
Passport XYZ,GITHUB_commits_daily,2025-02-12,6.0
Walnut,GITHUB_commits_daily,2025-02-12,5.0
Trail of Bits Security Reviews,GITHUB_releases_daily,2025-02-12,1.0
Pyth Network,GITHUB_releases_daily,2025-02-12,2.0
Open Source Observer,GITHUB_repositories_daily,2025-02-12,3.0
Passport XYZ,GITHUB_repositories_daily,2025-02-12,3.0
Trail of Bits Security Reviews,GITHUB_repositories_daily,2025-02-12,17.0
Walnut,GITHUB_contributors_daily,2025-02-12,5.0
Pyth Network,GITHUB_active_developers_daily,2025-02-12,5.0
Walnut,GITHUB_active_developers_daily,2025-02-12,1.0
Open Source Observer,GITHUB_opened_pull_requests_daily,2025-02-12,4.0
Passport XYZ,GITHUB_opened_pull_requests_daily,2025-02-12,4.0
Open Source Observer,GITHUB_merged_pull_requests_daily,2025-02-12,4.0
thirdweb,GITHUB_merged_pull_requests_daily,2025-02-12,8.0
Runtime Verification,GITHUB_opened_issues_daily,2025-02-12,1.0
Runtime Verification,GITHUB_closed_issues_daily,2025-02-12,2.0
Walnut,GITHUB_closed_issues_daily,2025-02-12,1.0
Open Source Observer,GITHUB_closed_issues_daily,2025-02-12,1.0
Pyth Network,GITHUB_comments_daily,2025-01-20,37.0
Runtime Verification,GITHUB_comments_daily,2025-01-20,6.0
Passport XYZ,GITHUB_stars_weekly,2025-01-20,22.0
Redstone Finance,GITHUB_stars_weekly,2025-01-20,8.0
Pyth Network,GITHUB_stars_weekly,2025-01-20,10.0
Open Source Observer,GITHUB_stars_daily,2025-01-20,1.0
Pyth Network,GITHUB_stars_daily,2025-01-20,1.0
Trail of Bits Security Reviews,GITHUB_stars_daily,2025-01-20,10.0
Pyth Network,GITHUB_releases_weekly,2025-01-20,6.0
Runtime Verification,GITHUB_commits_daily,2025-01-20,11.0
9Lives,GITHUB_commits_daily,2025-01-20,14.0
Open Source Observer,GITHUB_commits_daily,2025-01-20,2.0
9Lives,GITHUB_commits_weekly,2025-01-20,50.0
Runtime Verification,GITHUB_comments_weekly,2025-01-20,68.0
Moving Stylus,GITHUB_commits_weekly,2025-01-20,20.0
Pyth Network,GITHUB_comments_weekly,2025-01-20,199.0
CoBuilders,GITHUB_comments_weekly,2025-01-20,4.0
Solang,GITHUB_repositories_weekly,2025-01-20,1.0
9Lives,GITHUB_repositories_weekly,2025-01-20,1.0
Open Source Observer,GITHUB_repositories_weekly,2025-01-20,5.0
thirdweb,GITHUB_forks_daily,2025-01-20,2.0
Solang,GITHUB_repositories_daily,2025-01-20,1.0
Pyth Network,GITHUB_repositories_daily,2025-01-20,3.0
CoBuilders,GITHUB_repositories_daily,2025-01-20,1.0
Open Source Observer,GITHUB_contributors_weekly,2025-01-20,11.0
Redstone Finance,GITHUB_contributors_weekly,2025-01-20,6.0
Pyth Network,GITHUB_active_developers_weekly,2025-01-20,14.0
Open Source Observer,GITHUB_active_developers_weekly,2025-01-20,9.0
Open Source Observer,GITHUB_contributors_daily,2025-01-20,2.0
CoBuilders,GITHUB_contributors_daily,2025-01-20,1.0
Pyth Network,GITHUB_active_developers_daily,2025-01-20,7.0
Runtime Verification,GITHUB_opened_pull_requests_weekly,2025-01-20,28.0
Runtime Verification,GITHUB_merged_pull_requests_daily,2025-01-20,5.0
thirdweb,GITHUB_merged_pull_requests_daily,2025-01-20,4.0
Solang,GITHUB_opened_issues_weekly,2025-01-20,10.0
Moving Stylus,GITHUB_opened_issues_weekly,2025-01-20,1.0
Trail of Bits Security Reviews,GITHUB_opened_issues_weekly,2025-01-20,10.0
Runtime Verification,GITHUB_opened_issues_weekly,2025-01-20,5.0
Walnut,GITHUB_opened_issues_weekly,2025-01-20,6.0
Runtime Verification,GITHUB_closed_issues_weekly,2025-01-20,1.0
Walnut,GITHUB_closed_issues_weekly,2025-01-20,3.0
thirdweb,GITHUB_closed_issues_weekly,2025-01-20,5.0
thirdweb,GITHUB_closed_issues_daily,2025-01-20,2.0
Redstone Finance,GITHUB_comments_daily,2024-07-21,1.0
Runtime Verification,GITHUB_stars_daily,2024-07-21,2.0
thirdweb,GITHUB_stars_daily,2024-07-21,3.0
thirdweb,GITHUB_commits_daily,2024-07-21,2.0
thirdweb,GITHUB_repositories_daily,2024-07-21,3.0
Open Source Observer,GITHUB_repositories_daily,2024-07-21,2.0
Pyth Network,GITHUB_repositories_daily,2024-07-21,2.0
Trail of Bits Security Reviews,GITHUB_active_developers_daily,2024-07-21,2.0
thirdweb,GITHUB_active_developers_daily,2024-07-21,1.0
Pyth Network,GITHUB_closed_issues_daily,2024-07-21,1.0
Pyth Network,GITHUB_comments_daily,2024-03-06,9.0
Trail of Bits Security Reviews,GITHUB_stars_daily,2024-03-06,11.0
thirdweb,GITHUB_forks_daily,2024-03-06,5.0
Debid - Fairblock,GITHUB_repositories_daily,2024-03-06,2.0
Open Source Observer,GITHUB_repositories_daily,2024-03-06,4.0
Runtime Verification,GITHUB_active_developers_daily,2024-03-06,7.0
Pyth Network,GITHUB_active_developers_daily,2024-03-06,3.0
thirdweb,GITHUB_active_developers_daily,2024-03-06,6.0
Trail of Bits Security Reviews,GITHUB_opened_pull_requests_daily,2024-03-06,6.0
Open Source Observer,GITHUB_opened_pull_requests_daily,2024-03-06,1.0
thirdweb,GITHUB_opened_pull_requests_daily,2024-03-06,13.0
Runtime Verification,GITHUB_merged_pull_requests_daily,2024-03-06,19.0
Open Source Observer,GITHUB_closed_issues_daily,2024-03-06,1.0
Redstone Finance,GITHUB_comments_daily,2024-10-29,4.0
thirdweb,GITHUB_commits_daily,2024-10-29,14.0
Open Source Observer,GITHUB_commits_daily,2024-10-29,35.0
Runtime Verification,GITHUB_commits_daily,2024-10-29,14.0
Redstone Finance,GITHUB_commits_daily,2024-10-29,4.0
Debid - Fairblock,GITHUB_releases_daily,2024-10-29,2.0
Pyth Network,GITHUB_releases_daily,2024-10-29,1.0
Enclave,GITHUB_repositories_daily,2024-10-29,1.0
Debid - Fairblock,GITHUB_contributors_daily,2024-10-29,3.0
Pyth Network,GITHUB_contributors_daily,2024-10-29,7.0
Enclave,GITHUB_contributors_daily,2024-10-29,1.0
Redstone Finance,GITHUB_contributors_daily,2024-10-29,2.0
Open Source Observer,GITHUB_active_developers_daily,2024-10-29,2.0
Passport XYZ,GITHUB_merged_pull_requests_daily,2024-10-29,4.0
Open Source Observer,GITHUB_merged_pull_requests_daily,2024-10-29,4.0
Trail of Bits Security Reviews,GITHUB_merged_pull_requests_daily,2024-10-29,2.0
Debid - Fairblock,GITHUB_opened_issues_daily,2024-10-29,1.0
Open Source Observer,GITHUB_comments_daily,2024-08-17,16.0
Runtime Verification,GITHUB_stars_daily,2024-08-17,3.0
Runtime Verification,GITHUB_commits_daily,2024-08-17,2.0
Runtime Verification,GITHUB_releases_daily,2024-08-17,2.0
thirdweb,GITHUB_forks_daily,2024-08-17,1.0
Runtime Verification,GITHUB_repositories_daily,2024-08-17,5.0
thirdweb,GITHUB_contributors_daily,2024-08-17,5.0
thirdweb,GITHUB_active_developers_daily,2024-08-17,2.0
Trail of Bits Security Reviews,GITHUB_active_developers_daily,2024-08-17,2.0
thirdweb,GITHUB_opened_issues_daily,2024-08-17,1.0
Open Source Observer,GITHUB_comments_daily,2025-01-28,24.0
Enclave,GITHUB_comments_daily,2025-01-28,1.0
Redstone Finance,GITHUB_comments_daily,2025-01-28,2.0
Open Source Observer,GITHUB_stars_daily,2025-01-28,1.0
Redstone Finance,GITHUB_stars_daily,2025-01-28,2.0
Redstone Finance,GITHUB_commits_daily,2025-01-28,2.0
Trail of Bits Security Reviews,GITHUB_commits_daily,2025-01-28,3.0
thirdweb,GITHUB_commits_daily,2025-01-28,11.0
Passport XYZ,GITHUB_releases_daily,2025-01-28,4.0
9Lives,GITHUB_repositories_daily,2025-01-28,1.0
9Lives,GITHUB_contributors_daily,2025-01-28,2.0
Walnut,GITHUB_contributors_daily,2025-01-28,3.0
Passport XYZ,GITHUB_active_developers_daily,2025-01-28,2.0
9Lives,GITHUB_active_developers_daily,2025-01-28,2.0
Arbos Foundry,GITHUB_active_developers_daily,2025-01-28,1.0
Walnut,GITHUB_opened_pull_requests_daily,2025-01-28,3.0
Trail of Bits Security Reviews,GITHUB_opened_pull_requests_daily,2025-01-28,4.0
Passport XYZ,GITHUB_opened_pull_requests_daily,2025-01-28,3.0
Open Source Observer,GITHUB_opened_pull_requests_daily,2025-01-28,9.0
thirdweb,GITHUB_merged_pull_requests_daily,2025-01-28,8.0
Runtime Verification,GITHUB_merged_pull_requests_daily,2025-01-28,8.0
Runtime Verification,GITHUB_opened_issues_daily,2025-01-28,1.0
Open Source Observer,GITHUB_opened_issues_daily,2025-01-28,5.0
Open Source Observer,GITHUB_closed_issues_daily,2025-01-28,3.0
Trail of Bits Security Reviews,GITHUB_comments_daily,2024-04-29,16.0
thirdweb,GITHUB_comments_daily,2024-04-29,78.0
Syndicate Protocol,GITHUB_comments_daily,2024-04-29,7.0
thirdweb,GITHUB_stars_daily,2024-04-29,2.0
Redstone Finance,GITHUB_stars_weekly,2024-04-29,7.0
Walnut,GITHUB_commits_daily,2024-04-29,17.0
Debid - Fairblock,GITHUB_commits_daily,2024-04-29,1.0
Pyth Network,GITHUB_commits_daily,2024-04-29,6.0
Debid - Fairblock,GITHUB_releases_weekly,2024-04-29,1.0
Debid - Fairblock,GITHUB_commits_weekly,2024-04-29,41.0
Walnut,GITHUB_commits_weekly,2024-04-29,42.0
Walnut,GITHUB_comments_weekly,2024-04-29,1.0
Trail of Bits Security Reviews,GITHUB_comments_weekly,2024-04-29,64.0
Open Source Observer,GITHUB_comments_weekly,2024-04-29,102.0
thirdweb,GITHUB_repositories_weekly,2024-04-29,16.0
Debid - Fairblock,GITHUB_repositories_weekly,2024-04-29,3.0
Open Source Observer,GITHUB_repositories_weekly,2024-04-29,4.0
Redstone Finance,GITHUB_repositories_weekly,2024-04-29,8.0
Pyth Network,GITHUB_repositories_weekly,2024-04-29,11.0
Pyth Network,GITHUB_forks_daily,2024-04-29,1.0
thirdweb,GITHUB_repositories_daily,2024-04-29,7.0
Pyth Network,GITHUB_repositories_daily,2024-04-29,6.0
Runtime Verification,GITHUB_repositories_daily,2024-04-29,9.0
Pyth Network,GITHUB_contributors_weekly,2024-04-29,17.0
Open Source Observer,GITHUB_contributors_weekly,2024-04-29,4.0
Runtime Verification,GITHUB_active_developers_weekly,2024-04-29,8.0
Open Source Observer,GITHUB_active_developers_weekly,2024-04-29,3.0
Pyth Network,GITHUB_active_developers_weekly,2024-04-29,10.0
Syndicate Protocol,GITHUB_active_developers_weekly,2024-04-29,2.0
thirdweb,GITHUB_contributors_daily,2024-04-29,13.0
Redstone Finance,GITHUB_contributors_daily,2024-04-29,2.0
Trail of Bits Security Reviews,GITHUB_contributors_daily,2024-04-29,6.0
Pyth Network,GITHUB_contributors_daily,2024-04-29,7.0
Walnut,GITHUB_active_developers_daily,2024-04-29,1.0
Pyth Network,GITHUB_active_developers_daily,2024-04-29,4.0
Open Source Observer,GITHUB_opened_pull_requests_daily,2024-04-29,3.0
Runtime Verification,GITHUB_opened_pull_requests_daily,2024-04-29,4.0
Open Source Observer,GITHUB_opened_pull_requests_weekly,2024-04-29,36.0
Walnut,GITHUB_opened_pull_requests_weekly,2024-04-29,1.0
Trail of Bits Security Reviews,GITHUB_opened_pull_requests_weekly,2024-04-29,64.0
Runtime Verification,GITHUB_merged_pull_requests_weekly,2024-04-29,47.0
thirdweb,GITHUB_merged_pull_requests_weekly,2024-04-29,64.0
Debid - Fairblock,GITHUB_merged_pull_requests_weekly,2024-04-29,2.0
Syndicate Protocol,GITHUB_merged_pull_requests_weekly,2024-04-29,3.0
Open Source Observer,GITHUB_merged_pull_requests_weekly,2024-04-29,31.0
Trail of Bits Security Reviews,GITHUB_merged_pull_requests_weekly,2024-04-29,58.0
Redstone Finance,GITHUB_opened_issues_weekly,2024-04-29,1.0
Walnut,GITHUB_opened_issues_weekly,2024-04-29,2.0
Runtime Verification,GITHUB_opened_issues_weekly,2024-04-29,13.0
Walnut,GITHUB_opened_issues_daily,2024-04-29,1.0
Trail of Bits Security Reviews,GITHUB_closed_issues_weekly,2024-04-29,9.0
Runtime Verification,GITHUB_closed_issues_daily,2024-04-29,3.0
Passport XYZ,GITHUB_forks_weekly,2025-01-06,2.0
Trail of Bits Security Reviews,GITHUB_comments_daily,2025-01-06,5.0
Pyth Network,GITHUB_commits_daily,2025-01-06,8.0
Runtime Verification,GITHUB_stars_weekly,2025-01-06,6.0
Walnut,GITHUB_stars_weekly,2025-01-06,1.0
Runtime Verification,GITHUB_releases_daily,2025-01-06,2.0
Walnut,GITHUB_releases_daily,2025-01-06,2.0
Trail of Bits Security Reviews,GITHUB_releases_weekly,2025-01-06,4.0
9Lives,GITHUB_commits_weekly,2025-01-06,73.0
Walnut,GITHUB_comments_weekly,2025-01-06,12.0
Passport XYZ,GITHUB_forks_daily,2025-01-06,2.0
Walnut,GITHUB_repositories_daily,2025-01-06,4.0
Runtime Verification,GITHUB_repositories_daily,2025-01-06,6.0
Debid - Fairblock,GITHUB_repositories_weekly,2025-01-06,3.0
Moving Stylus,GITHUB_repositories_weekly,2025-01-06,1.0
9Lives,GITHUB_repositories_weekly,2025-01-06,1.0
Passport XYZ,GITHUB_repositories_weekly,2025-01-06,3.0
Trail of Bits Security Reviews,GITHUB_repositories_weekly,2025-01-06,40.0
Open Source Observer,GITHUB_contributors_daily,2025-01-06,2.0
Pyth Network,GITHUB_contributors_daily,2025-01-06,6.0
Walnut,GITHUB_contributors_weekly,2025-01-06,7.0
Redstone Finance,GITHUB_contributors_weekly,2025-01-06,6.0
Trail of Bits Security Reviews,GITHUB_active_developers_daily,2025-01-06,5.0
Walnut,GITHUB_active_developers_daily,2025-01-06,2.0
Runtime Verification,GITHUB_active_developers_daily,2025-01-06,1.0
Runtime Verification,GITHUB_active_developers_weekly,2025-01-06,3.0
Redstone Finance,GITHUB_active_developers_weekly,2025-01-06,4.0
Debid - Fairblock,GITHUB_active_developers_weekly,2025-01-06,1.0
9Lives,GITHUB_active_developers_weekly,2025-01-06,3.0
Open Source Observer,GITHUB_merged_pull_requests_weekly,2025-01-06,24.0
Trail of Bits Security Reviews,GITHUB_merged_pull_requests_daily,2025-01-06,8.0
Open Source Observer,GITHUB_opened_issues_daily,2025-01-06,1.0
Passport XYZ,GITHUB_opened_issues_daily,2025-01-06,4.0
Passport XYZ,GITHUB_opened_issues_weekly,2025-01-06,18.0
thirdweb,GITHUB_closed_issues_weekly,2025-01-06,3.0
Solang,GITHUB_closed_issues_weekly,2025-01-06,1.0
Open Source Observer,GITHUB_comments_daily,2024-07-03,17.0
Redstone Finance,GITHUB_comments_daily,2024-07-03,1.0
Runtime Verification,GITHUB_comments_daily,2024-07-03,16.0
Trail of Bits Security Reviews,GITHUB_stars_daily,2024-07-03,20.0
Pyth Network,GITHUB_repositories_daily,2024-07-03,3.0
Walnut,GITHUB_repositories_daily,2024-07-03,3.0
Runtime Verification,GITHUB_repositories_daily,2024-07-03,9.0
Walnut,GITHUB_active_developers_daily,2024-07-03,1.0
Trail of Bits Security Reviews,GITHUB_active_developers_daily,2024-07-03,3.0
Passport XYZ,GITHUB_active_developers_daily,2024-07-03,1.0
thirdweb,GITHUB_opened_pull_requests_daily,2024-07-03,17.0
Trail of Bits Security Reviews,GITHUB_merged_pull_requests_daily,2024-07-03,6.0
Trail of Bits Security Reviews,GITHUB_opened_issues_daily,2024-07-03,2.0
Open Source Observer,GITHUB_closed_issues_daily,2024-07-03,3.0
Open Source Observer,GITHUB_forks_weekly,2024-05-27,11.0
Pyth Network,GITHUB_forks_weekly,2024-05-27,2.0
Runtime Verification,GITHUB_comments_daily,2024-05-27,31.0
Trail of Bits Security Reviews,GITHUB_stars_daily,2024-05-27,13.0
Pyth Network,GITHUB_stars_daily,2024-05-27,1.0
Redstone Finance,GITHUB_stars_weekly,2024-05-27,6.0
Runtime Verification,GITHUB_stars_weekly,2024-05-27,18.0
Debid - Fairblock,GITHUB_commits_daily,2024-05-27,1.0
thirdweb,GITHUB_commits_daily,2024-05-27,6.0
Walnut,GITHUB_commits_daily,2024-05-27,2.0
Debid - Fairblock,GITHUB_releases_weekly,2024-05-27,2.0
Syndicate Protocol,GITHUB_commits_weekly,2024-05-27,1.0
thirdweb,GITHUB_commits_weekly,2024-05-27,77.0
Runtime Verification,GITHUB_commits_weekly,2024-05-27,104.0
Pyth Network,GITHUB_commits_weekly,2024-05-27,48.0
Runtime Verification,GITHUB_comments_weekly,2024-05-27,178.0
Runtime Verification,GITHUB_repositories_weekly,2024-05-27,19.0
Passport XYZ,GITHUB_repositories_weekly,2024-05-27,1.0
thirdweb,GITHUB_repositories_weekly,2024-05-27,8.0
Remix IDE plugin for Arbitrum Stylus,GITHUB_repositories_weekly,2024-05-27,1.0
Redstone Finance,GITHUB_repositories_weekly,2024-05-27,10.0
Pyth Network,GITHUB_repositories_weekly,2024-05-27,7.0
Walnut,GITHUB_repositories_weekly,2024-05-27,2.0
Trail of Bits Security Reviews,GITHUB_repositories_daily,2024-05-27,14.0
Open Source Observer,GITHUB_repositories_daily,2024-05-27,2.0
Remix IDE plugin for Arbitrum Stylus,GITHUB_contributors_weekly,2024-05-27,1.0
Passport XYZ,GITHUB_contributors_weekly,2024-05-27,1.0
Pyth Network,GITHUB_contributors_weekly,2024-05-27,13.0
Runtime Verification,GITHUB_contributors_weekly,2024-05-27,24.0
Remix IDE plugin for Arbitrum Stylus,GITHUB_active_developers_daily,2024-05-27,1.0
Debid - Fairblock,GITHUB_active_developers_daily,2024-05-27,1.0
Arbos Foundry,GITHUB_contributors_daily,2024-05-27,1.0
Pyth Network,GITHUB_contributors_daily,2024-05-27,7.0
Redstone Finance,GITHUB_active_developers_daily,2024-05-27,2.0
Walnut,GITHUB_active_developers_daily,2024-05-27,1.0
Arbos Foundry,GITHUB_active_developers_daily,2024-05-27,1.0
thirdweb,GITHUB_active_developers_weekly,2024-05-27,18.0
Debid - Fairblock,GITHUB_active_developers_weekly,2024-05-27,2.0
Syndicate Protocol,GITHUB_active_developers_weekly,2024-05-27,1.0
Runtime Verification,GITHUB_opened_pull_requests_daily,2024-05-27,13.0
thirdweb,GITHUB_opened_pull_requests_weekly,2024-05-27,96.0
Open Source Observer,GITHUB_opened_pull_requests_weekly,2024-05-27,42.0
thirdweb,GITHUB_merged_pull_requests_weekly,2024-05-27,78.0
Debid - Fairblock,GITHUB_merged_pull_requests_weekly,2024-05-27,1.0
Pyth Network,GITHUB_merged_pull_requests_daily,2024-05-27,8.0
Runtime Verification,GITHUB_opened_issues_weekly,2024-05-27,19.0
Trail of Bits Security Reviews,GITHUB_closed_issues_weekly,2024-05-27,7.0
Open Source Observer,GITHUB_comments_daily,2024-07-26,12.0
Redstone Finance,GITHUB_stars_daily,2024-07-26,2.0
thirdweb,GITHUB_commits_daily,2024-07-26,14.0
Debid - Fairblock,GITHUB_commits_daily,2024-07-26,22.0
Pyth Network,GITHUB_releases_daily,2024-07-26,3.0
thirdweb,GITHUB_releases_daily,2024-07-26,2.0
Walnut,GITHUB_repositories_daily,2024-07-26,1.0
Passport XYZ,GITHUB_repositories_daily,2024-07-26,2.0
Trail of Bits Security Reviews,GITHUB_repositories_daily,2024-07-26,17.0
Open Source Observer,GITHUB_contributors_daily,2024-07-26,4.0
Runtime Verification,GITHUB_contributors_daily,2024-07-26,11.0
thirdweb,GITHUB_contributors_daily,2024-07-26,12.0
Walnut,GITHUB_active_developers_daily,2024-07-26,1.0
Trail of Bits Security Reviews,GITHUB_active_developers_daily,2024-07-26,3.0
Walnut,GITHUB_opened_pull_requests_daily,2024-07-26,1.0
Passport XYZ,GITHUB_opened_pull_requests_daily,2024-07-26,4.0
Passport XYZ,GITHUB_merged_pull_requests_daily,2024-07-26,2.0
Pyth Network,GITHUB_comments_daily,2024-12-22,25.0
Enclave,GITHUB_comments_daily,2024-12-22,38.0
Trail of Bits Security Reviews,GITHUB_stars_daily,2024-12-22,9.0
Pyth Network,GITHUB_repositories_daily,2024-12-22,2.0
Pyth Network,GITHUB_contributors_daily,2024-12-22,2.0
Trail of Bits Security Reviews,GITHUB_active_developers_daily,2024-12-22,1.0
Trail of Bits Security Reviews,GITHUB_merged_pull_requests_daily,2024-12-22,4.0
Redstone Finance,GITHUB_forks_weekly,2024-10-21,1.0
Passport XYZ,GITHUB_forks_weekly,2024-10-21,16.0
Trail of Bits Security Reviews,GITHUB_forks_weekly,2024-10-21,7.0
Debid - Fairblock,GITHUB_forks_weekly,2024-10-21,15.0
Passport XYZ,GITHUB_comments_daily,2024-10-21,4.0
Trail of Bits Security Reviews,GITHUB_comments_daily,2024-10-21,14.0
Pyth Network,GITHUB_comments_daily,2024-10-21,17.0
Open Source Observer,GITHUB_comments_daily,2024-10-21,9.0
Runtime Verification,GITHUB_stars_weekly,2024-10-21,7.0
Solang,GITHUB_stars_weekly,2024-10-21,4.0
Passport XYZ,GITHUB_stars_weekly,2024-10-21,14.0
Trail of Bits Security Reviews,GITHUB_stars_daily,2024-10-21,11.0
Runtime Verification,GITHUB_commits_daily,2024-10-21,6.0
Pyth Network,GITHUB_commits_weekly,2024-10-21,62.0
Enclave,GITHUB_repositories_weekly,2024-10-21,1.0
Arbos Foundry,GITHUB_repositories_weekly,2024-10-21,1.0
thirdweb,GITHUB_releases_daily,2024-10-21,1.0
Trail of Bits Security Reviews,GITHUB_forks_daily,2024-10-21,1.0
Redstone Finance,GITHUB_contributors_daily,2024-10-21,3.0
Trail of Bits Security Reviews,GITHUB_opened_pull_requests_weekly,2024-10-21,64.0
Remix IDE plugin for Arbitrum Stylus,GITHUB_opened_pull_requests_weekly,2024-10-21,2.0
Open Source Observer,GITHUB_opened_pull_requests_weekly,2024-10-21,46.0
Walnut,GITHUB_opened_pull_requests_weekly,2024-10-21,2.0
Trail of Bits Security Reviews,GITHUB_opened_pull_requests_daily,2024-10-21,20.0
Pyth Network,GITHUB_opened_pull_requests_daily,2024-10-21,7.0
Syndicate Protocol,GITHUB_repositories_daily,2024-10-21,1.0
Redstone Finance,GITHUB_repositories_daily,2024-10-21,2.0
Passport XYZ,GITHUB_repositories_daily,2024-10-21,4.0
thirdweb,GITHUB_contributors_weekly,2024-10-21,17.0
Open Source Observer,GITHUB_contributors_weekly,2024-10-21,14.0
Trail of Bits Security Reviews,GITHUB_contributors_weekly,2024-10-21,17.0
Enclave,GITHUB_active_developers_weekly,2024-10-21,2.0
Open Source Observer,GITHUB_opened_issues_daily,2024-10-21,1.0
Open Source Observer,GITHUB_closed_issues_weekly,2024-10-21,23.0
Passport XYZ,GITHUB_closed_issues_daily,2024-10-21,6.0
Open Source Observer,GITHUB_closed_issues_daily,2024-10-21,1.0
Runtime Verification,GITHUB_merged_pull_requests_weekly,2024-10-21,18.0
thirdweb,GITHUB_merged_pull_requests_weekly,2024-10-21,79.0
Walnut,GITHUB_merged_pull_requests_weekly,2024-10-21,2.0
Redstone Finance,GITHUB_merged_pull_requests_weekly,2024-10-21,4.0
Pyth Network,GITHUB_merged_pull_requests_weekly,2024-10-21,33.0
Pyth Network,GITHUB_merged_pull_requests_daily,2024-10-21,7.0
Passport XYZ,GITHUB_merged_pull_requests_daily,2024-10-21,11.0
thirdweb,GITHUB_opened_issues_weekly,2024-10-21,4.0
Trail of Bits Security Reviews,GITHUB_opened_issues_weekly,2024-10-21,1.0
Runtime Verification,GITHUB_opened_issues_weekly,2024-10-21,5.0
Walnut,GITHUB_active_contributors_quarterly,2024-02-01,11.0
Walnut,GITHUB_new_contributors_quarterly,2024-02-01,9.0
Pyth Network,GITHUB_new_contributors_quarterly,2024-02-01,25.0
Debid - Fairblock,GITHUB_active_contributors_quarterly,2024-02-01,3.0
Trail of Bits Security Reviews,GITHUB_new_contributors_quarterly,2024-02-01,19.0
Pyth Network,GITHUB_releases_biannually,2024-02-01,14.0
Debid - Fairblock,GITHUB_releases_quarterly,2024-02-01,8.0
Walnut,GITHUB_commits_biannually,2024-02-01,102.0
Runtime Verification,GITHUB_commits_biannually,2024-02-01,540.0
Remix IDE plugin for Arbitrum Stylus,GITHUB_commits_biannually,2024-02-01,13.0
Open Source Observer,GITHUB_comments_daily,2024-02-01,2.0
Debid - Fairblock,GITHUB_active_developers_biannually,2024-02-01,2.0
thirdweb,GITHUB_repositories_quarterly,2024-02-01,36.0
Debid - Fairblock,GITHUB_repositories_quarterly,2024-02-01,6.0
Open Source Observer,GITHUB_repositories_quarterly,2024-02-01,3.0
Redstone Finance,GITHUB_active_developers_quarterly,2024-02-01,5.0
Walnut,GITHUB_active_developers_quarterly,2024-02-01,2.0
Debid - Fairblock,GITHUB_active_developers_quarterly,2024-02-01,2.0
Redstone Finance,GITHUB_forks_monthly,2024-02-01,10.0
Debid - Fairblock,GITHUB_forks_monthly,2024-02-01,8.0
Redstone Finance,GITHUB_part_time_developers_quarterly,2024-02-01,5.0
Redstone Finance,GITHUB_stars_biannually,2024-02-01,22.0
Syndicate Protocol,GITHUB_stars_biannually,2024-02-01,4.0
thirdweb,GITHUB_stars_biannually,2024-02-01,46.0
Walnut,GITHUB_stars_biannually,2024-02-01,8.0
Syndicate Protocol,GITHUB_part_time_developers_quarterly,2024-02-01,2.0
Remix IDE plugin for Arbitrum Stylus,GITHUB_part_time_developers_quarterly,2024-02-01,2.0
Open Source Observer,GITHUB_part_time_developers_quarterly,2024-02-01,4.0
thirdweb,GITHUB_part_time_developers_quarterly,2024-02-01,20.0
Debid - Fairblock,GITHUB_stars_biannually,2024-02-01,3.0
Pyth Network,GITHUB_stars_monthly,2024-02-01,63.0
thirdweb,GITHUB_stars_monthly,2024-02-01,46.0
Syndicate Protocol,GITHUB_commits_monthly,2024-02-01,21.0
Walnut,GITHUB_comments_monthly,2024-02-01,106.0
thirdweb,GITHUB_comments_monthly,2024-02-01,826.0
Pyth Network,GITHUB_comments_monthly,2024-02-01,369.0
Trail of Bits Security Reviews,GITHUB_comments_monthly,2024-02-01,161.0
thirdweb,GITHUB_stars_quarterly,2024-02-01,46.0
Redstone Finance,GITHUB_commits_daily,2024-02-01,1.0
Trail of Bits Security Reviews,GITHUB_commits_daily,2024-02-01,10.0
Remix IDE plugin for Arbitrum Stylus,GITHUB_commits_daily,2024-02-01,1.0
thirdweb,GITHUB_releases_monthly,2024-02-01,74.0
Trail of Bits Security Reviews,GITHUB_commits_quarterly,2024-02-01,328.0
WakeUp Labs,GITHUB_commits_quarterly,2024-02-01,11.0
thirdweb,GITHUB_commits_quarterly,2024-02-01,289.0
Redstone Finance,GITHUB_commits_quarterly,2024-02-01,140.0
Runtime Verification,GITHUB_commits_quarterly,2024-02-01,540.0
Trail of Bits Security Reviews,GITHUB_forks_biannually,2024-02-01,58.0
thirdweb,GITHUB_forks_biannually,2024-02-01,91.0
Remix IDE plugin for Arbitrum Stylus,GITHUB_forks_biannually,2024-02-01,1.0
Walnut,GITHUB_forks_biannually,2024-02-01,6.0
Syndicate Protocol,GITHUB_forks_biannually,2024-02-01,1.0
Walnut,GITHUB_forks_quarterly,2024-02-01,6.0
thirdweb,GITHUB_forks_quarterly,2024-02-01,91.0
thirdweb,GITHUB_forks_daily,2024-02-01,1.0
Runtime Verification,GITHUB_repositories_monthly,2024-02-01,29.0
Open Source Observer,GITHUB_repositories_biannually,2024-02-01,3.0
Walnut,GITHUB_repositories_biannually,2024-02-01,3.0
Redstone Finance,GITHUB_repositories_biannually,2024-02-01,13.0
WakeUp Labs,GITHUB_repositories_biannually,2024-02-01,1.0
thirdweb,GITHUB_repositories_monthly,2024-02-01,36.0
Syndicate Protocol,GITHUB_repositories_monthly,2024-02-01,2.0
Arbos Foundry,GITHUB_repositories_monthly,2024-02-01,2.0
Debid - Fairblock,GITHUB_repositories_biannually,2024-02-01,6.0
Debid - Fairblock,GITHUB_contributors_monthly,2024-02-01,3.0
Walnut,GITHUB_contributors_monthly,2024-02-01,11.0
Runtime Verification,GITHUB_contributors_monthly,2024-02-01,30.0
Syndicate Protocol,GITHUB_contributors_monthly,2024-02-01,2.0
thirdweb,GITHUB_contributors_quarterly,2024-02-01,46.0
Debid - Fairblock,GITHUB_contributors_quarterly,2024-02-01,3.0
Arbos Foundry,GITHUB_contributors_quarterly,2024-02-01,1.0
thirdweb,GITHUB_contributors_biannually,2024-02-01,46.0
WakeUp Labs,GITHUB_contributors_biannually,2024-02-01,2.0
Runtime Verification,GITHUB_contributors_biannually,2024-02-01,30.0
Walnut,GITHUB_contributors_biannually,2024-02-01,11.0
Syndicate Protocol,GITHUB_contributors_biannually,2024-02-01,2.0
Redstone Finance,GITHUB_contributors_daily,2024-02-01,1.0
Open Source Observer,GITHUB_contributors_daily,2024-02-01,3.0
Arbos Foundry,GITHUB_active_developers_monthly,2024-02-01,1.0
Walnut,GITHUB_active_developers_monthly,2024-02-01,2.0
Syndicate Protocol,GITHUB_active_developers_monthly,2024-02-01,2.0
Arbos Foundry,GITHUB_part_time_developers_monthly,2024-02-01,1.0
Runtime Verification,GITHUB_full_time_developers_monthly,2024-02-01,1.0
Remix IDE plugin for Arbitrum Stylus,GITHUB_active_developers_monthly,2024-02-01,2.0
Runtime Verification,GITHUB_active_developers_monthly,2024-02-01,19.0
Syndicate Protocol,GITHUB_part_time_developers_monthly,2024-02-01,2.0
Redstone Finance,GITHUB_full_time_developers_monthly,2024-02-01,1.0
Open Source Observer,GITHUB_part_time_developers_monthly,2024-02-01,2.0
WakeUp Labs,GITHUB_part_time_developers_biannually,2024-02-01,2.0
Trail of Bits Security Reviews,GITHUB_part_time_developers_biannually,2024-02-01,19.0
Runtime Verification,GITHUB_active_developers_daily,2024-02-01,1.0
Walnut,GITHUB_new_contributors_monthly,2024-02-01,9.0
Arbos Foundry,GITHUB_active_contributors_monthly,2024-02-01,1.0
WakeUp Labs,GITHUB_new_contributors_monthly,2024-02-01,1.0
Open Source Observer,GITHUB_active_contributors_monthly,2024-02-01,6.0
Syndicate Protocol,GITHUB_active_contributors_monthly,2024-02-01,2.0
Debid - Fairblock,GITHUB_full_time_contributors_monthly,2024-02-01,1.0
Runtime Verification,GITHUB_part_time_contributors_monthly,2024-02-01,15.0
Syndicate Protocol,GITHUB_new_contributors_monthly,2024-02-01,1.0
thirdweb,GITHUB_part_time_contributors_biannually,2024-02-01,46.0
WakeUp Labs,GITHUB_part_time_contributors_biannually,2024-02-01,2.0
Open Source Observer,GITHUB_part_time_contributors_biannually,2024-02-01,6.0
Redstone Finance,GITHUB_part_time_contributors_biannually,2024-02-01,7.0
Open Source Observer,GITHUB_active_contributors_biannually,2024-02-01,6.0
Pyth Network,GITHUB_part_time_contributors_biannually,2024-02-01,37.0
Arbos Foundry,GITHUB_part_time_contributors_biannually,2024-02-01,1.0
Runtime Verification,GITHUB_change_in_active_developers_monthly,2024-02-01,-1.0
Trail of Bits Security Reviews,GITHUB_change_in_active_developers_monthly,2024-02-01,4.0
Open Source Observer,GITHUB_change_in_full_time_contributors_monthly,2024-02-01,-1.0
thirdweb,GITHUB_change_in_full_time_contributors_monthly,2024-02-01,-3.0
Walnut,GITHUB_change_in_active_developers_monthly,2024-02-01,-9.0
thirdweb,GITHUB_change_in_part_time_contributors_monthly,2024-02-01,5.0
Trail of Bits Security Reviews,GITHUB_change_in_full_time_contributors_monthly,2024-02-01,0.0
Walnut,GITHUB_change_in_part_time_contributors_monthly,2024-02-01,-7.0
Debid - Fairblock,GITHUB_change_in_active_developers_monthly,2024-02-01,12.0
Pyth Network,GITHUB_change_in_part_time_contributors_quarterly,2024-02-01,-18.0
Walnut,GITHUB_change_in_part_time_contributors_quarterly,2024-02-01,-9.0
Remix IDE plugin for Arbitrum Stylus,GITHUB_change_in_active_developers_biannually,2024-02-01,0.0
thirdweb,GITHUB_change_in_part_time_contributors_biannually,2024-02-01,2.0
Syndicate Protocol,GITHUB_change_in_active_developers_quarterly,2024-02-01,1.0
Debid - Fairblock,GITHUB_change_in_part_time_contributors_quarterly,2024-02-01,12.0
Remix IDE plugin for Arbitrum Stylus,GITHUB_change_in_part_time_contributors_quarterly,2024-02-01,0.0
Trail of Bits Security Reviews,GITHUB_change_in_part_time_contributors_biannually,2024-02-01,4.0
Syndicate Protocol,GITHUB_change_in_active_developers_biannually,2024-02-01,1.0
WakeUp Labs,GITHUB_change_in_active_developers_biannually,2024-02-01,2.0
Redstone Finance,GITHUB_change_in_active_developers_biannually,2024-02-01,-2.0
Open Source Observer,GITHUB_change_in_active_developers_biannually,2024-02-01,0.0
Remix IDE plugin for Arbitrum Stylus,GITHUB_change_in_part_time_contributors_biannually,2024-02-01,0.0
Runtime Verification,GITHUB_change_in_active_developers_quarterly,2024-02-01,-1.0
Trail of Bits Security Reviews,GITHUB_opened_pull_requests_daily,2024-02-01,8.0
Open Source Observer,GITHUB_opened_pull_requests_monthly,2024-02-01,85.0
thirdweb,GITHUB_opened_pull_requests_monthly,2024-02-01,336.0
Debid - Fairblock,GITHUB_opened_pull_requests_monthly,2024-02-01,15.0
Debid - Fairblock,GITHUB_opened_pull_requests_quarterly,2024-02-01,15.0
Open Source Observer,GITHUB_opened_pull_requests_biannually,2024-02-01,85.0
Runtime Verification,GITHUB_opened_pull_requests_quarterly,2024-02-01,348.0
Debid - Fairblock,GITHUB_opened_pull_requests_biannually,2024-02-01,15.0
Pyth Network,GITHUB_opened_pull_requests_quarterly,2024-02-01,155.0
Runtime Verification,GITHUB_merged_pull_requests_daily,2024-02-01,8.0
thirdweb,GITHUB_merged_pull_requests_daily,2024-02-01,16.0
Redstone Finance,GITHUB_merged_pull_requests_monthly,2024-02-01,1.0
thirdweb,GITHUB_merged_pull_requests_monthly,2024-02-01,294.0
Walnut,GITHUB_merged_pull_requests_biannually,2024-02-01,21.0
WakeUp Labs,GITHUB_merged_pull_requests_quarterly,2024-02-01,3.0
Redstone Finance,GITHUB_merged_pull_requests_quarterly,2024-02-01,1.0
Debid - Fairblock,GITHUB_merged_pull_requests_quarterly,2024-02-01,15.0
Trail of Bits Security Reviews,GITHUB_opened_issues_monthly,2024-02-01,31.0
Trail of Bits Security Reviews,GITHUB_opened_issues_quarterly,2024-02-01,31.0
Runtime Verification,GITHUB_opened_issues_daily,2024-02-01,9.0
Runtime Verification,GITHUB_opened_issues_biannually,2024-02-01,112.0
Walnut,GITHUB_closed_issues_monthly,2024-02-01,21.0
Trail of Bits Security Reviews,GITHUB_closed_issues_quarterly,2024-02-01,17.0
Pyth Network,GITHUB_closed_issues_quarterly,2024-02-01,2.0
Open Source Observer,GITHUB_closed_issues_biannually,2024-02-01,56.0
Runtime Verification,GITHUB_closed_issues_biannually,2024-02-01,70.0
Open Source Observer,GITHUB_avg_prs_time_to_merge_quarterly,2024-02-01,0.0
Trail of Bits Security Reviews,GITHUB_avg_time_to_first_response_quarterly,2024-02-01,2448466.328888889
Open Source Observer,GITHUB_avg_time_to_first_response_quarterly,2024-02-01,1026228.5866666667
Walnut,GITHUB_avg_time_to_first_response_quarterly,2024-02-01,380259.5283018868
WakeUp Labs,GITHUB_avg_time_to_first_response_quarterly,2024-02-01,0.0
Pyth Network,GITHUB_avg_prs_time_to_merge_biannually,2024-02-01,0.0
thirdweb,GITHUB_avg_time_to_first_response_biannually,2024-02-01,22769.118343195267
Runtime Verification,GITHUB_avg_time_to_first_response_biannually,2024-02-01,1115410.7136150235
Redstone Finance,GITHUB_avg_time_to_first_response_biannually,2024-02-01,11.0
Pyth Network,GITHUB_change_in_active_contributors_quarterly,2024-02-01,-18.0
Remix IDE plugin for Arbitrum Stylus,GITHUB_change_in_full_time_contributors_monthly,2024-02-01,0.0
Redstone Finance,GITHUB_change_in_full_time_contributors_quarterly,2024-02-01,0.0
Walnut,GITHUB_churned_contributors_monthly,2024-02-01,-18.0
Redstone Finance,GITHUB_change_in_new_contributors_monthly,2024-02-01,-1.0
Walnut,GITHUB_change_in_full_time_contributors_monthly,2024-02-01,-2.0
Walnut,GITHUB_change_in_new_contributors_monthly,2024-02-01,-9.0
Open Source Observer,GITHUB_churned_contributors_monthly,2024-02-01,-2.0
thirdweb,GITHUB_change_in_new_contributors_quarterly,2024-02-01,-2.0
Runtime Verification,GITHUB_change_in_full_time_contributors_quarterly,2024-02-01,0.0
Arbos Foundry,GITHUB_churned_contributors_quarterly,2024-02-01,0.0
Open Source Observer,GITHUB_change_in_new_contributors_biannually,2024-02-01,-1.0
Remix IDE plugin for Arbitrum Stylus,GITHUB_change_in_active_contributors_quarterly,2024-02-01,0.0
Remix IDE plugin for Arbitrum Stylus,GITHUB_change_in_new_contributors_quarterly,2024-02-01,0.0
Debid - Fairblock,GITHUB_change_in_full_time_contributors_biannually,2024-02-01,0.0
Runtime Verification,GITHUB_churned_contributors_biannually,2024-02-01,-3.0
Runtime Verification,GITHUB_change_in_active_contributors_biannually,2024-02-01,-1.0
Arbos Foundry,GITHUB_change_in_full_time_contributors_biannually,2024-02-01,0.0
Debid - Fairblock,GITHUB_churned_contributors_biannually,2024-02-01,11.0
Arbos Foundry,GITHUB_change_in_full_time_contributors_monthly,2024-02-01,0.0
Arbos Foundry,GITHUB_change_in_active_contributors_monthly,2024-02-01,0.0
Debid - Fairblock,GITHUB_change_in_new_contributors_monthly,2024-02-01,13.0
Debid - Fairblock,GITHUB_churned_contributors_monthly,2024-02-01,11.0
WakeUp Labs,GITHUB_churned_contributors_biannually,2024-02-01,1.0
Trail of Bits Security Reviews,GITHUB_change_in_new_contributors_biannually,2024-02-01,2.0
Redstone Finance,GITHUB_comments_daily,2024-09-09,1.0
Walnut,GITHUB_forks_weekly,2024-09-09,1.0
Redstone Finance,GITHUB_forks_weekly,2024-09-09,1.0
Trail of Bits Security Reviews,GITHUB_stars_daily,2024-09-09,10.0
thirdweb,GITHUB_stars_weekly,2024-09-09,11.0
Pyth Network,GITHUB_stars_weekly,2024-09-09,40.0
Runtime Verification,GITHUB_releases_weekly,2024-09-09,33.0
Trail of Bits Security Reviews,GITHUB_releases_weekly,2024-09-09,8.0
Pyth Network,GITHUB_releases_weekly,2024-09-09,18.0
Enclave,GITHUB_commits_weekly,2024-09-09,8.0
Pyth Network,GITHUB_commits_weekly,2024-09-09,102.0
Open Source Observer,GITHUB_comments_weekly,2024-09-09,118.0
Redstone Finance,GITHUB_comments_weekly,2024-09-09,18.0
Runtime Verification,GITHUB_comments_weekly,2024-09-09,123.0
Pyth Network,GITHUB_comments_weekly,2024-09-09,227.0
Sylow,GITHUB_repositories_weekly,2024-09-09,1.0
Open Source Observer,GITHUB_repositories_daily,2024-09-09,2.0
Passport XYZ,GITHUB_repositories_daily,2024-09-09,3.0
Open Source Observer,GITHUB_contributors_weekly,2024-09-09,10.0
Enclave,GITHUB_contributors_weekly,2024-09-09,3.0
Pyth Network,GITHUB_active_developers_weekly,2024-09-09,11.0
Open Source Observer,GITHUB_active_developers_weekly,2024-09-09,10.0
thirdweb,GITHUB_active_developers_weekly,2024-09-09,8.0
Passport XYZ,GITHUB_merged_pull_requests_daily,2024-09-09,8.0
Trail of Bits Security Reviews,GITHUB_active_developers_daily,2024-09-09,6.0
Pyth Network,GITHUB_active_developers_daily,2024-09-09,5.0
Open Source Observer,GITHUB_opened_pull_requests_daily,2024-09-09,8.0
Runtime Verification,GITHUB_opened_pull_requests_daily,2024-09-09,16.0
Open Source Observer,GITHUB_opened_pull_requests_weekly,2024-09-09,30.0
Pyth Network,GITHUB_opened_pull_requests_weekly,2024-09-09,78.0
Sylow,GITHUB_opened_pull_requests_weekly,2024-09-09,1.0
Runtime Verification,GITHUB_merged_pull_requests_weekly,2024-09-09,36.0
Pyth Network,GITHUB_merged_pull_requests_weekly,2024-09-09,73.0
Open Source Observer,GITHUB_merged_pull_requests_weekly,2024-09-09,28.0
Redstone Finance,GITHUB_merged_pull_requests_weekly,2024-09-09,12.0
Passport XYZ,GITHUB_opened_issues_weekly,2024-09-09,22.0
Trail of Bits Security Reviews,GITHUB_opened_issues_weekly,2024-09-09,3.0
thirdweb,GITHUB_opened_issues_daily,2024-09-09,1.0
thirdweb,GITHUB_forks_daily,2024-03-10,1.0
Trail of Bits Security Reviews,GITHUB_forks_daily,2024-03-10,1.0
Trail of Bits Security Reviews,GITHUB_repositories_daily,2024-03-10,9.0
Pyth Network,GITHUB_opened_pull_requests_daily,2024-03-10,1.0
thirdweb,GITHUB_contributors_daily,2024-03-10,1.0
Pyth Network,GITHUB_merged_pull_requests_daily,2024-03-10,1.0
Trail of Bits Security Reviews,GITHUB_merged_pull_requests_daily,2024-03-10,2.0
Walnut,GITHUB_merged_pull_requests_daily,2024-03-10,1.0
Trail of Bits Security Reviews,GITHUB_opened_issues_daily,2024-03-10,1.0
Pyth Network,GITHUB_opened_issues_daily,2024-03-10,1.0
Pyth Network,GITHUB_stars_daily,2024-11-05,1.0
thirdweb,GITHUB_releases_daily,2024-11-05,2.0
Pyth Network,GITHUB_commits_daily,2024-11-05,9.0
thirdweb,GITHUB_commits_daily,2024-11-05,19.0
thirdweb,GITHUB_forks_daily,2024-11-05,2.0
Redstone Finance,GITHUB_forks_daily,2024-11-05,1.0
Runtime Verification,GITHUB_repositories_daily,2024-11-05,1.0
Pyth Network,GITHUB_repositories_daily,2024-11-05,3.0
Redstone Finance,GITHUB_repositories_daily,2024-11-05,2.0
Redstone Finance,GITHUB_active_developers_daily,2024-11-05,2.0
Runtime Verification,GITHUB_active_developers_daily,2024-11-05,1.0
Enclave,GITHUB_active_developers_daily,2024-11-05,1.0
Pyth Network,GITHUB_active_developers_daily,2024-11-05,6.0
Open Source Observer,GITHUB_active_developers_daily,2024-11-05,4.0
Runtime Verification,GITHUB_contributors_daily,2024-11-05,2.0
Pyth Network,GITHUB_opened_pull_requests_daily,2024-11-05,11.0
Redstone Finance,GITHUB_opened_pull_requests_daily,2024-11-05,1.0
Trail of Bits Security Reviews,GITHUB_opened_pull_requests_daily,2024-11-05,7.0
Runtime Verification,GITHUB_opened_pull_requests_daily,2024-11-05,1.0
thirdweb,GITHUB_opened_pull_requests_daily,2024-11-05,17.0
Trail of Bits Security Reviews,GITHUB_merged_pull_requests_daily,2024-11-05,6.0
Redstone Finance,GITHUB_merged_pull_requests_daily,2024-11-05,1.0
Open Source Observer,GITHUB_closed_issues_daily,2024-11-05,2.0
Trail of Bits Security Reviews,GITHUB_commits_daily,2024-05-15,18.0
Open Source Observer,GITHUB_commits_daily,2024-05-15,17.0
Runtime Verification,GITHUB_commits_daily,2024-05-15,44.0
Pyth Network,GITHUB_commits_daily,2024-05-15,5.0
Open Source Observer,GITHUB_comments_daily,2024-05-15,32.0
Runtime Verification,GITHUB_stars_daily,2024-05-15,2.0
Debid - Fairblock,GITHUB_stars_daily,2024-05-15,1.0
Debid - Fairblock,GITHUB_releases_daily,2024-05-15,3.0
Redstone Finance,GITHUB_repositories_daily,2024-05-15,2.0
Open Source Observer,GITHUB_repositories_daily,2024-05-15,2.0
Debid - Fairblock,GITHUB_repositories_daily,2024-05-15,2.0
Pyth Network,GITHUB_repositories_daily,2024-05-15,4.0
Runtime Verification,GITHUB_contributors_daily,2024-05-15,18.0
Debid - Fairblock,GITHUB_contributors_daily,2024-05-15,2.0
Pyth Network,GITHUB_active_developers_daily,2024-05-15,3.0
thirdweb,GITHUB_active_developers_daily,2024-05-15,8.0
Pyth Network,GITHUB_opened_pull_requests_daily,2024-05-15,7.0
Runtime Verification,GITHUB_opened_pull_requests_daily,2024-05-15,16.0
Debid - Fairblock,GITHUB_merged_pull_requests_daily,2024-05-15,2.0
Runtime Verification,GITHUB_closed_issues_daily,2024-05-15,8.0
Open Source Observer,GITHUB_closed_issues_daily,2024-05-15,3.0
Runtime Verification,GITHUB_opened_issues_daily,2024-05-15,16.0
Pyth Network,GITHUB_forks_weekly,2024-09-02,4.0
thirdweb,GITHUB_comments_daily,2024-09-02,75.0
Open Source Observer,GITHUB_stars_weekly,2024-09-02,5.0
Runtime Verification,GITHUB_stars_weekly,2024-09-02,8.0
thirdweb,GITHUB_stars_weekly,2024-09-02,8.0
Runtime Verification,GITHUB_stars_daily,2024-09-02,1.0
Trail of Bits Security Reviews,GITHUB_releases_weekly,2024-09-02,6.0
Runtime Verification,GITHUB_releases_weekly,2024-09-02,31.0
Open Source Observer,GITHUB_commits_weekly,2024-09-02,60.0
WakeUp Labs,GITHUB_commits_weekly,2024-09-02,4.0
Syndicate Protocol,GITHUB_commits_weekly,2024-09-02,1.0
Arbos Foundry,GITHUB_commits_weekly,2024-09-02,18.0
Passport XYZ,GITHUB_commits_weekly,2024-09-02,22.0
Walnut,GITHUB_comments_weekly,2024-09-02,2.0
Trail of Bits Security Reviews,GITHUB_comments_weekly,2024-09-02,33.0
Runtime Verification,GITHUB_repositories_weekly,2024-09-02,25.0
Trail of Bits Security Reviews,GITHUB_repositories_weekly,2024-09-02,33.0
Redstone Finance,GITHUB_repositories_weekly,2024-09-02,7.0
Arbos Foundry,GITHUB_repositories_weekly,2024-09-02,1.0
Remix IDE plugin for Arbitrum Stylus,GITHUB_repositories_weekly,2024-09-02,1.0
Open Source Observer,GITHUB_repositories_weekly,2024-09-02,7.0
Pyth Network,GITHUB_forks_daily,2024-09-02,2.0
Open Source Observer,GITHUB_forks_daily,2024-09-02,1.0
Redstone Finance,GITHUB_repositories_daily,2024-09-02,3.0
Passport XYZ,GITHUB_repositories_daily,2024-09-02,1.0
Runtime Verification,GITHUB_repositories_daily,2024-09-02,7.0
Open Source Observer,GITHUB_repositories_daily,2024-09-02,3.0
Pyth Network,GITHUB_repositories_daily,2024-09-02,7.0
Enclave,GITHUB_repositories_daily,2024-09-02,1.0
Trail of Bits Security Reviews,GITHUB_contributors_weekly,2024-09-02,13.0
Walnut,GITHUB_contributors_weekly,2024-09-02,4.0
WakeUp Labs,GITHUB_contributors_weekly,2024-09-02,2.0
Enclave,GITHUB_active_developers_weekly,2024-09-02,1.0
Remix IDE plugin for Arbitrum Stylus,GITHUB_active_developers_weekly,2024-09-02,1.0
Passport XYZ,GITHUB_active_developers_weekly,2024-09-02,2.0
Trail of Bits Security Reviews,GITHUB_contributors_daily,2024-09-02,3.0
Open Source Observer,GITHUB_active_developers_daily,2024-09-02,1.0
Walnut,GITHUB_active_developers_daily,2024-09-02,1.0
Redstone Finance,GITHUB_active_developers_daily,2024-09-02,3.0
Passport XYZ,GITHUB_opened_pull_requests_weekly,2024-09-02,30.0
Open Source Observer,GITHUB_opened_pull_requests_daily,2024-09-02,2.0
Enclave,GITHUB_opened_pull_requests_daily,2024-09-02,2.0
WakeUp Labs,GITHUB_merged_pull_requests_weekly,2024-09-02,2.0
thirdweb,GITHUB_merged_pull_requests_weekly,2024-09-02,121.0
Passport XYZ,GITHUB_merged_pull_requests_weekly,2024-09-02,24.0
Passport XYZ,GITHUB_opened_issues_weekly,2024-09-02,4.0
Open Source Observer,GITHUB_opened_issues_weekly,2024-09-02,42.0
Trail of Bits Security Reviews,GITHUB_opened_issues_weekly,2024-09-02,3.0
Runtime Verification,GITHUB_opened_issues_weekly,2024-09-02,5.0
Trail of Bits Security Reviews,GITHUB_stars_daily,2024-03-09,2.0
Debid - Fairblock,GITHUB_commits_daily,2024-03-09,2.0
Pyth Network,GITHUB_forks_daily,2024-03-09,3.0
Runtime Verification,GITHUB_repositories_daily,2024-03-09,5.0
Pyth Network,GITHUB_contributors_daily,2024-03-09,3.0
thirdweb,GITHUB_opened_pull_requests_daily,2024-03-09,5.0
Runtime Verification,GITHUB_opened_pull_requests_daily,2024-03-09,4.0
Redstone Finance,GITHUB_stars_daily,2024-05-06,3.0
Runtime Verification,GITHUB_stars_weekly,2024-05-06,4.0
Passport XYZ,GITHUB_commits_daily,2024-05-06,2.0
Pyth Network,GITHUB_commits_daily,2024-05-06,4.0
WakeUp Labs,GITHUB_commits_weekly,2024-05-06,1.0
Pyth Network,GITHUB_commits_weekly,2024-05-06,25.0
Walnut,GITHUB_commits_weekly,2024-05-06,17.0
thirdweb,GITHUB_comments_weekly,2024-05-06,418.0
Passport XYZ,GITHUB_comments_weekly,2024-05-06,10.0
Syndicate Protocol,GITHUB_comments_weekly,2024-05-06,2.0
Pyth Network,GITHUB_repositories_weekly,2024-05-06,15.0
Remix IDE plugin for Arbitrum Stylus,GITHUB_repositories_weekly,2024-05-06,1.0
Syndicate Protocol,GITHUB_repositories_weekly,2024-05-06,1.0
Redstone Finance,GITHUB_repositories_weekly,2024-05-06,13.0
Debid - Fairblock,GITHUB_repositories_daily,2024-05-06,2.0
Trail of Bits Security Reviews,GITHUB_repositories_daily,2024-05-06,17.0
Passport XYZ,GITHUB_contributors_daily,2024-05-06,1.0
Open Source Observer,GITHUB_contributors_daily,2024-05-06,2.0
Redstone Finance,GITHUB_contributors_daily,2024-05-06,2.0
Walnut,GITHUB_contributors_weekly,2024-05-06,3.0
WakeUp Labs,GITHUB_contributors_weekly,2024-05-06,1.0
Trail of Bits Security Reviews,GITHUB_contributors_weekly,2024-05-06,19.0
Open Source Observer,GITHUB_active_developers_weekly,2024-05-06,4.0
Trail of Bits Security Reviews,GITHUB_active_developers_weekly,2024-05-06,8.0
thirdweb,GITHUB_active_developers_weekly,2024-05-06,13.0
WakeUp Labs,GITHUB_active_developers_weekly,2024-05-06,1.0
Runtime Verification,GITHUB_active_developers_weekly,2024-05-06,5.0
Redstone Finance,GITHUB_active_developers_daily,2024-05-06,2.0
thirdweb,GITHUB_active_developers_daily,2024-05-06,5.0
Pyth Network,GITHUB_active_developers_daily,2024-05-06,4.0
Debid - Fairblock,GITHUB_active_developers_daily,2024-05-06,1.0
Passport XYZ,GITHUB_active_developers_daily,2024-05-06,1.0
Pyth Network,GITHUB_merged_pull_requests_weekly,2024-05-06,27.0
thirdweb,GITHUB_merged_pull_requests_weekly,2024-05-06,88.0
Runtime Verification,GITHUB_opened_pull_requests_daily,2024-05-06,11.0
Passport XYZ,GITHUB_opened_pull_requests_daily,2024-05-06,2.0
Trail of Bits Security Reviews,GITHUB_merged_pull_requests_daily,2024-05-06,10.0
Redstone Finance,GITHUB_opened_issues_weekly,2024-05-06,1.0
Trail of Bits Security Reviews,GITHUB_opened_issues_weekly,2024-05-06,9.0
Sylow,GITHUB_forks_weekly,2024-11-04,1.0
Trail of Bits Security Reviews,GITHUB_forks_weekly,2024-11-04,3.0
Open Source Observer,GITHUB_forks_weekly,2024-11-04,10.0
thirdweb,GITHUB_stars_daily,2024-11-04,7.0
Trail of Bits Security Reviews,GITHUB_commits_daily,2024-11-04,34.0
Debid - Fairblock,GITHUB_commits_daily,2024-11-04,10.0
Pyth Network,GITHUB_commits_daily,2024-11-04,5.0
Debid - Fairblock,GITHUB_stars_weekly,2024-11-04,8.0
Open Source Observer,GITHUB_stars_weekly,2024-11-04,3.0
Syndicate Protocol,GITHUB_stars_weekly,2024-11-04,2.0
Open Source Observer,GITHUB_commits_weekly,2024-11-04,31.0
Redstone Finance,GITHUB_commits_weekly,2024-11-04,20.0
Pyth Network,GITHUB_comments_weekly,2024-11-04,151.0
thirdweb,GITHUB_repositories_daily,2024-11-04,3.0
Open Source Observer,GITHUB_repositories_daily,2024-11-04,2.0
Pyth Network,GITHUB_repositories_daily,2024-11-04,3.0
Passport XYZ,GITHUB_repositories_daily,2024-11-04,2.0
Debid - Fairblock,GITHUB_repositories_weekly,2024-11-04,7.0
Trail of Bits Security Reviews,GITHUB_repositories_weekly,2024-11-04,33.0
Redstone Finance,GITHUB_repositories_weekly,2024-11-04,4.0
Runtime Verification,GITHUB_repositories_weekly,2024-11-04,14.0
Walnut,GITHUB_repositories_weekly,2024-11-04,3.0
Pyth Network,GITHUB_contributors_daily,2024-11-04,5.0
Passport XYZ,GITHUB_contributors_daily,2024-11-04,4.0
thirdweb,GITHUB_contributors_daily,2024-11-04,12.0
thirdweb,GITHUB_contributors_weekly,2024-11-04,21.0
Trail of Bits Security Reviews,GITHUB_contributors_weekly,2024-11-04,8.0
Remix IDE plugin for Arbitrum Stylus,GITHUB_contributors_weekly,2024-11-04,1.0
Redstone Finance,GITHUB_active_developers_weekly,2024-11-04,2.0
Debid - Fairblock,GITHUB_active_developers_weekly,2024-11-04,2.0
Open Source Observer,GITHUB_active_developers_weekly,2024-11-04,7.0
Open Source Observer,GITHUB_active_developers_daily,2024-11-04,1.0
Redstone Finance,GITHUB_opened_pull_requests_weekly,2024-11-04,2.0
Passport XYZ,GITHUB_opened_pull_requests_weekly,2024-11-04,23.0
Walnut,GITHUB_opened_pull_requests_weekly,2024-11-04,3.0
Open Source Observer,GITHUB_opened_pull_requests_weekly,2024-11-04,29.0
thirdweb,GITHUB_opened_pull_requests_weekly,2024-11-04,97.0
Passport XYZ,GITHUB_opened_pull_requests_daily,2024-11-04,4.0
Enclave,GITHUB_merged_pull_requests_weekly,2024-11-04,2.0
thirdweb,GITHUB_opened_issues_daily,2024-11-04,2.0
Enclave,GITHUB_opened_issues_weekly,2024-11-04,6.0
thirdweb,GITHUB_opened_issues_weekly,2024-11-04,6.0
Trail of Bits Security Reviews,GITHUB_opened_issues_weekly,2024-11-04,1.0
Passport XYZ,GITHUB_closed_issues_daily,2024-11-04,8.0
Enclave,GITHUB_closed_issues_weekly,2024-11-04,3.0
Trail of Bits Security Reviews,GITHUB_stars_daily,2025-02-04,12.0
thirdweb,GITHUB_stars_daily,2025-02-04,4.0
Walnut,GITHUB_commits_daily,2025-02-04,9.0
thirdweb,GITHUB_commits_daily,2025-02-04,8.0
thirdweb,GITHUB_releases_daily,2025-02-04,3.0
Trail of Bits Security Reviews,GITHUB_forks_daily,2025-02-04,1.0
Pyth Network,GITHUB_repositories_daily,2025-02-04,2.0
Enclave,GITHUB_repositories_daily,2025-02-04,1.0
9Lives,GITHUB_repositories_daily,2025-02-04,1.0
Enclave,GITHUB_contributors_daily,2025-02-04,1.0
Redstone Finance,GITHUB_contributors_daily,2025-02-04,5.0
Trail of Bits Security Reviews,GITHUB_contributors_daily,2025-02-04,5.0
Walnut,GITHUB_contributors_daily,2025-02-04,3.0
Runtime Verification,GITHUB_active_developers_daily,2025-02-04,3.0
Moving Stylus,GITHUB_active_developers_daily,2025-02-04,2.0
Walnut,GITHUB_active_developers_daily,2025-02-04,1.0
thirdweb,GITHUB_active_developers_daily,2025-02-04,3.0
Pyth Network,GITHUB_active_developers_daily,2025-02-04,2.0
Runtime Verification,GITHUB_opened_pull_requests_daily,2025-02-04,2.0
Pyth Network,GITHUB_merged_pull_requests_daily,2025-02-04,5.0
Open Source Observer,GITHUB_merged_pull_requests_daily,2025-02-04,8.0
Redstone Finance,GITHUB_merged_pull_requests_daily,2025-02-04,3.0
Runtime Verification,GITHUB_merged_pull_requests_daily,2025-02-04,8.0
Open Source Observer,GITHUB_opened_issues_daily,2025-02-04,13.0
Open Source Observer,GITHUB_closed_issues_daily,2025-02-04,14.0
Runtime Verification,GITHUB_comments_daily,2024-10-28,10.0
Pyth Network,GITHUB_comments_daily,2024-10-28,26.0
Trail of Bits Security Reviews,GITHUB_comments_daily,2024-10-28,8.0
Redstone Finance,GITHUB_stars_weekly,2024-10-28,1.0
Trail of Bits Security Reviews,GITHUB_releases_weekly,2024-10-28,2.0
Runtime Verification,GITHUB_commits_weekly,2024-10-28,78.0
Enclave,GITHUB_commits_weekly,2024-10-28,9.0
Trail of Bits Security Reviews,GITHUB_commits_weekly,2024-10-28,38.0
Debid - Fairblock,GITHUB_comments_weekly,2024-10-28,6.0
Runtime Verification,GITHUB_comments_weekly,2024-10-28,45.0
Walnut,GITHUB_comments_weekly,2024-10-28,1.0
Open Source Observer,GITHUB_forks_daily,2024-10-28,1.0
Runtime Verification,GITHUB_repositories_weekly,2024-10-28,24.0
Redstone Finance,GITHUB_repositories_weekly,2024-10-28,7.0
Solang,GITHUB_repositories_weekly,2024-10-28,1.0
thirdweb,GITHUB_repositories_daily,2024-10-28,5.0
Open Source Observer,GITHUB_repositories_daily,2024-10-28,2.0
Enclave,GITHUB_repositories_daily,2024-10-28,1.0
Redstone Finance,GITHUB_contributors_weekly,2024-10-28,3.0
Passport XYZ,GITHUB_contributors_weekly,2024-10-28,4.0
Walnut,GITHUB_contributors_weekly,2024-10-28,2.0
Debid - Fairblock,GITHUB_contributors_daily,2024-10-28,2.0
Enclave,GITHUB_contributors_daily,2024-10-28,1.0
Enclave,GITHUB_active_developers_weekly,2024-10-28,2.0
Debid - Fairblock,GITHUB_active_developers_daily,2024-10-28,1.0
thirdweb,GITHUB_active_developers_daily,2024-10-28,6.0
Open Source Observer,GITHUB_active_developers_daily,2024-10-28,1.0
Redstone Finance,GITHUB_opened_pull_requests_weekly,2024-10-28,9.0
Pyth Network,GITHUB_opened_pull_requests_weekly,2024-10-28,40.0
thirdweb,GITHUB_opened_pull_requests_weekly,2024-10-28,97.0
Debid - Fairblock,GITHUB_merged_pull_requests_weekly,2024-10-28,5.0
Enclave,GITHUB_merged_pull_requests_weekly,2024-10-28,3.0
Passport XYZ,GITHUB_merged_pull_requests_weekly,2024-10-28,12.0
Passport XYZ,GITHUB_opened_pull_requests_daily,2024-10-28,8.0
Open Source Observer,GITHUB_opened_pull_requests_daily,2024-10-28,5.0
thirdweb,GITHUB_merged_pull_requests_daily,2024-10-28,25.0
Passport XYZ,GITHUB_merged_pull_requests_daily,2024-10-28,2.0
Solang,GITHUB_opened_issues_weekly,2024-10-28,1.0
Pyth Network,GITHUB_opened_issues_weekly,2024-10-28,1.0
Enclave,GITHUB_opened_issues_daily,2024-10-28,4.0
Runtime Verification,GITHUB_opened_issues_daily,2024-10-28,1.0
Open Source Observer,GITHUB_closed_issues_weekly,2024-10-28,9.0
Passport XYZ,GITHUB_closed_issues_weekly,2024-10-28,8.0
thirdweb,GITHUB_closed_issues_weekly,2024-10-28,13.0
Runtime Verification,GITHUB_commits_daily,2024-10-11,9.0
Walnut,GITHUB_commits_daily,2024-10-11,3.0
Debid - Fairblock,GITHUB_commits_daily,2024-10-11,21.0
Trail of Bits Security Reviews,GITHUB_commits_daily,2024-10-11,3.0
Arbos Foundry,GITHUB_commits_daily,2024-10-11,20.0
Pyth Network,GITHUB_releases_daily,2024-10-11,1.0
Sylow,GITHUB_repositories_daily,2024-10-11,1.0
Passport XYZ,GITHUB_repositories_daily,2024-10-11,2.0
Enclave,GITHUB_repositories_daily,2024-10-11,1.0
Open Source Observer,GITHUB_repositories_daily,2024-10-11,4.0
Open Source Observer,GITHUB_forks_daily,2024-10-11,1.0
Walnut,GITHUB_contributors_daily,2024-10-11,2.0
Enclave,GITHUB_contributors_daily,2024-10-11,1.0
Debid - Fairblock,GITHUB_active_developers_daily,2024-10-11,1.0
Redstone Finance,GITHUB_active_developers_daily,2024-10-11,2.0
Pyth Network,GITHUB_opened_pull_requests_daily,2024-10-11,11.0
Runtime Verification,GITHUB_opened_pull_requests_daily,2024-10-11,3.0
Debid - Fairblock,GITHUB_opened_pull_requests_daily,2024-10-11,1.0
Passport XYZ,GITHUB_merged_pull_requests_daily,2024-10-11,2.0
Open Source Observer,GITHUB_merged_pull_requests_daily,2024-10-11,4.0
Open Source Observer,GITHUB_closed_issues_daily,2024-10-11,1.0
Trail of Bits Security Reviews,GITHUB_comments_daily,2024-08-27,1.0
Redstone Finance,GITHUB_comments_daily,2024-08-27,1.0
Passport XYZ,GITHUB_comments_daily,2024-08-27,12.0
Open Source Observer,GITHUB_commits_daily,2024-08-27,2.0
thirdweb,GITHUB_commits_daily,2024-08-27,10.0
Debid - Fairblock,GITHUB_stars_daily,2024-08-27,1.0
thirdweb,GITHUB_stars_daily,2024-08-27,3.0
Trail of Bits Security Reviews,GITHUB_releases_daily,2024-08-27,2.0
Pyth Network,GITHUB_repositories_daily,2024-08-27,6.0
Arbos Foundry,GITHUB_repositories_daily,2024-08-27,2.0
Enclave,GITHUB_repositories_daily,2024-08-27,1.0
Passport XYZ,GITHUB_opened_pull_requests_daily,2024-08-27,6.0
thirdweb,GITHUB_opened_pull_requests_daily,2024-08-27,13.0
Enclave,GITHUB_opened_pull_requests_daily,2024-08-27,5.0
Runtime Verification,GITHUB_opened_pull_requests_daily,2024-08-27,13.0
Open Source Observer,GITHUB_opened_pull_requests_daily,2024-08-27,1.0
Passport XYZ,GITHUB_merged_pull_requests_daily,2024-08-27,6.0
Pyth Network,GITHUB_merged_pull_requests_daily,2024-08-27,11.0
Runtime Verification,GITHUB_opened_issues_daily,2024-08-27,1.0
Open Source Observer,GITHUB_opened_issues_daily,2024-08-27,10.0
Open Source Observer,GITHUB_comments_daily,2024-07-20,2.0
Runtime Verification,GITHUB_comments_daily,2024-07-20,5.0
Pyth Network,GITHUB_stars_daily,2024-07-20,1.0
Open Source Observer,GITHUB_commits_daily,2024-07-20,5.0
Pyth Network,GITHUB_repositories_daily,2024-07-20,1.0
Redstone Finance,GITHUB_repositories_daily,2024-07-20,2.0
Open Source Observer,GITHUB_active_developers_daily,2024-07-20,1.0
Runtime Verification,GITHUB_opened_pull_requests_daily,2024-07-20,4.0
Walnut,GITHUB_comments_daily,2025-02-05,11.0
Runtime Verification,GITHUB_comments_daily,2025-02-05,10.0
Pyth Network,GITHUB_stars_daily,2025-02-05,2.0
Trail of Bits Security Reviews,GITHUB_commits_daily,2025-02-05,12.0
Open Source Observer,GITHUB_commits_daily,2025-02-05,9.0
Pyth Network,GITHUB_releases_daily,2025-02-05,3.0
Runtime Verification,GITHUB_contributors_daily,2025-02-05,4.0
Open Source Observer,GITHUB_contributors_daily,2025-02-05,5.0
Redstone Finance,GITHUB_active_developers_daily,2025-02-05,3.0
Pyth Network,GITHUB_opened_pull_requests_daily,2025-02-05,7.0
Passport XYZ,GITHUB_merged_pull_requests_daily,2025-02-05,5.0
Redstone Finance,GITHUB_comments_daily,2024-10-31,1.0
thirdweb,GITHUB_comments_daily,2024-10-31,73.0
Trail of Bits Security Reviews,GITHUB_comments_daily,2024-10-31,6.0
Passport XYZ,GITHUB_stars_daily,2024-10-31,4.0
Pyth Network,GITHUB_stars_daily,2024-10-31,1.0
Enclave,GITHUB_commits_daily,2024-10-31,3.0
Trail of Bits Security Reviews,GITHUB_forks_daily,2024-10-31,1.0
thirdweb,GITHUB_forks_daily,2024-10-31,2.0
Pyth Network,GITHUB_contributors_daily,2024-10-31,5.0
Remix IDE plugin for Arbitrum Stylus,GITHUB_contributors_daily,2024-10-31,1.0
thirdweb,GITHUB_contributors_daily,2024-10-31,8.0
Trail of Bits Security Reviews,GITHUB_active_developers_daily,2024-10-31,2.0
Enclave,GITHUB_active_developers_daily,2024-10-31,2.0
Passport XYZ,GITHUB_opened_pull_requests_daily,2024-10-31,2.0
Runtime Verification,GITHUB_merged_pull_requests_daily,2024-10-31,5.0
Pyth Network,GITHUB_merged_pull_requests_daily,2024-10-31,5.0
Trail of Bits Security Reviews,GITHUB_opened_issues_daily,2024-10-31,1.0
Pyth Network,GITHUB_closed_issues_daily,2024-10-31,1.0
thirdweb,GITHUB_comments_daily,2024-11-03,19.0
Pyth Network,GITHUB_repositories_daily,2024-11-03,3.0
Trail of Bits Security Reviews,GITHUB_repositories_daily,2024-11-03,3.0
Enclave,GITHUB_repositories_daily,2024-11-03,1.0
Enclave,GITHUB_contributors_daily,2024-11-03,1.0
Redstone Finance,GITHUB_contributors_daily,2024-11-03,1.0
Open Source Observer,GITHUB_opened_pull_requests_daily,2024-11-03,1.0
Enclave,GITHUB_opened_issues_daily,2024-11-03,2.0
Trail of Bits Security Reviews,GITHUB_opened_issues_daily,2024-11-03,1.0
Open Source Observer,GITHUB_closed_issues_daily,2024-11-03,1.0
Passport XYZ,GITHUB_comments_daily,2025-01-09,20.0
Redstone Finance,GITHUB_comments_daily,2025-01-09,15.0
Trail of Bits Security Reviews,GITHUB_stars_daily,2025-01-09,9.0
Pyth Network,GITHUB_commits_daily,2025-01-09,10.0
Trail of Bits Security Reviews,GITHUB_commits_daily,2025-01-09,13.0
Debid - Fairblock,GITHUB_repositories_daily,2025-01-09,1.0
Open Source Observer,GITHUB_repositories_daily,2025-01-09,2.0
Trail of Bits Security Reviews,GITHUB_repositories_daily,2025-01-09,9.0
Pyth Network,GITHUB_releases_daily,2025-01-09,6.0
Debid - Fairblock,GITHUB_contributors_daily,2025-01-09,1.0
9Lives,GITHUB_contributors_daily,2025-01-09,2.0
Walnut,GITHUB_contributors_daily,2025-01-09,3.0
Pyth Network,GITHUB_active_developers_daily,2025-01-09,6.0
Debid - Fairblock,GITHUB_active_developers_daily,2025-01-09,1.0
Redstone Finance,GITHUB_active_developers_daily,2025-01-09,1.0
Open Source Observer,GITHUB_opened_pull_requests_daily,2025-01-09,3.0
Open Source Observer,GITHUB_merged_pull_requests_daily,2025-01-09,2.0
Pyth Network,GITHUB_merged_pull_requests_daily,2025-01-09,10.0
Solang,GITHUB_opened_issues_daily,2025-01-09,1.0
Passport XYZ,GITHUB_opened_issues_daily,2025-01-09,10.0
Pyth Network,GITHUB_comments_daily,2024-04-23,44.0
thirdweb,GITHUB_stars_daily,2024-04-23,2.0
Pyth Network,GITHUB_releases_daily,2024-04-23,4.0
Pyth Network,GITHUB_repositories_daily,2024-04-23,6.0
Runtime Verification,GITHUB_contributors_daily,2024-04-23,7.0
thirdweb,GITHUB_active_developers_daily,2024-04-23,7.0
Open Source Observer,GITHUB_opened_pull_requests_daily,2024-04-23,7.0
thirdweb,GITHUB_opened_pull_requests_daily,2024-04-23,16.0
Pyth Network,GITHUB_merged_pull_requests_daily,2024-04-23,12.0
Runtime Verification,GITHUB_merged_pull_requests_daily,2024-04-23,6.0
Open Source Observer,GITHUB_merged_pull_requests_daily,2024-04-23,3.0
Pyth Network,GITHUB_opened_issues_daily,2024-04-23,1.0
Open Source Observer,GITHUB_opened_issues_daily,2024-04-23,6.0
Runtime Verification,GITHUB_closed_issues_daily,2024-04-23,1.0
Trail of Bits Security Reviews,GITHUB_comments_daily,2024-01-20,3.0
Open Source Observer,GITHUB_commits_daily,2024-01-20,3.0
Trail of Bits Security Reviews,GITHUB_commits_daily,2024-01-20,7.0
Pyth Network,GITHUB_repositories_daily,2024-01-20,2.0
Trail of Bits Security Reviews,GITHUB_repositories_daily,2024-01-20,5.0
Trail of Bits Security Reviews,GITHUB_contributors_daily,2024-01-20,2.0
Open Source Observer,GITHUB_contributors_daily,2024-01-20,2.0
thirdweb,GITHUB_merged_pull_requests_daily,2024-01-20,2.0
Runtime Verification,GITHUB_opened_issues_daily,2024-01-20,1.0
Pyth Network,GITHUB_comments_daily,2024-05-11,2.0
Open Source Observer,GITHUB_commits_daily,2024-05-11,1.0
Redstone Finance,GITHUB_active_developers_daily,2024-05-11,1.0
thirdweb,GITHUB_opened_pull_requests_daily,2024-05-11,9.0
Trail of Bits Security Reviews,GITHUB_merged_pull_requests_daily,2024-05-11,9.0
Open Source Observer,GITHUB_active_contributors_quarterly,2024-09-01,24.0
Enclave,GITHUB_active_contributors_quarterly,2024-09-01,4.0
Redstone Finance,GITHUB_active_contributors_quarterly,2024-09-01,12.0
Walnut,GITHUB_active_contributors_quarterly,2024-09-01,7.0
thirdweb,GITHUB_part_time_contributors_quarterly,2024-09-01,50.0
Enclave,GITHUB_part_time_contributors_quarterly,2024-09-01,4.0
Passport XYZ,GITHUB_part_time_contributors_quarterly,2024-09-01,7.0
Debid - Fairblock,GITHUB_active_contributors_quarterly,2024-09-01,3.0
Runtime Verification,GITHUB_part_time_contributors_quarterly,2024-09-01,29.0
Walnut,GITHUB_part_time_contributors_quarterly,2024-09-01,7.0
Walnut,GITHUB_new_contributors_quarterly,2024-09-01,5.0
Solang,GITHUB_part_time_contributors_quarterly,2024-09-01,2.0
Syndicate Protocol,GITHUB_part_time_contributors_quarterly,2024-09-01,1.0
Remix IDE plugin for Arbitrum Stylus,GITHUB_releases_biannually,2024-09-01,6.0
Debid - Fairblock,GITHUB_releases_biannually,2024-09-01,2.0
Pyth Network,GITHUB_releases_biannually,2024-09-01,29.0
Pyth Network,GITHUB_releases_quarterly,2024-09-01,29.0
Debid - Fairblock,GITHUB_releases_quarterly,2024-09-01,2.0
Redstone Finance,GITHUB_releases_quarterly,2024-09-01,3.0
Runtime Verification,GITHUB_releases_quarterly,2024-09-01,116.0
Remix IDE plugin for Arbitrum Stylus,GITHUB_commits_biannually,2024-09-01,33.0
Sylow,GITHUB_commits_biannually,2024-09-01,1.0
Solang,GITHUB_commits_biannually,2024-09-01,1.0
Syndicate Protocol,GITHUB_active_developers_biannually,2024-09-01,1.0
Redstone Finance,GITHUB_active_developers_biannually,2024-09-01,8.0
thirdweb,GITHUB_repositories_quarterly,2024-09-01,15.0
Enclave,GITHUB_repositories_quarterly,2024-09-01,1.0
Redstone Finance,GITHUB_repositories_quarterly,2024-09-01,12.0
Debid - Fairblock,GITHUB_active_developers_quarterly,2024-09-01,2.0
Redstone Finance,GITHUB_active_developers_quarterly,2024-09-01,8.0
WakeUp Labs,GITHUB_active_developers_quarterly,2024-09-01,1.0
Runtime Verification,GITHUB_forks_monthly,2024-09-01,4.0
WakeUp Labs,GITHUB_forks_monthly,2024-09-01,1.0
Debid - Fairblock,GITHUB_part_time_developers_quarterly,2024-09-01,2.0
Solang,GITHUB_part_time_developers_quarterly,2024-09-01,1.0
Remix IDE plugin for Arbitrum Stylus,GITHUB_part_time_developers_quarterly,2024-09-01,2.0
Enclave,GITHUB_stars_biannually,2024-09-01,3.0
Walnut,GITHUB_stars_biannually,2024-09-01,2.0
thirdweb,GITHUB_stars_biannually,2024-09-01,43.0
Debid - Fairblock,GITHUB_stars_monthly,2024-09-01,2.0
Solang,GITHUB_stars_monthly,2024-09-01,2.0
Open Source Observer,GITHUB_stars_monthly,2024-09-01,13.0
thirdweb,GITHUB_commits_daily,2024-09-01,3.0
Enclave,GITHUB_commits_monthly,2024-09-01,94.0
thirdweb,GITHUB_commits_monthly,2024-09-01,512.0
Open Source Observer,GITHUB_commits_monthly,2024-09-01,218.0
Arbos Foundry,GITHUB_commits_monthly,2024-09-01,18.0
Walnut,GITHUB_commits_monthly,2024-09-01,138.0
Trail of Bits Security Reviews,GITHUB_commits_monthly,2024-09-01,277.0
Debid - Fairblock,GITHUB_comments_monthly,2024-09-01,61.0
Redstone Finance,GITHUB_commits_monthly,2024-09-01,177.0
Passport XYZ,GITHUB_comments_monthly,2024-09-01,162.0
Sylow,GITHUB_comments_monthly,2024-09-01,1.0
Trail of Bits Security Reviews,GITHUB_comments_monthly,2024-09-01,180.0
Walnut,GITHUB_comments_monthly,2024-09-01,12.0
Passport XYZ,GITHUB_stars_quarterly,2024-09-01,23.0
Pyth Network,GITHUB_stars_quarterly,2024-09-01,57.0
Trail of Bits Security Reviews,GITHUB_releases_daily,2024-09-01,1.0
Remix IDE plugin for Arbitrum Stylus,GITHUB_releases_monthly,2024-09-01,6.0
thirdweb,GITHUB_commits_quarterly,2024-09-01,512.0
Arbos Foundry,GITHUB_commits_quarterly,2024-09-01,18.0
Debid - Fairblock,GITHUB_commits_quarterly,2024-09-01,32.0
WakeUp Labs,GITHUB_commits_quarterly,2024-09-01,4.0
Enclave,GITHUB_commits_quarterly,2024-09-01,94.0
Sylow,GITHUB_commits_quarterly,2024-09-01,1.0
Passport XYZ,GITHUB_forks_biannually,2024-09-01,9.0
thirdweb,GITHUB_forks_biannually,2024-09-01,40.0
Pyth Network,GITHUB_forks_quarterly,2024-09-01,42.0
Redstone Finance,GITHUB_forks_biannually,2024-09-01,5.0
Walnut,GITHUB_forks_quarterly,2024-09-01,1.0
WakeUp Labs,GITHUB_repositories_monthly,2024-09-01,1.0
Solang,GITHUB_repositories_biannually,2024-09-01,1.0
Redstone Finance,GITHUB_repositories_biannually,2024-09-01,12.0
Redstone Finance,GITHUB_repositories_monthly,2024-09-01,12.0
Runtime Verification,GITHUB_repositories_monthly,2024-09-01,33.0
Syndicate Protocol,GITHUB_repositories_monthly,2024-09-01,1.0
Walnut,GITHUB_repositories_monthly,2024-09-01,7.0
Trail of Bits Security Reviews,GITHUB_repositories_monthly,2024-09-01,76.0
thirdweb,GITHUB_repositories_biannually,2024-09-01,15.0
Walnut,GITHUB_contributors_monthly,2024-09-01,7.0
WakeUp Labs,GITHUB_contributors_monthly,2024-09-01,2.0
Passport XYZ,GITHUB_contributors_monthly,2024-09-01,7.0
thirdweb,GITHUB_contributors_daily,2024-09-01,6.0
Open Source Observer,GITHUB_contributors_biannually,2024-09-01,24.0
Solang,GITHUB_contributors_biannually,2024-09-01,2.0
WakeUp Labs,GITHUB_contributors_quarterly,2024-09-01,2.0
Debid - Fairblock,GITHUB_contributors_biannually,2024-09-01,3.0
WakeUp Labs,GITHUB_contributors_biannually,2024-09-01,2.0
Enclave,GITHUB_contributors_biannually,2024-09-01,4.0
Remix IDE plugin for Arbitrum Stylus,GITHUB_contributors_biannually,2024-09-01,2.0
Trail of Bits Security Reviews,GITHUB_contributors_biannually,2024-09-01,40.0
Debid - Fairblock,GITHUB_active_developers_monthly,2024-09-01,2.0
Passport XYZ,GITHUB_full_time_developers_monthly,2024-09-01,1.0
Runtime Verification,GITHUB_active_developers_monthly,2024-09-01,16.0
Runtime Verification,GITHUB_part_time_developers_monthly,2024-09-01,14.0
Redstone Finance,GITHUB_part_time_developers_monthly,2024-09-01,6.0
Enclave,GITHUB_part_time_developers_monthly,2024-09-01,3.0
Debid - Fairblock,GITHUB_contributors_quarterly,2024-09-01,3.0
Open Source Observer,GITHUB_contributors_quarterly,2024-09-01,24.0
Walnut,GITHUB_contributors_quarterly,2024-09-01,7.0
Sylow,GITHUB_active_developers_monthly,2024-09-01,1.0
Solang,GITHUB_active_developers_monthly,2024-09-01,1.0
Trail of Bits Security Reviews,GITHUB_active_developers_monthly,2024-09-01,20.0
Syndicate Protocol,GITHUB_active_developers_monthly,2024-09-01,1.0
Pyth Network,GITHUB_full_time_developers_monthly,2024-09-01,4.0
Redstone Finance,GITHUB_full_time_developers_monthly,2024-09-01,2.0
Debid - Fairblock,GITHUB_part_time_developers_monthly,2024-09-01,2.0
Debid - Fairblock,GITHUB_part_time_developers_biannually,2024-09-01,2.0
Pyth Network,GITHUB_part_time_developers_biannually,2024-09-01,13.0
Remix IDE plugin for Arbitrum Stylus,GITHUB_part_time_developers_biannually,2024-09-01,2.0
Runtime Verification,GITHUB_part_time_developers_biannually,2024-09-01,16.0
thirdweb,GITHUB_part_time_developers_biannually,2024-09-01,12.0
Walnut,GITHUB_part_time_developers_biannually,2024-09-01,4.0
Debid - Fairblock,GITHUB_active_contributors_biannually,2024-09-01,3.0
Remix IDE plugin for Arbitrum Stylus,GITHUB_new_contributors_biannually,2024-09-01,1.0
Walnut,GITHUB_new_contributors_biannually,2024-09-01,5.0
Redstone Finance,GITHUB_full_time_contributors_monthly,2024-09-01,2.0
Sylow,GITHUB_active_contributors_monthly,2024-09-01,2.0
Trail of Bits Security Reviews,GITHUB_new_contributors_monthly,2024-09-01,16.0
Walnut,GITHUB_part_time_contributors_monthly,2024-09-01,7.0
Open Source Observer,GITHUB_active_contributors_biannually,2024-09-01,24.0
Pyth Network,GITHUB_active_contributors_biannually,2024-09-01,17.0
Enclave,GITHUB_change_in_active_developers_monthly,2024-09-01,0.0
Passport XYZ,GITHUB_change_in_part_time_contributors_monthly,2024-09-01,7.0
Open Source Observer,GITHUB_change_in_active_developers_monthly,2024-09-01,-8.0
Arbos Foundry,GITHUB_change_in_part_time_contributors_monthly,2024-09-01,0.0
Solang,GITHUB_change_in_active_developers_monthly,2024-09-01,
thirdweb,GITHUB_change_in_part_time_contributors_monthly,2024-09-01,3.0
Trail of Bits Security Reviews,GITHUB_change_in_full_time_contributors_monthly,2024-09-01,3.0
Syndicate Protocol,GITHUB_change_in_active_developers_monthly,2024-09-01,0.0
Remix IDE plugin for Arbitrum Stylus,GITHUB_change_in_active_developers_quarterly,2024-09-01,0.0
Open Source Observer,GITHUB_change_in_part_time_contributors_quarterly,2024-09-01,-8.0
Syndicate Protocol,GITHUB_change_in_active_developers_quarterly,2024-09-01,0.0
Walnut,GITHUB_change_in_active_developers_quarterly,2024-09-01,13.0
Syndicate Protocol,GITHUB_change_in_part_time_contributors_quarterly,2024-09-01,0.0
Debid - Fairblock,GITHUB_change_in_active_developers_quarterly,2024-09-01,12.0
thirdweb,GITHUB_change_in_active_developers_biannually,2024-09-01,1.0
Arbos Foundry,GITHUB_change_in_active_developers_biannually,2024-09-01,0.0
Passport XYZ,GITHUB_change_in_active_developers_quarterly,2024-09-01,4.0
Solang,GITHUB_change_in_part_time_contributors_biannually,2024-09-01,
thirdweb,GITHUB_change_in_part_time_contributors_biannually,2024-09-01,1.0
Syndicate Protocol,GITHUB_change_in_active_developers_biannually,2024-09-01,0.0
WakeUp Labs,GITHUB_change_in_part_time_contributors_biannually,2024-09-01,-1.0
Syndicate Protocol,GITHUB_opened_pull_requests_monthly,2024-09-01,1.0
Open Source Observer,GITHUB_opened_pull_requests_monthly,2024-09-01,130.0
Trail of Bits Security Reviews,GITHUB_opened_pull_requests_monthly,2024-09-01,222.0
Sylow,GITHUB_opened_pull_requests_monthly,2024-09-01,1.0
WakeUp Labs,GITHUB_opened_pull_requests_quarterly,2024-09-01,2.0
Arbos Foundry,GITHUB_opened_pull_requests_quarterly,2024-09-01,1.0
Passport XYZ,GITHUB_opened_pull_requests_biannually,2024-09-01,135.0
Remix IDE plugin for Arbitrum Stylus,GITHUB_opened_pull_requests_quarterly,2024-09-01,1.0
Redstone Finance,GITHUB_opened_pull_requests_quarterly,2024-09-01,49.0
Trail of Bits Security Reviews,GITHUB_opened_pull_requests_quarterly,2024-09-01,222.0
Walnut,GITHUB_opened_pull_requests_quarterly,2024-09-01,11.0
Pyth Network,GITHUB_opened_pull_requests_quarterly,2024-09-01,200.0
Open Source Observer,GITHUB_opened_pull_requests_quarterly,2024-09-01,130.0
Redstone Finance,GITHUB_merged_pull_requests_monthly,2024-09-01,48.0
Debid - Fairblock,GITHUB_merged_pull_requests_monthly,2024-09-01,3.0
Solang,GITHUB_merged_pull_requests_monthly,2024-09-01,1.0
Runtime Verification,GITHUB_merged_pull_requests_monthly,2024-09-01,139.0
Trail of Bits Security Reviews,GITHUB_merged_pull_requests_monthly,2024-09-01,152.0
Redstone Finance,GITHUB_merged_pull_requests_biannually,2024-09-01,48.0
Debid - Fairblock,GITHUB_merged_pull_requests_biannually,2024-09-01,3.0
Open Source Observer,GITHUB_merged_pull_requests_biannually,2024-09-01,121.0
Pyth Network,GITHUB_merged_pull_requests_quarterly,2024-09-01,190.0
Passport XYZ,GITHUB_merged_pull_requests_quarterly,2024-09-01,112.0
Enclave,GITHUB_merged_pull_requests_quarterly,2024-09-01,55.0
Runtime Verification,GITHUB_merged_pull_requests_quarterly,2024-09-01,139.0
Syndicate Protocol,GITHUB_merged_pull_requests_quarterly,2024-09-01,1.0
Open Source Observer,GITHUB_opened_issues_monthly,2024-09-01,140.0
Runtime Verification,GITHUB_opened_issues_monthly,2024-09-01,21.0
Open Source Observer,GITHUB_opened_issues_quarterly,2024-09-01,140.0
Open Source Observer,GITHUB_opened_issues_biannually,2024-09-01,140.0
Runtime Verification,GITHUB_opened_issues_biannually,2024-09-01,21.0
Sylow,GITHUB_opened_issues_biannually,2024-09-01,1.0
Trail of Bits Security Reviews,GITHUB_closed_issues_monthly,2024-09-01,11.0
Runtime Verification,GITHUB_closed_issues_monthly,2024-09-01,9.0
Solang,GITHUB_closed_issues_monthly,2024-09-01,1.0
Trail of Bits Security Reviews,GITHUB_closed_issues_biannually,2024-09-01,11.0
Enclave,GITHUB_closed_issues_quarterly,2024-09-01,22.0
Redstone Finance,GITHUB_closed_issues_quarterly,2024-09-01,2.0
Passport XYZ,GITHUB_closed_issues_quarterly,2024-09-01,60.0
Remix IDE plugin for Arbitrum Stylus,GITHUB_avg_time_to_first_response_quarterly,2024-09-01,0.0
Pyth Network,GITHUB_avg_prs_time_to_merge_quarterly,2024-09-01,0.0
Solang,GITHUB_avg_time_to_first_response_quarterly,2024-09-01,32575.0
Passport XYZ,GITHUB_avg_prs_time_to_merge_biannually,2024-09-01,0.0
Walnut,GITHUB_avg_time_to_first_response_quarterly,2024-09-01,53429.4
Passport XYZ,GITHUB_avg_time_to_first_response_biannually,2024-09-01,276081.66972477065
WakeUp Labs,GITHUB_avg_time_to_first_response_biannually,2024-09-01,0.0
Remix IDE plugin for Arbitrum Stylus,GITHUB_avg_time_to_first_response_biannually,2024-09-01,0.0
Runtime Verification,GITHUB_avg_time_to_first_response_biannually,2024-09-01,132596.70186335404
Pyth Network,GITHUB_avg_time_to_first_response_quarterly,2024-09-01,101413.0052631579
Solang,GITHUB_churned_contributors_biannually,2024-09-01,
Runtime Verification,GITHUB_churned_contributors_monthly,2024-09-01,1.0
Runtime Verification,GITHUB_change_in_active_contributors_monthly,2024-09-01,4.0
Runtime Verification,GITHUB_change_in_new_contributors_monthly,2024-09-01,4.0
Solang,GITHUB_change_in_full_time_contributors_monthly,2024-09-01,
Solang,GITHUB_churned_contributors_monthly,2024-09-01,
Arbos Foundry,GITHUB_change_in_new_contributors_monthly,2024-09-01,0.0
Arbos Foundry,GITHUB_churned_contributors_monthly,2024-09-01,0.0
Redstone Finance,GITHUB_churned_contributors_monthly,2024-09-01,-7.0
Open Source Observer,GITHUB_change_in_new_contributors_quarterly,2024-09-01,-6.0
Arbos Foundry,GITHUB_churned_contributors_quarterly,2024-09-01,0.0
Arbos Foundry,GITHUB_change_in_new_contributors_quarterly,2024-09-01,0.0
Arbos Foundry,GITHUB_change_in_active_contributors_quarterly,2024-09-01,0.0
Sylow,GITHUB_churned_contributors_quarterly,2024-09-01,
Arbos Foundry,GITHUB_change_in_active_contributors_biannually,2024-09-01,0.0
WakeUp Labs,GITHUB_change_in_full_time_contributors_biannually,2024-09-01,0.0
WakeUp Labs,GITHUB_change_in_new_contributors_biannually,2024-09-01,0.0
Debid - Fairblock,GITHUB_change_in_active_contributors_quarterly,2024-09-01,12.0
Debid - Fairblock,GITHUB_change_in_full_time_contributors_quarterly,2024-09-01,0.0
Runtime Verification,GITHUB_change_in_new_contributors_quarterly,2024-09-01,4.0
Pyth Network,GITHUB_change_in_new_contributors_monthly,2024-09-01,7.0
Pyth Network,GITHUB_churned_contributors_monthly,2024-09-01,-1.0
WakeUp Labs,GITHUB_churned_contributors_quarterly,2024-09-01,-2.0
Pyth Network,GITHUB_churned_contributors_quarterly,2024-09-01,-1.0
Passport XYZ,GITHUB_change_in_active_contributors_quarterly,2024-09-01,4.0
Enclave,GITHUB_churned_contributors_quarterly,2024-09-01,-4.0
Solang,GITHUB_change_in_full_time_contributors_biannually,2024-09-01,
Open Source Observer,GITHUB_churned_contributors_biannually,2024-09-01,-27.0
Remix IDE plugin for Arbitrum Stylus,GITHUB_change_in_new_contributors_monthly,2024-09-01,0.0
Remix IDE plugin for Arbitrum Stylus,GITHUB_change_in_full_time_contributors_monthly,2024-09-01,0.0
Remix IDE plugin for Arbitrum Stylus,GITHUB_change_in_active_contributors_quarterly,2024-09-01,0.0
Remix IDE plugin for Arbitrum Stylus,GITHUB_change_in_new_contributors_quarterly,2024-09-01,0.0
Remix IDE plugin for Arbitrum Stylus,GITHUB_change_in_full_time_contributors_quarterly,2024-09-01,0.0
Trail of Bits Security Reviews,GITHUB_churned_contributors_biannually,2024-09-01,-7.0
Redstone Finance,GITHUB_change_in_full_time_contributors_biannually,2024-09-01,0.0
Solang,GITHUB_change_in_active_contributors_quarterly,2024-09-01,
Open Source Observer,GITHUB_change_in_active_contributors_quarterly,2024-09-01,-8.0
Open Source Observer,GITHUB_change_in_full_time_contributors_biannually,2024-09-01,0.0
Debid - Fairblock,GITHUB_change_in_active_contributors_biannually,2024-09-01,12.0
Debid - Fairblock,GITHUB_change_in_full_time_contributors_biannually,2024-09-01,0.0
Enclave,GITHUB_change_in_full_time_contributors_quarterly,2024-09-01,0.0
Redstone Finance,GITHUB_churned_contributors_quarterly,2024-09-01,-7.0
Walnut,GITHUB_churned_contributors_quarterly,2024-09-01,8.0
Redstone Finance,GITHUB_change_in_active_contributors_quarterly,2024-09-01,-1.0
Trail of Bits Security Reviews,GITHUB_churned_contributors_quarterly,2024-09-01,-7.0
Trail of Bits Security Reviews,GITHUB_change_in_active_contributors_quarterly,2024-09-01,9.0
thirdweb,GITHUB_comments_daily,2024-11-24,14.0
Sylow,GITHUB_stars_daily,2024-11-24,2.0
Trail of Bits Security Reviews,GITHUB_forks_daily,2024-11-24,4.0
Open Source Observer,GITHUB_active_developers_daily,2024-11-24,1.0
thirdweb,GITHUB_opened_pull_requests_daily,2024-11-24,2.0
Open Source Observer,GITHUB_merged_pull_requests_daily,2024-11-24,1.0
Walnut,GITHUB_comments_daily,2025-01-17,1.0
Passport XYZ,GITHUB_stars_daily,2025-01-17,2.0
Runtime Verification,GITHUB_commits_daily,2025-01-17,12.0
Open Source Observer,GITHUB_commits_daily,2025-01-17,17.0
Sylow,GITHUB_repositories_daily,2025-01-17,1.0
Walnut,GITHUB_contributors_daily,2025-01-17,3.0
Runtime Verification,GITHUB_contributors_daily,2025-01-17,7.0
Trail of Bits Security Reviews,GITHUB_contributors_daily,2025-01-17,9.0
9Lives,GITHUB_contributors_daily,2025-01-17,2.0
Passport XYZ,GITHUB_contributors_daily,2025-01-17,1.0
Open Source Observer,GITHUB_contributors_daily,2025-01-17,6.0
Walnut,GITHUB_active_developers_daily,2025-01-17,2.0
Redstone Finance,GITHUB_active_developers_daily,2025-01-17,2.0
Walnut,GITHUB_merged_pull_requests_daily,2025-01-17,1.0
Runtime Verification,GITHUB_opened_issues_daily,2025-01-17,1.0
Walnut,GITHUB_comments_daily,2024-07-07,1.0
Runtime Verification,GITHUB_commits_daily,2024-07-07,2.0
Trail of Bits Security Reviews,GITHUB_repositories_daily,2024-07-07,11.0
Walnut,GITHUB_repositories_daily,2024-07-07,1.0
Open Source Observer,GITHUB_repositories_daily,2024-07-07,1.0
thirdweb,GITHUB_contributors_daily,2024-07-07,1.0
Open Source Observer,GITHUB_contributors_daily,2024-07-07,1.0
Open Source Observer,GITHUB_active_developers_daily,2024-07-07,1.0
Pyth Network,GITHUB_merged_pull_requests_daily,2024-07-07,1.0
Trail of Bits Security Reviews,GITHUB_opened_issues_daily,2024-07-07,1.0
Pyth Network,GITHUB_comments_daily,2024-02-20,30.0
Open Source Observer,GITHUB_comments_daily,2024-02-20,1.0
thirdweb,GITHUB_commits_daily,2024-02-20,6.0
Syndicate Protocol,GITHUB_commits_daily,2024-02-20,20.0
Trail of Bits Security Reviews,GITHUB_repositories_daily,2024-02-20,17.0
Walnut,GITHUB_repositories_daily,2024-02-20,1.0
Runtime Verification,GITHUB_repositories_daily,2024-02-20,11.0
thirdweb,GITHUB_repositories_daily,2024-02-20,4.0
Walnut,GITHUB_closed_issues_daily,2024-02-20,1.0
Trail of Bits Security Reviews,GITHUB_opened_pull_requests_daily,2024-02-20,4.0
Runtime Verification,GITHUB_opened_pull_requests_daily,2024-02-20,26.0
Open Source Observer,GITHUB_opened_issues_daily,2024-02-20,2.0
Open Source Observer,GITHUB_stars_daily,2025-03-20,1.0
9Lives,GITHUB_commits_daily,2025-03-20,2.0
Runtime Verification,GITHUB_commits_daily,2025-03-20,14.0
Pyth Network,GITHUB_forks_daily,2025-03-20,1.0
Trail of Bits Security Reviews,GITHUB_forks_daily,2025-03-20,1.0
Redstone Finance,GITHUB_repositories_daily,2025-03-20,3.0
9Lives,GITHUB_repositories_daily,2025-03-20,1.0
Solang,GITHUB_contributors_daily,2025-03-20,1.0
Trail of Bits Security Reviews,GITHUB_contributors_daily,2025-03-20,5.0
thirdweb,GITHUB_active_developers_daily,2025-03-20,4.0
Open Source Observer,GITHUB_active_developers_daily,2025-03-20,4.0
CodeTracer,GITHUB_active_developers_daily,2025-03-20,1.0
thirdweb,GITHUB_opened_pull_requests_daily,2025-03-20,12.0
Open Source Observer,GITHUB_opened_pull_requests_daily,2025-03-20,11.0
Pyth Network,GITHUB_merged_pull_requests_daily,2025-03-20,8.0
Debid - Fairblock,GITHUB_merged_pull_requests_daily,2025-03-20,1.0
Trail of Bits Security Reviews,GITHUB_opened_issues_daily,2025-03-20,1.0
Passport XYZ,GITHUB_opened_issues_daily,2025-03-20,4.0
thirdweb,GITHUB_part_time_contributors_quarterly,2024-05-01,46.0
thirdweb,GITHUB_new_contributors_quarterly,2024-05-01,23.0
Open Source Observer,GITHUB_active_contributors_quarterly,2024-05-01,28.0
Remix IDE plugin for Arbitrum Stylus,GITHUB_active_contributors_quarterly,2024-05-01,1.0
Open Source Observer,GITHUB_new_contributors_quarterly,2024-05-01,23.0
Trail of Bits Security Reviews,GITHUB_part_time_contributors_quarterly,2024-05-01,46.0
Passport XYZ,GITHUB_part_time_contributors_quarterly,2024-05-01,2.0
Pyth Network,GITHUB_part_time_contributors_quarterly,2024-05-01,23.0
Trail of Bits Security Reviews,GITHUB_releases_biannually,2024-05-01,15.0
Runtime Verification,GITHUB_releases_quarterly,2024-05-01,228.0
Pyth Network,GITHUB_releases_quarterly,2024-05-01,26.0
Passport XYZ,GITHUB_commits_biannually,2024-05-01,28.0
Trail of Bits Security Reviews,GITHUB_commits_biannually,2024-05-01,377.0
Syndicate Protocol,GITHUB_commits_biannually,2024-05-01,8.0
thirdweb,GITHUB_comments_daily,2024-05-01,38.0
Passport XYZ,GITHUB_active_developers_biannually,2024-05-01,1.0
Pyth Network,GITHUB_active_developers_biannually,2024-05-01,16.0
Debid - Fairblock,GITHUB_active_developers_biannually,2024-05-01,3.0
thirdweb,GITHUB_active_developers_biannually,2024-05-01,25.0
Runtime Verification,GITHUB_active_developers_biannually,2024-05-01,16.0
Trail of Bits Security Reviews,GITHUB_active_developers_biannually,2024-05-01,20.0
thirdweb,GITHUB_repositories_quarterly,2024-05-01,21.0
Redstone Finance,GITHUB_repositories_quarterly,2024-05-01,28.0
Open Source Observer,GITHUB_active_developers_quarterly,2024-05-01,12.0
WakeUp Labs,GITHUB_active_developers_quarterly,2024-05-01,1.0
Syndicate Protocol,GITHUB_active_developers_quarterly,2024-05-01,2.0
Arbos Foundry,GITHUB_active_developers_quarterly,2024-05-01,1.0
Open Source Observer,GITHUB_forks_monthly,2024-05-01,19.0
Trail of Bits Security Reviews,GITHUB_forks_monthly,2024-05-01,41.0
Arbos Foundry,GITHUB_part_time_developers_quarterly,2024-05-01,1.0
Runtime Verification,GITHUB_part_time_developers_quarterly,2024-05-01,16.0
Debid - Fairblock,GITHUB_part_time_developers_quarterly,2024-05-01,3.0
Walnut,GITHUB_stars_biannually,2024-05-01,9.0
Runtime Verification,GITHUB_stars_biannually,2024-05-01,33.0
Redstone Finance,GITHUB_part_time_developers_quarterly,2024-05-01,5.0
Walnut,GITHUB_part_time_developers_quarterly,2024-05-01,2.0
Passport XYZ,GITHUB_part_time_developers_quarterly,2024-05-01,1.0
thirdweb,GITHUB_part_time_developers_quarterly,2024-05-01,25.0
Debid - Fairblock,GITHUB_stars_biannually,2024-05-01,3.0
Passport XYZ,GITHUB_stars_monthly,2024-05-01,6.0
Debid - Fairblock,GITHUB_stars_monthly,2024-05-01,3.0
Runtime Verification,GITHUB_stars_daily,2024-05-01,1.0
thirdweb,GITHUB_stars_daily,2024-05-01,8.0
Trail of Bits Security Reviews,GITHUB_stars_daily,2024-05-01,10.0
Passport XYZ,GITHUB_commits_monthly,2024-05-01,28.0
Redstone Finance,GITHUB_commits_monthly,2024-05-01,114.0
WakeUp Labs,GITHUB_commits_monthly,2024-05-01,1.0
Walnut,GITHUB_commits_monthly,2024-05-01,72.0
Trail of Bits Security Reviews,GITHUB_comments_monthly,2024-05-01,236.0
Redstone Finance,GITHUB_comments_monthly,2024-05-01,5.0
Syndicate Protocol,GITHUB_comments_monthly,2024-05-01,2.0
Pyth Network,GITHUB_comments_monthly,2024-05-01,460.0
Open Source Observer,GITHUB_comments_monthly,2024-05-01,491.0
Debid - Fairblock,GITHUB_stars_quarterly,2024-05-01,3.0
Pyth Network,GITHUB_stars_quarterly,2024-05-01,42.0
Open Source Observer,GITHUB_commits_daily,2024-05-01,6.0
Walnut,GITHUB_commits_daily,2024-05-01,2.0
Runtime Verification,GITHUB_releases_monthly,2024-05-01,228.0
Pyth Network,GITHUB_releases_monthly,2024-05-01,26.0
thirdweb,GITHUB_releases_monthly,2024-05-01,147.0
Syndicate Protocol,GITHUB_releases_monthly,2024-05-01,2.0
Arbos Foundry,GITHUB_commits_quarterly,2024-05-01,20.0
Runtime Verification,GITHUB_commits_quarterly,2024-05-01,598.0
Syndicate Protocol,GITHUB_commits_quarterly,2024-05-01,8.0
Redstone Finance,GITHUB_commits_quarterly,2024-05-01,114.0
Pyth Network,GITHUB_forks_biannually,2024-05-01,21.0
Redstone Finance,GITHUB_forks_biannually,2024-05-01,40.0
Runtime Verification,GITHUB_forks_biannually,2024-05-01,6.0
Debid - Fairblock,GITHUB_forks_biannually,2024-05-01,6.0
thirdweb,GITHUB_forks_daily,2024-05-01,2.0
Redstone Finance,GITHUB_repositories_daily,2024-05-01,4.0
Runtime Verification,GITHUB_repositories_daily,2024-05-01,7.0
thirdweb,GITHUB_repositories_daily,2024-05-01,7.0
Syndicate Protocol,GITHUB_repositories_daily,2024-05-01,1.0
Pyth Network,GITHUB_repositories_biannually,2024-05-01,17.0
Redstone Finance,GITHUB_repositories_biannually,2024-05-01,28.0
Runtime Verification,GITHUB_repositories_monthly,2024-05-01,35.0
Trail of Bits Security Reviews,GITHUB_repositories_monthly,2024-05-01,81.0
Pyth Network,GITHUB_repositories_monthly,2024-05-01,17.0
Debid - Fairblock,GITHUB_repositories_biannually,2024-05-01,4.0
thirdweb,GITHUB_repositories_monthly,2024-05-01,21.0
Arbos Foundry,GITHUB_repositories_biannually,2024-05-01,1.0
Runtime Verification,GITHUB_contributors_monthly,2024-05-01,32.0
Trail of Bits Security Reviews,GITHUB_contributors_monthly,2024-05-01,46.0
Pyth Network,GITHUB_contributors_quarterly,2024-05-01,23.0
Open Source Observer,GITHUB_contributors_quarterly,2024-05-01,28.0
Syndicate Protocol,GITHUB_contributors_quarterly,2024-05-01,2.0
Trail of Bits Security Reviews,GITHUB_contributors_quarterly,2024-05-01,46.0
Walnut,GITHUB_contributors_quarterly,2024-05-01,11.0
thirdweb,GITHUB_contributors_quarterly,2024-05-01,46.0
Open Source Observer,GITHUB_contributors_biannually,2024-05-01,28.0
Pyth Network,GITHUB_contributors_biannually,2024-05-01,23.0
Walnut,GITHUB_contributors_daily,2024-05-01,2.0
Open Source Observer,GITHUB_contributors_daily,2024-05-01,3.0
Open Source Observer,GITHUB_active_developers_monthly,2024-05-01,12.0
Remix IDE plugin for Arbitrum Stylus,GITHUB_active_developers_monthly,2024-05-01,1.0
Trail of Bits Security Reviews,GITHUB_active_developers_monthly,2024-05-01,20.0
Redstone Finance,GITHUB_active_developers_monthly,2024-05-01,5.0
Walnut,GITHUB_part_time_developers_monthly,2024-05-01,2.0
Runtime Verification,GITHUB_full_time_developers_monthly,2024-05-01,1.0
Arbos Foundry,GITHUB_active_developers_monthly,2024-05-01,1.0
Pyth Network,GITHUB_part_time_developers_monthly,2024-05-01,12.0
WakeUp Labs,GITHUB_part_time_developers_monthly,2024-05-01,1.0
Runtime Verification,GITHUB_part_time_developers_monthly,2024-05-01,15.0
Syndicate Protocol,GITHUB_part_time_developers_monthly,2024-05-01,2.0
Passport XYZ,GITHUB_part_time_developers_monthly,2024-05-01,1.0
Passport XYZ,GITHUB_part_time_developers_biannually,2024-05-01,1.0
Open Source Observer,GITHUB_part_time_developers_biannually,2024-05-01,12.0
Pyth Network,GITHUB_part_time_developers_biannually,2024-05-01,16.0
Trail of Bits Security Reviews,GITHUB_part_time_developers_biannually,2024-05-01,20.0
Runtime Verification,GITHUB_part_time_developers_biannually,2024-05-01,16.0
Walnut,GITHUB_active_developers_daily,2024-05-01,1.0
Pyth Network,GITHUB_active_developers_daily,2024-05-01,4.0
Trail of Bits Security Reviews,GITHUB_active_developers_daily,2024-05-01,4.0
thirdweb,GITHUB_active_contributors_monthly,2024-05-01,46.0
WakeUp Labs,GITHUB_new_contributors_monthly,2024-05-01,1.0
Passport XYZ,GITHUB_new_contributors_monthly,2024-05-01,2.0
Syndicate Protocol,GITHUB_active_contributors_monthly,2024-05-01,2.0
Walnut,GITHUB_new_contributors_monthly,2024-05-01,9.0
Syndicate Protocol,GITHUB_part_time_contributors_monthly,2024-05-01,2.0
Pyth Network,GITHUB_new_contributors_monthly,2024-05-01,12.0
thirdweb,GITHUB_part_time_contributors_monthly,2024-05-01,35.0
Runtime Verification,GITHUB_full_time_contributors_monthly,2024-05-01,11.0
Remix IDE plugin for Arbitrum Stylus,GITHUB_part_time_contributors_monthly,2024-05-01,1.0
Trail of Bits Security Reviews,GITHUB_part_time_contributors_monthly,2024-05-01,44.0
Trail of Bits Security Reviews,GITHUB_new_contributors_biannually,2024-05-01,22.0
Pyth Network,GITHUB_new_contributors_biannually,2024-05-01,12.0
Runtime Verification,GITHUB_new_contributors_biannually,2024-05-01,2.0
Runtime Verification,GITHUB_part_time_contributors_biannually,2024-05-01,32.0
Open Source Observer,GITHUB_part_time_contributors_biannually,2024-05-01,28.0
Walnut,GITHUB_new_contributors_biannually,2024-05-01,9.0
Redstone Finance,GITHUB_part_time_contributors_biannually,2024-05-01,7.0
Debid - Fairblock,GITHUB_active_contributors_biannually,2024-05-01,4.0
Syndicate Protocol,GITHUB_part_time_contributors_biannually,2024-05-01,2.0
Pyth Network,GITHUB_active_contributors_biannually,2024-05-01,23.0
Open Source Observer,GITHUB_active_contributors_biannually,2024-05-01,28.0
Remix IDE plugin for Arbitrum Stylus,GITHUB_change_in_part_time_contributors_monthly,2024-05-01,0.0
thirdweb,GITHUB_change_in_full_time_contributors_monthly,2024-05-01,1.0
Pyth Network,GITHUB_change_in_full_time_contributors_monthly,2024-05-01,0.0
Redstone Finance,GITHUB_change_in_active_developers_monthly,2024-05-01,1.0
Debid - Fairblock,GITHUB_change_in_active_developers_monthly,2024-05-01,0.0
Remix IDE plugin for Arbitrum Stylus,GITHUB_change_in_active_developers_monthly,2024-05-01,0.0
Syndicate Protocol,GITHUB_change_in_part_time_contributors_monthly,2024-05-01,0.0
WakeUp Labs,GITHUB_change_in_part_time_contributors_monthly,2024-05-01,0.0
Redstone Finance,GITHUB_change_in_part_time_contributors_monthly,2024-05-01,1.0
Runtime Verification,GITHUB_change_in_active_developers_quarterly,2024-05-01,8.0
Passport XYZ,GITHUB_change_in_active_developers_biannually,2024-05-01,
Runtime Verification,GITHUB_change_in_part_time_contributors_biannually,2024-05-01,8.0
Pyth Network,GITHUB_change_in_part_time_contributors_biannually,2024-05-01,8.0
Redstone Finance,GITHUB_change_in_active_developers_biannually,2024-05-01,1.0
Redstone Finance,GITHUB_change_in_part_time_contributors_biannually,2024-05-01,1.0
thirdweb,GITHUB_change_in_part_time_contributors_quarterly,2024-05-01,-1.0
Arbos Foundry,GITHUB_change_in_active_developers_quarterly,2024-05-01,1.0
Trail of Bits Security Reviews,GITHUB_change_in_part_time_contributors_quarterly,2024-05-01,0.0
Runtime Verification,GITHUB_opened_pull_requests_daily,2024-05-01,12.0
Pyth Network,GITHUB_opened_pull_requests_monthly,2024-05-01,211.0
Syndicate Protocol,GITHUB_opened_pull_requests_monthly,2024-05-01,6.0
Redstone Finance,GITHUB_opened_pull_requests_quarterly,2024-05-01,7.0
Trail of Bits Security Reviews,GITHUB_opened_pull_requests_quarterly,2024-05-01,233.0
Syndicate Protocol,GITHUB_opened_pull_requests_biannually,2024-05-01,6.0
Open Source Observer,GITHUB_opened_pull_requests_biannually,2024-05-01,176.0
Redstone Finance,GITHUB_opened_pull_requests_biannually,2024-05-01,7.0
Passport XYZ,GITHUB_merged_pull_requests_monthly,2024-05-01,10.0
Redstone Finance,GITHUB_merged_pull_requests_monthly,2024-05-01,6.0
Runtime Verification,GITHUB_merged_pull_requests_monthly,2024-05-01,262.0
Runtime Verification,GITHUB_merged_pull_requests_biannually,2024-05-01,262.0
Open Source Observer,GITHUB_merged_pull_requests_biannually,2024-05-01,161.0
Pyth Network,GITHUB_merged_pull_requests_biannually,2024-05-01,161.0
Passport XYZ,GITHUB_merged_pull_requests_quarterly,2024-05-01,10.0
Runtime Verification,GITHUB_opened_issues_monthly,2024-05-01,89.0
Pyth Network,GITHUB_opened_issues_quarterly,2024-05-01,2.0
Trail of Bits Security Reviews,GITHUB_opened_issues_daily,2024-05-01,4.0
Pyth Network,GITHUB_opened_issues_biannually,2024-05-01,2.0
Runtime Verification,GITHUB_closed_issues_monthly,2024-05-01,60.0
Walnut,GITHUB_closed_issues_monthly,2024-05-01,10.0
Open Source Observer,GITHUB_closed_issues_monthly,2024-05-01,71.0
Trail of Bits Security Reviews,GITHUB_closed_issues_quarterly,2024-05-01,37.0
Runtime Verification,GITHUB_closed_issues_quarterly,2024-05-01,60.0
Pyth Network,GITHUB_closed_issues_biannually,2024-05-01,3.0
thirdweb,GITHUB_closed_issues_quarterly,2024-05-01,35.0
thirdweb,GITHUB_closed_issues_daily,2024-05-01,1.0
Open Source Observer,GITHUB_closed_issues_daily,2024-05-01,1.0
Redstone Finance,GITHUB_avg_prs_time_to_merge_quarterly,2024-05-01,0.0
Runtime Verification,GITHUB_avg_time_to_first_response_quarterly,2024-05-01,1035037.2823529412
Redstone Finance,GITHUB_avg_time_to_first_response_biannually,2024-05-01,32636.125
WakeUp Labs,GITHUB_change_in_active_contributors_monthly,2024-05-01,0.0
Syndicate Protocol,GITHUB_change_in_active_contributors_monthly,2024-05-01,0.0
Syndicate Protocol,GITHUB_change_in_full_time_contributors_monthly,2024-05-01,0.0
Runtime Verification,GITHUB_change_in_new_contributors_quarterly,2024-05-01,0.0
Passport XYZ,GITHUB_change_in_active_contributors_monthly,2024-05-01,
Redstone Finance,GITHUB_churned_contributors_monthly,2024-05-01,-1.0
Walnut,GITHUB_change_in_full_time_contributors_monthly,2024-05-01,1.0
Passport XYZ,GITHUB_change_in_full_time_contributors_quarterly,2024-05-01,
Open Source Observer,GITHUB_change_in_active_contributors_monthly,2024-05-01,-19.0
Open Source Observer,GITHUB_churned_contributors_monthly,2024-05-01,-42.0
Walnut,GITHUB_change_in_active_contributors_quarterly,2024-05-01,-4.0
Redstone Finance,GITHUB_change_in_new_contributors_quarterly,2024-05-01,1.0
Walnut,GITHUB_change_in_full_time_contributors_quarterly,2024-05-01,0.0
Arbos Foundry,GITHUB_churned_contributors_monthly,2024-05-01,1.0
Debid - Fairblock,GITHUB_churned_contributors_monthly,2024-05-01,-1.0
Open Source Observer,GITHUB_change_in_new_contributors_quarterly,2024-05-01,-17.0
Open Source Observer,GITHUB_churned_contributors_quarterly,2024-05-01,-42.0
Pyth Network,GITHUB_change_in_full_time_contributors_biannually,2024-05-01,0.0
Syndicate Protocol,GITHUB_change_in_full_time_contributors_biannually,2024-05-01,0.0
Syndicate Protocol,GITHUB_change_in_new_contributors_biannually,2024-05-01,1.0
Syndicate Protocol,GITHUB_change_in_active_contributors_biannually,2024-05-01,0.0
Remix IDE plugin for Arbitrum Stylus,GITHUB_churned_contributors_biannually,2024-05-01,0.0
Remix IDE plugin for Arbitrum Stylus,GITHUB_change_in_new_contributors_biannually,2024-05-01,0.0
Redstone Finance,GITHUB_change_in_new_contributors_biannually,2024-05-01,1.0
Trail of Bits Security Reviews,GITHUB_change_in_new_contributors_biannually,2024-05-01,-4.0
Trail of Bits Security Reviews,GITHUB_change_in_full_time_contributors_biannually,2024-05-01,0.0
Remix IDE plugin for Arbitrum Stylus,GITHUB_churned_contributors_monthly,2024-05-01,0.0
Debid - Fairblock,GITHUB_churned_contributors_biannually,2024-05-01,-1.0
Debid - Fairblock,GITHUB_change_in_active_contributors_biannually,2024-05-01,0.0
Debid - Fairblock,GITHUB_change_in_new_contributors_biannually,2024-05-01,0.0
thirdweb,GITHUB_churned_contributors_biannually,2024-05-01,-24.0
Trail of Bits Security Reviews,GITHUB_forks_weekly,2024-03-04,6.0
Runtime Verification,GITHUB_comments_daily,2024-03-04,113.0
Trail of Bits Security Reviews,GITHUB_stars_daily,2024-03-04,16.0
Redstone Finance,GITHUB_commits_daily,2024-03-04,7.0
Runtime Verification,GITHUB_commits_daily,2024-03-04,17.0
Trail of Bits Security Reviews,GITHUB_commits_daily,2024-03-04,10.0
Debid - Fairblock,GITHUB_releases_weekly,2024-03-04,22.0
Trail of Bits Security Reviews,GITHUB_releases_weekly,2024-03-04,2.0
Runtime Verification,GITHUB_comments_weekly,2024-03-04,350.0
Pyth Network,GITHUB_comments_weekly,2024-03-04,53.0
Open Source Observer,GITHUB_comments_weekly,2024-03-04,32.0
Arbos Foundry,GITHUB_commits_weekly,2024-03-04,20.0
Debid - Fairblock,GITHUB_commits_weekly,2024-03-04,91.0
Pyth Network,GITHUB_repositories_weekly,2024-03-04,13.0
Arbos Foundry,GITHUB_repositories_weekly,2024-03-04,1.0
Open Source Observer,GITHUB_repositories_weekly,2024-03-04,4.0
Redstone Finance,GITHUB_repositories_weekly,2024-03-04,8.0
Walnut,GITHUB_repositories_weekly,2024-03-04,1.0
Runtime Verification,GITHUB_repositories_weekly,2024-03-04,22.0
thirdweb,GITHUB_forks_daily,2024-03-04,2.0
Trail of Bits Security Reviews,GITHUB_forks_daily,2024-03-04,1.0
Walnut,GITHUB_repositories_daily,2024-03-04,1.0
Trail of Bits Security Reviews,GITHUB_contributors_weekly,2024-03-04,19.0
thirdweb,GITHUB_contributors_weekly,2024-03-04,25.0
Trail of Bits Security Reviews,GITHUB_active_developers_weekly,2024-03-04,11.0
Redstone Finance,GITHUB_active_developers_weekly,2024-03-04,3.0
Arbos Foundry,GITHUB_active_developers_weekly,2024-03-04,1.0
Debid - Fairblock,GITHUB_active_developers_weekly,2024-03-04,4.0
Redstone Finance,GITHUB_active_developers_daily,2024-03-04,2.0
Trail of Bits Security Reviews,GITHUB_active_developers_daily,2024-03-04,3.0
Trail of Bits Security Reviews,GITHUB_opened_pull_requests_daily,2024-03-04,24.0
Pyth Network,GITHUB_opened_pull_requests_weekly,2024-03-04,21.0
Pyth Network,GITHUB_merged_pull_requests_daily,2024-03-04,1.0
Debid - Fairblock,GITHUB_merged_pull_requests_daily,2024-03-04,1.0
thirdweb,GITHUB_comments_daily,2024-03-19,111.0
Runtime Verification,GITHUB_commits_daily,2024-03-19,40.0
Redstone Finance,GITHUB_forks_daily,2024-03-19,1.0
Pyth Network,GITHUB_repositories_daily,2024-03-19,3.0
Open Source Observer,GITHUB_repositories_daily,2024-03-19,3.0
Walnut,GITHUB_repositories_daily,2024-03-19,1.0
Walnut,GITHUB_contributors_daily,2024-03-19,5.0
Pyth Network,GITHUB_opened_pull_requests_daily,2024-03-19,6.0
Trail of Bits Security Reviews,GITHUB_opened_pull_requests_daily,2024-03-19,9.0
Pyth Network,GITHUB_merged_pull_requests_daily,2024-03-19,3.0
Walnut,GITHUB_opened_issues_daily,2024-03-19,1.0
Runtime Verification,GITHUB_opened_issues_daily,2024-03-19,4.0
Trail of Bits Security Reviews,GITHUB_closed_issues_daily,2024-03-19,2.0
Runtime Verification,GITHUB_comments_daily,2025-01-25,3.0
Open Source Observer,GITHUB_comments_daily,2025-01-25,5.0
Runtime Verification,GITHUB_stars_daily,2025-01-25,2.0
Pyth Network,GITHUB_stars_daily,2025-01-25,1.0
thirdweb,GITHUB_commits_daily,2025-01-25,2.0
Pyth Network,GITHUB_forks_daily,2025-01-25,1.0
thirdweb,GITHUB_repositories_daily,2025-01-25,2.0
9Lives,GITHUB_repositories_daily,2025-01-25,1.0
Solang,GITHUB_contributors_daily,2025-01-25,1.0
thirdweb,GITHUB_contributors_daily,2025-01-25,1.0
Pyth Network,GITHUB_active_developers_daily,2025-01-25,2.0
Open Source Observer,GITHUB_active_developers_daily,2025-01-25,3.0
9Lives,GITHUB_active_developers_daily,2025-01-25,1.0
Pyth Network,GITHUB_opened_pull_requests_daily,2025-01-25,1.0
Open Source Observer,GITHUB_opened_pull_requests_daily,2025-01-25,3.0
thirdweb,GITHUB_opened_pull_requests_daily,2025-01-25,1.0
thirdweb,GITHUB_merged_pull_requests_daily,2025-01-25,2.0
Solang,GITHUB_opened_issues_daily,2025-01-25,1.0
Open Source Observer,GITHUB_comments_daily,2024-10-05,6.0
Passport XYZ,GITHUB_stars_daily,2024-10-05,2.0
thirdweb,GITHUB_commits_daily,2024-10-05,4.0
Runtime Verification,GITHUB_commits_daily,2024-10-05,1.0
Arbos Foundry,GITHUB_contributors_daily,2024-10-05,1.0
Trail of Bits Security Reviews,GITHUB_active_developers_daily,2024-10-05,1.0
Runtime Verification,GITHUB_comments_daily,2024-12-12,14.0
Walnut,GITHUB_comments_daily,2024-12-12,1.0
Open Source Observer,GITHUB_stars_daily,2024-12-12,1.0
Arbos Foundry,GITHUB_commits_daily,2024-12-12,20.0
Trail of Bits Security Reviews,GITHUB_commits_daily,2024-12-12,8.0
Trail of Bits Security Reviews,GITHUB_releases_daily,2024-12-12,1.0
Pyth Network,GITHUB_forks_daily,2024-12-12,1.0
Arbos Foundry,GITHUB_repositories_daily,2024-12-12,1.0
Enclave,GITHUB_repositories_daily,2024-12-12,1.0
Walnut,GITHUB_repositories_daily,2024-12-12,2.0
Trail of Bits Security Reviews,GITHUB_repositories_daily,2024-12-12,8.0
Debid - Fairblock,GITHUB_repositories_daily,2024-12-12,1.0
thirdweb,GITHUB_repositories_daily,2024-12-12,3.0
Pyth Network,GITHUB_active_developers_daily,2024-12-12,3.0
Open Source Observer,GITHUB_active_developers_daily,2024-12-12,3.0
Runtime Verification,GITHUB_active_developers_daily,2024-12-12,1.0
Walnut,GITHUB_active_developers_daily,2024-12-12,1.0
Arbos Foundry,GITHUB_contributors_daily,2024-12-12,1.0
Runtime Verification,GITHUB_contributors_daily,2024-12-12,5.0
Pyth Network,GITHUB_contributors_daily,2024-12-12,7.0
thirdweb,GITHUB_opened_pull_requests_daily,2024-12-12,16.0
Passport XYZ,GITHUB_opened_pull_requests_daily,2024-12-12,2.0
Open Source Observer,GITHUB_closed_issues_daily,2024-12-12,4.0
Pyth Network,GITHUB_comments_daily,2024-12-15,14.0
Open Source Observer,GITHUB_comments_daily,2024-12-15,9.0
Runtime Verification,GITHUB_stars_daily,2024-12-15,1.0
Open Source Observer,GITHUB_opened_pull_requests_daily,2024-12-15,4.0
Solang,GITHUB_merged_pull_requests_daily,2024-12-15,1.0
Trail of Bits Security Reviews,GITHUB_active_developers_daily,2024-12-15,1.0
Open Source Observer,GITHUB_active_developers_daily,2024-12-15,2.0
Solang,GITHUB_contributors_daily,2024-12-15,1.0
Open Source Observer,GITHUB_comments_daily,2025-02-21,15.0
Passport XYZ,GITHUB_stars_daily,2025-02-21,2.0
thirdweb,GITHUB_forks_daily,2025-02-21,1.0
Passport XYZ,GITHUB_repositories_daily,2025-02-21,1.0
Trail of Bits Security Reviews,GITHUB_contributors_daily,2025-02-21,7.0
Runtime Verification,GITHUB_contributors_daily,2025-02-21,8.0
Pyth Network,GITHUB_contributors_daily,2025-02-21,5.0
9Lives,GITHUB_active_developers_daily,2025-02-21,1.0
Trail of Bits Security Reviews,GITHUB_active_developers_daily,2025-02-21,3.0
Runtime Verification,GITHUB_active_developers_daily,2025-02-21,4.0
Pyth Network,GITHUB_merged_pull_requests_daily,2025-02-21,4.0
Runtime Verification,GITHUB_merged_pull_requests_daily,2025-02-21,5.0
thirdweb,GITHUB_merged_pull_requests_daily,2025-02-21,6.0
Runtime Verification,GITHUB_opened_issues_daily,2025-02-21,1.0
Open Source Observer,GITHUB_closed_issues_daily,2025-02-21,2.0
Redstone Finance,GITHUB_comments_daily,2025-01-29,7.0
thirdweb,GITHUB_comments_daily,2025-01-29,108.0
Redstone Finance,GITHUB_stars_daily,2025-01-29,2.0
thirdweb,GITHUB_stars_daily,2025-01-29,4.0
thirdweb,GITHUB_commits_daily,2025-01-29,21.0
Runtime Verification,GITHUB_commits_daily,2025-01-29,4.0
Redstone Finance,GITHUB_commits_daily,2025-01-29,5.0
Open Source Observer,GITHUB_commits_daily,2025-01-29,8.0
Pyth Network,GITHUB_commits_daily,2025-01-29,5.0
Passport XYZ,GITHUB_commits_daily,2025-01-29,20.0
Walnut,GITHUB_repositories_daily,2025-01-29,1.0
Passport XYZ,GITHUB_repositories_daily,2025-01-29,4.0
Runtime Verification,GITHUB_repositories_daily,2025-01-29,6.0
9Lives,GITHUB_repositories_daily,2025-01-29,1.0
Trail of Bits Security Reviews,GITHUB_contributors_daily,2025-01-29,6.0
thirdweb,GITHUB_contributors_daily,2025-01-29,10.0
Passport XYZ,GITHUB_active_developers_daily,2025-01-29,2.0
Redstone Finance,GITHUB_active_developers_daily,2025-01-29,1.0
Passport XYZ,GITHUB_opened_pull_requests_daily,2025-01-29,2.0
Redstone Finance,GITHUB_opened_pull_requests_daily,2025-01-29,2.0
Trail of Bits Security Reviews,GITHUB_opened_pull_requests_daily,2025-01-29,7.0
Runtime Verification,GITHUB_merged_pull_requests_daily,2025-01-29,4.0
Open Source Observer,GITHUB_merged_pull_requests_daily,2025-01-29,9.0
thirdweb,GITHUB_comments_daily,2025-01-22,139.0
Open Source Observer,GITHUB_comments_daily,2025-01-22,14.0
thirdweb,GITHUB_commits_daily,2025-01-22,13.0
9Lives,GITHUB_commits_daily,2025-01-22,6.0
Walnut,GITHUB_commits_daily,2025-01-22,1.0
Runtime Verification,GITHUB_commits_daily,2025-01-22,5.0
Runtime Verification,GITHUB_releases_daily,2025-01-22,3.0
Passport XYZ,GITHUB_releases_daily,2025-01-22,4.0
Solang,GITHUB_repositories_daily,2025-01-22,1.0
Passport XYZ,GITHUB_repositories_daily,2025-01-22,2.0
Open Source Observer,GITHUB_repositories_daily,2025-01-22,3.0
thirdweb,GITHUB_contributors_daily,2025-01-22,9.0
Trail of Bits Security Reviews,GITHUB_contributors_daily,2025-01-22,5.0
Open Source Observer,GITHUB_contributors_daily,2025-01-22,4.0
Redstone Finance,GITHUB_contributors_daily,2025-01-22,1.0
thirdweb,GITHUB_active_developers_daily,2025-01-22,4.0
Open Source Observer,GITHUB_active_developers_daily,2025-01-22,1.0
Pyth Network,GITHUB_active_developers_daily,2025-01-22,8.0
Redstone Finance,GITHUB_active_developers_daily,2025-01-22,1.0
Passport XYZ,GITHUB_active_developers_daily,2025-01-22,1.0
Pyth Network,GITHUB_opened_pull_requests_daily,2025-01-22,17.0
Open Source Observer,GITHUB_opened_pull_requests_daily,2025-01-22,5.0
Passport XYZ,GITHUB_opened_issues_daily,2025-01-22,12.0
thirdweb,GITHUB_opened_issues_daily,2025-01-22,1.0
Trail of Bits Security Reviews,GITHUB_closed_issues_daily,2025-01-22,1.0
Passport XYZ,GITHUB_closed_issues_daily,2025-01-22,4.0
Open Source Observer,GITHUB_forks_weekly,2024-07-15,2.0
Trail of Bits Security Reviews,GITHUB_forks_weekly,2024-07-15,13.0
Redstone Finance,GITHUB_forks_weekly,2024-07-15,1.0
thirdweb,GITHUB_comments_daily,2024-07-15,149.0
Runtime Verification,GITHUB_stars_weekly,2024-07-15,9.0
Trail of Bits Security Reviews,GITHUB_stars_weekly,2024-07-15,63.0
Pyth Network,GITHUB_stars_weekly,2024-07-15,4.0
Runtime Verification,GITHUB_commits_daily,2024-07-15,14.0
Passport XYZ,GITHUB_commits_daily,2024-07-15,8.0
Walnut,GITHUB_commits_daily,2024-07-15,5.0
Trail of Bits Security Reviews,GITHUB_releases_weekly,2024-07-15,1.0
Open Source Observer,GITHUB_commits_weekly,2024-07-15,34.0
Remix IDE plugin for Arbitrum Stylus,GITHUB_commits_weekly,2024-07-15,2.0
Redstone Finance,GITHUB_commits_weekly,2024-07-15,16.0
Passport XYZ,GITHUB_comments_weekly,2024-07-15,16.0
thirdweb,GITHUB_comments_weekly,2024-07-15,720.0
Redstone Finance,GITHUB_comments_weekly,2024-07-15,10.0
Walnut,GITHUB_comments_weekly,2024-07-15,6.0
Remix IDE plugin for Arbitrum Stylus,GITHUB_repositories_weekly,2024-07-15,1.0
Arbos Foundry,GITHUB_repositories_weekly,2024-07-15,1.0
thirdweb,GITHUB_forks_daily,2024-07-15,1.0
Walnut,GITHUB_repositories_daily,2024-07-15,1.0
Pyth Network,GITHUB_repositories_daily,2024-07-15,2.0
Runtime Verification,GITHUB_repositories_daily,2024-07-15,8.0
Passport XYZ,GITHUB_contributors_weekly,2024-07-15,5.0
thirdweb,GITHUB_contributors_weekly,2024-07-15,27.0
Open Source Observer,GITHUB_contributors_weekly,2024-07-15,7.0
Redstone Finance,GITHUB_active_developers_weekly,2024-07-15,3.0
Pyth Network,GITHUB_active_developers_weekly,2024-07-15,9.0
Trail of Bits Security Reviews,GITHUB_active_developers_weekly,2024-07-15,7.0
Runtime Verification,GITHUB_contributors_daily,2024-07-15,9.0
Walnut,GITHUB_active_developers_daily,2024-07-15,1.0
Runtime Verification,GITHUB_active_developers_daily,2024-07-15,3.0
Open Source Observer,GITHUB_active_developers_daily,2024-07-15,3.0
thirdweb,GITHUB_active_developers_daily,2024-07-15,3.0
Passport XYZ,GITHUB_active_developers_daily,2024-07-15,1.0
Walnut,GITHUB_opened_pull_requests_weekly,2024-07-15,4.0
Open Source Observer,GITHUB_opened_pull_requests_weekly,2024-07-15,23.0
Debid - Fairblock,GITHUB_opened_pull_requests_weekly,2024-07-15,1.0
Redstone Finance,GITHUB_opened_pull_requests_weekly,2024-07-15,2.0
Passport XYZ,GITHUB_merged_pull_requests_daily,2024-07-15,2.0
Walnut,GITHUB_merged_pull_requests_daily,2024-07-15,1.0
thirdweb,GITHUB_merged_pull_requests_weekly,2024-07-15,87.0
Open Source Observer,GITHUB_merged_pull_requests_weekly,2024-07-15,22.0
Passport XYZ,GITHUB_merged_pull_requests_weekly,2024-07-15,8.0
Open Source Observer,GITHUB_opened_issues_weekly,2024-07-15,17.0
Walnut,GITHUB_opened_issues_daily,2024-07-15,1.0
Open Source Observer,GITHUB_closed_issues_weekly,2024-07-15,17.0
Walnut,GITHUB_closed_issues_daily,2024-07-15,1.0
Open Source Observer,GITHUB_comments_daily,2024-11-19,16.0
Pyth Network,GITHUB_comments_daily,2024-11-19,19.0
Walnut,GITHUB_comments_daily,2024-11-19,1.0
Runtime Verification,GITHUB_stars_daily,2024-11-19,1.0
thirdweb,GITHUB_commits_daily,2024-11-19,7.0
Redstone Finance,GITHUB_commits_daily,2024-11-19,6.0
Passport XYZ,GITHUB_commits_daily,2024-11-19,3.0
thirdweb,GITHUB_forks_daily,2024-11-19,2.0
Passport XYZ,GITHUB_repositories_daily,2024-11-19,4.0
Walnut,GITHUB_active_developers_daily,2024-11-19,1.0
Passport XYZ,GITHUB_active_developers_daily,2024-11-19,2.0
Runtime Verification,GITHUB_opened_pull_requests_daily,2024-11-19,2.0
Walnut,GITHUB_opened_pull_requests_daily,2024-11-19,1.0
Trail of Bits Security Reviews,GITHUB_opened_pull_requests_daily,2024-11-19,9.0
thirdweb,GITHUB_merged_pull_requests_daily,2024-11-19,6.0
Passport XYZ,GITHUB_closed_issues_daily,2024-11-19,6.0
thirdweb,GITHUB_comments_daily,2024-05-09,63.0
Redstone Finance,GITHUB_stars_daily,2024-05-09,2.0
Trail of Bits Security Reviews,GITHUB_stars_daily,2024-05-09,13.0
Passport XYZ,GITHUB_commits_daily,2024-05-09,4.0
Remix IDE plugin for Arbitrum Stylus,GITHUB_commits_daily,2024-05-09,1.0
Pyth Network,GITHUB_releases_daily,2024-05-09,1.0
Remix IDE plugin for Arbitrum Stylus,GITHUB_repositories_daily,2024-05-09,1.0
Pyth Network,GITHUB_active_developers_daily,2024-05-09,4.0
Remix IDE plugin for Arbitrum Stylus,GITHUB_active_developers_daily,2024-05-09,1.0
Pyth Network,GITHUB_opened_pull_requests_daily,2024-05-09,4.0
Runtime Verification,GITHUB_opened_pull_requests_daily,2024-05-09,11.0
Passport XYZ,GITHUB_merged_pull_requests_daily,2024-05-09,2.0
Trail of Bits Security Reviews,GITHUB_merged_pull_requests_daily,2024-05-09,5.0
thirdweb,GITHUB_closed_issues_daily,2024-05-09,1.0
Redstone Finance,GITHUB_comments_daily,2024-10-20,1.0
thirdweb,GITHUB_comments_daily,2024-10-20,12.0
Debid - Fairblock,GITHUB_repositories_daily,2024-10-20,1.0
Open Source Observer,GITHUB_repositories_daily,2024-10-20,3.0
Open Source Observer,GITHUB_active_developers_daily,2024-10-20,3.0
Open Source Observer,GITHUB_merged_pull_requests_daily,2024-10-20,12.0
Passport XYZ,GITHUB_comments_daily,2024-08-26,12.0
Pyth Network,GITHUB_stars_weekly,2024-08-26,6.0
Trail of Bits Security Reviews,GITHUB_stars_daily,2024-08-26,17.0
Trail of Bits Security Reviews,GITHUB_releases_weekly,2024-08-26,19.0
Redstone Finance,GITHUB_commits_daily,2024-08-26,6.0
Pyth Network,GITHUB_commits_daily,2024-08-26,7.0
thirdweb,GITHUB_commits_daily,2024-08-26,4.0
Pyth Network,GITHUB_commits_weekly,2024-08-26,60.0
Runtime Verification,GITHUB_comments_weekly,2024-08-26,68.0
Enclave,GITHUB_comments_weekly,2024-08-26,18.0
Trail of Bits Security Reviews,GITHUB_comments_weekly,2024-08-26,50.0
Debid - Fairblock,GITHUB_repositories_weekly,2024-08-26,2.0
Walnut,GITHUB_repositories_weekly,2024-08-26,4.0
thirdweb,GITHUB_repositories_daily,2024-08-26,3.0
Debid - Fairblock,GITHUB_repositories_daily,2024-08-26,1.0
Runtime Verification,GITHUB_contributors_weekly,2024-08-26,14.0
Enclave,GITHUB_contributors_weekly,2024-08-26,4.0
thirdweb,GITHUB_contributors_weekly,2024-08-26,20.0
Arbos Foundry,GITHUB_contributors_weekly,2024-08-26,1.0
Pyth Network,GITHUB_active_developers_weekly,2024-08-26,12.0
Passport XYZ,GITHUB_active_developers_weekly,2024-08-26,4.0
Open Source Observer,GITHUB_contributors_daily,2024-08-26,3.0
Pyth Network,GITHUB_contributors_daily,2024-08-26,6.0
Passport XYZ,GITHUB_active_developers_daily,2024-08-26,1.0
Open Source Observer,GITHUB_active_developers_daily,2024-08-26,1.0
Trail of Bits Security Reviews,GITHUB_active_developers_daily,2024-08-26,5.0
Open Source Observer,GITHUB_opened_pull_requests_daily,2024-08-26,2.0
Trail of Bits Security Reviews,GITHUB_opened_pull_requests_daily,2024-08-26,17.0
Redstone Finance,GITHUB_merged_pull_requests_weekly,2024-08-26,5.0
Runtime Verification,GITHUB_merged_pull_requests_weekly,2024-08-26,40.0
Trail of Bits Security Reviews,GITHUB_merged_pull_requests_weekly,2024-08-26,51.0
Runtime Verification,GITHUB_merged_pull_requests_daily,2024-08-26,9.0
Redstone Finance,GITHUB_merged_pull_requests_daily,2024-08-26,2.0
Trail of Bits Security Reviews,GITHUB_merged_pull_requests_daily,2024-08-26,13.0
thirdweb,GITHUB_merged_pull_requests_daily,2024-08-26,4.0
Open Source Observer,GITHUB_opened_issues_weekly,2024-08-26,28.0
Open Source Observer,GITHUB_opened_issues_daily,2024-08-26,5.0
Open Source Observer,GITHUB_closed_issues_weekly,2024-08-26,19.0
Passport XYZ,GITHUB_closed_issues_weekly,2024-08-26,30.0
thirdweb,GITHUB_closed_issues_daily,2024-08-26,3.0
thirdweb,GITHUB_comments_daily,2024-05-26,19.0
Trail of Bits Security Reviews,GITHUB_commits_daily,2024-05-26,2.0
thirdweb,GITHUB_commits_daily,2024-05-26,2.0
thirdweb,GITHUB_forks_daily,2024-05-26,6.0
Redstone Finance,GITHUB_forks_daily,2024-05-26,3.0
Trail of Bits Security Reviews,GITHUB_repositories_daily,2024-05-26,7.0
thirdweb,GITHUB_opened_pull_requests_daily,2024-05-26,4.0
Open Source Observer,GITHUB_merged_pull_requests_daily,2024-05-26,1.0
Walnut,GITHUB_comments_daily,2025-03-04,23.0
Runtime Verification,GITHUB_comments_daily,2025-03-04,7.0
Trail of Bits Security Reviews,GITHUB_comments_daily,2025-03-04,2.0
Solang,GITHUB_stars_daily,2025-03-04,1.0
Trail of Bits Security Reviews,GITHUB_commits_daily,2025-03-04,3.0
Redstone Finance,GITHUB_commits_daily,2025-03-04,22.0
thirdweb,GITHUB_commits_daily,2025-03-04,8.0
Pyth Network,GITHUB_releases_daily,2025-03-04,1.0
CodeTracer,GITHUB_releases_daily,2025-03-04,1.0
Redstone Finance,GITHUB_repositories_daily,2025-03-04,6.0
Trail of Bits Security Reviews,GITHUB_repositories_daily,2025-03-04,9.0
Debid - Fairblock,GITHUB_repositories_daily,2025-03-04,1.0
Runtime Verification,GITHUB_repositories_daily,2025-03-04,7.0
Pyth Network,GITHUB_active_developers_daily,2025-03-04,5.0
Open Source Observer,GITHUB_active_developers_daily,2025-03-04,4.0
thirdweb,GITHUB_active_developers_daily,2025-03-04,5.0
Runtime Verification,GITHUB_active_developers_daily,2025-03-04,3.0
Open Source Observer,GITHUB_contributors_daily,2025-03-04,6.0
Trail of Bits Security Reviews,GITHUB_contributors_daily,2025-03-04,6.0
thirdweb,GITHUB_opened_pull_requests_daily,2025-03-04,8.0
Walnut,GITHUB_opened_pull_requests_daily,2025-03-04,4.0
Walnut,GITHUB_opened_pull_requests_over_all_time,2025-04-14,399.0
Open Source Observer,GITHUB_opened_pull_requests_over_all_time,2025-04-14,2227.0
Trail of Bits Security Reviews,GITHUB_opened_pull_requests_over_all_time,2025-04-14,11340.0
CoBuilders,GITHUB_opened_pull_requests_over_all_time,2025-04-14,17.0
WakeUp Labs,GITHUB_active_developers_over_all_time,2025-04-14,6.0
Enclave,GITHUB_closed_issues_over_all_time,2025-04-14,86.0
Walnut,GITHUB_closed_issues_over_all_time,2025-04-14,252.0
Trail of Bits Security Reviews,GITHUB_closed_issues_over_all_time,2025-04-14,3545.0
Runtime Verification,GITHUB_avg_time_to_first_response_over_all_time,2025-04-14,1538805.1072365954
Enclave,GITHUB_merged_pull_requests_over_all_time,2025-04-14,133.0
Sylow,GITHUB_merged_pull_requests_over_all_time,2025-04-14,5.0
Solang,GITHUB_active_developers_over_all_time,2025-04-14,3.0
Trail of Bits Security Reviews,GITHUB_active_developers_over_all_time,2025-04-14,154.0
CodeTracer,GITHUB_avg_time_to_first_response_over_all_time,2025-04-14,57095.15254237288
CodeTracer,GITHUB_closed_issues_over_all_time,2025-04-14,28.0
CodeTracer,GITHUB_releases_over_all_time,2025-04-14,8.0
Trail of Bits Security Reviews,GITHUB_releases_over_all_time,2025-04-14,730.0
WakeUp Labs,GITHUB_avg_time_to_first_response_over_all_time,2025-04-14,90479.36
thirdweb,GITHUB_avg_time_to_first_response_over_all_time,2025-04-14,150139.23180538803
Solang,GITHUB_avg_time_to_first_response_over_all_time,2025-04-14,837584.7428571428
Passport XYZ,GITHUB_avg_time_to_first_response_over_all_time,2025-04-14,544250.2988047809
Solang,GITHUB_opened_pull_requests_over_all_time,2025-04-14,27.0
thirdweb,GITHUB_opened_pull_requests_over_all_time,2025-04-14,12091.0
Enclave,GITHUB_releases_over_all_time,2025-04-14,4.0
Sylow,GITHUB_releases_over_all_time,2025-04-14,1.0
Redstone Finance,GITHUB_releases_over_all_time,2025-04-14,16.0
Enclave,GITHUB_avg_time_to_first_response_over_all_time,2025-04-14,470591.43866171
WakeUp Labs,GITHUB_opened_pull_requests_over_all_time,2025-04-14,30.0
Enclave,GITHUB_stars_over_all_time,2025-04-14,18.0
Enclave,GITHUB_active_developers_over_all_time,2025-04-14,6.0
Passport XYZ,GITHUB_merged_pull_requests_over_all_time,2025-04-14,453.0
WakeUp Labs,GITHUB_closed_issues_over_all_time,2025-04-14,1.0
Remix IDE plugin for Arbitrum Stylus,GITHUB_closed_issues_over_all_time,2025-04-14,1.0
Open Source Observer,GITHUB_merged_pull_requests_over_all_time,2025-04-14,2079.0
9Lives,GITHUB_merged_pull_requests_over_all_time,2025-04-14,7.0
Remix IDE plugin for Arbitrum Stylus,GITHUB_merged_pull_requests_over_all_time,2025-04-14,58.0
thirdweb,GITHUB_active_developers_over_all_time,2025-04-14,77.0
Pyth Network,GITHUB_active_developers_over_all_time,2025-04-14,43.0
Debid - Fairblock,GITHUB_opened_issues_over_all_time,2025-04-14,5.0
CoBuilders,GITHUB_contributors_over_all_time,2025-04-14,2.0
Ember,GITHUB_contributors_over_all_time,2025-04-14,1.0
Debid - Fairblock,GITHUB_contributors_over_all_time,2025-04-14,51.0
WakeUp Labs,GITHUB_contributors_over_all_time,2025-04-14,8.0
Syndicate Protocol,GITHUB_contributors_over_all_time,2025-04-14,8.0
Redstone Finance,GITHUB_contributors_over_all_time,2025-04-14,74.0
Remix IDE plugin for Arbitrum Stylus,GITHUB_contributors_over_all_time,2025-04-14,12.0
Enclave,GITHUB_avg_prs_time_to_merge_over_all_time,2025-04-14,0.0
Syndicate Protocol,GITHUB_commits_over_all_time,2025-04-14,125.0
Ember,GITHUB_commits_over_all_time,2025-04-14,26.0
CodeTracer,GITHUB_avg_prs_time_to_merge_over_all_time,2025-04-14,0.0
StylusPort,GITHUB_commits_over_all_time,2025-04-14,18.0
Pyth Network,GITHUB_commits_over_all_time,2025-04-14,5098.0
Passport XYZ,GITHUB_commits_over_all_time,2025-04-14,711.0
Debid - Fairblock,GITHUB_commits_over_all_time,2025-04-14,960.0
WakeUp Labs,GITHUB_forks_over_all_time,2025-04-14,2.0
Runtime Verification,GITHUB_forks_over_all_time,2025-04-14,743.0
Arbos Foundry,GITHUB_forks_over_all_time,2025-04-14,1.0
Moving Stylus,GITHUB_forks_over_all_time,2025-04-14,6.0
Redstone Finance,GITHUB_comments_over_all_time,2025-04-14,4461.0
Passport XYZ,GITHUB_comments_over_all_time,2025-04-14,571.0
CodeTracer,GITHUB_comments_over_all_time,2025-04-14,74.0
WakeUp Labs,GITHUB_comments_over_all_time,2025-04-14,5.0
Syndicate Protocol,GITHUB_comments_over_all_time,2025-04-14,14.0
Solang,GITHUB_comments_over_all_time,2025-04-14,88.0
Open Source Observer,GITHUB_avg_prs_time_to_merge_over_all_time,2025-04-14,0.0
Remix IDE plugin for Arbitrum Stylus,GITHUB_avg_prs_time_to_merge_over_all_time,2025-04-14,0.0
Syndicate Protocol,GITHUB_forks_over_all_time,2025-04-14,4.0
Open Source Observer,GITHUB_forks_over_all_time,2025-04-14,222.0
Ember,GITHUB_repositories_over_all_time,2025-04-14,4.0
thirdweb,GITHUB_repositories_over_all_time,2025-04-14,89.0
Syndicate Protocol,GITHUB_repositories_over_all_time,2025-04-14,9.0
Trail of Bits Security Reviews,GITHUB_repositories_over_all_time,2025-04-14,205.0
Open Source Observer,GITHUB_repositories_over_all_time,2025-04-14,12.0
Solang,GITHUB_comments_daily,2024-11-23,2.0
Passport XYZ,GITHUB_stars_daily,2024-11-23,2.0
Open Source Observer,GITHUB_commits_daily,2024-11-23,1.0
Runtime Verification,GITHUB_commits_daily,2024-11-23,3.0
Sylow,GITHUB_repositories_daily,2024-11-23,1.0
thirdweb,GITHUB_repositories_daily,2024-11-23,2.0
Passport XYZ,GITHUB_repositories_daily,2024-11-23,1.0
Trail of Bits Security Reviews,GITHUB_contributors_daily,2024-11-23,1.0
Pyth Network,GITHUB_opened_pull_requests_daily,2024-11-23,1.0
Open Source Observer,GITHUB_opened_pull_requests_daily,2024-11-23,1.0
Walnut,GITHUB_forks_weekly,2024-02-19,2.0
Open Source Observer,GITHUB_forks_weekly,2024-02-19,1.0
Debid - Fairblock,GITHUB_comments_daily,2024-02-19,2.0
thirdweb,GITHUB_comments_daily,2024-02-19,27.0
Open Source Observer,GITHUB_comments_daily,2024-02-19,6.0
Walnut,GITHUB_comments_daily,2024-02-19,1.0
Open Source Observer,GITHUB_stars_daily,2024-02-19,1.0
Pyth Network,GITHUB_stars_weekly,2024-02-19,17.0
Open Source Observer,GITHUB_commits_daily,2024-02-19,5.0
Trail of Bits Security Reviews,GITHUB_commits_daily,2024-02-19,12.0
Runtime Verification,GITHUB_releases_weekly,2024-02-19,48.0
Debid - Fairblock,GITHUB_releases_weekly,2024-02-19,3.0
Pyth Network,GITHUB_releases_weekly,2024-02-19,4.0
Runtime Verification,GITHUB_releases_daily,2024-02-19,10.0
thirdweb,GITHUB_commits_weekly,2024-02-19,66.0
Trail of Bits Security Reviews,GITHUB_commits_weekly,2024-02-19,62.0
Open Source Observer,GITHUB_commits_weekly,2024-02-19,23.0
Redstone Finance,GITHUB_comments_weekly,2024-02-19,2.0
Debid - Fairblock,GITHUB_comments_weekly,2024-02-19,7.0
Open Source Observer,GITHUB_comments_weekly,2024-02-19,55.0
Debid - Fairblock,GITHUB_repositories_weekly,2024-02-19,1.0
Syndicate Protocol,GITHUB_repositories_weekly,2024-02-19,1.0
Walnut,GITHUB_contributors_weekly,2024-02-19,7.0
Trail of Bits Security Reviews,GITHUB_contributors_weekly,2024-02-19,18.0
Runtime Verification,GITHUB_contributors_weekly,2024-02-19,22.0
Pyth Network,GITHUB_contributors_weekly,2024-02-19,23.0
thirdweb,GITHUB_contributors_weekly,2024-02-19,23.0
Redstone Finance,GITHUB_contributors_daily,2024-02-19,3.0
Redstone Finance,GITHUB_active_developers_weekly,2024-02-19,3.0
Redstone Finance,GITHUB_active_developers_daily,2024-02-19,3.0
Runtime Verification,GITHUB_active_developers_daily,2024-02-19,4.0
Debid - Fairblock,GITHUB_opened_pull_requests_weekly,2024-02-19,2.0
Open Source Observer,GITHUB_merged_pull_requests_weekly,2024-02-19,17.0
Pyth Network,GITHUB_opened_pull_requests_daily,2024-02-19,6.0
Trail of Bits Security Reviews,GITHUB_opened_pull_requests_daily,2024-02-19,25.0
Pyth Network,GITHUB_opened_issues_weekly,2024-02-19,4.0
thirdweb,GITHUB_opened_issues_weekly,2024-02-19,2.0
Open Source Observer,GITHUB_opened_issues_daily,2024-02-19,13.0
Walnut,GITHUB_closed_issues_daily,2024-02-19,1.0
thirdweb,GITHUB_closed_issues_weekly,2024-02-19,7.0
Walnut,GITHUB_closed_issues_weekly,2024-02-19,3.0
Runtime Verification,GITHUB_closed_issues_weekly,2024-02-19,11.0
thirdweb,GITHUB_stars_daily,2024-10-26,1.0
Pyth Network,GITHUB_commits_daily,2024-10-26,4.0
Redstone Finance,GITHUB_forks_daily,2024-10-26,1.0
Pyth Network,GITHUB_repositories_daily,2024-10-26,3.0
Trail of Bits Security Reviews,GITHUB_contributors_daily,2024-10-26,1.0
Pyth Network,GITHUB_active_developers_daily,2024-10-26,1.0
Trail of Bits Security Reviews,GITHUB_active_developers_daily,2024-10-26,1.0
Debid - Fairblock,GITHUB_active_contributors_quarterly,2025-01-01,5.0
9Lives,GITHUB_part_time_contributors_quarterly,2025-01-01,4.0
thirdweb,GITHUB_new_contributors_quarterly,2025-01-01,11.0
9Lives,GITHUB_active_contributors_quarterly,2025-01-01,4.0
Arbos Foundry,GITHUB_part_time_contributors_quarterly,2025-01-01,1.0
Pyth Network,GITHUB_active_contributors_quarterly,2025-01-01,29.0
CoBuilders,GITHUB_active_contributors_quarterly,2025-01-01,1.0
Syndicate Protocol,GITHUB_new_contributors_quarterly,2025-01-01,1.0
Runtime Verification,GITHUB_releases_biannually,2025-01-01,60.0
Redstone Finance,GITHUB_releases_biannually,2025-01-01,3.0
Trail of Bits Security Reviews,GITHUB_releases_quarterly,2025-01-01,22.0
Walnut,GITHUB_releases_quarterly,2025-01-01,3.0
Open Source Observer,GITHUB_commits_biannually,2025-01-01,232.0
Sylow,GITHUB_commits_biannually,2025-01-01,22.0
Walnut,GITHUB_commits_biannually,2025-01-01,160.0
Debid - Fairblock,GITHUB_active_developers_biannually,2025-01-01,3.0
Trail of Bits Security Reviews,GITHUB_active_developers_biannually,2025-01-01,21.0
Moving Stylus,GITHUB_active_developers_biannually,2025-01-01,3.0
Walnut,GITHUB_active_developers_biannually,2025-01-01,7.0
thirdweb,GITHUB_comments_daily,2025-01-01,31.0
Arbos Foundry,GITHUB_active_developers_quarterly,2025-01-01,1.0
Trail of Bits Security Reviews,GITHUB_active_developers_quarterly,2025-01-01,21.0
Open Source Observer,GITHUB_forks_monthly,2025-01-01,1.0
Redstone Finance,GITHUB_forks_monthly,2025-01-01,4.0
Passport XYZ,GITHUB_forks_monthly,2025-01-01,8.0
Trail of Bits Security Reviews,GITHUB_part_time_developers_quarterly,2025-01-01,21.0
Sylow,GITHUB_part_time_developers_quarterly,2025-01-01,1.0
Redstone Finance,GITHUB_part_time_developers_quarterly,2025-01-01,10.0
thirdweb,GITHUB_part_time_developers_quarterly,2025-01-01,13.0
Runtime Verification,GITHUB_part_time_developers_quarterly,2025-01-01,13.0
Syndicate Protocol,GITHUB_stars_biannually,2025-01-01,3.0
Walnut,GITHUB_stars_biannually,2025-01-01,1.0
Trail of Bits Security Reviews,GITHUB_stars_biannually,2025-01-01,256.0
Walnut,GITHUB_stars_monthly,2025-01-01,1.0
Trail of Bits Security Reviews,GITHUB_stars_monthly,2025-01-01,256.0
Sylow,GITHUB_stars_monthly,2025-01-01,3.0
Walnut,GITHUB_commits_monthly,2025-01-01,160.0
Runtime Verification,GITHUB_commits_monthly,2025-01-01,141.0
Open Source Observer,GITHUB_commits_monthly,2025-01-01,232.0
9Lives,GITHUB_commits_monthly,2025-01-01,232.0
Enclave,GITHUB_commits_monthly,2025-01-01,1.0
Runtime Verification,GITHUB_stars_quarterly,2025-01-01,20.0
Sylow,GITHUB_comments_monthly,2025-01-01,3.0
Walnut,GITHUB_comments_monthly,2025-01-01,33.0
Trail of Bits Security Reviews,GITHUB_comments_monthly,2025-01-01,127.0
Pyth Network,GITHUB_stars_quarterly,2025-01-01,24.0
Walnut,GITHUB_stars_quarterly,2025-01-01,1.0
Redstone Finance,GITHUB_stars_quarterly,2025-01-01,16.0
Sylow,GITHUB_stars_quarterly,2025-01-01,3.0
Debid - Fairblock,GITHUB_comments_monthly,2025-01-01,1.0
thirdweb,GITHUB_commits_daily,2025-01-01,2.0
Walnut,GITHUB_commits_daily,2025-01-01,4.0
Pyth Network,GITHUB_releases_monthly,2025-01-01,35.0
Redstone Finance,GITHUB_releases_monthly,2025-01-01,3.0
Trail of Bits Security Reviews,GITHUB_releases_monthly,2025-01-01,22.0
Debid - Fairblock,GITHUB_commits_quarterly,2025-01-01,20.0
Arbos Foundry,GITHUB_commits_quarterly,2025-01-01,10.0
Syndicate Protocol,GITHUB_commits_quarterly,2025-01-01,5.0
Runtime Verification,GITHUB_forks_biannually,2025-01-01,6.0
Runtime Verification,GITHUB_forks_quarterly,2025-01-01,6.0
Open Source Observer,GITHUB_forks_quarterly,2025-01-01,1.0
Pyth Network,GITHUB_forks_biannually,2025-01-01,16.0
thirdweb,GITHUB_forks_biannually,2025-01-01,60.0
thirdweb,GITHUB_repositories_daily,2025-01-01,3.0
Passport XYZ,GITHUB_repositories_daily,2025-01-01,1.0
Enclave,GITHUB_repositories_daily,2025-01-01,1.0
Passport XYZ,GITHUB_repositories_biannually,2025-01-01,6.0
Open Source Observer,GITHUB_repositories_monthly,2025-01-01,7.0
Trail of Bits Security Reviews,GITHUB_repositories_monthly,2025-01-01,74.0
9Lives,GITHUB_repositories_biannually,2025-01-01,1.0
Moving Stylus,GITHUB_repositories_monthly,2025-01-01,3.0
Debid - Fairblock,GITHUB_repositories_biannually,2025-01-01,5.0
Sylow,GITHUB_repositories_biannually,2025-01-01,1.0
Moving Stylus,GITHUB_contributors_monthly,2025-01-01,4.0
Debid - Fairblock,GITHUB_contributors_monthly,2025-01-01,5.0
Enclave,GITHUB_contributors_monthly,2025-01-01,2.0
Solang,GITHUB_contributors_monthly,2025-01-01,4.0
Walnut,GITHUB_contributors_monthly,2025-01-01,8.0
Syndicate Protocol,GITHUB_contributors_monthly,2025-01-01,1.0
Pyth Network,GITHUB_contributors_monthly,2025-01-01,29.0
thirdweb,GITHUB_contributors_biannually,2025-01-01,41.0
Solang,GITHUB_contributors_biannually,2025-01-01,4.0
Open Source Observer,GITHUB_contributors_biannually,2025-01-01,15.0
Sylow,GITHUB_contributors_quarterly,2025-01-01,1.0
Redstone Finance,GITHUB_contributors_quarterly,2025-01-01,11.0
Moving Stylus,GITHUB_contributors_quarterly,2025-01-01,4.0
Arbos Foundry,GITHUB_contributors_biannually,2025-01-01,1.0
thirdweb,GITHUB_active_developers_monthly,2025-01-01,13.0
Moving Stylus,GITHUB_active_developers_monthly,2025-01-01,3.0
Redstone Finance,GITHUB_active_developers_monthly,2025-01-01,10.0
Runtime Verification,GITHUB_part_time_developers_monthly,2025-01-01,11.0
9Lives,GITHUB_part_time_developers_monthly,2025-01-01,1.0
Open Source Observer,GITHUB_part_time_developers_monthly,2025-01-01,6.0
Pyth Network,GITHUB_part_time_developers_monthly,2025-01-01,16.0
Trail of Bits Security Reviews,GITHUB_part_time_developers_monthly,2025-01-01,20.0
Enclave,GITHUB_contributors_daily,2025-01-01,1.0
thirdweb,GITHUB_part_time_developers_biannually,2025-01-01,13.0
Runtime Verification,GITHUB_part_time_developers_biannually,2025-01-01,13.0
Sylow,GITHUB_part_time_contributors_monthly,2025-01-01,1.0
Moving Stylus,GITHUB_part_time_contributors_monthly,2025-01-01,4.0
thirdweb,GITHUB_active_contributors_monthly,2025-01-01,41.0
Open Source Observer,GITHUB_new_contributors_monthly,2025-01-01,1.0
Moving Stylus,GITHUB_active_contributors_monthly,2025-01-01,4.0
Solang,GITHUB_active_contributors_monthly,2025-01-01,4.0
Solang,GITHUB_new_contributors_monthly,2025-01-01,4.0
Syndicate Protocol,GITHUB_new_contributors_monthly,2025-01-01,1.0
Runtime Verification,GITHUB_active_contributors_monthly,2025-01-01,25.0
Walnut,GITHUB_active_contributors_monthly,2025-01-01,8.0
thirdweb,GITHUB_part_time_contributors_monthly,2025-01-01,34.0
thirdweb,GITHUB_full_time_contributors_monthly,2025-01-01,7.0
Trail of Bits Security Reviews,GITHUB_active_contributors_monthly,2025-01-01,41.0
Pyth Network,GITHUB_new_contributors_monthly,2025-01-01,3.0
Arbos Foundry,GITHUB_part_time_contributors_biannually,2025-01-01,1.0
Redstone Finance,GITHUB_new_contributors_biannually,2025-01-01,1.0
Syndicate Protocol,GITHUB_active_contributors_biannually,2025-01-01,1.0
Pyth Network,GITHUB_new_contributors_biannually,2025-01-01,3.0
Syndicate Protocol,GITHUB_part_time_contributors_biannually,2025-01-01,1.0
Passport XYZ,GITHUB_active_contributors_biannually,2025-01-01,6.0
Walnut,GITHUB_active_contributors_biannually,2025-01-01,8.0
Arbos Foundry,GITHUB_active_contributors_biannually,2025-01-01,1.0
Walnut,GITHUB_active_developers_daily,2025-01-01,1.0
Trail of Bits Security Reviews,GITHUB_active_developers_daily,2025-01-01,2.0
thirdweb,GITHUB_active_developers_daily,2025-01-01,1.0
Passport XYZ,GITHUB_change_in_part_time_contributors_monthly,2025-01-01,2.0
Arbos Foundry,GITHUB_change_in_active_developers_monthly,2025-01-01,1.0
Redstone Finance,GITHUB_change_in_active_developers_monthly,2025-01-01,-2.0
Syndicate Protocol,GITHUB_change_in_part_time_contributors_monthly,2025-01-01,0.0
Arbos Foundry,GITHUB_change_in_part_time_contributors_monthly,2025-01-01,1.0
Solang,GITHUB_change_in_active_developers_monthly,2025-01-01,0.0
Solang,GITHUB_change_in_part_time_contributors_monthly,2025-01-01,0.0
Enclave,GITHUB_change_in_active_developers_monthly,2025-01-01,0.0
Passport XYZ,GITHUB_change_in_active_developers_quarterly,2025-01-01,0.0
Walnut,GITHUB_change_in_part_time_contributors_quarterly,2025-01-01,-1.0
Syndicate Protocol,GITHUB_change_in_part_time_contributors_biannually,2025-01-01,0.0
Walnut,GITHUB_change_in_active_developers_biannually,2025-01-01,-1.0
Trail of Bits Security Reviews,GITHUB_change_in_part_time_contributors_biannually,2025-01-01,13.0
Moving Stylus,GITHUB_change_in_active_developers_biannually,2025-01-01,-2.0
Moving Stylus,GITHUB_change_in_part_time_contributors_biannually,2025-01-01,-2.0
Redstone Finance,GITHUB_change_in_full_time_contributors_monthly,2025-01-01,0.0
thirdweb,GITHUB_change_in_active_developers_biannually,2025-01-01,11.0
Pyth Network,GITHUB_change_in_part_time_contributors_biannually,2025-01-01,3.0
Open Source Observer,GITHUB_change_in_active_developers_monthly,2025-01-01,-3.0
Passport XYZ,GITHUB_change_in_full_time_contributors_monthly,2025-01-01,-2.0
Moving Stylus,GITHUB_change_in_part_time_contributors_monthly,2025-01-01,-2.0
Passport XYZ,GITHUB_change_in_part_time_contributors_quarterly,2025-01-01,0.0
Open Source Observer,GITHUB_change_in_part_time_contributors_quarterly,2025-01-01,-3.0
CoBuilders,GITHUB_change_in_active_developers_quarterly,2025-01-01,0.0
Sylow,GITHUB_change_in_part_time_contributors_biannually,2025-01-01,0.0
Solang,GITHUB_change_in_active_developers_quarterly,2025-01-01,0.0
9Lives,GITHUB_change_in_active_developers_quarterly,2025-01-01,
Trail of Bits Security Reviews,GITHUB_opened_pull_requests_monthly,2025-01-01,164.0
Walnut,GITHUB_opened_pull_requests_monthly,2025-01-01,32.0
thirdweb,GITHUB_opened_pull_requests_monthly,2025-01-01,267.0
Redstone Finance,GITHUB_opened_pull_requests_monthly,2025-01-01,22.0
CoBuilders,GITHUB_opened_pull_requests_monthly,2025-01-01,5.0
Runtime Verification,GITHUB_opened_pull_requests_biannually,2025-01-01,101.0
Redstone Finance,GITHUB_opened_pull_requests_biannually,2025-01-01,22.0
9Lives,GITHUB_opened_pull_requests_quarterly,2025-01-01,3.0
Sylow,GITHUB_opened_pull_requests_biannually,2025-01-01,1.0
Moving Stylus,GITHUB_opened_pull_requests_biannually,2025-01-01,7.0
Open Source Observer,GITHUB_opened_pull_requests_biannually,2025-01-01,143.0
Moving Stylus,GITHUB_opened_pull_requests_quarterly,2025-01-01,7.0
Pyth Network,GITHUB_opened_pull_requests_quarterly,2025-01-01,197.0
Solang,GITHUB_opened_pull_requests_quarterly,2025-01-01,2.0
Walnut,GITHUB_merged_pull_requests_monthly,2025-01-01,34.0
9Lives,GITHUB_merged_pull_requests_monthly,2025-01-01,3.0
Passport XYZ,GITHUB_merged_pull_requests_monthly,2025-01-01,55.0
Redstone Finance,GITHUB_merged_pull_requests_monthly,2025-01-01,20.0
Open Source Observer,GITHUB_merged_pull_requests_monthly,2025-01-01,138.0
Syndicate Protocol,GITHUB_merged_pull_requests_monthly,2025-01-01,1.0
Debid - Fairblock,GITHUB_merged_pull_requests_monthly,2025-01-01,2.0
Sylow,GITHUB_merged_pull_requests_quarterly,2025-01-01,2.0
Runtime Verification,GITHUB_merged_pull_requests_quarterly,2025-01-01,78.0
Walnut,GITHUB_merged_pull_requests_quarterly,2025-01-01,34.0
Walnut,GITHUB_merged_pull_requests_biannually,2025-01-01,34.0
thirdweb,GITHUB_merged_pull_requests_biannually,2025-01-01,238.0
Open Source Observer,GITHUB_merged_pull_requests_biannually,2025-01-01,138.0
Passport XYZ,GITHUB_opened_issues_quarterly,2025-01-01,96.0
Moving Stylus,GITHUB_opened_issues_quarterly,2025-01-01,1.0
Moving Stylus,GITHUB_opened_issues_monthly,2025-01-01,1.0
Trail of Bits Security Reviews,GITHUB_opened_issues_monthly,2025-01-01,21.0
Walnut,GITHUB_opened_issues_monthly,2025-01-01,24.0
Enclave,GITHUB_opened_issues_biannually,2025-01-01,3.0
Walnut,GITHUB_opened_issues_biannually,2025-01-01,24.0
Passport XYZ,GITHUB_opened_issues_biannually,2025-01-01,96.0
Trail of Bits Security Reviews,GITHUB_opened_issues_daily,2025-01-01,1.0
Enclave,GITHUB_opened_issues_daily,2025-01-01,1.0
Enclave,GITHUB_closed_issues_monthly,2025-01-01,11.0
thirdweb,GITHUB_closed_issues_monthly,2025-01-01,17.0
Pyth Network,GITHUB_closed_issues_quarterly,2025-01-01,1.0
Runtime Verification,GITHUB_closed_issues_biannually,2025-01-01,12.0
Pyth Network,GITHUB_closed_issues_biannually,2025-01-01,1.0
Passport XYZ,GITHUB_avg_prs_time_to_merge_quarterly,2025-01-01,0.0
thirdweb,GITHUB_avg_prs_time_to_merge_quarterly,2025-01-01,0.0
Runtime Verification,GITHUB_avg_prs_time_to_merge_quarterly,2025-01-01,0.0
Solang,GITHUB_avg_prs_time_to_merge_quarterly,2025-01-01,0.0
Solang,GITHUB_closed_issues_quarterly,2025-01-01,2.0
Walnut,GITHUB_closed_issues_quarterly,2025-01-01,20.0
Open Source Observer,GITHUB_avg_prs_time_to_merge_biannually,2025-01-01,0.0
Walnut,GITHUB_avg_time_to_first_response_quarterly,2025-01-01,306697.11320754717
Sylow,GITHUB_avg_time_to_first_response_quarterly,2025-01-01,6765024.333333333
thirdweb,GITHUB_avg_time_to_first_response_biannually,2025-01-01,8889.02564102564
Sylow,GITHUB_avg_time_to_first_response_biannually,2025-01-01,6765024.333333333
9Lives,GITHUB_avg_time_to_first_response_biannually,2025-01-01,0.0
Passport XYZ,GITHUB_closed_issues_monthly,2025-01-01,48.0
Sylow,GITHUB_churned_contributors_biannually,2025-01-01,0.0
Sylow,GITHUB_change_in_full_time_contributors_biannually,2025-01-01,0.0
Debid - Fairblock,GITHUB_change_in_active_contributors_biannually,2025-01-01,0.0
CoBuilders,GITHUB_churned_contributors_biannually,2025-01-01,0.0
Passport XYZ,GITHUB_churned_contributors_biannually,2025-01-01,0.0
9Lives,GITHUB_change_in_full_time_contributors_biannually,2025-01-01,
Moving Stylus,GITHUB_change_in_active_contributors_biannually,2025-01-01,-2.0
Enclave,GITHUB_change_in_full_time_contributors_biannually,2025-01-01,0.0
Moving Stylus,GITHUB_churned_contributors_biannually,2025-01-01,-4.0
Enclave,GITHUB_change_in_new_contributors_biannually,2025-01-01,2.0
Arbos Foundry,GITHUB_change_in_new_contributors_monthly,2025-01-01,0.0
Redstone Finance,GITHUB_change_in_full_time_contributors_quarterly,2025-01-01,0.0
Walnut,GITHUB_change_in_new_contributors_quarterly,2025-01-01,5.0
Open Source Observer,GITHUB_change_in_active_contributors_monthly,2025-01-01,-3.0
Debid - Fairblock,GITHUB_change_in_full_time_contributors_quarterly,2025-01-01,0.0
Runtime Verification,GITHUB_change_in_new_contributors_quarterly,2025-01-01,10.0
Debid - Fairblock,GITHUB_change_in_active_contributors_monthly,2025-01-01,0.0
Debid - Fairblock,GITHUB_change_in_new_contributors_monthly,2025-01-01,0.0
Solang,GITHUB_change_in_full_time_contributors_biannually,2025-01-01,0.0
Solang,GITHUB_churned_contributors_biannually,2025-01-01,-4.0
CoBuilders,GITHUB_churned_contributors_monthly,2025-01-01,0.0
CoBuilders,GITHUB_change_in_new_contributors_monthly,2025-01-01,1.0
Pyth Network,GITHUB_change_in_new_contributors_monthly,2025-01-01,20.0
Syndicate Protocol,GITHUB_churned_contributors_monthly,2025-01-01,-1.0
9Lives,GITHUB_change_in_new_contributors_monthly,2025-01-01,
Passport XYZ,GITHUB_churned_contributors_monthly,2025-01-01,0.0
Moving Stylus,GITHUB_change_in_active_contributors_monthly,2025-01-01,-2.0
Enclave,GITHUB_change_in_active_contributors_monthly,2025-01-01,0.0
Moving Stylus,GITHUB_churned_contributors_monthly,2025-01-01,-4.0
Walnut,GITHUB_churned_contributors_monthly,2025-01-01,-1.0
Trail of Bits Security Reviews,GITHUB_change_in_active_contributors_monthly,2025-01-01,13.0
Walnut,GITHUB_change_in_full_time_contributors_biannually,2025-01-01,0.0
Redstone Finance,GITHUB_change_in_new_contributors_biannually,2025-01-01,5.0
Redstone Finance,GITHUB_churned_contributors_biannually,2025-01-01,-3.0
CoBuilders,GITHUB_change_in_active_contributors_quarterly,2025-01-01,0.0
CoBuilders,GITHUB_change_in_full_time_contributors_quarterly,2025-01-01,0.0
Pyth Network,GITHUB_change_in_new_contributors_quarterly,2025-01-01,20.0
Pyth Network,GITHUB_change_in_active_contributors_quarterly,2025-01-01,3.0
Pyth Network,GITHUB_change_in_full_time_contributors_quarterly,2025-01-01,0.0
Syndicate Protocol,GITHUB_change_in_active_contributors_quarterly,2025-01-01,0.0
9Lives,GITHUB_change_in_new_contributors_quarterly,2025-01-01,
Moving Stylus,GITHUB_churned_contributors_quarterly,2025-01-01,-4.0
Enclave,GITHUB_change_in_active_contributors_quarterly,2025-01-01,0.0
Debid - Fairblock,GITHUB_change_in_full_time_contributors_biannually,2025-01-01,0.0
thirdweb,GITHUB_churned_contributors_biannually,2025-01-01,0.0
Walnut,GITHUB_comments_daily,2024-02-11,2.0
Runtime Verification,GITHUB_comments_daily,2024-02-11,1.0
Open Source Observer,GITHUB_commits_daily,2024-02-11,3.0
Runtime Verification,GITHUB_releases_daily,2024-02-11,1.0
Pyth Network,GITHUB_forks_weekly,2025-01-13,4.0
Debid - Fairblock,GITHUB_forks_weekly,2025-01-13,1.0
Runtime Verification,GITHUB_forks_weekly,2025-01-13,2.0
Runtime Verification,GITHUB_comments_daily,2025-01-13,7.0
Redstone Finance,GITHUB_comments_daily,2025-01-13,3.0
Trail of Bits Security Reviews,GITHUB_stars_weekly,2025-01-13,55.0
thirdweb,GITHUB_stars_weekly,2025-01-13,12.0
thirdweb,GITHUB_stars_daily,2025-01-13,2.0
Passport XYZ,GITHUB_commits_daily,2025-01-13,14.0
Redstone Finance,GITHUB_commits_daily,2025-01-13,10.0
Pyth Network,GITHUB_comments_weekly,2025-01-13,209.0
Walnut,GITHUB_comments_weekly,2025-01-13,5.0
Debid - Fairblock,GITHUB_comments_weekly,2025-01-13,1.0
Redstone Finance,GITHUB_releases_daily,2025-01-13,1.0
Debid - Fairblock,GITHUB_repositories_weekly,2025-01-13,3.0
CoBuilders,GITHUB_repositories_weekly,2025-01-13,1.0
Runtime Verification,GITHUB_repositories_weekly,2025-01-13,15.0
Debid - Fairblock,GITHUB_forks_daily,2025-01-13,1.0
Debid - Fairblock,GITHUB_repositories_daily,2025-01-13,1.0
Redstone Finance,GITHUB_repositories_daily,2025-01-13,2.0
CoBuilders,GITHUB_contributors_weekly,2025-01-13,1.0
Moving Stylus,GITHUB_contributors_weekly,2025-01-13,1.0
Walnut,GITHUB_contributors_weekly,2025-01-13,6.0
Pyth Network,GITHUB_active_developers_weekly,2025-01-13,14.0
thirdweb,GITHUB_active_developers_weekly,2025-01-13,8.0
Passport XYZ,GITHUB_active_developers_daily,2025-01-13,3.0
Redstone Finance,GITHUB_active_developers_daily,2025-01-13,3.0
Debid - Fairblock,GITHUB_opened_pull_requests_weekly,2025-01-13,2.0
Redstone Finance,GITHUB_opened_pull_requests_weekly,2025-01-13,5.0
Trail of Bits Security Reviews,GITHUB_opened_pull_requests_weekly,2025-01-13,56.0
Passport XYZ,GITHUB_opened_pull_requests_weekly,2025-01-13,8.0
Walnut,GITHUB_opened_pull_requests_weekly,2025-01-13,6.0
Redstone Finance,GITHUB_opened_pull_requests_daily,2025-01-13,2.0
thirdweb,GITHUB_merged_pull_requests_weekly,2025-01-13,57.0
Passport XYZ,GITHUB_merged_pull_requests_daily,2025-01-13,14.0
Trail of Bits Security Reviews,GITHUB_merged_pull_requests_daily,2025-01-13,5.0
Passport XYZ,GITHUB_opened_issues_daily,2025-01-13,2.0
thirdweb,GITHUB_closed_issues_weekly,2025-01-13,5.0
Passport XYZ,GITHUB_closed_issues_weekly,2025-01-13,18.0
Trail of Bits Security Reviews,GITHUB_closed_issues_daily,2025-01-13,1.0
Open Source Observer,GITHUB_closed_issues_daily,2025-01-13,2.0
thirdweb,GITHUB_comments_daily,2024-06-02,5.0
thirdweb,GITHUB_stars_daily,2024-06-02,3.0
Open Source Observer,GITHUB_commits_daily,2024-06-02,4.0
thirdweb,GITHUB_forks_daily,2024-06-02,1.0
Runtime Verification,GITHUB_repositories_daily,2024-06-02,3.0
Trail of Bits Security Reviews,GITHUB_repositories_daily,2024-06-02,7.0
thirdweb,GITHUB_contributors_daily,2024-06-02,3.0
Pyth Network,GITHUB_active_developers_daily,2024-06-02,1.0
thirdweb,GITHUB_merged_pull_requests_daily,2024-06-02,2.0
Open Source Observer,GITHUB_closed_issues_daily,2024-06-02,2.0
Walnut,GITHUB_comments_daily,2024-04-11,8.0
Trail of Bits Security Reviews,GITHUB_stars_daily,2024-04-11,12.0
Walnut,GITHUB_commits_daily,2024-04-11,4.0
thirdweb,GITHUB_repositories_daily,2024-04-11,5.0
Redstone Finance,GITHUB_repositories_daily,2024-04-11,4.0
Open Source Observer,GITHUB_repositories_daily,2024-04-11,2.0
Pyth Network,GITHUB_active_developers_daily,2024-04-11,8.0
Redstone Finance,GITHUB_active_developers_daily,2024-04-11,4.0
thirdweb,GITHUB_contributors_daily,2024-04-11,11.0
Redstone Finance,GITHUB_opened_pull_requests_daily,2024-04-11,2.0
Pyth Network,GITHUB_opened_pull_requests_daily,2024-04-11,13.0
Redstone Finance,GITHUB_merged_pull_requests_daily,2024-04-11,2.0
Runtime Verification,GITHUB_merged_pull_requests_daily,2024-04-11,6.0
Walnut,GITHUB_closed_issues_daily,2024-04-11,1.0
Trail of Bits Security Reviews,GITHUB_comments_daily,2024-10-22,9.0
Open Source Observer,GITHUB_comments_daily,2024-10-22,18.0
Enclave,GITHUB_comments_daily,2024-10-22,160.0
Debid - Fairblock,GITHUB_commits_daily,2024-10-22,24.0
Pyth Network,GITHUB_commits_daily,2024-10-22,7.0
Walnut,GITHUB_commits_daily,2024-10-22,2.0
Passport XYZ,GITHUB_releases_daily,2024-10-22,2.0
thirdweb,GITHUB_forks_daily,2024-10-22,4.0
Trail of Bits Security Reviews,GITHUB_repositories_daily,2024-10-22,15.0
Enclave,GITHUB_repositories_daily,2024-10-22,1.0
Passport XYZ,GITHUB_repositories_daily,2024-10-22,2.0
Debid - Fairblock,GITHUB_repositories_daily,2024-10-22,2.0
Pyth Network,GITHUB_contributors_daily,2024-10-22,5.0
Remix IDE plugin for Arbitrum Stylus,GITHUB_contributors_daily,2024-10-22,1.0
Runtime Verification,GITHUB_contributors_daily,2024-10-22,3.0
Debid - Fairblock,GITHUB_contributors_daily,2024-10-22,17.0
Redstone Finance,GITHUB_active_developers_daily,2024-10-22,1.0
Trail of Bits Security Reviews,GITHUB_opened_pull_requests_daily,2024-10-22,8.0
Pyth Network,GITHUB_merged_pull_requests_daily,2024-10-22,3.0
Passport XYZ,GITHUB_merged_pull_requests_daily,2024-10-22,6.0
Enclave,GITHUB_merged_pull_requests_daily,2024-10-22,2.0
Debid - Fairblock,GITHUB_merged_pull_requests_daily,2024-10-22,19.0
Open Source Observer,GITHUB_merged_pull_requests_daily,2024-10-22,2.0
thirdweb,GITHUB_opened_issues_daily,2024-10-22,1.0
Enclave,GITHUB_closed_issues_daily,2024-10-22,2.0
Passport XYZ,GITHUB_closed_issues_daily,2024-10-22,2.0
Redstone Finance,GITHUB_comments_daily,2024-10-23,1.0
thirdweb,GITHUB_comments_daily,2024-10-23,99.0
thirdweb,GITHUB_stars_daily,2024-10-23,2.0
Runtime Verification,GITHUB_stars_daily,2024-10-23,4.0
Pyth Network,GITHUB_commits_daily,2024-10-23,2.0
Open Source Observer,GITHUB_commits_daily,2024-10-23,14.0
Runtime Verification,GITHUB_releases_daily,2024-10-23,6.0
Enclave,GITHUB_repositories_daily,2024-10-23,1.0
thirdweb,GITHUB_repositories_daily,2024-10-23,5.0
Redstone Finance,GITHUB_contributors_daily,2024-10-23,2.0
Passport XYZ,GITHUB_contributors_daily,2024-10-23,4.0
Redstone Finance,GITHUB_active_developers_daily,2024-10-23,2.0
Trail of Bits Security Reviews,GITHUB_active_developers_daily,2024-10-23,5.0
thirdweb,GITHUB_opened_pull_requests_daily,2024-10-23,12.0
Open Source Observer,GITHUB_opened_pull_requests_daily,2024-10-23,5.0
Runtime Verification,GITHUB_opened_pull_requests_daily,2024-10-23,11.0
Runtime Verification,GITHUB_closed_issues_daily,2024-10-23,1.0
Passport XYZ,GITHUB_closed_issues_daily,2024-10-23,2.0
Open Source Observer,GITHUB_forks_weekly,2024-03-25,3.0
Syndicate Protocol,GITHUB_forks_weekly,2024-03-25,1.0
Trail of Bits Security Reviews,GITHUB_forks_weekly,2024-03-25,17.0
Open Source Observer,GITHUB_comments_daily,2024-03-25,30.0
Debid - Fairblock,GITHUB_commits_daily,2024-03-25,20.0
Syndicate Protocol,GITHUB_stars_weekly,2024-03-25,1.0
Debid - Fairblock,GITHUB_releases_weekly,2024-03-25,6.0
thirdweb,GITHUB_commits_weekly,2024-03-25,98.0
Debid - Fairblock,GITHUB_commits_weekly,2024-03-25,30.0
Runtime Verification,GITHUB_commits_weekly,2024-03-25,149.0
Open Source Observer,GITHUB_comments_weekly,2024-03-25,109.0
Trail of Bits Security Reviews,GITHUB_forks_daily,2024-03-25,4.0
thirdweb,GITHUB_forks_daily,2024-03-25,1.0
Debid - Fairblock,GITHUB_repositories_weekly,2024-03-25,3.0
Redstone Finance,GITHUB_repositories_weekly,2024-03-25,11.0
Runtime Verification,GITHUB_repositories_weekly,2024-03-25,15.0
Redstone Finance,GITHUB_contributors_daily,2024-03-25,2.0
Runtime Verification,GITHUB_contributors_daily,2024-03-25,11.0
Open Source Observer,GITHUB_contributors_daily,2024-03-25,3.0
Debid - Fairblock,GITHUB_contributors_daily,2024-03-25,1.0
Pyth Network,GITHUB_contributors_weekly,2024-03-25,13.0
Debid - Fairblock,GITHUB_contributors_weekly,2024-03-25,1.0
Redstone Finance,GITHUB_active_developers_weekly,2024-03-25,5.0
Open Source Observer,GITHUB_active_developers_daily,2024-03-25,1.0
Walnut,GITHUB_active_developers_daily,2024-03-25,2.0
Trail of Bits Security Reviews,GITHUB_opened_pull_requests_weekly,2024-03-25,35.0
Open Source Observer,GITHUB_opened_pull_requests_weekly,2024-03-25,19.0
thirdweb,GITHUB_opened_pull_requests_daily,2024-03-25,17.0
Runtime Verification,GITHUB_merged_pull_requests_weekly,2024-03-25,75.0
Walnut,GITHUB_merged_pull_requests_weekly,2024-03-25,4.0
Trail of Bits Security Reviews,GITHUB_merged_pull_requests_daily,2024-03-25,11.0
Open Source Observer,GITHUB_merged_pull_requests_daily,2024-03-25,2.0
Walnut,GITHUB_opened_issues_weekly,2024-03-25,2.0
Trail of Bits Security Reviews,GITHUB_opened_issues_weekly,2024-03-25,9.0
Trail of Bits Security Reviews,GITHUB_closed_issues_daily,2024-03-25,1.0
Runtime Verification,GITHUB_closed_issues_daily,2024-03-25,3.0
Open Source Observer,GITHUB_closed_issues_daily,2024-03-25,12.0
Trail of Bits Security Reviews,GITHUB_closed_issues_weekly,2024-03-25,3.0
Walnut,GITHUB_closed_issues_weekly,2024-03-25,6.0
Passport XYZ,GITHUB_comments_daily,2024-10-03,2.0
Pyth Network,GITHUB_comments_daily,2024-10-03,17.0
Open Source Observer,GITHUB_comments_daily,2024-10-03,11.0
thirdweb,GITHUB_comments_daily,2024-10-03,157.0
Trail of Bits Security Reviews,GITHUB_comments_daily,2024-10-03,7.0
Open Source Observer,GITHUB_commits_daily,2024-10-03,7.0
Pyth Network,GITHUB_repositories_daily,2024-10-03,3.0
Enclave,GITHUB_repositories_daily,2024-10-03,1.0
Passport XYZ,GITHUB_repositories_daily,2024-10-03,3.0
Passport XYZ,GITHUB_contributors_daily,2024-10-03,4.0
Runtime Verification,GITHUB_contributors_daily,2024-10-03,8.0
Pyth Network,GITHUB_contributors_daily,2024-10-03,4.0
Redstone Finance,GITHUB_active_developers_daily,2024-10-03,3.0
Runtime Verification,GITHUB_active_developers_daily,2024-10-03,4.0
thirdweb,GITHUB_active_developers_daily,2024-10-03,5.0
Trail of Bits Security Reviews,GITHUB_opened_pull_requests_daily,2024-10-03,4.0
Passport XYZ,GITHUB_opened_issues_daily,2024-10-03,2.0
Enclave,GITHUB_opened_issues_daily,2024-10-03,2.0
Open Source Observer,GITHUB_closed_issues_daily,2024-10-03,7.0
Runtime Verification,GITHUB_stars_daily,2025-04-06,1.0
CodeTracer,GITHUB_stars_daily,2025-04-06,1.0
Passport XYZ,GITHUB_stars_daily,2025-04-06,1.0
Trail of Bits Security Reviews,GITHUB_comments_daily,2025-04-06,5.0
9Lives,GITHUB_comments_daily,2025-04-06,2.0
Open Source Observer,GITHUB_repositories_daily,2025-04-06,1.0
Pyth Network,GITHUB_repositories_daily,2025-04-06,1.0
9Lives,GITHUB_repositories_daily,2025-04-06,1.0
thirdweb,GITHUB_repositories_daily,2025-04-06,3.0
Solang,GITHUB_repositories_daily,2025-04-06,1.0
thirdweb,GITHUB_forks_daily,2025-04-06,4.0
9Lives,GITHUB_merged_pull_requests_daily,2025-04-06,1.0
Pyth Network,GITHUB_contributors_daily,2025-04-06,1.0
Passport XYZ,GITHUB_contributors_daily,2025-04-06,1.0
Open Source Observer,GITHUB_closed_issues_daily,2025-04-06,1.0
Trail of Bits Security Reviews,GITHUB_opened_issues_daily,2025-04-06,1.0
thirdweb,GITHUB_commits_daily,2024-04-06,6.0
Runtime Verification,GITHUB_repositories_daily,2024-04-06,3.0
Redstone Finance,GITHUB_contributors_daily,2024-04-06,1.0
Runtime Verification,GITHUB_contributors_daily,2024-04-06,4.0
Walnut,GITHUB_contributors_daily,2024-04-06,1.0
Runtime Verification,GITHUB_closed_issues_daily,2024-04-06,1.0
Runtime Verification,GITHUB_merged_pull_requests_daily,2024-04-06,3.0
Trail of Bits Security Reviews,GITHUB_stars_daily,2024-12-13,24.0
Walnut,GITHUB_commits_daily,2024-12-13,4.0
Passport XYZ,GITHUB_commits_daily,2024-12-13,2.0
thirdweb,GITHUB_releases_daily,2024-12-13,1.0
Trail of Bits Security Reviews,GITHUB_forks_daily,2024-12-13,4.0
Passport XYZ,GITHUB_repositories_daily,2024-12-13,2.0
Redstone Finance,GITHUB_repositories_daily,2024-12-13,3.0
Enclave,GITHUB_repositories_daily,2024-12-13,1.0
Passport XYZ,GITHUB_contributors_daily,2024-12-13,2.0
Open Source Observer,GITHUB_contributors_daily,2024-12-13,5.0
Passport XYZ,GITHUB_active_developers_daily,2024-12-13,1.0
Redstone Finance,GITHUB_opened_pull_requests_daily,2024-12-13,2.0
Runtime Verification,GITHUB_opened_pull_requests_daily,2024-12-13,7.0
Open Source Observer,GITHUB_opened_pull_requests_daily,2024-12-13,7.0
Moving Stylus,GITHUB_merged_pull_requests_daily,2024-12-13,1.0
Open Source Observer,GITHUB_opened_issues_daily,2024-12-13,6.0
thirdweb,GITHUB_comments_daily,2024-07-27,83.0
thirdweb,GITHUB_commits_daily,2024-07-27,15.0
thirdweb,GITHUB_releases_daily,2024-07-27,2.0
Runtime Verification,GITHUB_forks_daily,2024-07-27,1.0
Redstone Finance,GITHUB_repositories_daily,2024-07-27,2.0
Walnut,GITHUB_repositories_daily,2024-07-27,1.0
Runtime Verification,GITHUB_repositories_daily,2024-07-27,1.0
Open Source Observer,GITHUB_contributors_daily,2024-07-27,3.0
Open Source Observer,GITHUB_active_developers_daily,2024-07-27,3.0
Open Source Observer,GITHUB_closed_issues_daily,2024-07-27,1.0
Redstone Finance,GITHUB_comments_daily,2025-02-22,1.0
Trail of Bits Security Reviews,GITHUB_stars_daily,2025-02-22,11.0
thirdweb,GITHUB_repositories_daily,2025-02-22,4.0
9Lives,GITHUB_repositories_daily,2025-02-22,1.0
Solang,GITHUB_repositories_daily,2025-02-22,1.0
9Lives,GITHUB_contributors_daily,2025-02-22,1.0
Solang,GITHUB_contributors_daily,2025-02-22,2.0
9Lives,GITHUB_active_developers_daily,2025-02-22,1.0
Open Source Observer,GITHUB_active_developers_daily,2025-02-22,2.0
Trail of Bits Security Reviews,GITHUB_merged_pull_requests_daily,2025-02-22,1.0
thirdweb,GITHUB_merged_pull_requests_daily,2025-02-22,5.0
Solang,GITHUB_closed_issues_daily,2025-02-22,2.0
Trail of Bits Security Reviews,GITHUB_comments_daily,2024-07-31,9.0
Open Source Observer,GITHUB_comments_daily,2024-07-31,18.0
Trail of Bits Security Reviews,GITHUB_stars_daily,2024-07-31,38.0
Runtime Verification,GITHUB_stars_daily,2024-07-31,1.0
Debid - Fairblock,GITHUB_commits_daily,2024-07-31,8.0
Open Source Observer,GITHUB_commits_daily,2024-07-31,4.0
Debid - Fairblock,GITHUB_forks_daily,2024-07-31,6.0
Walnut,GITHUB_repositories_daily,2024-07-31,1.0
Redstone Finance,GITHUB_repositories_daily,2024-07-31,2.0
thirdweb,GITHUB_contributors_daily,2024-07-31,9.0
Trail of Bits Security Reviews,GITHUB_active_developers_daily,2024-07-31,3.0
Debid - Fairblock,GITHUB_active_developers_daily,2024-07-31,1.0
Pyth Network,GITHUB_active_developers_daily,2024-07-31,3.0
Runtime Verification,GITHUB_opened_issues_daily,2024-07-31,1.0
Trail of Bits Security Reviews,GITHUB_comments_daily,2024-06-12,19.0
Pyth Network,GITHUB_commits_daily,2024-06-12,5.0
Runtime Verification,GITHUB_commits_daily,2024-06-12,32.0
Remix IDE plugin for Arbitrum Stylus,GITHUB_commits_daily,2024-06-12,14.0
thirdweb,GITHUB_commits_daily,2024-06-12,16.0
Pyth Network,GITHUB_releases_daily,2024-06-12,3.0
thirdweb,GITHUB_forks_daily,2024-06-12,2.0
Open Source Observer,GITHUB_forks_daily,2024-06-12,2.0
Passport XYZ,GITHUB_repositories_daily,2024-06-12,1.0
Syndicate Protocol,GITHUB_repositories_daily,2024-06-12,1.0
Remix IDE plugin for Arbitrum Stylus,GITHUB_repositories_daily,2024-06-12,1.0
Runtime Verification,GITHUB_repositories_daily,2024-06-12,10.0
Pyth Network,GITHUB_contributors_daily,2024-06-12,8.0
thirdweb,GITHUB_contributors_daily,2024-06-12,17.0
Passport XYZ,GITHUB_active_developers_daily,2024-06-12,1.0
Remix IDE plugin for Arbitrum Stylus,GITHUB_opened_pull_requests_daily,2024-06-12,2.0
thirdweb,GITHUB_opened_pull_requests_daily,2024-06-12,23.0
Pyth Network,GITHUB_opened_pull_requests_daily,2024-06-12,11.0
Trail of Bits Security Reviews,GITHUB_merged_pull_requests_daily,2024-06-12,6.0
Passport XYZ,GITHUB_opened_issues_daily,2024-06-12,2.0
Trail of Bits Security Reviews,GITHUB_opened_issues_daily,2024-06-12,3.0
Pyth Network,GITHUB_comments_daily,2024-11-12,19.0
Debid - Fairblock,GITHUB_comments_daily,2024-11-12,1.0
Trail of Bits Security Reviews,GITHUB_stars_daily,2024-11-12,5.0
thirdweb,GITHUB_stars_daily,2024-11-12,1.0
Redstone Finance,GITHUB_commits_daily,2024-11-12,9.0
Solang,GITHUB_commits_daily,2024-11-12,1.0
Trail of Bits Security Reviews,GITHUB_commits_daily,2024-11-12,14.0
Pyth Network,GITHUB_forks_daily,2024-11-12,1.0
Solang,GITHUB_repositories_daily,2024-11-12,1.0
Sylow,GITHUB_repositories_daily,2024-11-12,1.0
Passport XYZ,GITHUB_repositories_daily,2024-11-12,3.0
Open Source Observer,GITHUB_contributors_daily,2024-11-12,2.0
thirdweb,GITHUB_contributors_daily,2024-11-12,10.0
Solang,GITHUB_contributors_daily,2024-11-12,1.0
Passport XYZ,GITHUB_active_developers_daily,2024-11-12,1.0
Pyth Network,GITHUB_active_developers_daily,2024-11-12,5.0
thirdweb,GITHUB_active_developers_daily,2024-11-12,1.0
thirdweb,GITHUB_opened_pull_requests_daily,2024-11-12,12.0
Pyth Network,GITHUB_opened_pull_requests_daily,2024-11-12,10.0
Trail of Bits Security Reviews,GITHUB_opened_pull_requests_daily,2024-11-12,6.0
Passport XYZ,GITHUB_opened_pull_requests_daily,2024-11-12,6.0
Pyth Network,GITHUB_merged_pull_requests_daily,2024-11-12,6.0
Pyth Network,GITHUB_comments_daily,2024-06-30,6.0
Runtime Verification,GITHUB_comments_daily,2024-06-30,1.0
Trail of Bits Security Reviews,GITHUB_stars_daily,2024-06-30,16.0
Pyth Network,GITHUB_opened_pull_requests_daily,2024-06-30,3.0
Pyth Network,GITHUB_contributors_daily,2024-06-30,3.0
Redstone Finance,GITHUB_contributors_daily,2024-06-30,1.0
Walnut,GITHUB_comments_daily,2024-03-29,1.0
Trail of Bits Security Reviews,GITHUB_comments_daily,2024-03-29,16.0
Syndicate Protocol,GITHUB_stars_daily,2024-03-29,1.0
Syndicate Protocol,GITHUB_repositories_daily,2024-03-29,1.0
Trail of Bits Security Reviews,GITHUB_repositories_daily,2024-03-29,12.0
Open Source Observer,GITHUB_active_developers_daily,2024-03-29,2.0
Redstone Finance,GITHUB_active_developers_daily,2024-03-29,1.0
Trail of Bits Security Reviews,GITHUB_contributors_daily,2024-03-29,2.0
Pyth Network,GITHUB_contributors_daily,2024-03-29,4.0
Pyth Network,GITHUB_opened_pull_requests_daily,2024-03-29,3.0
Open Source Observer,GITHUB_merged_pull_requests_daily,2024-03-29,2.0
Runtime Verification,GITHUB_comments_daily,2024-09-11,25.0
Passport XYZ,GITHUB_comments_daily,2024-09-11,6.0
Trail of Bits Security Reviews,GITHUB_stars_daily,2024-09-11,11.0
Walnut,GITHUB_stars_daily,2024-09-11,1.0
Passport XYZ,GITHUB_stars_daily,2024-09-11,2.0
Passport XYZ,GITHUB_commits_daily,2024-09-11,10.0
Runtime Verification,GITHUB_commits_daily,2024-09-11,29.0
Remix IDE plugin for Arbitrum Stylus,GITHUB_commits_daily,2024-09-11,20.0
Pyth Network,GITHUB_commits_daily,2024-09-11,42.0
Trail of Bits Security Reviews,GITHUB_releases_daily,2024-09-11,2.0
Runtime Verification,GITHUB_releases_daily,2024-09-11,7.0
Open Source Observer,GITHUB_forks_daily,2024-09-11,2.0
Pyth Network,GITHUB_repositories_daily,2024-09-11,5.0
Redstone Finance,GITHUB_contributors_daily,2024-09-11,3.0
Runtime Verification,GITHUB_contributors_daily,2024-09-11,9.0
Enclave,GITHUB_contributors_daily,2024-09-11,2.0
Remix IDE plugin for Arbitrum Stylus,GITHUB_active_developers_daily,2024-09-11,1.0
Passport XYZ,GITHUB_active_developers_daily,2024-09-11,3.0
Redstone Finance,GITHUB_opened_pull_requests_daily,2024-09-11,1.0
Pyth Network,GITHUB_opened_pull_requests_daily,2024-09-11,18.0
Open Source Observer,GITHUB_opened_pull_requests_daily,2024-09-11,3.0
Enclave,GITHUB_opened_pull_requests_daily,2024-09-11,3.0
thirdweb,GITHUB_opened_pull_requests_daily,2024-09-11,25.0
Pyth Network,GITHUB_merged_pull_requests_daily,2024-09-11,17.0
Passport XYZ,GITHUB_merged_pull_requests_daily,2024-09-11,8.0
Runtime Verification,GITHUB_opened_issues_daily,2024-09-11,2.0
Open Source Observer,GITHUB_opened_issues_daily,2024-09-11,1.0
Trail of Bits Security Reviews,GITHUB_closed_issues_daily,2024-09-11,1.0
Redstone Finance,GITHUB_comments_daily,2024-07-16,1.0
Trail of Bits Security Reviews,GITHUB_comments_daily,2024-07-16,9.0
thirdweb,GITHUB_commits_daily,2024-07-16,17.0
Open Source Observer,GITHUB_commits_daily,2024-07-16,6.0
Trail of Bits Security Reviews,GITHUB_forks_daily,2024-07-16,3.0
Enclave,GITHUB_repositories_daily,2024-07-16,1.0
Open Source Observer,GITHUB_repositories_daily,2024-07-16,3.0
Enclave,GITHUB_contributors_daily,2024-07-16,1.0
Redstone Finance,GITHUB_active_developers_daily,2024-07-16,2.0
Trail of Bits Security Reviews,GITHUB_merged_pull_requests_daily,2024-07-16,5.0
Walnut,GITHUB_merged_pull_requests_daily,2024-07-16,1.0
Open Source Observer,GITHUB_opened_issues_daily,2024-07-16,3.0
Trail of Bits Security Reviews,GITHUB_closed_issues_daily,2024-07-16,1.0
Remix IDE plugin for Arbitrum Stylus,GITHUB_active_contributors_quarterly,2024-07-01,2.0
Redstone Finance,GITHUB_part_time_contributors_quarterly,2024-07-01,9.0
Enclave,GITHUB_active_contributors_quarterly,2024-07-01,1.0
Runtime Verification,GITHUB_new_contributors_quarterly,2024-07-01,9.0
Enclave,GITHUB_part_time_contributors_quarterly,2024-07-01,1.0
Redstone Finance,GITHUB_active_contributors_quarterly,2024-07-01,9.0
Open Source Observer,GITHUB_part_time_contributors_quarterly,2024-07-01,15.0
Pyth Network,GITHUB_releases_biannually,2024-07-01,17.0
Trail of Bits Security Reviews,GITHUB_releases_quarterly,2024-07-01,12.0
thirdweb,GITHUB_active_developers_biannually,2024-07-01,18.0
Runtime Verification,GITHUB_active_developers_biannually,2024-07-01,17.0
Enclave,GITHUB_active_developers_biannually,2024-07-01,1.0
Debid - Fairblock,GITHUB_repositories_quarterly,2024-07-01,8.0
Redstone Finance,GITHUB_repositories_quarterly,2024-07-01,16.0
Trail of Bits Security Reviews,GITHUB_repositories_quarterly,2024-07-01,81.0
Walnut,GITHUB_active_developers_quarterly,2024-07-01,3.0
Open Source Observer,GITHUB_active_developers_quarterly,2024-07-01,9.0
Debid - Fairblock,GITHUB_active_developers_quarterly,2024-07-01,5.0
Walnut,GITHUB_forks_monthly,2024-07-01,4.0
Trail of Bits Security Reviews,GITHUB_forks_monthly,2024-07-01,56.0
thirdweb,GITHUB_forks_monthly,2024-07-01,54.0
Runtime Verification,GITHUB_forks_monthly,2024-07-01,14.0
Passport XYZ,GITHUB_part_time_developers_quarterly,2024-07-01,5.0
Pyth Network,GITHUB_part_time_developers_quarterly,2024-07-01,13.0
Walnut,GITHUB_stars_biannually,2024-07-01,4.0
Debid - Fairblock,GITHUB_stars_biannually,2024-07-01,3.0
Redstone Finance,GITHUB_stars_biannually,2024-07-01,10.0
Runtime Verification,GITHUB_part_time_developers_quarterly,2024-07-01,17.0
Enclave,GITHUB_part_time_developers_quarterly,2024-07-01,1.0
Pyth Network,GITHUB_comments_daily,2024-07-01,21.0
Open Source Observer,GITHUB_comments_daily,2024-07-01,17.0
Runtime Verification,GITHUB_stars_monthly,2024-07-01,34.0
Enclave,GITHUB_stars_monthly,2024-07-01,1.0
Trail of Bits Security Reviews,GITHUB_stars_weekly,2024-07-01,85.0
Pyth Network,GITHUB_stars_weekly,2024-07-01,5.0
thirdweb,GITHUB_commits_daily,2024-07-01,8.0
Runtime Verification,GITHUB_commits_daily,2024-07-01,6.0
Enclave,GITHUB_commits_monthly,2024-07-01,2.0
Walnut,GITHUB_commits_monthly,2024-07-01,83.0
Trail of Bits Security Reviews,GITHUB_comments_monthly,2024-07-01,321.0
Debid - Fairblock,GITHUB_comments_monthly,2024-07-01,2.0
Debid - Fairblock,GITHUB_stars_quarterly,2024-07-01,3.0
thirdweb,GITHUB_stars_quarterly,2024-07-01,60.0
Pyth Network,GITHUB_stars_quarterly,2024-07-01,29.0
Trail of Bits Security Reviews,GITHUB_stars_quarterly,2024-07-01,366.0
Redstone Finance,GITHUB_stars_quarterly,2024-07-01,10.0
Trail of Bits Security Reviews,GITHUB_releases_weekly,2024-07-01,2.0
Passport XYZ,GITHUB_releases_monthly,2024-07-01,4.0
thirdweb,GITHUB_commits_weekly,2024-07-01,60.0
Trail of Bits Security Reviews,GITHUB_commits_quarterly,2024-07-01,431.0
Passport XYZ,GITHUB_commits_quarterly,2024-07-01,166.0
Enclave,GITHUB_commits_quarterly,2024-07-01,2.0
Arbos Foundry,GITHUB_commits_quarterly,2024-07-01,20.0
Walnut,GITHUB_commits_quarterly,2024-07-01,83.0
Open Source Observer,GITHUB_commits_quarterly,2024-07-01,133.0
Pyth Network,GITHUB_forks_quarterly,2024-07-01,22.0
thirdweb,GITHUB_forks_quarterly,2024-07-01,54.0
Trail of Bits Security Reviews,GITHUB_forks_biannually,2024-07-01,56.0
Passport XYZ,GITHUB_forks_biannually,2024-07-01,1.0
Open Source Observer,GITHUB_forks_biannually,2024-07-01,5.0
Enclave,GITHUB_repositories_weekly,2024-07-01,1.0
thirdweb,GITHUB_repositories_daily,2024-07-01,5.0
Trail of Bits Security Reviews,GITHUB_repositories_daily,2024-07-01,13.0
Walnut,GITHUB_repositories_daily,2024-07-01,2.0
Redstone Finance,GITHUB_repositories_daily,2024-07-01,2.0
Pyth Network,GITHUB_repositories_daily,2024-07-01,6.0
Redstone Finance,GITHUB_repositories_biannually,2024-07-01,16.0
Enclave,GITHUB_repositories_biannually,2024-07-01,1.0
Trail of Bits Security Reviews,GITHUB_repositories_monthly,2024-07-01,81.0
Open Source Observer,GITHUB_repositories_biannually,2024-07-01,3.0
Pyth Network,GITHUB_repositories_biannually,2024-07-01,17.0
Enclave,GITHUB_contributors_monthly,2024-07-01,1.0
Pyth Network,GITHUB_contributors_monthly,2024-07-01,33.0
Passport XYZ,GITHUB_contributors_monthly,2024-07-01,6.0
Trail of Bits Security Reviews,GITHUB_contributors_monthly,2024-07-01,49.0
Pyth Network,GITHUB_contributors_weekly,2024-07-01,16.0
thirdweb,GITHUB_contributors_weekly,2024-07-01,17.0
thirdweb,GITHUB_contributors_daily,2024-07-01,11.0
Walnut,GITHUB_contributors_daily,2024-07-01,5.0
Open Source Observer,GITHUB_contributors_daily,2024-07-01,4.0
Remix IDE plugin for Arbitrum Stylus,GITHUB_contributors_quarterly,2024-07-01,2.0
Walnut,GITHUB_contributors_biannually,2024-07-01,11.0
Arbos Foundry,GITHUB_contributors_biannually,2024-07-01,1.0
Open Source Observer,GITHUB_contributors_biannually,2024-07-01,15.0
Redstone Finance,GITHUB_active_developers_weekly,2024-07-01,2.0
Redstone Finance,GITHUB_active_developers_daily,2024-07-01,2.0
Trail of Bits Security Reviews,GITHUB_active_developers_daily,2024-07-01,3.0
Walnut,GITHUB_active_developers_daily,2024-07-01,2.0
Open Source Observer,GITHUB_active_developers_daily,2024-07-01,3.0
Walnut,GITHUB_part_time_developers_monthly,2024-07-01,2.0
Debid - Fairblock,GITHUB_active_developers_monthly,2024-07-01,5.0
Arbos Foundry,GITHUB_active_developers_monthly,2024-07-01,1.0
Open Source Observer,GITHUB_full_time_developers_monthly,2024-07-01,3.0
Debid - Fairblock,GITHUB_part_time_developers_monthly,2024-07-01,5.0
Remix IDE plugin for Arbitrum Stylus,GITHUB_part_time_developers_monthly,2024-07-01,1.0
Debid - Fairblock,GITHUB_part_time_developers_biannually,2024-07-01,5.0
Open Source Observer,GITHUB_part_time_developers_biannually,2024-07-01,9.0
Passport XYZ,GITHUB_part_time_developers_biannually,2024-07-01,5.0
Trail of Bits Security Reviews,GITHUB_new_contributors_monthly,2024-07-01,21.0
Debid - Fairblock,GITHUB_part_time_contributors_monthly,2024-07-01,18.0
Pyth Network,GITHUB_active_contributors_monthly,2024-07-01,33.0
Runtime Verification,GITHUB_full_time_contributors_monthly,2024-07-01,9.0
Open Source Observer,GITHUB_new_contributors_monthly,2024-07-01,10.0
thirdweb,GITHUB_full_time_contributors_monthly,2024-07-01,10.0
Open Source Observer,GITHUB_part_time_contributors_monthly,2024-07-01,12.0
Pyth Network,GITHUB_full_time_contributors_monthly,2024-07-01,3.0
Open Source Observer,GITHUB_full_time_contributors_monthly,2024-07-01,3.0
Walnut,GITHUB_part_time_contributors_monthly,2024-07-01,10.0
Debid - Fairblock,GITHUB_new_contributors_biannually,2024-07-01,15.0
Runtime Verification,GITHUB_active_contributors_biannually,2024-07-01,39.0
Pyth Network,GITHUB_active_contributors_biannually,2024-07-01,33.0
Open Source Observer,GITHUB_active_contributors_biannually,2024-07-01,15.0
Enclave,GITHUB_part_time_contributors_biannually,2024-07-01,1.0
thirdweb,GITHUB_new_contributors_biannually,2024-07-01,22.0
Pyth Network,GITHUB_part_time_contributors_biannually,2024-07-01,33.0
Enclave,GITHUB_active_contributors_biannually,2024-07-01,1.0
Redstone Finance,GITHUB_part_time_contributors_biannually,2024-07-01,9.0
Passport XYZ,GITHUB_new_contributors_biannually,2024-07-01,6.0
Walnut,GITHUB_change_in_full_time_contributors_monthly,2024-07-01,1.0
Enclave,GITHUB_change_in_part_time_contributors_monthly,2024-07-01,2.0
Arbos Foundry,GITHUB_change_in_part_time_contributors_monthly,2024-07-01,0.0
Walnut,GITHUB_change_in_part_time_contributors_monthly,2024-07-01,10.0
Redstone Finance,GITHUB_change_in_full_time_contributors_monthly,2024-07-01,-1.0
Open Source Observer,GITHUB_change_in_active_developers_monthly,2024-07-01,33.0
Enclave,GITHUB_change_in_active_developers_quarterly,2024-07-01,2.0
Debid - Fairblock,GITHUB_change_in_part_time_contributors_quarterly,2024-07-01,-14.0
thirdweb,GITHUB_change_in_part_time_contributors_quarterly,2024-07-01,15.0
Trail of Bits Security Reviews,GITHUB_change_in_active_developers_quarterly,2024-07-01,-8.0
Arbos Foundry,GITHUB_change_in_part_time_contributors_quarterly,2024-07-01,0.0
thirdweb,GITHUB_change_in_active_developers_quarterly,2024-07-01,15.0
Trail of Bits Security Reviews,GITHUB_change_in_active_developers_biannually,2024-07-01,-8.0
Redstone Finance,GITHUB_change_in_active_developers_quarterly,2024-07-01,-5.0
Redstone Finance,GITHUB_change_in_active_developers_biannually,2024-07-01,-5.0
Runtime Verification,GITHUB_change_in_active_developers_biannually,2024-07-01,-6.0
Remix IDE plugin for Arbitrum Stylus,GITHUB_change_in_part_time_contributors_biannually,2024-07-01,1.0
Enclave,GITHUB_change_in_part_time_contributors_biannually,2024-07-01,2.0
Runtime Verification,GITHUB_opened_pull_requests_weekly,2024-07-01,38.0
thirdweb,GITHUB_opened_pull_requests_weekly,2024-07-01,63.0
Pyth Network,GITHUB_opened_pull_requests_monthly,2024-07-01,136.0
Walnut,GITHUB_opened_pull_requests_monthly,2024-07-01,24.0
thirdweb,GITHUB_opened_pull_requests_monthly,2024-07-01,389.0
Debid - Fairblock,GITHUB_opened_pull_requests_monthly,2024-07-01,27.0
Trail of Bits Security Reviews,GITHUB_opened_pull_requests_biannually,2024-07-01,278.0
Pyth Network,GITHUB_opened_pull_requests_biannually,2024-07-01,136.0
thirdweb,GITHUB_opened_pull_requests_quarterly,2024-07-01,389.0
Debid - Fairblock,GITHUB_opened_pull_requests_quarterly,2024-07-01,27.0
Trail of Bits Security Reviews,GITHUB_merged_pull_requests_weekly,2024-07-01,43.0
Pyth Network,GITHUB_opened_pull_requests_daily,2024-07-01,5.0
Runtime Verification,GITHUB_opened_pull_requests_daily,2024-07-01,6.0
Redstone Finance,GITHUB_merged_pull_requests_monthly,2024-07-01,7.0
Pyth Network,GITHUB_merged_pull_requests_monthly,2024-07-01,99.0
Passport XYZ,GITHUB_merged_pull_requests_quarterly,2024-07-01,49.0
Remix IDE plugin for Arbitrum Stylus,GITHUB_merged_pull_requests_quarterly,2024-07-01,1.0
Debid - Fairblock,GITHUB_merged_pull_requests_quarterly,2024-07-01,14.0
Debid - Fairblock,GITHUB_merged_pull_requests_biannually,2024-07-01,14.0
Remix IDE plugin for Arbitrum Stylus,GITHUB_merged_pull_requests_biannually,2024-07-01,1.0
Passport XYZ,GITHUB_merged_pull_requests_biannually,2024-07-01,49.0
Runtime Verification,GITHUB_merged_pull_requests_biannually,2024-07-01,263.0
Pyth Network,GITHUB_merged_pull_requests_daily,2024-07-01,3.0
Runtime Verification,GITHUB_merged_pull_requests_daily,2024-07-01,5.0
Trail of Bits Security Reviews,GITHUB_opened_issues_weekly,2024-07-01,11.0
Walnut,GITHUB_opened_issues_weekly,2024-07-01,2.0
Trail of Bits Security Reviews,GITHUB_opened_issues_daily,2024-07-01,3.0
Runtime Verification,GITHUB_opened_issues_monthly,2024-07-01,50.0
Walnut,GITHUB_opened_issues_monthly,2024-07-01,17.0
Walnut,GITHUB_opened_issues_quarterly,2024-07-01,17.0
Trail of Bits Security Reviews,GITHUB_opened_issues_quarterly,2024-07-01,54.0
Walnut,GITHUB_opened_issues_biannually,2024-07-01,17.0
Trail of Bits Security Reviews,GITHUB_closed_issues_monthly,2024-07-01,27.0
Passport XYZ,GITHUB_closed_issues_monthly,2024-07-01,6.0
Open Source Observer,GITHUB_closed_issues_biannually,2024-07-01,65.0
thirdweb,GITHUB_closed_issues_biannually,2024-07-01,10.0
Pyth Network,GITHUB_avg_prs_time_to_merge_quarterly,2024-07-01,0.0
Redstone Finance,GITHUB_avg_time_to_first_response_quarterly,2024-07-01,53178.1
Pyth Network,GITHUB_avg_prs_time_to_merge_biannually,2024-07-01,0.0
Passport XYZ,GITHUB_avg_prs_time_to_merge_biannually,2024-07-01,0.0
Trail of Bits Security Reviews,GITHUB_avg_time_to_first_response_quarterly,2024-07-01,1126829.3964497042
Sylow,GITHUB_avg_prs_time_to_merge_biannually,2024-07-01,0.0
Open Source Observer,GITHUB_change_in_new_contributors_monthly,2024-07-01,32.0
Pyth Network,GITHUB_change_in_active_contributors_monthly,2024-07-01,5.0
Passport XYZ,GITHUB_change_in_active_contributors_monthly,2024-07-01,-1.0
Open Source Observer,GITHUB_change_in_active_contributors_quarterly,2024-07-01,33.0
Enclave,GITHUB_change_in_full_time_contributors_quarterly,2024-07-01,0.0
Enclave,GITHUB_change_in_new_contributors_quarterly,2024-07-01,2.0
Walnut,GITHUB_churned_contributors_quarterly,2024-07-01,2.0
Trail of Bits Security Reviews,GITHUB_change_in_active_contributors_quarterly,2024-07-01,-8.0
Trail of Bits Security Reviews,GITHUB_change_in_full_time_contributors_quarterly,2024-07-01,0.0
Pyth Network,GITHUB_change_in_full_time_contributors_quarterly,2024-07-01,0.0
Passport XYZ,GITHUB_change_in_full_time_contributors_quarterly,2024-07-01,0.0
Redstone Finance,GITHUB_churned_contributors_monthly,2024-07-01,-9.0
Trail of Bits Security Reviews,GITHUB_change_in_new_contributors_monthly,2024-07-01,-6.0
Walnut,GITHUB_change_in_new_contributors_monthly,2024-07-01,11.0
Pyth Network,GITHUB_change_in_active_contributors_biannually,2024-07-01,5.0
Passport XYZ,GITHUB_churned_contributors_biannually,2024-07-01,-7.0
Remix IDE plugin for Arbitrum Stylus,GITHUB_churned_contributors_biannually,2024-07-01,0.0
Remix IDE plugin for Arbitrum Stylus,GITHUB_change_in_full_time_contributors_biannually,2024-07-01,0.0
Remix IDE plugin for Arbitrum Stylus,GITHUB_change_in_active_contributors_biannually,2024-07-01,1.0
Enclave,GITHUB_change_in_full_time_contributors_biannually,2024-07-01,0.0
Walnut,GITHUB_change_in_full_time_contributors_biannually,2024-07-01,0.0
Trail of Bits Security Reviews,GITHUB_change_in_full_time_contributors_biannually,2024-07-01,0.0
Remix IDE plugin for Arbitrum Stylus,GITHUB_change_in_full_time_contributors_quarterly,2024-07-01,0.0
Debid - Fairblock,GITHUB_change_in_full_time_contributors_quarterly,2024-07-01,0.0
thirdweb,GITHUB_change_in_full_time_contributors_quarterly,2024-07-01,0.0
Runtime Verification,GITHUB_change_in_full_time_contributors_quarterly,2024-07-01,0.0
Debid - Fairblock,GITHUB_change_in_active_contributors_monthly,2024-07-01,-14.0
Debid - Fairblock,GITHUB_churned_contributors_monthly,2024-07-01,-29.0
thirdweb,GITHUB_change_in_active_contributors_monthly,2024-07-01,15.0
Runtime Verification,GITHUB_change_in_new_contributors_monthly,2024-07-01,-5.0
Remix IDE plugin for Arbitrum Stylus,GITHUB_change_in_new_contributors_monthly,2024-07-01,0.0
Remix IDE plugin for Arbitrum Stylus,GITHUB_change_in_active_contributors_monthly,2024-07-01,1.0
Open Source Observer,GITHUB_comments_daily,2024-11-21,17.0
Passport XYZ,GITHUB_releases_daily,2024-11-21,2.0
Open Source Observer,GITHUB_contributors_daily,2024-11-21,5.0
Runtime Verification,GITHUB_contributors_daily,2024-11-21,7.0
Pyth Network,GITHUB_forks_daily,2024-11-21,1.0
Passport XYZ,GITHUB_forks_daily,2024-11-21,2.0
Runtime Verification,GITHUB_repositories_daily,2024-11-21,9.0
Redstone Finance,GITHUB_repositories_daily,2024-11-21,3.0
Pyth Network,GITHUB_repositories_daily,2024-11-21,3.0
Debid - Fairblock,GITHUB_repositories_daily,2024-11-21,1.0
Runtime Verification,GITHUB_active_developers_daily,2024-11-21,3.0
Passport XYZ,GITHUB_opened_issues_daily,2024-11-21,4.0
thirdweb,GITHUB_comments_daily,2024-08-25,7.0
Pyth Network,GITHUB_comments_daily,2024-08-25,3.0
Trail of Bits Security Reviews,GITHUB_stars_daily,2024-08-25,8.0
Trail of Bits Security Reviews,GITHUB_commits_daily,2024-08-25,4.0
Open Source Observer,GITHUB_commits_daily,2024-08-25,7.0
thirdweb,GITHUB_forks_daily,2024-08-25,2.0
thirdweb,GITHUB_repositories_daily,2024-08-25,3.0
Pyth Network,GITHUB_repositories_daily,2024-08-25,2.0
Open Source Observer,GITHUB_repositories_daily,2024-08-25,3.0
Trail of Bits Security Reviews,GITHUB_contributors_daily,2024-08-25,4.0
Pyth Network,GITHUB_contributors_daily,2024-08-25,1.0
Trail of Bits Security Reviews,GITHUB_opened_pull_requests_daily,2024-08-25,5.0
Pyth Network,GITHUB_opened_pull_requests_daily,2024-08-25,1.0
Trail of Bits Security Reviews,GITHUB_merged_pull_requests_daily,2024-08-25,4.0
Passport XYZ,GITHUB_comments_daily,2025-03-21,4.0
Walnut,GITHUB_comments_daily,2025-03-21,1.0
Pyth Network,GITHUB_stars_daily,2025-03-21,1.0
thirdweb,GITHUB_stars_daily,2025-03-21,2.0
CodeTracer,GITHUB_stars_daily,2025-03-21,16.0
Redstone Finance,GITHUB_stars_daily,2025-03-21,1.0
Runtime Verification,GITHUB_commits_daily,2025-03-21,4.0
Runtime Verification,GITHUB_releases_daily,2025-03-21,1.0
Pyth Network,GITHUB_forks_daily,2025-03-21,2.0
Enclave,GITHUB_repositories_daily,2025-03-21,1.0
Trail of Bits Security Reviews,GITHUB_repositories_daily,2025-03-21,11.0
Passport XYZ,GITHUB_contributors_daily,2025-03-21,5.0
Enclave,GITHUB_opened_pull_requests_daily,2025-03-21,1.0
Pyth Network,GITHUB_opened_pull_requests_daily,2025-03-21,7.0
Runtime Verification,GITHUB_opened_pull_requests_daily,2025-03-21,4.0
Open Source Observer,GITHUB_merged_pull_requests_daily,2025-03-21,10.0
thirdweb,GITHUB_merged_pull_requests_daily,2025-03-21,4.0
Passport XYZ,GITHUB_opened_issues_daily,2025-03-21,8.0
Passport XYZ,GITHUB_closed_issues_daily,2025-03-21,4.0
Enclave,GITHUB_closed_issues_daily,2025-03-21,3.0
Pyth Network,GITHUB_comments_daily,2024-07-11,17.0
Trail of Bits Security Reviews,GITHUB_comments_daily,2024-07-11,17.0
Runtime Verification,GITHUB_comments_daily,2024-07-11,23.0
Pyth Network,GITHUB_commits_daily,2024-07-11,3.0
Redstone Finance,GITHUB_commits_daily,2024-07-11,3.0
thirdweb,GITHUB_forks_daily,2024-07-11,2.0
Pyth Network,GITHUB_repositories_daily,2024-07-11,6.0
Redstone Finance,GITHUB_repositories_daily,2024-07-11,1.0
Open Source Observer,GITHUB_contributors_daily,2024-07-11,5.0
Runtime Verification,GITHUB_active_developers_daily,2024-07-11,4.0
Redstone Finance,GITHUB_active_developers_daily,2024-07-11,1.0
Open Source Observer,GITHUB_active_developers_daily,2024-07-11,4.0
Pyth Network,GITHUB_active_developers_daily,2024-07-11,2.0
Trail of Bits Security Reviews,GITHUB_merged_pull_requests_daily,2024-07-11,8.0
Open Source Observer,GITHUB_closed_issues_daily,2024-07-11,4.0
Pyth Network,GITHUB_comments_daily,2024-02-29,37.0
Runtime Verification,GITHUB_comments_daily,2024-02-29,56.0
Debid - Fairblock,GITHUB_commits_daily,2024-02-29,7.0
Redstone Finance,GITHUB_commits_daily,2024-02-29,26.0
Trail of Bits Security Reviews,GITHUB_commits_daily,2024-02-29,2.0
thirdweb,GITHUB_releases_daily,2024-02-29,13.0
Redstone Finance,GITHUB_forks_daily,2024-02-29,2.0
Redstone Finance,GITHUB_repositories_daily,2024-02-29,4.0
Walnut,GITHUB_repositories_daily,2024-02-29,3.0
Walnut,GITHUB_contributors_daily,2024-02-29,4.0
Debid - Fairblock,GITHUB_contributors_daily,2024-02-29,1.0
Trail of Bits Security Reviews,GITHUB_opened_pull_requests_daily,2024-02-29,1.0
Walnut,GITHUB_merged_pull_requests_daily,2024-02-29,1.0
Pyth Network,GITHUB_merged_pull_requests_daily,2024-02-29,4.0
Trail of Bits Security Reviews,GITHUB_merged_pull_requests_daily,2024-02-29,1.0
Runtime Verification,GITHUB_stars_daily,2024-05-10,1.0
Redstone Finance,GITHUB_commits_daily,2024-05-10,5.0
Walnut,GITHUB_commits_daily,2024-05-10,2.0
Pyth Network,GITHUB_forks_daily,2024-05-10,1.0
Trail of Bits Security Reviews,GITHUB_repositories_daily,2024-05-10,11.0
Walnut,GITHUB_repositories_daily,2024-05-10,2.0
Pyth Network,GITHUB_contributors_daily,2024-05-10,4.0
Open Source Observer,GITHUB_contributors_daily,2024-05-10,2.0
Runtime Verification,GITHUB_contributors_daily,2024-05-10,8.0
Pyth Network,GITHUB_opened_pull_requests_daily,2024-05-10,5.0
Trail of Bits Security Reviews,GITHUB_merged_pull_requests_daily,2024-05-10,7.0
Open Source Observer,GITHUB_opened_issues_daily,2024-05-10,3.0
Walnut,GITHUB_comments_daily,2024-02-12,6.0
Runtime Verification,GITHUB_stars_daily,2024-02-12,1.0
Syndicate Protocol,GITHUB_stars_weekly,2024-02-12,4.0
Runtime Verification,GITHUB_commits_daily,2024-02-12,14.0
Walnut,GITHUB_commits_daily,2024-02-12,14.0
Runtime Verification,GITHUB_releases_weekly,2024-02-12,25.0
Walnut,GITHUB_commits_weekly,2024-02-12,38.0
Open Source Observer,GITHUB_commits_weekly,2024-02-12,47.0
Open Source Observer,GITHUB_comments_weekly,2024-02-12,76.0
Runtime Verification,GITHUB_comments_weekly,2024-02-12,151.0
thirdweb,GITHUB_forks_daily,2024-02-12,1.0
Arbos Foundry,GITHUB_repositories_weekly,2024-02-12,2.0
Pyth Network,GITHUB_repositories_weekly,2024-02-12,11.0
Walnut,GITHUB_repositories_daily,2024-02-12,1.0
Pyth Network,GITHUB_repositories_daily,2024-02-12,7.0
thirdweb,GITHUB_repositories_daily,2024-02-12,4.0
Open Source Observer,GITHUB_contributors_weekly,2024-02-12,3.0
Pyth Network,GITHUB_contributors_weekly,2024-02-12,17.0
Debid - Fairblock,GITHUB_contributors_weekly,2024-02-12,3.0
Walnut,GITHUB_contributors_daily,2024-02-12,5.0
Open Source Observer,GITHUB_contributors_daily,2024-02-12,3.0
Arbos Foundry,GITHUB_active_developers_weekly,2024-02-12,1.0
Walnut,GITHUB_active_developers_weekly,2024-02-12,2.0
Open Source Observer,GITHUB_active_developers_daily,2024-02-12,2.0
Pyth Network,GITHUB_opened_pull_requests_weekly,2024-02-12,39.0
Redstone Finance,GITHUB_opened_pull_requests_weekly,2024-02-12,1.0
Debid - Fairblock,GITHUB_merged_pull_requests_weekly,2024-02-12,1.0
Runtime Verification,GITHUB_opened_pull_requests_daily,2024-02-12,16.0
Trail of Bits Security Reviews,GITHUB_opened_pull_requests_daily,2024-02-12,30.0
thirdweb,GITHUB_opened_issues_weekly,2024-02-12,3.0
Trail of Bits Security Reviews,GITHUB_opened_issues_weekly,2024-02-12,2.0
Open Source Observer,GITHUB_opened_issues_daily,2024-02-12,3.0
Solang,GITHUB_stars_daily,2024-12-29,2.0
Open Source Observer,GITHUB_commits_daily,2024-12-29,21.0
thirdweb,GITHUB_forks_daily,2024-12-29,2.0
Trail of Bits Security Reviews,GITHUB_repositories_daily,2024-12-29,6.0
Enclave,GITHUB_merged_pull_requests_daily,2024-12-29,1.0
Redstone Finance,GITHUB_merged_pull_requests_daily,2024-12-29,1.0
Runtime Verification,GITHUB_merged_pull_requests_daily,2024-12-29,2.0
Pyth Network,GITHUB_contributors_daily,2024-12-29,1.0
Open Source Observer,GITHUB_contributors_daily,2024-12-29,2.0
Redstone Finance,GITHUB_contributors_daily,2024-12-29,1.0
Trail of Bits Security Reviews,GITHUB_active_developers_daily,2024-12-29,3.0
Open Source Observer,GITHUB_opened_pull_requests_daily,2024-12-29,2.0
thirdweb,GITHUB_closed_issues_daily,2024-12-29,3.0
thirdweb,GITHUB_comments_daily,2024-11-30,12.0
Trail of Bits Security Reviews,GITHUB_stars_daily,2024-11-30,14.0
Enclave,GITHUB_commits_daily,2024-11-30,1.0
Pyth Network,GITHUB_repositories_daily,2024-11-30,2.0
thirdweb,GITHUB_repositories_daily,2024-11-30,3.0
Trail of Bits Security Reviews,GITHUB_repositories_daily,2024-11-30,11.0
Walnut,GITHUB_repositories_daily,2024-11-30,1.0
Redstone Finance,GITHUB_contributors_daily,2024-11-30,1.0
Open Source Observer,GITHUB_contributors_daily,2024-11-30,2.0
Redstone Finance,GITHUB_opened_pull_requests_daily,2024-11-30,1.0
Trail of Bits Security Reviews,GITHUB_comments_daily,2024-06-06,1.0
Runtime Verification,GITHUB_stars_daily,2024-06-06,1.0
Pyth Network,GITHUB_stars_daily,2024-06-06,2.0
thirdweb,GITHUB_commits_daily,2024-06-06,6.0
Pyth Network,GITHUB_forks_daily,2024-06-06,2.0
thirdweb,GITHUB_repositories_daily,2024-06-06,6.0
Enclave,GITHUB_contributors_daily,2024-06-06,2.0
Open Source Observer,GITHUB_contributors_daily,2024-06-06,14.0
Pyth Network,GITHUB_contributors_daily,2024-06-06,8.0
Open Source Observer,GITHUB_active_developers_daily,2024-06-06,10.0
thirdweb,GITHUB_active_developers_daily,2024-06-06,4.0
Trail of Bits Security Reviews,GITHUB_opened_pull_requests_daily,2024-06-06,2.0
thirdweb,GITHUB_opened_pull_requests_daily,2024-06-06,11.0
Open Source Observer,GITHUB_opened_issues_daily,2024-06-06,9.0
Pyth Network,GITHUB_repositories_daily,2024-02-03,1.0
Runtime Verification,GITHUB_repositories_daily,2024-02-03,4.0
Trail of Bits Security Reviews,GITHUB_active_developers_daily,2024-02-03,1.0
Runtime Verification,GITHUB_active_developers_daily,2024-02-03,1.0
thirdweb,GITHUB_active_developers_daily,2024-02-03,1.0
thirdweb,GITHUB_opened_pull_requests_daily,2024-02-03,1.0
Runtime Verification,GITHUB_merged_pull_requests_daily,2024-02-03,5.0
Trail of Bits Security Reviews,GITHUB_merged_pull_requests_daily,2024-02-03,2.0
Passport XYZ,GITHUB_stars_daily,2024-10-27,10.0
Passport XYZ,GITHUB_repositories_daily,2024-10-27,1.0
Open Source Observer,GITHUB_contributors_daily,2024-10-27,3.0
Trail of Bits Security Reviews,GITHUB_active_developers_daily,2024-10-27,1.0
Pyth Network,GITHUB_active_developers_daily,2024-10-27,1.0
Open Source Observer,GITHUB_active_developers_daily,2024-10-27,3.0
Open Source Observer,GITHUB_closed_issues_daily,2024-10-27,3.0
Runtime Verification,GITHUB_comments_daily,2024-09-05,45.0
Trail of Bits Security Reviews,GITHUB_stars_daily,2024-09-05,5.0
Redstone Finance,GITHUB_commits_daily,2024-09-05,3.0
Pyth Network,GITHUB_commits_daily,2024-09-05,1.0
Runtime Verification,GITHUB_releases_daily,2024-09-05,4.0
Open Source Observer,GITHUB_forks_daily,2024-09-05,3.0
thirdweb,GITHUB_repositories_daily,2024-09-05,4.0
Enclave,GITHUB_repositories_daily,2024-09-05,1.0
Redstone Finance,GITHUB_repositories_daily,2024-09-05,2.0
Open Source Observer,GITHUB_repositories_daily,2024-09-05,3.0
Trail of Bits Security Reviews,GITHUB_repositories_daily,2024-09-05,7.0
thirdweb,GITHUB_contributors_daily,2024-09-05,14.0
Remix IDE plugin for Arbitrum Stylus,GITHUB_contributors_daily,2024-09-05,1.0
Pyth Network,GITHUB_contributors_daily,2024-09-05,4.0
Enclave,GITHUB_contributors_daily,2024-09-05,1.0
Redstone Finance,GITHUB_active_developers_daily,2024-09-05,1.0
thirdweb,GITHUB_active_developers_daily,2024-09-05,4.0
Enclave,GITHUB_active_developers_daily,2024-09-05,1.0
Runtime Verification,GITHUB_opened_pull_requests_daily,2024-09-05,7.0
Enclave,GITHUB_closed_issues_daily,2024-09-05,1.0
Passport XYZ,GITHUB_opened_issues_daily,2024-09-05,2.0
Pyth Network,GITHUB_comments_daily,2024-11-15,49.0
Walnut,GITHUB_comments_daily,2024-11-15,1.0
Trail of Bits Security Reviews,GITHUB_comments_daily,2024-11-15,4.0
Passport XYZ,GITHUB_comments_daily,2024-11-15,6.0
Trail of Bits Security Reviews,GITHUB_stars_daily,2024-11-15,21.0
Passport XYZ,GITHUB_commits_daily,2024-11-15,8.0
thirdweb,GITHUB_commits_daily,2024-11-15,8.0
Open Source Observer,GITHUB_commits_daily,2024-11-15,1.0
Pyth Network,GITHUB_commits_daily,2024-11-15,9.0
Trail of Bits Security Reviews,GITHUB_releases_daily,2024-11-15,1.0
thirdweb,GITHUB_forks_daily,2024-11-15,3.0
Runtime Verification,GITHUB_contributors_daily,2024-11-15,3.0
Open Source Observer,GITHUB_contributors_daily,2024-11-15,2.0
Pyth Network,GITHUB_contributors_daily,2024-11-15,8.0
Passport XYZ,GITHUB_active_developers_daily,2024-11-15,3.0
Redstone Finance,GITHUB_active_developers_daily,2024-11-15,1.0
Pyth Network,GITHUB_opened_pull_requests_daily,2024-11-15,8.0
thirdweb,GITHUB_merged_pull_requests_daily,2024-11-15,7.0
Passport XYZ,GITHUB_merged_pull_requests_daily,2024-11-15,6.0
Pyth Network,GITHUB_merged_pull_requests_daily,2024-11-15,7.0
Runtime Verification,GITHUB_merged_pull_requests_daily,2024-11-15,1.0
thirdweb,GITHUB_opened_issues_daily,2024-11-15,2.0
Open Source Observer,GITHUB_comments_daily,2024-04-25,29.0
Pyth Network,GITHUB_releases_daily,2024-04-25,1.0
thirdweb,GITHUB_forks_daily,2024-04-25,2.0
Open Source Observer,GITHUB_forks_daily,2024-04-25,2.0
thirdweb,GITHUB_repositories_daily,2024-04-25,6.0
Trail of Bits Security Reviews,GITHUB_contributors_daily,2024-04-25,7.0
Walnut,GITHUB_contributors_daily,2024-04-25,3.0
Trail of Bits Security Reviews,GITHUB_opened_pull_requests_daily,2024-04-25,4.0
Pyth Network,GITHUB_merged_pull_requests_daily,2024-04-25,15.0
Runtime Verification,GITHUB_merged_pull_requests_daily,2024-04-25,5.0
Walnut,GITHUB_merged_pull_requests_daily,2024-04-25,1.0
Walnut,GITHUB_opened_issues_daily,2024-04-25,1.0
Open Source Observer,GITHUB_opened_issues_daily,2024-04-25,4.0
Walnut,GITHUB_closed_issues_daily,2024-04-25,1.0
Open Source Observer,GITHUB_forks_weekly,2025-03-31,2.0
Runtime Verification,GITHUB_forks_weekly,2025-03-31,1.0
Solang,GITHUB_forks_weekly,2025-03-31,1.0
Passport XYZ,GITHUB_forks_weekly,2025-03-31,1.0
Open Source Observer,GITHUB_comments_daily,2025-03-31,11.0
Pyth Network,GITHUB_commits_daily,2025-03-31,15.0
Runtime Verification,GITHUB_stars_weekly,2025-03-31,10.0
Sylow,GITHUB_stars_weekly,2025-03-31,1.0
CodeTracer,GITHUB_releases_daily,2025-03-31,2.0
Trail of Bits Security Reviews,GITHUB_commits_weekly,2025-03-31,52.0
thirdweb,GITHUB_commits_weekly,2025-03-31,66.0
Pyth Network,GITHUB_commits_weekly,2025-03-31,61.0
Runtime Verification,GITHUB_commits_weekly,2025-03-31,37.0
Trail of Bits Security Reviews,GITHUB_comments_weekly,2025-03-31,143.0
Pyth Network,GITHUB_comments_weekly,2025-03-31,117.0
Sylow,GITHUB_repositories_weekly,2025-03-31,1.0
Enclave,GITHUB_repositories_weekly,2025-03-31,1.0
CodeTracer,GITHUB_repositories_weekly,2025-03-31,1.0
Redstone Finance,GITHUB_repositories_weekly,2025-03-31,3.0
Walnut,GITHUB_repositories_weekly,2025-03-31,9.0
Runtime Verification,GITHUB_repositories_weekly,2025-03-31,21.0
Redstone Finance,GITHUB_contributors_weekly,2025-03-31,2.0
Enclave,GITHUB_contributors_weekly,2025-03-31,3.0
Passport XYZ,GITHUB_active_developers_daily,2025-03-31,1.0
Open Source Observer,GITHUB_active_developers_daily,2025-03-31,1.0
Moving Stylus,GITHUB_active_developers_weekly,2025-03-31,1.0
Remix IDE plugin for Arbitrum Stylus,GITHUB_active_developers_weekly,2025-03-31,1.0
Runtime Verification,GITHUB_active_developers_weekly,2025-03-31,7.0
9Lives,GITHUB_active_developers_weekly,2025-03-31,2.0
Runtime Verification,GITHUB_opened_pull_requests_daily,2025-03-31,2.0
Pyth Network,GITHUB_opened_pull_requests_daily,2025-03-31,4.0
Passport XYZ,GITHUB_opened_pull_requests_weekly,2025-03-31,25.0
Runtime Verification,GITHUB_opened_pull_requests_weekly,2025-03-31,30.0
Walnut,GITHUB_merged_pull_requests_daily,2025-03-31,3.0
Pyth Network,GITHUB_merged_pull_requests_daily,2025-03-31,6.0
Trail of Bits Security Reviews,GITHUB_merged_pull_requests_daily,2025-03-31,10.0
Passport XYZ,GITHUB_merged_pull_requests_daily,2025-03-31,2.0
Runtime Verification,GITHUB_merged_pull_requests_weekly,2025-03-31,18.0
CodeTracer,GITHUB_merged_pull_requests_weekly,2025-03-31,2.0
thirdweb,GITHUB_merged_pull_requests_weekly,2025-03-31,59.0
Passport XYZ,GITHUB_merged_pull_requests_weekly,2025-03-31,18.0
CodeTracer,GITHUB_opened_issues_daily,2025-03-31,2.0
CodeTracer,GITHUB_opened_issues_weekly,2025-03-31,4.0
thirdweb,GITHUB_closed_issues_weekly,2025-03-31,4.0
Passport XYZ,GITHUB_comments_daily,2024-11-20,8.0
Open Source Observer,GITHUB_comments_daily,2024-11-20,11.0
Trail of Bits Security Reviews,GITHUB_stars_daily,2024-11-20,13.0
thirdweb,GITHUB_stars_daily,2024-11-20,4.0
Passport XYZ,GITHUB_commits_daily,2024-11-20,2.0
Remix IDE plugin for Arbitrum Stylus,GITHUB_commits_daily,2024-11-20,9.0
Redstone Finance,GITHUB_commits_daily,2024-11-20,5.0
Open Source Observer,GITHUB_commits_daily,2024-11-20,1.0
Trail of Bits Security Reviews,GITHUB_repositories_daily,2024-11-20,11.0
thirdweb,GITHUB_repositories_daily,2024-11-20,4.0
Open Source Observer,GITHUB_merged_pull_requests_daily,2024-11-20,1.0
Redstone Finance,GITHUB_merged_pull_requests_daily,2024-11-20,1.0
Runtime Verification,GITHUB_merged_pull_requests_daily,2024-11-20,8.0
Runtime Verification,GITHUB_contributors_daily,2024-11-20,6.0
Trail of Bits Security Reviews,GITHUB_contributors_daily,2024-11-20,4.0
Moving Stylus,GITHUB_active_developers_daily,2024-11-20,1.0
Runtime Verification,GITHUB_closed_issues_daily,2024-11-20,2.0
Open Source Observer,GITHUB_stars_daily,2025-04-03,1.0
Passport XYZ,GITHUB_stars_daily,2025-04-03,1.0
Enclave,GITHUB_comments_daily,2025-04-03,2.0
Pyth Network,GITHUB_comments_daily,2025-04-03,25.0
Open Source Observer,GITHUB_comments_daily,2025-04-03,31.0
Walnut,GITHUB_comments_daily,2025-04-03,2.0
Open Source Observer,GITHUB_commits_daily,2025-04-03,6.0
Trail of Bits Security Reviews,GITHUB_commits_daily,2025-04-03,13.0
StylusPort,GITHUB_commits_daily,2025-04-03,9.0
thirdweb,GITHUB_releases_daily,2025-04-03,3.0
Runtime Verification,GITHUB_releases_daily,2025-04-03,5.0
Trail of Bits Security Reviews,GITHUB_releases_daily,2025-04-03,2.0
CodeTracer,GITHUB_repositories_daily,2025-04-03,1.0
Open Source Observer,GITHUB_repositories_daily,2025-04-03,4.0
Pyth Network,GITHUB_forks_daily,2025-04-03,1.0
Pyth Network,GITHUB_contributors_daily,2025-04-03,9.0
Open Source Observer,GITHUB_contributors_daily,2025-04-03,6.0
Trail of Bits Security Reviews,GITHUB_contributors_daily,2025-04-03,15.0
CodeTracer,GITHUB_active_developers_daily,2025-04-03,1.0
Trail of Bits Security Reviews,GITHUB_opened_pull_requests_daily,2025-04-03,17.0
Passport XYZ,GITHUB_merged_pull_requests_daily,2025-04-03,4.0
Walnut,GITHUB_merged_pull_requests_daily,2025-04-03,1.0
Open Source Observer,GITHUB_opened_issues_daily,2025-04-03,7.0
Trail of Bits Security Reviews,GITHUB_forks_daily,2024-02-10,1.0
Pyth Network,GITHUB_forks_daily,2024-02-10,1.0
thirdweb,GITHUB_repositories_daily,2024-02-10,4.0
Open Source Observer,GITHUB_contributors_daily,2024-02-10,3.0
Runtime Verification,GITHUB_contributors_daily,2024-02-10,2.0
Walnut,GITHUB_contributors_daily,2024-02-10,1.0
Trail of Bits Security Reviews,GITHUB_opened_pull_requests_daily,2024-02-10,3.0
Open Source Observer,GITHUB_merged_pull_requests_daily,2024-02-10,3.0
Open Source Observer,GITHUB_closed_issues_daily,2024-02-10,1.0
thirdweb,GITHUB_stars_daily,2024-12-24,2.0
Runtime Verification,GITHUB_stars_daily,2024-12-24,1.0
Trail of Bits Security Reviews,GITHUB_stars_daily,2024-12-24,11.0
Trail of Bits Security Reviews,GITHUB_commits_daily,2024-12-24,11.0
Pyth Network,GITHUB_commits_daily,2024-12-24,1.0
thirdweb,GITHUB_forks_daily,2024-12-24,2.0
Debid - Fairblock,GITHUB_repositories_daily,2024-12-24,1.0
Moving Stylus,GITHUB_repositories_daily,2024-12-24,1.0
Enclave,GITHUB_repositories_daily,2024-12-24,1.0
Walnut,GITHUB_repositories_daily,2024-12-24,2.0
Redstone Finance,GITHUB_repositories_daily,2024-12-24,1.0
thirdweb,GITHUB_active_developers_daily,2024-12-24,1.0
Trail of Bits Security Reviews,GITHUB_active_developers_daily,2024-12-24,2.0
Trail of Bits Security Reviews,GITHUB_opened_pull_requests_daily,2024-12-24,1.0
Trail of Bits Security Reviews,GITHUB_merged_pull_requests_daily,2024-12-24,11.0
Pyth Network,GITHUB_merged_pull_requests_daily,2024-12-24,1.0
Walnut,GITHUB_closed_issues_daily,2024-12-24,2.0
Pyth Network,GITHUB_forks_weekly,2024-12-30,2.0
Walnut,GITHUB_forks_weekly,2024-12-30,1.0
Open Source Observer,GITHUB_comments_daily,2024-12-30,2.0
thirdweb,GITHUB_stars_daily,2024-12-30,1.0
Runtime Verification,GITHUB_stars_daily,2024-12-30,1.0
Pyth Network,GITHUB_stars_weekly,2024-12-30,2.0
Trail of Bits Security Reviews,GITHUB_stars_weekly,2024-12-30,73.0
Sylow,GITHUB_stars_weekly,2024-12-30,2.0
Solang,GITHUB_stars_weekly,2024-12-30,2.0
Pyth Network,GITHUB_commits_weekly,2024-12-30,23.0
Runtime Verification,GITHUB_commits_weekly,2024-12-30,1.0
Enclave,GITHUB_comments_weekly,2024-12-30,32.0
Open Source Observer,GITHUB_comments_weekly,2024-12-30,20.0
Solang,GITHUB_repositories_weekly,2024-12-30,1.0
Walnut,GITHUB_repositories_weekly,2024-12-30,5.0
Runtime Verification,GITHUB_repositories_weekly,2024-12-30,5.0
Enclave,GITHUB_repositories_weekly,2024-12-30,1.0
thirdweb,GITHUB_repositories_daily,2024-12-30,2.0
Solang,GITHUB_repositories_daily,2024-12-30,1.0
Runtime Verification,GITHUB_repositories_daily,2024-12-30,1.0
Walnut,GITHUB_repositories_daily,2024-12-30,1.0
Open Source Observer,GITHUB_contributors_weekly,2024-12-30,6.0
Trail of Bits Security Reviews,GITHUB_contributors_weekly,2024-12-30,11.0
Enclave,GITHUB_contributors_weekly,2024-12-30,2.0
thirdweb,GITHUB_contributors_weekly,2024-12-30,18.0
Open Source Observer,GITHUB_active_developers_weekly,2024-12-30,4.0
Redstone Finance,GITHUB_contributors_daily,2024-12-30,2.0
thirdweb,GITHUB_contributors_daily,2024-12-30,6.0
Pyth Network,GITHUB_contributors_daily,2024-12-30,4.0
Trail of Bits Security Reviews,GITHUB_contributors_daily,2024-12-30,4.0
thirdweb,GITHUB_active_developers_daily,2024-12-30,2.0
Redstone Finance,GITHUB_active_developers_daily,2024-12-30,1.0
Walnut,GITHUB_opened_pull_requests_weekly,2024-12-30,2.0
Open Source Observer,GITHUB_opened_pull_requests_weekly,2024-12-30,7.0
Enclave,GITHUB_opened_pull_requests_weekly,2024-12-30,10.0
thirdweb,GITHUB_merged_pull_requests_daily,2024-12-30,2.0
Redstone Finance,GITHUB_merged_pull_requests_daily,2024-12-30,1.0
thirdweb,GITHUB_merged_pull_requests_weekly,2024-12-30,31.0
Trail of Bits Security Reviews,GITHUB_merged_pull_requests_weekly,2024-12-30,18.0
Redstone Finance,GITHUB_merged_pull_requests_weekly,2024-12-30,2.0
Passport XYZ,GITHUB_opened_issues_weekly,2024-12-30,4.0
Trail of Bits Security Reviews,GITHUB_stars_daily,2024-04-17,8.0
Pyth Network,GITHUB_stars_daily,2024-04-17,1.0
Pyth Network,GITHUB_commits_daily,2024-04-17,16.0
Redstone Finance,GITHUB_commits_daily,2024-04-17,9.0
Runtime Verification,GITHUB_commits_daily,2024-04-17,22.0
Runtime Verification,GITHUB_releases_daily,2024-04-17,9.0
Redstone Finance,GITHUB_repositories_daily,2024-04-17,2.0
Pyth Network,GITHUB_repositories_daily,2024-04-17,5.0
Open Source Observer,GITHUB_repositories_daily,2024-04-17,3.0
Open Source Observer,GITHUB_merged_pull_requests_daily,2024-04-17,6.0
thirdweb,GITHUB_merged_pull_requests_daily,2024-04-17,17.0
Runtime Verification,GITHUB_merged_pull_requests_daily,2024-04-17,11.0
Open Source Observer,GITHUB_active_developers_daily,2024-04-17,1.0
Runtime Verification,GITHUB_active_developers_daily,2024-04-17,2.0
Pyth Network,GITHUB_contributors_daily,2024-04-17,7.0
thirdweb,GITHUB_closed_issues_daily,2024-04-17,1.0
Runtime Verification,GITHUB_comments_daily,2024-08-22,81.0
thirdweb,GITHUB_comments_daily,2024-08-22,143.0
Redstone Finance,GITHUB_comments_daily,2024-08-22,1.0
Open Source Observer,GITHUB_comments_daily,2024-08-22,19.0
Enclave,GITHUB_comments_daily,2024-08-22,4.0
Pyth Network,GITHUB_stars_daily,2024-08-22,4.0
Trail of Bits Security Reviews,GITHUB_stars_daily,2024-08-22,8.0
Passport XYZ,GITHUB_commits_daily,2024-08-22,14.0
thirdweb,GITHUB_commits_daily,2024-08-22,19.0
Walnut,GITHUB_commits_daily,2024-08-22,1.0
Pyth Network,GITHUB_releases_daily,2024-08-22,2.0
Passport XYZ,GITHUB_repositories_daily,2024-08-22,3.0
Enclave,GITHUB_repositories_daily,2024-08-22,1.0
Debid - Fairblock,GITHUB_contributors_daily,2024-08-22,1.0
Trail of Bits Security Reviews,GITHUB_contributors_daily,2024-08-22,3.0
Passport XYZ,GITHUB_active_developers_daily,2024-08-22,3.0
Enclave,GITHUB_opened_pull_requests_daily,2024-08-22,4.0
Runtime Verification,GITHUB_merged_pull_requests_daily,2024-08-22,11.0
Passport XYZ,GITHUB_merged_pull_requests_daily,2024-08-22,8.0
Runtime Verification,GITHUB_opened_issues_daily,2024-08-22,2.0
Passport XYZ,GITHUB_opened_issues_daily,2024-08-22,2.0
Open Source Observer,GITHUB_opened_issues_daily,2024-08-22,7.0
Redstone Finance,GITHUB_opened_issues_daily,2024-08-22,1.0
Open Source Observer,GITHUB_closed_issues_daily,2024-08-22,4.0
Open Source Observer,GITHUB_new_contributors_quarterly,2025-03-01,10.0
Walnut,GITHUB_new_contributors_quarterly,2025-03-01,5.0
Moving Stylus,GITHUB_active_contributors_quarterly,2025-03-01,1.0
Solang,GITHUB_new_contributors_quarterly,2025-03-01,3.0
Pyth Network,GITHUB_part_time_contributors_quarterly,2025-03-01,34.0
Debid - Fairblock,GITHUB_new_contributors_quarterly,2025-03-01,1.0
Runtime Verification,GITHUB_part_time_contributors_quarterly,2025-03-01,27.0
Walnut,GITHUB_part_time_contributors_quarterly,2025-03-01,12.0
Redstone Finance,GITHUB_part_time_contributors_quarterly,2025-03-01,11.0
Moving Stylus,GITHUB_part_time_contributors_quarterly,2025-03-01,1.0
Trail of Bits Security Reviews,GITHUB_part_time_contributors_quarterly,2025-03-01,41.0
Remix IDE plugin for Arbitrum Stylus,GITHUB_releases_biannually,2025-03-01,4.0
Sylow,GITHUB_releases_biannually,2025-03-01,1.0
Pyth Network,GITHUB_releases_quarterly,2025-03-01,18.0
Pyth Network,GITHUB_commits_biannually,2025-03-01,258.0
thirdweb,GITHUB_commits_biannually,2025-03-01,222.0
9Lives,GITHUB_commits_biannually,2025-03-01,73.0
CodeTracer,GITHUB_commits_biannually,2025-03-01,70.0
Redstone Finance,GITHUB_active_developers_biannually,2025-03-01,10.0
Runtime Verification,GITHUB_active_developers_biannually,2025-03-01,16.0
Moving Stylus,GITHUB_active_developers_biannually,2025-03-01,1.0
Debid - Fairblock,GITHUB_active_developers_biannually,2025-03-01,2.0
Pyth Network,GITHUB_active_developers_biannually,2025-03-01,16.0
Arbos Foundry,GITHUB_active_developers_biannually,2025-03-01,1.0
CodeTracer,GITHUB_active_developers_biannually,2025-03-01,5.0
thirdweb,GITHUB_repositories_quarterly,2025-03-01,15.0
Runtime Verification,GITHUB_repositories_quarterly,2025-03-01,30.0
Debid - Fairblock,GITHUB_repositories_quarterly,2025-03-01,5.0
Solang,GITHUB_repositories_quarterly,2025-03-01,1.0
Walnut,GITHUB_active_developers_quarterly,2025-03-01,4.0
CodeTracer,GITHUB_active_developers_quarterly,2025-03-01,5.0
Solang,GITHUB_forks_monthly,2025-03-01,3.0
Trail of Bits Security Reviews,GITHUB_forks_monthly,2025-03-01,32.0
Passport XYZ,GITHUB_forks_monthly,2025-03-01,4.0
CodeTracer,GITHUB_part_time_developers_quarterly,2025-03-01,5.0
9Lives,GITHUB_stars_biannually,2025-03-01,2.0
Redstone Finance,GITHUB_stars_biannually,2025-03-01,12.0
Walnut,GITHUB_stars_biannually,2025-03-01,4.0
Debid - Fairblock,GITHUB_stars_biannually,2025-03-01,6.0
Runtime Verification,GITHUB_part_time_developers_quarterly,2025-03-01,16.0
9Lives,GITHUB_part_time_developers_quarterly,2025-03-01,3.0
Open Source Observer,GITHUB_comments_daily,2025-03-01,8.0
Open Source Observer,GITHUB_stars_monthly,2025-03-01,15.0
Sylow,GITHUB_stars_monthly,2025-03-01,6.0
Passport XYZ,GITHUB_stars_daily,2025-03-01,2.0
Trail of Bits Security Reviews,GITHUB_stars_daily,2025-03-01,3.0
Solang,GITHUB_stars_quarterly,2025-03-01,8.0
thirdweb,GITHUB_comments_monthly,2025-03-01,1284.0
Passport XYZ,GITHUB_comments_monthly,2025-03-01,56.0
Open Source Observer,GITHUB_commits_monthly,2025-03-01,287.0
Enclave,GITHUB_commits_monthly,2025-03-01,1.0
Enclave,GITHUB_comments_monthly,2025-03-01,43.0
Walnut,GITHUB_comments_monthly,2025-03-01,98.0
Pyth Network,GITHUB_commits_monthly,2025-03-01,258.0
9Lives,GITHUB_comments_monthly,2025-03-01,3.0
Passport XYZ,GITHUB_stars_quarterly,2025-03-01,32.0
Remix IDE plugin for Arbitrum Stylus,GITHUB_stars_quarterly,2025-03-01,2.0
Sylow,GITHUB_releases_monthly,2025-03-01,1.0
Passport XYZ,GITHUB_commits_quarterly,2025-03-01,122.0
Moving Stylus,GITHUB_commits_quarterly,2025-03-01,4.0
Runtime Verification,GITHUB_forks_biannually,2025-03-01,6.0
Passport XYZ,GITHUB_forks_biannually,2025-03-01,4.0
Remix IDE plugin for Arbitrum Stylus,GITHUB_forks_quarterly,2025-03-01,2.0
Open Source Observer,GITHUB_forks_quarterly,2025-03-01,14.0
Redstone Finance,GITHUB_forks_quarterly,2025-03-01,4.0
Passport XYZ,GITHUB_forks_quarterly,2025-03-01,4.0
Sylow,GITHUB_forks_quarterly,2025-03-01,1.0
Runtime Verification,GITHUB_forks_quarterly,2025-03-01,6.0
Pyth Network,GITHUB_forks_biannually,2025-03-01,20.0
Walnut,GITHUB_repositories_daily,2025-03-01,3.0
CodeTracer,GITHUB_repositories_daily,2025-03-01,1.0
Solang,GITHUB_repositories_daily,2025-03-01,1.0
Passport XYZ,GITHUB_repositories_daily,2025-03-01,1.0
9Lives,GITHUB_repositories_daily,2025-03-01,1.0
Open Source Observer,GITHUB_repositories_daily,2025-03-01,2.0
thirdweb,GITHUB_repositories_daily,2025-03-01,4.0
Open Source Observer,GITHUB_repositories_monthly,2025-03-01,7.0
Walnut,GITHUB_repositories_biannually,2025-03-01,11.0
CoBuilders,GITHUB_repositories_biannually,2025-03-01,2.0
Arbos Foundry,GITHUB_repositories_biannually,2025-03-01,1.0
Walnut,GITHUB_repositories_monthly,2025-03-01,11.0
Pyth Network,GITHUB_repositories_biannually,2025-03-01,16.0
Remix IDE plugin for Arbitrum Stylus,GITHUB_repositories_biannually,2025-03-01,3.0
Trail of Bits Security Reviews,GITHUB_contributors_monthly,2025-03-01,41.0
CodeTracer,GITHUB_contributors_monthly,2025-03-01,7.0
Arbos Foundry,GITHUB_contributors_monthly,2025-03-01,1.0
Open Source Observer,GITHUB_contributors_daily,2025-03-01,3.0
Solang,GITHUB_contributors_daily,2025-03-01,1.0
Trail of Bits Security Reviews,GITHUB_contributors_biannually,2025-03-01,41.0
Remix IDE plugin for Arbitrum Stylus,GITHUB_contributors_biannually,2025-03-01,1.0
Enclave,GITHUB_contributors_biannually,2025-03-01,5.0
CodeTracer,GITHUB_contributors_biannually,2025-03-01,7.0
Solang,GITHUB_contributors_biannually,2025-03-01,5.0
Runtime Verification,GITHUB_contributors_quarterly,2025-03-01,27.0
Moving Stylus,GITHUB_contributors_quarterly,2025-03-01,1.0
Passport XYZ,GITHUB_contributors_quarterly,2025-03-01,6.0
Debid - Fairblock,GITHUB_contributors_biannually,2025-03-01,4.0
CodeTracer,GITHUB_active_developers_monthly,2025-03-01,5.0
Arbos Foundry,GITHUB_part_time_developers_monthly,2025-03-01,1.0
Enclave,GITHUB_part_time_developers_monthly,2025-03-01,1.0
Open Source Observer,GITHUB_active_developers_monthly,2025-03-01,13.0
Redstone Finance,GITHUB_part_time_developers_monthly,2025-03-01,9.0
Open Source Observer,GITHUB_part_time_developers_monthly,2025-03-01,9.0
Pyth Network,GITHUB_part_time_developers_monthly,2025-03-01,12.0
Remix IDE plugin for Arbitrum Stylus,GITHUB_part_time_developers_monthly,2025-03-01,1.0
thirdweb,GITHUB_part_time_developers_monthly,2025-03-01,10.0
Trail of Bits Security Reviews,GITHUB_full_time_developers_monthly,2025-03-01,2.0
Runtime Verification,GITHUB_part_time_developers_monthly,2025-03-01,14.0
Moving Stylus,GITHUB_part_time_developers_biannually,2025-03-01,1.0
Passport XYZ,GITHUB_full_time_contributors_monthly,2025-03-01,3.0
Trail of Bits Security Reviews,GITHUB_active_contributors_monthly,2025-03-01,41.0
CoBuilders,GITHUB_part_time_contributors_monthly,2025-03-01,1.0
Open Source Observer,GITHUB_full_time_contributors_monthly,2025-03-01,5.0
CoBuilders,GITHUB_active_contributors_monthly,2025-03-01,1.0
Runtime Verification,GITHUB_active_contributors_monthly,2025-03-01,27.0
9Lives,GITHUB_full_time_contributors_monthly,2025-03-01,1.0
Walnut,GITHUB_part_time_developers_biannually,2025-03-01,4.0
thirdweb,GITHUB_part_time_contributors_biannually,2025-03-01,39.0
Runtime Verification,GITHUB_part_time_contributors_biannually,2025-03-01,27.0
Walnut,GITHUB_part_time_contributors_biannually,2025-03-01,12.0
Solang,GITHUB_active_contributors_biannually,2025-03-01,5.0
Passport XYZ,GITHUB_active_contributors_monthly,2025-03-01,6.0
Solang,GITHUB_active_contributors_monthly,2025-03-01,5.0
Solang,GITHUB_new_contributors_monthly,2025-03-01,3.0
Moving Stylus,GITHUB_active_contributors_monthly,2025-03-01,1.0
Trail of Bits Security Reviews,GITHUB_full_time_contributors_monthly,2025-03-01,2.0
Debid - Fairblock,GITHUB_active_contributors_monthly,2025-03-01,4.0
9Lives,GITHUB_part_time_contributors_monthly,2025-03-01,4.0
Walnut,GITHUB_full_time_contributors_monthly,2025-03-01,3.0
Runtime Verification,GITHUB_new_contributors_monthly,2025-03-01,3.0
thirdweb,GITHUB_new_contributors_monthly,2025-03-01,19.0
Debid - Fairblock,GITHUB_part_time_contributors_monthly,2025-03-01,4.0
Remix IDE plugin for Arbitrum Stylus,GITHUB_part_time_contributors_monthly,2025-03-01,1.0
Pyth Network,GITHUB_active_contributors_biannually,2025-03-01,34.0
Enclave,GITHUB_new_contributors_biannually,2025-03-01,2.0
Passport XYZ,GITHUB_new_contributors_biannually,2025-03-01,1.0
Solang,GITHUB_new_contributors_biannually,2025-03-01,3.0
Arbos Foundry,GITHUB_part_time_contributors_biannually,2025-03-01,1.0
Solang,GITHUB_part_time_contributors_biannually,2025-03-01,5.0
Passport XYZ,GITHUB_part_time_contributors_biannually,2025-03-01,6.0
Debid - Fairblock,GITHUB_new_contributors_biannually,2025-03-01,1.0
Open Source Observer,GITHUB_change_in_full_time_contributors_monthly,2025-03-01,0.0
Enclave,GITHUB_change_in_active_developers_quarterly,2025-03-01,-4.0
Remix IDE plugin for Arbitrum Stylus,GITHUB_change_in_part_time_contributors_quarterly,2025-03-01,1.0
Arbos Foundry,GITHUB_change_in_active_developers_quarterly,2025-03-01,0.0
Moving Stylus,GITHUB_change_in_part_time_contributors_monthly,2025-03-01,1.0
Remix IDE plugin for Arbitrum Stylus,GITHUB_change_in_part_time_contributors_monthly,2025-03-01,1.0
Arbos Foundry,GITHUB_change_in_part_time_contributors_monthly,2025-03-01,0.0
Solang,GITHUB_change_in_part_time_contributors_monthly,2025-03-01,7.0
Arbos Foundry,GITHUB_change_in_active_developers_biannually,2025-03-01,0.0
Remix IDE plugin for Arbitrum Stylus,GITHUB_change_in_active_developers_biannually,2025-03-01,1.0
thirdweb,GITHUB_change_in_part_time_contributors_biannually,2025-03-01,8.0
Passport XYZ,GITHUB_change_in_active_developers_biannually,2025-03-01,1.0
CoBuilders,GITHUB_change_in_part_time_contributors_biannually,2025-03-01,0.0
Moving Stylus,GITHUB_change_in_part_time_contributors_biannually,2025-03-01,1.0
Debid - Fairblock,GITHUB_change_in_active_developers_biannually,2025-03-01,-2.0
Debid - Fairblock,GITHUB_change_in_part_time_contributors_biannually,2025-03-01,-2.0
Walnut,GITHUB_change_in_active_developers_biannually,2025-03-01,-3.0
9Lives,GITHUB_change_in_part_time_contributors_biannually,2025-03-01,-1.0
Sylow,GITHUB_change_in_active_developers_biannually,2025-03-01,-2.0
Arbos Foundry,GITHUB_change_in_part_time_contributors_biannually,2025-03-01,0.0
CodeTracer,GITHUB_change_in_full_time_contributors_monthly,2025-03-01,
Runtime Verification,GITHUB_change_in_active_developers_quarterly,2025-03-01,-3.0
Passport XYZ,GITHUB_change_in_active_developers_quarterly,2025-03-01,1.0
9Lives,GITHUB_change_in_part_time_contributors_quarterly,2025-03-01,-1.0
Passport XYZ,GITHUB_change_in_part_time_contributors_quarterly,2025-03-01,1.0
Runtime Verification,GITHUB_change_in_part_time_contributors_quarterly,2025-03-01,-3.0
Pyth Network,GITHUB_opened_pull_requests_monthly,2025-03-01,171.0
Sylow,GITHUB_opened_pull_requests_monthly,2025-03-01,1.0
Walnut,GITHUB_opened_pull_requests_monthly,2025-03-01,60.0
Pyth Network,GITHUB_change_in_active_developers_monthly,2025-03-01,-3.0
Redstone Finance,GITHUB_change_in_full_time_contributors_monthly,2025-03-01,3.0
9Lives,GITHUB_opened_pull_requests_biannually,2025-03-01,4.0
Enclave,GITHUB_opened_pull_requests_biannually,2025-03-01,3.0
Sylow,GITHUB_opened_pull_requests_biannually,2025-03-01,1.0
Walnut,GITHUB_opened_pull_requests_biannually,2025-03-01,60.0
Trail of Bits Security Reviews,GITHUB_opened_pull_requests_biannually,2025-03-01,180.0
Redstone Finance,GITHUB_opened_pull_requests_biannually,2025-03-01,17.0
Redstone Finance,GITHUB_opened_pull_requests_quarterly,2025-03-01,17.0
Enclave,GITHUB_opened_pull_requests_quarterly,2025-03-01,3.0
Redstone Finance,GITHUB_change_in_active_developers_quarterly,2025-03-01,6.0
Solang,GITHUB_change_in_part_time_contributors_quarterly,2025-03-01,7.0
Redstone Finance,GITHUB_change_in_part_time_contributors_quarterly,2025-03-01,6.0
Pyth Network,GITHUB_change_in_active_developers_quarterly,2025-03-01,-3.0
Trail of Bits Security Reviews,GITHUB_change_in_part_time_contributors_quarterly,2025-03-01,7.0
Runtime Verification,GITHUB_opened_pull_requests_daily,2025-03-01,2.0
Walnut,GITHUB_merged_pull_requests_monthly,2025-03-01,65.0
thirdweb,GITHUB_merged_pull_requests_monthly,2025-03-01,190.0
9Lives,GITHUB_merged_pull_requests_quarterly,2025-03-01,1.0
Pyth Network,GITHUB_merged_pull_requests_quarterly,2025-03-01,156.0
Sylow,GITHUB_merged_pull_requests_quarterly,2025-03-01,1.0
Redstone Finance,GITHUB_merged_pull_requests_quarterly,2025-03-01,19.0
Trail of Bits Security Reviews,GITHUB_merged_pull_requests_quarterly,2025-03-01,152.0
Remix IDE plugin for Arbitrum Stylus,GITHUB_merged_pull_requests_biannually,2025-03-01,1.0
9Lives,GITHUB_merged_pull_requests_biannually,2025-03-01,1.0
Sylow,GITHUB_merged_pull_requests_biannually,2025-03-01,1.0
thirdweb,GITHUB_merged_pull_requests_biannually,2025-03-01,190.0
Walnut,GITHUB_merged_pull_requests_daily,2025-03-01,3.0
CodeTracer,GITHUB_opened_issues_monthly,2025-03-01,33.0
Enclave,GITHUB_opened_issues_quarterly,2025-03-01,45.0
Pyth Network,GITHUB_opened_issues_quarterly,2025-03-01,4.0
Trail of Bits Security Reviews,GITHUB_opened_issues_quarterly,2025-03-01,21.0
thirdweb,GITHUB_opened_issues_biannually,2025-03-01,10.0
Walnut,GITHUB_opened_issues_biannually,2025-03-01,22.0
9Lives,GITHUB_opened_issues_biannually,2025-03-01,1.0
Trail of Bits Security Reviews,GITHUB_opened_issues_biannually,2025-03-01,21.0
Walnut,GITHUB_closed_issues_monthly,2025-03-01,39.0
Runtime Verification,GITHUB_closed_issues_quarterly,2025-03-01,15.0
thirdweb,GITHUB_closed_issues_biannually,2025-03-01,10.0
Runtime Verification,GITHUB_closed_issues_biannually,2025-03-01,15.0
Solang,GITHUB_avg_prs_time_to_merge_biannually,2025-03-01,0.0
Walnut,GITHUB_avg_prs_time_to_merge_biannually,2025-03-01,0.0
Pyth Network,GITHUB_avg_time_to_first_response_quarterly,2025-03-01,107907.6625
Open Source Observer,GITHUB_avg_time_to_first_response_quarterly,2025-03-01,276263.8
Remix IDE plugin for Arbitrum Stylus,GITHUB_avg_prs_time_to_merge_biannually,2025-03-01,0.0
Sylow,GITHUB_avg_prs_time_to_merge_quarterly,2025-03-01,0.0
Runtime Verification,GITHUB_avg_time_to_first_response_quarterly,2025-03-01,711634.58
9Lives,GITHUB_avg_time_to_first_response_quarterly,2025-03-01,1493946.3333333333
Redstone Finance,GITHUB_avg_time_to_first_response_quarterly,2025-03-01,4.466666666666667
Trail of Bits Security Reviews,GITHUB_avg_time_to_first_response_quarterly,2025-03-01,2099690.908045977
Enclave,GITHUB_avg_prs_time_to_merge_biannually,2025-03-01,0.0
Sylow,GITHUB_avg_time_to_first_response_biannually,2025-03-01,2214.0
Runtime Verification,GITHUB_avg_time_to_first_response_biannually,2025-03-01,711634.58
Trail of Bits Security Reviews,GITHUB_avg_time_to_first_response_biannually,2025-03-01,2099690.908045977
9Lives,GITHUB_avg_time_to_first_response_biannually,2025-03-01,1493946.3333333333
Solang,GITHUB_change_in_full_time_contributors_monthly,2025-03-01,0.0
Solang,GITHUB_churned_contributors_monthly,2025-03-01,4.0
Debid - Fairblock,GITHUB_churned_contributors_quarterly,2025-03-01,-3.0
thirdweb,GITHUB_change_in_active_contributors_quarterly,2025-03-01,8.0
thirdweb,GITHUB_change_in_new_contributors_quarterly,2025-03-01,4.0
Runtime Verification,GITHUB_change_in_full_time_contributors_quarterly,2025-03-01,0.0
Open Source Observer,GITHUB_change_in_active_contributors_monthly,2025-03-01,11.0
CoBuilders,GITHUB_change_in_new_contributors_monthly,2025-03-01,-1.0
Pyth Network,GITHUB_change_in_new_contributors_monthly,2025-03-01,-3.0
9Lives,GITHUB_change_in_new_contributors_monthly,2025-03-01,-1.0
Passport XYZ,GITHUB_change_in_active_contributors_monthly,2025-03-01,1.0
Moving Stylus,GITHUB_churned_contributors_monthly,2025-03-01,1.0
Enclave,GITHUB_change_in_new_contributors_monthly,2025-03-01,-2.0
Walnut,GITHUB_change_in_new_contributors_monthly,2025-03-01,-4.0
Trail of Bits Security Reviews,GITHUB_churned_contributors_monthly,2025-03-01,-12.0
Trail of Bits Security Reviews,GITHUB_change_in_new_contributors_monthly,2025-03-01,0.0
Remix IDE plugin for Arbitrum Stylus,GITHUB_churned_contributors_quarterly,2025-03-01,1.0
Debid - Fairblock,GITHUB_churned_contributors_monthly,2025-03-01,-3.0
thirdweb,GITHUB_change_in_new_contributors_monthly,2025-03-01,4.0
Runtime Verification,GITHUB_churned_contributors_monthly,2025-03-01,-6.0
Arbos Foundry,GITHUB_change_in_active_contributors_monthly,2025-03-01,0.0
Open Source Observer,GITHUB_change_in_new_contributors_biannually,2025-03-01,7.0
Open Source Observer,GITHUB_change_in_full_time_contributors_biannually,2025-03-01,0.0
Open Source Observer,GITHUB_churned_contributors_biannually,2025-03-01,1.0
Pyth Network,GITHUB_change_in_full_time_contributors_quarterly,2025-03-01,0.0
Passport XYZ,GITHUB_change_in_full_time_contributors_quarterly,2025-03-01,0.0
9Lives,GITHUB_change_in_new_contributors_quarterly,2025-03-01,-1.0
9Lives,GITHUB_change_in_active_contributors_quarterly,2025-03-01,-1.0
Enclave,GITHUB_change_in_full_time_contributors_quarterly,2025-03-01,0.0
Enclave,GITHUB_change_in_active_contributors_quarterly,2025-03-01,-4.0
Debid - Fairblock,GITHUB_change_in_new_contributors_quarterly,2025-03-01,0.0
Arbos Foundry,GITHUB_change_in_new_contributors_biannually,2025-03-01,0.0
Arbos Foundry,GITHUB_churned_contributors_biannually,2025-03-01,0.0
Open Source Observer,GITHUB_churned_contributors_quarterly,2025-03-01,1.0
Debid - Fairblock,GITHUB_change_in_new_contributors_biannually,2025-03-01,0.0
Debid - Fairblock,GITHUB_change_in_full_time_contributors_biannually,2025-03-01,0.0
thirdweb,GITHUB_churned_contributors_biannually,2025-03-01,-11.0
CodeTracer,GITHUB_change_in_active_contributors_biannually,2025-03-01,-1.0
CodeTracer,GITHUB_change_in_full_time_contributors_biannually,2025-03-01,0.0
Solang,GITHUB_churned_contributors_biannually,2025-03-01,4.0
Walnut,GITHUB_change_in_active_contributors_quarterly,2025-03-01,-3.0
Redstone Finance,GITHUB_change_in_active_contributors_quarterly,2025-03-01,6.0
Trail of Bits Security Reviews,GITHUB_change_in_active_contributors_quarterly,2025-03-01,7.0
Passport XYZ,GITHUB_change_in_full_time_contributors_biannually,2025-03-01,0.0
9Lives,GITHUB_change_in_full_time_contributors_biannually,2025-03-01,0.0
Trail of Bits Security Reviews,GITHUB_change_in_active_contributors_biannually,2025-03-01,7.0
Redstone Finance,GITHUB_change_in_full_time_contributors_biannually,2025-03-01,0.0
Trail of Bits Security Reviews,GITHUB_change_in_new_contributors_biannually,2025-03-01,0.0
Passport XYZ,GITHUB_comments_daily,2024-11-27,20.0
Trail of Bits Security Reviews,GITHUB_stars_daily,2024-11-27,16.0
Solang,GITHUB_stars_daily,2024-11-27,1.0
Trail of Bits Security Reviews,GITHUB_commits_daily,2024-11-27,17.0
Solang,GITHUB_commits_daily,2024-11-27,1.0
thirdweb,GITHUB_releases_daily,2024-11-27,1.0
Pyth Network,GITHUB_repositories_daily,2024-11-27,7.0
Open Source Observer,GITHUB_repositories_daily,2024-11-27,3.0
Runtime Verification,GITHUB_contributors_daily,2024-11-27,9.0
Enclave,GITHUB_contributors_daily,2024-11-27,1.0
Redstone Finance,GITHUB_active_developers_daily,2024-11-27,2.0
Pyth Network,GITHUB_active_developers_daily,2024-11-27,3.0
Solang,GITHUB_active_developers_daily,2024-11-27,1.0
Trail of Bits Security Reviews,GITHUB_opened_pull_requests_daily,2024-11-27,2.0
Runtime Verification,GITHUB_opened_pull_requests_daily,2024-11-27,8.0
Pyth Network,GITHUB_opened_pull_requests_daily,2024-11-27,6.0
Trail of Bits Security Reviews,GITHUB_merged_pull_requests_daily,2024-11-27,5.0
Runtime Verification,GITHUB_merged_pull_requests_daily,2024-11-27,8.0
Open Source Observer,GITHUB_merged_pull_requests_daily,2024-11-27,1.0
Runtime Verification,GITHUB_opened_issues_daily,2024-11-27,1.0
Runtime Verification,GITHUB_closed_issues_daily,2024-11-27,1.0
Pyth Network,GITHUB_comments_daily,2024-04-30,27.0
Syndicate Protocol,GITHUB_comments_daily,2024-04-30,1.0
Trail of Bits Security Reviews,GITHUB_comments_daily,2024-04-30,16.0
Trail of Bits Security Reviews,GITHUB_stars_daily,2024-04-30,25.0
Runtime Verification,GITHUB_commits_daily,2024-04-30,9.0
thirdweb,GITHUB_commits_daily,2024-04-30,7.0
Trail of Bits Security Reviews,GITHUB_forks_daily,2024-04-30,1.0
thirdweb,GITHUB_forks_daily,2024-04-30,8.0
Runtime Verification,GITHUB_active_developers_daily,2024-04-30,1.0
Syndicate Protocol,GITHUB_active_developers_daily,2024-04-30,1.0
Pyth Network,GITHUB_active_developers_daily,2024-04-30,4.0
thirdweb,GITHUB_active_developers_daily,2024-04-30,7.0
Open Source Observer,GITHUB_active_developers_daily,2024-04-30,3.0
Redstone Finance,GITHUB_active_developers_daily,2024-04-30,1.0
Runtime Verification,GITHUB_opened_pull_requests_daily,2024-04-30,12.0
Debid - Fairblock,GITHUB_opened_pull_requests_daily,2024-04-30,1.0
Trail of Bits Security Reviews,GITHUB_merged_pull_requests_daily,2024-04-30,11.0
Open Source Observer,GITHUB_opened_issues_daily,2024-04-30,9.0
Walnut,GITHUB_comments_daily,2024-04-26,3.0
Pyth Network,GITHUB_stars_daily,2024-04-26,1.0
Runtime Verification,GITHUB_stars_daily,2024-04-26,1.0
Open Source Observer,GITHUB_commits_daily,2024-04-26,5.0
Trail of Bits Security Reviews,GITHUB_forks_daily,2024-04-26,3.0
Trail of Bits Security Reviews,GITHUB_repositories_daily,2024-04-26,17.0
Pyth Network,GITHUB_repositories_daily,2024-04-26,2.0
Open Source Observer,GITHUB_repositories_daily,2024-04-26,1.0
Runtime Verification,GITHUB_repositories_daily,2024-04-26,13.0
Debid - Fairblock,GITHUB_active_developers_daily,2024-04-26,1.0
Runtime Verification,GITHUB_active_developers_daily,2024-04-26,3.0
Pyth Network,GITHUB_active_developers_daily,2024-04-26,3.0
Trail of Bits Security Reviews,GITHUB_contributors_daily,2024-04-26,7.0
Redstone Finance,GITHUB_contributors_daily,2024-04-26,4.0
Pyth Network,GITHUB_contributors_daily,2024-04-26,3.0
Open Source Observer,GITHUB_opened_pull_requests_daily,2024-04-26,3.0
Open Source Observer,GITHUB_merged_pull_requests_daily,2024-04-26,5.0
thirdweb,GITHUB_merged_pull_requests_daily,2024-04-26,9.0
Trail of Bits Security Reviews,GITHUB_opened_issues_daily,2024-04-26,2.0
Trail of Bits Security Reviews,GITHUB_closed_issues_daily,2024-04-26,2.0
Runtime Verification,GITHUB_comments_daily,2025-02-26,2.0
Trail of Bits Security Reviews,GITHUB_comments_daily,2025-02-26,9.0
Passport XYZ,GITHUB_repositories_daily,2025-02-26,2.0
9Lives,GITHUB_repositories_daily,2025-02-26,1.0
9Lives,GITHUB_contributors_daily,2025-02-26,1.0
thirdweb,GITHUB_contributors_daily,2025-02-26,10.0
Open Source Observer,GITHUB_contributors_daily,2025-02-26,10.0
Pyth Network,GITHUB_contributors_daily,2025-02-26,9.0
Open Source Observer,GITHUB_active_developers_daily,2025-02-26,8.0
Trail of Bits Security Reviews,GITHUB_active_developers_daily,2025-02-26,2.0
CodeTracer,GITHUB_opened_pull_requests_daily,2025-02-26,6.0
Passport XYZ,GITHUB_opened_pull_requests_daily,2025-02-26,26.0
Trail of Bits Security Reviews,GITHUB_opened_pull_requests_daily,2025-02-26,5.0
Open Source Observer,GITHUB_merged_pull_requests_daily,2025-02-26,17.0
Passport XYZ,GITHUB_merged_pull_requests_daily,2025-02-26,17.0
Open Source Observer,GITHUB_closed_issues_daily,2025-02-26,5.0
Runtime Verification,GITHUB_closed_issues_daily,2025-02-26,1.0
Walnut,GITHUB_closed_issues_daily,2025-02-26,1.0
Walnut,GITHUB_comments_daily,2024-09-17,1.0
thirdweb,GITHUB_comments_daily,2024-09-17,153.0
Pyth Network,GITHUB_comments_daily,2024-09-17,8.0
Trail of Bits Security Reviews,GITHUB_stars_daily,2024-09-17,9.0
Redstone Finance,GITHUB_commits_daily,2024-09-17,16.0
Walnut,GITHUB_commits_daily,2024-09-17,4.0
Trail of Bits Security Reviews,GITHUB_commits_daily,2024-09-17,7.0
Pyth Network,GITHUB_forks_daily,2024-09-17,1.0
Open Source Observer,GITHUB_repositories_daily,2024-09-17,3.0
Passport XYZ,GITHUB_repositories_daily,2024-09-17,5.0
Debid - Fairblock,GITHUB_repositories_daily,2024-09-17,1.0
Runtime Verification,GITHUB_active_developers_daily,2024-09-17,1.0
Redstone Finance,GITHUB_active_developers_daily,2024-09-17,3.0
Walnut,GITHUB_opened_pull_requests_daily,2024-09-17,2.0
Runtime Verification,GITHUB_opened_pull_requests_daily,2024-09-17,8.0
Redstone Finance,GITHUB_opened_pull_requests_daily,2024-09-17,9.0
Walnut,GITHUB_merged_pull_requests_daily,2024-09-17,2.0
Trail of Bits Security Reviews,GITHUB_merged_pull_requests_daily,2024-09-17,6.0
Passport XYZ,GITHUB_merged_pull_requests_daily,2024-09-17,15.0
Enclave,GITHUB_opened_issues_daily,2024-09-17,8.0
Open Source Observer,GITHUB_opened_issues_daily,2024-09-17,2.0
Redstone Finance,GITHUB_comments_daily,2025-01-14,8.0
Pyth Network,GITHUB_comments_daily,2025-01-14,14.0
Debid - Fairblock,GITHUB_comments_daily,2025-01-14,1.0
Walnut,GITHUB_comments_daily,2025-01-14,1.0
Runtime Verification,GITHUB_commits_daily,2025-01-14,10.0
Pyth Network,GITHUB_releases_daily,2025-01-14,1.0
Debid - Fairblock,GITHUB_releases_daily,2025-01-14,1.0
Trail of Bits Security Reviews,GITHUB_repositories_daily,2025-01-14,12.0
Open Source Observer,GITHUB_repositories_daily,2025-01-14,4.0
Runtime Verification,GITHUB_repositories_daily,2025-01-14,9.0
Open Source Observer,GITHUB_contributors_daily,2025-01-14,8.0
Walnut,GITHUB_contributors_daily,2025-01-14,2.0
Pyth Network,GITHUB_contributors_daily,2025-01-14,6.0
Open Source Observer,GITHUB_active_developers_daily,2025-01-14,6.0
Trail of Bits Security Reviews,GITHUB_active_developers_daily,2025-01-14,3.0
Solang,GITHUB_opened_pull_requests_daily,2025-01-14,1.0
Passport XYZ,GITHUB_opened_pull_requests_daily,2025-01-14,2.0
Trail of Bits Security Reviews,GITHUB_merged_pull_requests_daily,2025-01-14,9.0
Runtime Verification,GITHUB_merged_pull_requests_daily,2025-01-14,5.0
Walnut,GITHUB_merged_pull_requests_daily,2025-01-14,2.0
Passport XYZ,GITHUB_merged_pull_requests_daily,2025-01-14,2.0
Open Source Observer,GITHUB_opened_issues_daily,2025-01-14,6.0
Trail of Bits Security Reviews,GITHUB_opened_issues_daily,2025-01-14,1.0
Open Source Observer,GITHUB_closed_issues_daily,2025-01-14,5.0
Runtime Verification,GITHUB_comments_daily,2024-09-24,8.0
Passport XYZ,GITHUB_comments_daily,2024-09-24,2.0
Trail of Bits Security Reviews,GITHUB_comments_daily,2024-09-24,5.0
Redstone Finance,GITHUB_comments_daily,2024-09-24,10.0
Pyth Network,GITHUB_stars_daily,2024-09-24,1.0
Open Source Observer,GITHUB_commits_daily,2024-09-24,3.0
Runtime Verification,GITHUB_releases_daily,2024-09-24,4.0
thirdweb,GITHUB_releases_daily,2024-09-24,2.0
Pyth Network,GITHUB_forks_daily,2024-09-24,2.0
thirdweb,GITHUB_repositories_daily,2024-09-24,4.0
Enclave,GITHUB_contributors_daily,2024-09-24,1.0
Trail of Bits Security Reviews,GITHUB_contributors_daily,2024-09-24,4.0
Redstone Finance,GITHUB_contributors_daily,2024-09-24,2.0
Trail of Bits Security Reviews,GITHUB_opened_pull_requests_daily,2024-09-24,1.0
Redstone Finance,GITHUB_opened_pull_requests_daily,2024-09-24,2.0
Pyth Network,GITHUB_merged_pull_requests_daily,2024-09-24,7.0
Redstone Finance,GITHUB_merged_pull_requests_daily,2024-09-24,2.0
Open Source Observer,GITHUB_merged_pull_requests_daily,2024-09-24,3.0
Open Source Observer,GITHUB_opened_issues_daily,2024-09-24,11.0
Trail of Bits Security Reviews,GITHUB_opened_issues_daily,2024-09-24,1.0
Runtime Verification,GITHUB_closed_issues_daily,2024-09-24,1.0
Pyth Network,GITHUB_forks_weekly,2025-02-24,7.0
Passport XYZ,GITHUB_forks_weekly,2025-02-24,6.0
Redstone Finance,GITHUB_comments_daily,2025-02-24,1.0
Trail of Bits Security Reviews,GITHUB_comments_daily,2025-02-24,5.0
Runtime Verification,GITHUB_stars_daily,2025-02-24,3.0
Solang,GITHUB_stars_daily,2025-02-24,1.0
CodeTracer,GITHUB_stars_weekly,2025-02-24,15.0
Trail of Bits Security Reviews,GITHUB_stars_weekly,2025-02-24,46.0
Open Source Observer,GITHUB_commits_daily,2025-02-24,8.0
thirdweb,GITHUB_releases_weekly,2025-02-24,12.0
Passport XYZ,GITHUB_releases_weekly,2025-02-24,2.0
Runtime Verification,GITHUB_releases_weekly,2025-02-24,7.0
Passport XYZ,GITHUB_commits_weekly,2025-02-24,41.0
9Lives,GITHUB_commits_weekly,2025-02-24,31.0
Redstone Finance,GITHUB_comments_weekly,2025-02-24,9.0
Passport XYZ,GITHUB_comments_weekly,2025-02-24,14.0
thirdweb,GITHUB_comments_weekly,2025-02-24,389.0
Passport XYZ,GITHUB_forks_daily,2025-02-24,2.0
Solang,GITHUB_repositories_weekly,2025-02-24,1.0
Walnut,GITHUB_repositories_weekly,2025-02-24,4.0
Pyth Network,GITHUB_repositories_daily,2025-02-24,4.0
Runtime Verification,GITHUB_repositories_daily,2025-02-24,6.0
Open Source Observer,GITHUB_contributors_weekly,2025-02-24,19.0
Debid - Fairblock,GITHUB_contributors_weekly,2025-02-24,1.0
9Lives,GITHUB_contributors_weekly,2025-02-24,2.0
Redstone Finance,GITHUB_contributors_daily,2025-02-24,2.0
thirdweb,GITHUB_contributors_daily,2025-02-24,6.0
Debid - Fairblock,GITHUB_contributors_daily,2025-02-24,1.0
Trail of Bits Security Reviews,GITHUB_contributors_daily,2025-02-24,5.0
Pyth Network,GITHUB_active_developers_weekly,2025-02-24,12.0
Redstone Finance,GITHUB_active_developers_weekly,2025-02-24,6.0
Passport XYZ,GITHUB_active_developers_weekly,2025-02-24,2.0
thirdweb,GITHUB_active_developers_weekly,2025-02-24,9.0
thirdweb,GITHUB_active_developers_daily,2025-02-24,1.0
Passport XYZ,GITHUB_active_developers_daily,2025-02-24,2.0
Pyth Network,GITHUB_opened_pull_requests_daily,2025-02-24,5.0
Trail of Bits Security Reviews,GITHUB_merged_pull_requests_weekly,2025-02-24,22.0
thirdweb,GITHUB_merged_pull_requests_weekly,2025-02-24,63.0
thirdweb,GITHUB_merged_pull_requests_daily,2025-02-24,3.0
Walnut,GITHUB_opened_issues_weekly,2025-02-24,5.0
Open Source Observer,GITHUB_opened_issues_weekly,2025-02-24,16.0
Passport XYZ,GITHUB_opened_issues_weekly,2025-02-24,18.0
Open Source Observer,GITHUB_closed_issues_weekly,2025-02-24,9.0
Walnut,GITHUB_closed_issues_weekly,2025-02-24,8.0
CodeTracer,GITHUB_closed_issues_weekly,2025-02-24,2.0
Trail of Bits Security Reviews,GITHUB_forks_weekly,2024-01-15,7.0
Pyth Network,GITHUB_comments_daily,2024-01-15,12.0
Trail of Bits Security Reviews,GITHUB_stars_weekly,2024-01-15,115.0
Redstone Finance,GITHUB_commits_daily,2024-01-15,4.0
thirdweb,GITHUB_commits_daily,2024-01-15,1.0
thirdweb,GITHUB_releases_weekly,2024-01-15,11.0
Runtime Verification,GITHUB_releases_daily,2024-01-15,5.0
WakeUp Labs,GITHUB_commits_weekly,2024-01-15,8.0
thirdweb,GITHUB_commits_weekly,2024-01-15,41.0
Runtime Verification,GITHUB_commits_weekly,2024-01-15,162.0
Pyth Network,GITHUB_commits_weekly,2024-01-15,16.0
Open Source Observer,GITHUB_commits_weekly,2024-01-15,17.0
Pyth Network,GITHUB_contributors_weekly,2024-01-15,12.0
Debid - Fairblock,GITHUB_contributors_weekly,2024-01-15,3.0
Remix IDE plugin for Arbitrum Stylus,GITHUB_contributors_weekly,2024-01-15,2.0
thirdweb,GITHUB_contributors_weekly,2024-01-15,23.0
WakeUp Labs,GITHUB_contributors_weekly,2024-01-15,2.0
Runtime Verification,GITHUB_contributors_weekly,2024-01-15,20.0
Pyth Network,GITHUB_contributors_daily,2024-01-15,6.0
Redstone Finance,GITHUB_contributors_daily,2024-01-15,2.0
thirdweb,GITHUB_active_developers_weekly,2024-01-15,15.0
WakeUp Labs,GITHUB_active_developers_weekly,2024-01-15,1.0
Trail of Bits Security Reviews,GITHUB_active_developers_weekly,2024-01-15,11.0
Redstone Finance,GITHUB_comments_weekly,2024-01-15,1.0
Open Source Observer,GITHUB_comments_weekly,2024-01-15,26.0
Pyth Network,GITHUB_comments_weekly,2024-01-15,61.0
Trail of Bits Security Reviews,GITHUB_comments_weekly,2024-01-15,35.0
Redstone Finance,GITHUB_repositories_weekly,2024-01-15,5.0
thirdweb,GITHUB_repositories_weekly,2024-01-15,6.0
Redstone Finance,GITHUB_repositories_daily,2024-01-15,2.0
thirdweb,GITHUB_repositories_daily,2024-01-15,3.0
Redstone Finance,GITHUB_active_developers_daily,2024-01-15,2.0
WakeUp Labs,GITHUB_opened_pull_requests_weekly,2024-01-15,2.0
Redstone Finance,GITHUB_opened_pull_requests_weekly,2024-01-15,1.0
Trail of Bits Security Reviews,GITHUB_merged_pull_requests_weekly,2024-01-15,42.0
Open Source Observer,GITHUB_opened_pull_requests_daily,2024-01-15,1.0
thirdweb,GITHUB_opened_pull_requests_daily,2024-01-15,9.0
WakeUp Labs,GITHUB_opened_pull_requests_daily,2024-01-15,2.0
thirdweb,GITHUB_merged_pull_requests_daily,2024-01-15,2.0
Trail of Bits Security Reviews,GITHUB_opened_issues_weekly,2024-01-15,11.0
Runtime Verification,GITHUB_closed_issues_weekly,2024-01-15,17.0
Redstone Finance,GITHUB_comments_daily,2025-01-31,4.0
Open Source Observer,GITHUB_comments_daily,2025-01-31,23.0
Runtime Verification,GITHUB_releases_daily,2025-01-31,1.0
Redstone Finance,GITHUB_releases_daily,2025-01-31,1.0
Passport XYZ,GITHUB_stars_daily,2025-01-31,4.0
Trail of Bits Security Reviews,GITHUB_commits_daily,2025-01-31,6.0
9Lives,GITHUB_commits_daily,2025-01-31,7.0
thirdweb,GITHUB_commits_daily,2025-01-31,25.0
Open Source Observer,GITHUB_contributors_daily,2025-01-31,4.0
9Lives,GITHUB_contributors_daily,2025-01-31,2.0
9Lives,GITHUB_active_developers_daily,2025-01-31,2.0
Pyth Network,GITHUB_active_developers_daily,2025-01-31,6.0
Walnut,GITHUB_active_developers_daily,2025-01-31,3.0
Walnut,GITHUB_repositories_daily,2025-01-31,3.0
Passport XYZ,GITHUB_repositories_daily,2025-01-31,2.0
Pyth Network,GITHUB_repositories_daily,2025-01-31,3.0
Solang,GITHUB_repositories_daily,2025-01-31,1.0
Passport XYZ,GITHUB_opened_pull_requests_daily,2025-01-31,3.0
Pyth Network,GITHUB_merged_pull_requests_daily,2025-01-31,5.0
Runtime Verification,GITHUB_merged_pull_requests_daily,2025-01-31,4.0
Walnut,GITHUB_forks_weekly,2024-07-29,5.0
Open Source Observer,GITHUB_comments_daily,2024-07-29,11.0
thirdweb,GITHUB_comments_daily,2024-07-29,181.0
Trail of Bits Security Reviews,GITHUB_comments_daily,2024-07-29,19.0
Runtime Verification,GITHUB_stars_weekly,2024-07-29,12.0
thirdweb,GITHUB_stars_weekly,2024-07-29,15.0
Redstone Finance,GITHUB_commits_daily,2024-07-29,6.0
Debid - Fairblock,GITHUB_releases_daily,2024-07-29,5.0
Open Source Observer,GITHUB_comments_weekly,2024-07-29,78.0
Pyth Network,GITHUB_comments_weekly,2024-07-29,117.0
Walnut,GITHUB_commits_weekly,2024-07-29,29.0
Redstone Finance,GITHUB_commits_weekly,2024-07-29,40.0
Debid - Fairblock,GITHUB_commits_weekly,2024-07-29,62.0
Walnut,GITHUB_repositories_weekly,2024-07-29,3.0
Walnut,GITHUB_forks_daily,2024-07-29,2.0
Passport XYZ,GITHUB_repositories_weekly,2024-07-29,5.0
Passport XYZ,GITHUB_repositories_daily,2024-07-29,2.0
thirdweb,GITHUB_repositories_daily,2024-07-29,5.0
Pyth Network,GITHUB_contributors_weekly,2024-07-29,15.0
Redstone Finance,GITHUB_contributors_weekly,2024-07-29,5.0
Walnut,GITHUB_contributors_weekly,2024-07-29,12.0
thirdweb,GITHUB_contributors_weekly,2024-07-29,21.0
Passport XYZ,GITHUB_contributors_daily,2024-07-29,2.0
Runtime Verification,GITHUB_contributors_daily,2024-07-29,11.0
Trail of Bits Security Reviews,GITHUB_contributors_daily,2024-07-29,8.0
Debid - Fairblock,GITHUB_active_developers_daily,2024-07-29,1.0
Trail of Bits Security Reviews,GITHUB_active_developers_weekly,2024-07-29,9.0
thirdweb,GITHUB_active_developers_weekly,2024-07-29,10.0
Runtime Verification,GITHUB_active_developers_weekly,2024-07-29,9.0
Walnut,GITHUB_active_developers_weekly,2024-07-29,2.0
Redstone Finance,GITHUB_active_developers_weekly,2024-07-29,5.0
Runtime Verification,GITHUB_opened_pull_requests_daily,2024-07-29,21.0
Pyth Network,GITHUB_opened_pull_requests_daily,2024-07-29,4.0
Passport XYZ,GITHUB_opened_pull_requests_daily,2024-07-29,2.0
Walnut,GITHUB_opened_pull_requests_weekly,2024-07-29,14.0
Open Source Observer,GITHUB_opened_pull_requests_weekly,2024-07-29,28.0
Debid - Fairblock,GITHUB_merged_pull_requests_daily,2024-07-29,2.0
Runtime Verification,GITHUB_merged_pull_requests_weekly,2024-07-29,47.0
Walnut,GITHUB_opened_issues_weekly,2024-07-29,16.0
Open Source Observer,GITHUB_opened_issues_weekly,2024-07-29,20.0
Runtime Verification,GITHUB_opened_issues_daily,2024-07-29,3.0
Open Source Observer,GITHUB_opened_issues_daily,2024-07-29,2.0
thirdweb,GITHUB_closed_issues_weekly,2024-07-29,1.0
Walnut,GITHUB_closed_issues_weekly,2024-07-29,3.0
Open Source Observer,GITHUB_closed_issues_weekly,2024-07-29,20.0
Runtime Verification,GITHUB_closed_issues_daily,2024-07-29,1.0
Open Source Observer,GITHUB_comments_daily,2024-03-30,7.0
Redstone Finance,GITHUB_repositories_daily,2024-03-30,1.0
Pyth Network,GITHUB_repositories_daily,2024-03-30,1.0
Trail of Bits Security Reviews,GITHUB_contributors_daily,2024-03-30,2.0
thirdweb,GITHUB_contributors_daily,2024-03-30,10.0
Open Source Observer,GITHUB_contributors_daily,2024-03-30,1.0
thirdweb,GITHUB_opened_pull_requests_daily,2024-03-30,18.0
thirdweb,GITHUB_opened_issues_daily,2024-03-30,1.0
Enclave,GITHUB_comments_daily,2024-09-20,3.0
thirdweb,GITHUB_stars_daily,2024-09-20,1.0
Debid - Fairblock,GITHUB_commits_daily,2024-09-20,1.0
Passport XYZ,GITHUB_commits_daily,2024-09-20,6.0
Trail of Bits Security Reviews,GITHUB_repositories_daily,2024-09-20,12.0
Runtime Verification,GITHUB_repositories_daily,2024-09-20,8.0
Walnut,GITHUB_contributors_daily,2024-09-20,2.0
Passport XYZ,GITHUB_contributors_daily,2024-09-20,3.0
Debid - Fairblock,GITHUB_contributors_daily,2024-09-20,1.0
Runtime Verification,GITHUB_contributors_daily,2024-09-20,5.0
Runtime Verification,GITHUB_active_developers_daily,2024-09-20,1.0
Trail of Bits Security Reviews,GITHUB_active_developers_daily,2024-09-20,3.0
Open Source Observer,GITHUB_active_developers_daily,2024-09-20,1.0
Passport XYZ,GITHUB_active_developers_daily,2024-09-20,2.0
Pyth Network,GITHUB_active_developers_daily,2024-09-20,4.0
Runtime Verification,GITHUB_opened_pull_requests_daily,2024-09-20,6.0
Open Source Observer,GITHUB_opened_pull_requests_daily,2024-09-20,2.0
Passport XYZ,GITHUB_opened_pull_requests_daily,2024-09-20,2.0
Redstone Finance,GITHUB_opened_pull_requests_daily,2024-09-20,1.0
Trail of Bits Security Reviews,GITHUB_opened_pull_requests_daily,2024-09-20,10.0
Redstone Finance,GITHUB_merged_pull_requests_daily,2024-09-20,1.0
Passport XYZ,GITHUB_opened_issues_daily,2024-09-20,8.0
Runtime Verification,GITHUB_closed_issues_daily,2024-09-20,1.0
thirdweb,GITHUB_stars_daily,2024-09-29,2.0
Trail of Bits Security Reviews,GITHUB_stars_daily,2024-09-29,13.0
Passport XYZ,GITHUB_commits_daily,2024-09-29,2.0
Sylow,GITHUB_repositories_daily,2024-09-29,1.0
Redstone Finance,GITHUB_contributors_daily,2024-09-29,1.0
Trail of Bits Security Reviews,GITHUB_active_developers_daily,2024-09-29,2.0
Open Source Observer,GITHUB_active_developers_daily,2024-09-29,1.0
Passport XYZ,GITHUB_merged_pull_requests_daily,2024-09-29,2.0
thirdweb,GITHUB_merged_pull_requests_daily,2024-09-29,1.0
Trail of Bits Security Reviews,GITHUB_forks_weekly,2024-06-03,4.0
Enclave,GITHUB_forks_weekly,2024-06-03,1.0
Runtime Verification,GITHUB_comments_daily,2024-06-03,35.0
Walnut,GITHUB_comments_daily,2024-06-03,4.0
Redstone Finance,GITHUB_stars_weekly,2024-06-03,9.0
Runtime Verification,GITHUB_stars_daily,2024-06-03,1.0
thirdweb,GITHUB_releases_weekly,2024-06-03,8.0
thirdweb,GITHUB_commits_daily,2024-06-03,12.0
Trail of Bits Security Reviews,GITHUB_commits_daily,2024-06-03,6.0
Walnut,GITHUB_commits_daily,2024-06-03,4.0
Passport XYZ,GITHUB_commits_weekly,2024-06-03,36.0
Enclave,GITHUB_commits_weekly,2024-06-03,26.0
Pyth Network,GITHUB_commits_weekly,2024-06-03,36.0
Open Source Observer,GITHUB_commits_weekly,2024-06-03,72.0
Redstone Finance,GITHUB_commits_weekly,2024-06-03,17.0
Trail of Bits Security Reviews,GITHUB_commits_weekly,2024-06-03,82.0
thirdweb,GITHUB_comments_weekly,2024-06-03,288.0
Runtime Verification,GITHUB_releases_daily,2024-06-03,13.0
Runtime Verification,GITHUB_repositories_weekly,2024-06-03,18.0
Enclave,GITHUB_repositories_weekly,2024-06-03,1.0
thirdweb,GITHUB_forks_daily,2024-06-03,4.0
Enclave,GITHUB_forks_daily,2024-06-03,1.0
Redstone Finance,GITHUB_forks_daily,2024-06-03,1.0
Enclave,GITHUB_repositories_daily,2024-06-03,1.0
Passport XYZ,GITHUB_repositories_daily,2024-06-03,1.0
Open Source Observer,GITHUB_contributors_weekly,2024-06-03,39.0
Walnut,GITHUB_active_developers_weekly,2024-06-03,2.0
Runtime Verification,GITHUB_active_developers_weekly,2024-06-03,9.0
thirdweb,GITHUB_active_developers_weekly,2024-06-03,13.0
Pyth Network,GITHUB_active_developers_weekly,2024-06-03,8.0
Redstone Finance,GITHUB_active_developers_weekly,2024-06-03,3.0
Runtime Verification,GITHUB_contributors_daily,2024-06-03,15.0
thirdweb,GITHUB_contributors_daily,2024-06-03,9.0
Redstone Finance,GITHUB_contributors_daily,2024-06-03,1.0
Passport XYZ,GITHUB_opened_pull_requests_weekly,2024-06-03,8.0
thirdweb,GITHUB_opened_pull_requests_daily,2024-06-03,23.0
Passport XYZ,GITHUB_merged_pull_requests_weekly,2024-06-03,4.0
Pyth Network,GITHUB_merged_pull_requests_weekly,2024-06-03,36.0
Pyth Network,GITHUB_merged_pull_requests_daily,2024-06-03,3.0
thirdweb,GITHUB_opened_issues_weekly,2024-06-03,2.0
Trail of Bits Security Reviews,GITHUB_opened_issues_daily,2024-06-03,6.0
Trail of Bits Security Reviews,GITHUB_closed_issues_weekly,2024-06-03,6.0
Walnut,GITHUB_comments_daily,2025-04-09,2.0
Pyth Network,GITHUB_comments_daily,2025-04-09,50.0
Runtime Verification,GITHUB_comments_daily,2025-04-09,6.0
Trail of Bits Security Reviews,GITHUB_commits_daily,2025-04-09,9.0
Pyth Network,GITHUB_commits_daily,2025-04-09,8.0
thirdweb,GITHUB_repositories_daily,2025-04-09,5.0
Runtime Verification,GITHUB_repositories_daily,2025-04-09,3.0
9Lives,GITHUB_repositories_daily,2025-04-09,1.0
Pyth Network,GITHUB_forks_daily,2025-04-09,2.0
Solang,GITHUB_forks_daily,2025-04-09,1.0
Passport XYZ,GITHUB_forks_daily,2025-04-09,1.0
Runtime Verification,GITHUB_forks_daily,2025-04-09,1.0
Redstone Finance,GITHUB_contributors_daily,2025-04-09,2.0
Pyth Network,GITHUB_active_developers_daily,2025-04-09,6.0
Solang,GITHUB_opened_pull_requests_daily,2025-04-09,1.0
Runtime Verification,GITHUB_opened_pull_requests_daily,2025-04-09,2.0
thirdweb,GITHUB_merged_pull_requests_daily,2025-04-09,8.0
Pyth Network,GITHUB_merged_pull_requests_daily,2025-04-09,7.0
Trail of Bits Security Reviews,GITHUB_opened_issues_daily,2025-04-09,2.0
thirdweb,GITHUB_opened_issues_daily,2025-04-09,2.0
Passport XYZ,GITHUB_opened_issues_daily,2025-04-09,1.0
Trail of Bits Security Reviews,GITHUB_comments_daily,2024-08-20,10.0
Runtime Verification,GITHUB_commits_daily,2024-08-20,24.0
Walnut,GITHUB_commits_daily,2024-08-20,1.0
Trail of Bits Security Reviews,GITHUB_commits_daily,2024-08-20,15.0
Trail of Bits Security Reviews,GITHUB_repositories_daily,2024-08-20,15.0
Passport XYZ,GITHUB_repositories_daily,2024-08-20,3.0
Trail of Bits Security Reviews,GITHUB_contributors_daily,2024-08-20,6.0
Walnut,GITHUB_contributors_daily,2024-08-20,1.0
Redstone Finance,GITHUB_active_developers_daily,2024-08-20,3.0
Open Source Observer,GITHUB_active_developers_daily,2024-08-20,1.0
thirdweb,GITHUB_opened_pull_requests_daily,2024-08-20,30.0
Pyth Network,GITHUB_opened_pull_requests_daily,2024-08-20,10.0
Runtime Verification,GITHUB_opened_pull_requests_daily,2024-08-20,8.0
Passport XYZ,GITHUB_opened_pull_requests_daily,2024-08-20,8.0
Trail of Bits Security Reviews,GITHUB_merged_pull_requests_daily,2024-08-20,14.0
Runtime Verification,GITHUB_merged_pull_requests_daily,2024-08-20,11.0
thirdweb,GITHUB_merged_pull_requests_daily,2024-08-20,30.0
9Lives,GITHUB_active_contributors_quarterly,2025-02-01,4.0
Moving Stylus,GITHUB_active_contributors_quarterly,2025-02-01,2.0
9Lives,GITHUB_part_time_contributors_quarterly,2025-02-01,4.0
Redstone Finance,GITHUB_new_contributors_quarterly,2025-02-01,4.0
Solang,GITHUB_new_contributors_quarterly,2025-02-01,7.0
Runtime Verification,GITHUB_active_contributors_quarterly,2025-02-01,24.0
CodeTracer,GITHUB_part_time_contributors_quarterly,2025-02-01,6.0
Enclave,GITHUB_part_time_contributors_quarterly,2025-02-01,1.0
Walnut,GITHUB_new_contributors_quarterly,2025-02-01,1.0
Debid - Fairblock,GITHUB_active_contributors_quarterly,2025-02-01,2.0
Enclave,GITHUB_active_contributors_quarterly,2025-02-01,1.0
CodeTracer,GITHUB_new_contributors_quarterly,2025-02-01,6.0
Passport XYZ,GITHUB_releases_biannually,2025-02-01,15.0
thirdweb,GITHUB_releases_biannually,2025-02-01,43.0
Runtime Verification,GITHUB_releases_quarterly,2025-02-01,34.0
Pyth Network,GITHUB_commits_biannually,2025-02-01,208.0
Moving Stylus,GITHUB_commits_biannually,2025-02-01,11.0
Open Source Observer,GITHUB_commits_biannually,2025-02-01,161.0
Redstone Finance,GITHUB_commits_biannually,2025-02-01,295.0
9Lives,GITHUB_commits_biannually,2025-02-01,128.0
Runtime Verification,GITHUB_commits_biannually,2025-02-01,137.0
Runtime Verification,GITHUB_active_developers_biannually,2025-02-01,16.0
Trail of Bits Security Reviews,GITHUB_repositories_quarterly,2025-02-01,70.0
Solang,GITHUB_repositories_quarterly,2025-02-01,1.0
Passport XYZ,GITHUB_repositories_quarterly,2025-02-01,9.0
Remix IDE plugin for Arbitrum Stylus,GITHUB_repositories_quarterly,2025-02-01,1.0
Enclave,GITHUB_repositories_quarterly,2025-02-01,1.0
Moving Stylus,GITHUB_repositories_quarterly,2025-02-01,1.0
9Lives,GITHUB_active_developers_quarterly,2025-02-01,3.0
Solang,GITHUB_active_developers_quarterly,2025-02-01,2.0
thirdweb,GITHUB_active_developers_quarterly,2025-02-01,12.0
Passport XYZ,GITHUB_forks_monthly,2025-02-01,26.0
Open Source Observer,GITHUB_forks_monthly,2025-02-01,20.0
Pyth Network,GITHUB_forks_monthly,2025-02-01,17.0
Solang,GITHUB_forks_monthly,2025-02-01,5.0
Passport XYZ,GITHUB_part_time_developers_quarterly,2025-02-01,4.0
Debid - Fairblock,GITHUB_stars_biannually,2025-02-01,2.0
Redstone Finance,GITHUB_stars_biannually,2025-02-01,21.0
Sylow,GITHUB_stars_monthly,2025-02-01,4.0
Passport XYZ,GITHUB_stars_monthly,2025-02-01,144.0
Trail of Bits Security Reviews,GITHUB_stars_monthly,2025-02-01,239.0
Runtime Verification,GITHUB_stars_monthly,2025-02-01,24.0
Pyth Network,GITHUB_stars_monthly,2025-02-01,27.0
Debid - Fairblock,GITHUB_stars_daily,2025-02-01,2.0
thirdweb,GITHUB_stars_daily,2025-02-01,3.0
9Lives,GITHUB_commits_daily,2025-02-01,1.0
Moving Stylus,GITHUB_commits_monthly,2025-02-01,11.0
Runtime Verification,GITHUB_commits_monthly,2025-02-01,137.0
CodeTracer,GITHUB_stars_quarterly,2025-02-01,13.0
Solang,GITHUB_comments_monthly,2025-02-01,20.0
Passport XYZ,GITHUB_comments_monthly,2025-02-01,61.0
Redstone Finance,GITHUB_comments_monthly,2025-02-01,37.0
thirdweb,GITHUB_comments_monthly,2025-02-01,1483.0
Pyth Network,GITHUB_releases_daily,2025-02-01,1.0
thirdweb,GITHUB_releases_daily,2025-02-01,1.0
Solang,GITHUB_commits_quarterly,2025-02-01,10.0
CodeTracer,GITHUB_commits_quarterly,2025-02-01,19.0
Moving Stylus,GITHUB_commits_quarterly,2025-02-01,11.0
Open Source Observer,GITHUB_commits_quarterly,2025-02-01,161.0
Trail of Bits Security Reviews,GITHUB_commits_quarterly,2025-02-01,171.0
Walnut,GITHUB_commits_quarterly,2025-02-01,140.0
Passport XYZ,GITHUB_forks_biannually,2025-02-01,26.0
Trail of Bits Security Reviews,GITHUB_forks_biannually,2025-02-01,42.0
Passport XYZ,GITHUB_forks_quarterly,2025-02-01,26.0
Runtime Verification,GITHUB_forks_quarterly,2025-02-01,10.0
thirdweb,GITHUB_forks_biannually,2025-02-01,56.0
Pyth Network,GITHUB_forks_biannually,2025-02-01,17.0
Trail of Bits Security Reviews,GITHUB_forks_daily,2025-02-01,1.0
Runtime Verification,GITHUB_repositories_daily,2025-02-01,6.0
Moving Stylus,GITHUB_repositories_biannually,2025-02-01,1.0
Enclave,GITHUB_repositories_biannually,2025-02-01,1.0
9Lives,GITHUB_repositories_monthly,2025-02-01,1.0
CodeTracer,GITHUB_repositories_biannually,2025-02-01,1.0
Passport XYZ,GITHUB_repositories_biannually,2025-02-01,9.0
Solang,GITHUB_repositories_biannually,2025-02-01,1.0
Sylow,GITHUB_repositories_monthly,2025-02-01,1.0
Walnut,GITHUB_repositories_monthly,2025-02-01,7.0
Enclave,GITHUB_contributors_monthly,2025-02-01,1.0
Open Source Observer,GITHUB_contributors_monthly,2025-02-01,30.0
Walnut,GITHUB_contributors_monthly,2025-02-01,9.0
Passport XYZ,GITHUB_contributors_monthly,2025-02-01,7.0
Open Source Observer,GITHUB_contributors_daily,2025-02-01,2.0
Debid - Fairblock,GITHUB_contributors_biannually,2025-02-01,2.0
Passport XYZ,GITHUB_contributors_quarterly,2025-02-01,7.0
Redstone Finance,GITHUB_contributors_quarterly,2025-02-01,17.0
Walnut,GITHUB_contributors_quarterly,2025-02-01,9.0
Pyth Network,GITHUB_contributors_quarterly,2025-02-01,31.0
Solang,GITHUB_contributors_biannually,2025-02-01,12.0
CodeTracer,GITHUB_contributors_biannually,2025-02-01,6.0
Moving Stylus,GITHUB_contributors_quarterly,2025-02-01,2.0
Solang,GITHUB_contributors_quarterly,2025-02-01,12.0
Open Source Observer,GITHUB_active_developers_monthly,2025-02-01,24.0
CodeTracer,GITHUB_active_developers_monthly,2025-02-01,4.0
Passport XYZ,GITHUB_active_developers_monthly,2025-02-01,4.0
Trail of Bits Security Reviews,GITHUB_active_developers_monthly,2025-02-01,16.0
Pyth Network,GITHUB_part_time_developers_monthly,2025-02-01,14.0
Pyth Network,GITHUB_full_time_developers_monthly,2025-02-01,2.0
9Lives,GITHUB_part_time_developers_monthly,2025-02-01,2.0
Enclave,GITHUB_active_contributors_monthly,2025-02-01,1.0
Enclave,GITHUB_active_contributors_biannually,2025-02-01,1.0
Solang,GITHUB_new_contributors_biannually,2025-02-01,7.0
CodeTracer,GITHUB_part_time_developers_biannually,2025-02-01,4.0
Solang,GITHUB_new_contributors_monthly,2025-02-01,7.0
Runtime Verification,GITHUB_full_time_contributors_monthly,2025-02-01,4.0
Walnut,GITHUB_active_contributors_monthly,2025-02-01,9.0
thirdweb,GITHUB_new_contributors_monthly,2025-02-01,23.0
Trail of Bits Security Reviews,GITHUB_new_contributors_monthly,2025-02-01,19.0
CodeTracer,GITHUB_new_contributors_monthly,2025-02-01,6.0
Pyth Network,GITHUB_part_time_contributors_monthly,2025-02-01,24.0
Pyth Network,GITHUB_new_contributors_biannually,2025-02-01,11.0
Trail of Bits Security Reviews,GITHUB_part_time_contributors_biannually,2025-02-01,48.0
Moving Stylus,GITHUB_new_contributors_biannually,2025-02-01,1.0
Runtime Verification,GITHUB_part_time_contributors_biannually,2025-02-01,24.0
Pyth Network,GITHUB_full_time_contributors_monthly,2025-02-01,7.0
thirdweb,GITHUB_active_contributors_monthly,2025-02-01,47.0
Redstone Finance,GITHUB_change_in_part_time_contributors_biannually,2025-02-01,-6.0
Open Source Observer,GITHUB_opened_pull_requests_daily,2025-02-01,6.0
Trail of Bits Security Reviews,GITHUB_change_in_active_developers_quarterly,2025-02-01,-7.0
Runtime Verification,GITHUB_change_in_part_time_contributors_monthly,2025-02-01,2.0
Trail of Bits Security Reviews,GITHUB_change_in_full_time_contributors_monthly,2025-02-01,-1.0
Trail of Bits Security Reviews,GITHUB_change_in_part_time_contributors_monthly,2025-02-01,-6.0
Pyth Network,GITHUB_change_in_active_developers_monthly,2025-02-01,-2.0
CodeTracer,GITHUB_change_in_active_developers_monthly,2025-02-01,
Redstone Finance,GITHUB_change_in_full_time_contributors_monthly,2025-02-01,-3.0
9Lives,GITHUB_change_in_part_time_contributors_monthly,2025-02-01,-1.0
9Lives,GITHUB_change_in_full_time_contributors_monthly,2025-02-01,1.0
9Lives,GITHUB_change_in_active_developers_monthly,2025-02-01,0.0
Solang,GITHUB_change_in_part_time_contributors_monthly,2025-02-01,-8.0
thirdweb,GITHUB_change_in_part_time_contributors_quarterly,2025-02-01,-6.0
Moving Stylus,GITHUB_change_in_active_developers_quarterly,2025-02-01,2.0
CodeTracer,GITHUB_change_in_part_time_contributors_quarterly,2025-02-01,
CodeTracer,GITHUB_change_in_active_developers_quarterly,2025-02-01,
Debid - Fairblock,GITHUB_change_in_active_developers_monthly,2025-02-01,3.0
Debid - Fairblock,GITHUB_change_in_active_developers_biannually,2025-02-01,3.0
Redstone Finance,GITHUB_change_in_active_developers_biannually,2025-02-01,-6.0
Solang,GITHUB_change_in_part_time_contributors_biannually,2025-02-01,-8.0
Passport XYZ,GITHUB_change_in_active_developers_biannually,2025-02-01,-1.0
Moving Stylus,GITHUB_change_in_part_time_contributors_biannually,2025-02-01,2.0
Moving Stylus,GITHUB_change_in_part_time_contributors_quarterly,2025-02-01,2.0
Walnut,GITHUB_change_in_active_developers_quarterly,2025-02-01,-1.0
Passport XYZ,GITHUB_change_in_part_time_contributors_biannually,2025-02-01,-1.0
Pyth Network,GITHUB_opened_pull_requests_monthly,2025-02-01,180.0
Debid - Fairblock,GITHUB_opened_pull_requests_monthly,2025-02-01,2.0
Walnut,GITHUB_opened_pull_requests_biannually,2025-02-01,93.0
Moving Stylus,GITHUB_opened_pull_requests_biannually,2025-02-01,5.0
9Lives,GITHUB_opened_pull_requests_biannually,2025-02-01,1.0
Trail of Bits Security Reviews,GITHUB_opened_pull_requests_biannually,2025-02-01,177.0
thirdweb,GITHUB_opened_pull_requests_biannually,2025-02-01,240.0
Solang,GITHUB_opened_pull_requests_quarterly,2025-02-01,7.0
Open Source Observer,GITHUB_opened_pull_requests_quarterly,2025-02-01,148.0
CodeTracer,GITHUB_opened_pull_requests_quarterly,2025-02-01,14.0
Passport XYZ,GITHUB_merged_pull_requests_monthly,2025-02-01,111.0
Redstone Finance,GITHUB_merged_pull_requests_monthly,2025-02-01,21.0
Runtime Verification,GITHUB_merged_pull_requests_monthly,2025-02-01,74.0
Solang,GITHUB_merged_pull_requests_monthly,2025-02-01,10.0
Open Source Observer,GITHUB_merged_pull_requests_quarterly,2025-02-01,148.0
Redstone Finance,GITHUB_merged_pull_requests_quarterly,2025-02-01,21.0
thirdweb,GITHUB_merged_pull_requests_quarterly,2025-02-01,196.0
Moving Stylus,GITHUB_merged_pull_requests_quarterly,2025-02-01,5.0
Enclave,GITHUB_merged_pull_requests_quarterly,2025-02-01,3.0
Redstone Finance,GITHUB_merged_pull_requests_biannually,2025-02-01,21.0
Moving Stylus,GITHUB_merged_pull_requests_biannually,2025-02-01,5.0
CodeTracer,GITHUB_opened_issues_monthly,2025-02-01,1.0
Runtime Verification,GITHUB_opened_issues_monthly,2025-02-01,26.0
Open Source Observer,GITHUB_opened_issues_quarterly,2025-02-01,82.0
Trail of Bits Security Reviews,GITHUB_opened_issues_quarterly,2025-02-01,21.0
Walnut,GITHUB_opened_issues_quarterly,2025-02-01,76.0
CodeTracer,GITHUB_opened_issues_quarterly,2025-02-01,1.0
Walnut,GITHUB_opened_issues_monthly,2025-02-01,76.0
Passport XYZ,GITHUB_opened_issues_biannually,2025-02-01,72.0
Walnut,GITHUB_opened_issues_biannually,2025-02-01,76.0
Trail of Bits Security Reviews,GITHUB_opened_issues_biannually,2025-02-01,21.0
Pyth Network,GITHUB_closed_issues_monthly,2025-02-01,1.0
CodeTracer,GITHUB_closed_issues_monthly,2025-02-01,2.0
Walnut,GITHUB_closed_issues_monthly,2025-02-01,67.0
Open Source Observer,GITHUB_closed_issues_daily,2025-02-01,2.0
CodeTracer,GITHUB_closed_issues_biannually,2025-02-01,2.0
Redstone Finance,GITHUB_closed_issues_biannually,2025-02-01,1.0
Runtime Verification,GITHUB_closed_issues_biannually,2025-02-01,19.0
thirdweb,GITHUB_closed_issues_biannually,2025-02-01,15.0
thirdweb,GITHUB_avg_prs_time_to_merge_quarterly,2025-02-01,0.0
Redstone Finance,GITHUB_avg_prs_time_to_merge_quarterly,2025-02-01,0.0
Enclave,GITHUB_avg_prs_time_to_merge_biannually,2025-02-01,0.0
CodeTracer,GITHUB_avg_prs_time_to_merge_biannually,2025-02-01,0.0
thirdweb,GITHUB_avg_time_to_first_response_quarterly,2025-02-01,72695.05263157895
Pyth Network,GITHUB_avg_time_to_first_response_quarterly,2025-02-01,209664.28220858896
Passport XYZ,GITHUB_avg_prs_time_to_merge_quarterly,2025-02-01,0.0
Enclave,GITHUB_avg_time_to_first_response_quarterly,2025-02-01,9.0
CodeTracer,GITHUB_avg_time_to_first_response_quarterly,2025-02-01,74.14285714285714
Walnut,GITHUB_avg_time_to_first_response_biannually,2025-02-01,174577.95945945947
Open Source Observer,GITHUB_avg_prs_time_to_merge_biannually,2025-02-01,0.0
Walnut,GITHUB_avg_time_to_first_response_quarterly,2025-02-01,174577.95945945947
Solang,GITHUB_avg_time_to_first_response_biannually,2025-02-01,2548289.3636363638
Runtime Verification,GITHUB_avg_time_to_first_response_biannually,2025-02-01,921598.404494382
Trail of Bits Security Reviews,GITHUB_avg_time_to_first_response_biannually,2025-02-01,5374924.601156069
Open Source Observer,GITHUB_churned_contributors_biannually,2025-02-01,-32.0
Open Source Observer,GITHUB_change_in_active_contributors_biannually,2025-02-01,-15.0
Walnut,GITHUB_change_in_full_time_contributors_biannually,2025-02-01,0.0
Trail of Bits Security Reviews,GITHUB_churned_contributors_biannually,2025-02-01,-26.0
Walnut,GITHUB_change_in_new_contributors_biannually,2025-02-01,-1.0
Redstone Finance,GITHUB_change_in_active_contributors_biannually,2025-02-01,-6.0
Trail of Bits Security Reviews,GITHUB_change_in_new_contributors_biannually,2025-02-01,-9.0
Open Source Observer,GITHUB_change_in_new_contributors_quarterly,2025-02-01,-16.0
Debid - Fairblock,GITHUB_churned_contributors_quarterly,2025-02-01,2.0
Debid - Fairblock,GITHUB_change_in_full_time_contributors_quarterly,2025-02-01,0.0
thirdweb,GITHUB_change_in_active_contributors_quarterly,2025-02-01,-6.0
thirdweb,GITHUB_churned_contributors_quarterly,2025-02-01,-29.0
Runtime Verification,GITHUB_change_in_active_contributors_quarterly,2025-02-01,1.0
CodeTracer,GITHUB_churned_contributors_biannually,2025-02-01,
Runtime Verification,GITHUB_change_in_new_contributors_biannually,2025-02-01,-1.0
thirdweb,GITHUB_change_in_active_contributors_monthly,2025-02-01,-6.0
Runtime Verification,GITHUB_change_in_new_contributors_monthly,2025-02-01,-1.0
Solang,GITHUB_change_in_new_contributors_biannually,2025-02-01,-3.0
Solang,GITHUB_churned_contributors_biannually,2025-02-01,-15.0
Solang,GITHUB_change_in_new_contributors_monthly,2025-02-01,-3.0
9Lives,GITHUB_change_in_active_contributors_monthly,2025-02-01,0.0
9Lives,GITHUB_churned_contributors_monthly,2025-02-01,-4.0
Enclave,GITHUB_change_in_full_time_contributors_monthly,2025-02-01,0.0
Enclave,GITHUB_change_in_active_contributors_monthly,2025-02-01,1.0
Open Source Observer,GITHUB_change_in_active_contributors_monthly,2025-02-01,-15.0
Open Source Observer,GITHUB_change_in_new_contributors_monthly,2025-02-01,-16.0
Redstone Finance,GITHUB_change_in_full_time_contributors_quarterly,2025-02-01,0.0
Redstone Finance,GITHUB_change_in_active_contributors_quarterly,2025-02-01,-6.0
Redstone Finance,GITHUB_churned_contributors_quarterly,2025-02-01,-10.0
Walnut,GITHUB_change_in_new_contributors_quarterly,2025-02-01,-1.0
Trail of Bits Security Reviews,GITHUB_change_in_full_time_contributors_quarterly,2025-02-01,0.0
Trail of Bits Security Reviews,GITHUB_change_in_new_contributors_quarterly,2025-02-01,-9.0
Trail of Bits Security Reviews,GITHUB_change_in_active_contributors_quarterly,2025-02-01,-7.0
Redstone Finance,GITHUB_change_in_new_contributors_quarterly,2025-02-01,-3.0
Passport XYZ,GITHUB_change_in_full_time_contributors_biannually,2025-02-01,0.0
9Lives,GITHUB_change_in_full_time_contributors_biannually,2025-02-01,0.0
Moving Stylus,GITHUB_change_in_full_time_contributors_biannually,2025-02-01,0.0
Enclave,GITHUB_churned_contributors_biannually,2025-02-01,1.0
Enclave,GITHUB_change_in_new_contributors_biannually,2025-02-01,0.0
Walnut,GITHUB_change_in_active_contributors_monthly,2025-02-01,-1.0
Trail of Bits Security Reviews,GITHUB_churned_contributors_monthly,2025-02-01,-26.0
Trail of Bits Security Reviews,GITHUB_change_in_active_contributors_monthly,2025-02-01,-7.0
Open Source Observer,GITHUB_churned_contributors_quarterly,2025-02-01,-32.0
9Lives,GITHUB_churned_contributors_quarterly,2025-02-01,-4.0
9Lives,GITHUB_change_in_active_contributors_quarterly,2025-02-01,0.0
Enclave,GITHUB_change_in_new_contributors_quarterly,2025-02-01,0.0
Open Source Observer,GITHUB_forks_weekly,2025-02-03,3.0
Enclave,GITHUB_comments_daily,2025-02-03,3.0
Solang,GITHUB_comments_daily,2025-02-03,2.0
Walnut,GITHUB_comments_daily,2025-02-03,8.0
Trail of Bits Security Reviews,GITHUB_stars_daily,2025-02-03,10.0
Solang,GITHUB_commits_daily,2025-02-03,1.0
Open Source Observer,GITHUB_commits_daily,2025-02-03,6.0
Trail of Bits Security Reviews,GITHUB_commits_daily,2025-02-03,13.0
thirdweb,GITHUB_commits_daily,2025-02-03,6.0
Runtime Verification,GITHUB_stars_weekly,2025-02-03,6.0
thirdweb,GITHUB_stars_weekly,2025-02-03,16.0
Solang,GITHUB_stars_weekly,2025-02-03,6.0
Pyth Network,GITHUB_stars_weekly,2025-02-03,3.0
Passport XYZ,GITHUB_stars_weekly,2025-02-03,8.0
Pyth Network,GITHUB_releases_weekly,2025-02-03,8.0
Runtime Verification,GITHUB_commits_weekly,2025-02-03,39.0
Redstone Finance,GITHUB_commits_weekly,2025-02-03,31.0
thirdweb,GITHUB_commits_weekly,2025-02-03,64.0
Open Source Observer,GITHUB_comments_weekly,2025-02-03,123.0
Enclave,GITHUB_comments_weekly,2025-02-03,14.0
thirdweb,GITHUB_comments_weekly,2025-02-03,448.0
Debid - Fairblock,GITHUB_comments_weekly,2025-02-03,1.0
Runtime Verification,GITHUB_comments_weekly,2025-02-03,49.0
Trail of Bits Security Reviews,GITHUB_repositories_daily,2025-02-03,18.0
Pyth Network,GITHUB_repositories_daily,2025-02-03,4.0
Solang,GITHUB_repositories_daily,2025-02-03,1.0
Moving Stylus,GITHUB_repositories_weekly,2025-02-03,1.0
Redstone Finance,GITHUB_repositories_weekly,2025-02-03,7.0
Debid - Fairblock,GITHUB_repositories_weekly,2025-02-03,1.0
Enclave,GITHUB_repositories_weekly,2025-02-03,1.0
Trail of Bits Security Reviews,GITHUB_contributors_daily,2025-02-03,6.0
Enclave,GITHUB_contributors_daily,2025-02-03,1.0
Passport XYZ,GITHUB_contributors_daily,2025-02-03,1.0
9Lives,GITHUB_contributors_weekly,2025-02-03,3.0
Walnut,GITHUB_contributors_weekly,2025-02-03,8.0
Solang,GITHUB_contributors_weekly,2025-02-03,5.0
Debid - Fairblock,GITHUB_contributors_weekly,2025-02-03,1.0
Passport XYZ,GITHUB_contributors_weekly,2025-02-03,4.0
Moving Stylus,GITHUB_contributors_weekly,2025-02-03,2.0
Redstone Finance,GITHUB_contributors_weekly,2025-02-03,7.0
Pyth Network,GITHUB_contributors_weekly,2025-02-03,17.0
9Lives,GITHUB_active_developers_daily,2025-02-03,1.0
Pyth Network,GITHUB_active_developers_daily,2025-02-03,5.0
Pyth Network,GITHUB_active_developers_weekly,2025-02-03,12.0
Trail of Bits Security Reviews,GITHUB_active_developers_weekly,2025-02-03,10.0
Redstone Finance,GITHUB_active_developers_weekly,2025-02-03,7.0
Passport XYZ,GITHUB_active_developers_weekly,2025-02-03,3.0
Moving Stylus,GITHUB_opened_pull_requests_weekly,2025-02-03,5.0
Trail of Bits Security Reviews,GITHUB_opened_pull_requests_weekly,2025-02-03,39.0
Redstone Finance,GITHUB_opened_pull_requests_weekly,2025-02-03,5.0
Pyth Network,GITHUB_opened_pull_requests_weekly,2025-02-03,56.0
Redstone Finance,GITHUB_merged_pull_requests_weekly,2025-02-03,4.0
Runtime Verification,GITHUB_merged_pull_requests_daily,2025-02-03,4.0
Enclave,GITHUB_merged_pull_requests_daily,2025-02-03,1.0
Open Source Observer,GITHUB_opened_issues_daily,2025-02-03,8.0
Walnut,GITHUB_opened_issues_weekly,2025-02-03,31.0
Passport XYZ,GITHUB_opened_issues_weekly,2025-02-03,24.0
Walnut,GITHUB_closed_issues_daily,2025-02-03,1.0
Trail of Bits Security Reviews,GITHUB_closed_issues_weekly,2025-02-03,7.0
thirdweb,GITHUB_forks_weekly,2025-03-10,11.0
Runtime Verification,GITHUB_forks_weekly,2025-03-10,1.0
Redstone Finance,GITHUB_forks_weekly,2025-03-10,2.0
Trail of Bits Security Reviews,GITHUB_forks_weekly,2025-03-10,4.0
Pyth Network,GITHUB_comments_daily,2025-03-10,27.0
thirdweb,GITHUB_stars_daily,2025-03-10,1.0
Pyth Network,GITHUB_stars_weekly,2025-03-10,5.0
thirdweb,GITHUB_stars_weekly,2025-03-10,6.0
Runtime Verification,GITHUB_commits_daily,2025-03-10,3.0
Trail of Bits Security Reviews,GITHUB_releases_weekly,2025-03-10,2.0
Redstone Finance,GITHUB_commits_weekly,2025-03-10,34.0
Solang,GITHUB_commits_weekly,2025-03-10,1.0
CodeTracer,GITHUB_commits_weekly,2025-03-10,8.0
Passport XYZ,GITHUB_comments_weekly,2025-03-10,18.0
Remix IDE plugin for Arbitrum Stylus,GITHUB_repositories_weekly,2025-03-10,1.0
Trail of Bits Security Reviews,GITHUB_forks_daily,2025-03-10,1.0
Open Source Observer,GITHUB_repositories_weekly,2025-03-10,5.0
thirdweb,GITHUB_repositories_weekly,2025-03-10,8.0
Runtime Verification,GITHUB_repositories_weekly,2025-03-10,20.0
Trail of Bits Security Reviews,GITHUB_repositories_weekly,2025-03-10,39.0
Open Source Observer,GITHUB_repositories_daily,2025-03-10,2.0
thirdweb,GITHUB_repositories_daily,2025-03-10,4.0
9Lives,GITHUB_repositories_daily,2025-03-10,1.0
Walnut,GITHUB_repositories_daily,2025-03-10,2.0
Solang,GITHUB_contributors_weekly,2025-03-10,3.0
Passport XYZ,GITHUB_contributors_weekly,2025-03-10,5.0
thirdweb,GITHUB_contributors_weekly,2025-03-10,17.0
Sylow,GITHUB_contributors_weekly,2025-03-10,2.0
CodeTracer,GITHUB_contributors_weekly,2025-03-10,3.0
Passport XYZ,GITHUB_active_developers_weekly,2025-03-10,3.0
Runtime Verification,GITHUB_active_developers_weekly,2025-03-10,8.0
9Lives,GITHUB_active_developers_weekly,2025-03-10,2.0
Solang,GITHUB_active_developers_weekly,2025-03-10,1.0
Open Source Observer,GITHUB_active_developers_weekly,2025-03-10,6.0
Pyth Network,GITHUB_active_developers_weekly,2025-03-10,10.0
CodeTracer,GITHUB_contributors_daily,2025-03-10,2.0
Passport XYZ,GITHUB_opened_pull_requests_daily,2025-03-10,4.0
Walnut,GITHUB_opened_pull_requests_daily,2025-03-10,1.0
Pyth Network,GITHUB_merged_pull_requests_weekly,2025-03-10,45.0
Redstone Finance,GITHUB_merged_pull_requests_daily,2025-03-10,2.0
Passport XYZ,GITHUB_opened_issues_weekly,2025-03-10,14.0
9Lives,GITHUB_opened_issues_weekly,2025-03-10,1.0
Enclave,GITHUB_opened_issues_weekly,2025-03-10,1.0
thirdweb,GITHUB_opened_issues_weekly,2025-03-10,1.0
Solang,GITHUB_opened_issues_daily,2025-03-10,3.0
Sylow,GITHUB_stars_daily,2025-02-14,1.0
thirdweb,GITHUB_stars_daily,2025-02-14,1.0
Walnut,GITHUB_commits_daily,2025-02-14,7.0
Redstone Finance,GITHUB_commits_daily,2025-02-14,14.0
9Lives,GITHUB_commits_daily,2025-02-14,1.0
Passport XYZ,GITHUB_repositories_daily,2025-02-14,3.0
9Lives,GITHUB_contributors_daily,2025-02-14,1.0
Trail of Bits Security Reviews,GITHUB_contributors_daily,2025-02-14,4.0
Runtime Verification,GITHUB_contributors_daily,2025-02-14,3.0
Open Source Observer,GITHUB_active_developers_daily,2025-02-14,5.0
thirdweb,GITHUB_opened_pull_requests_daily,2025-02-14,8.0
Redstone Finance,GITHUB_opened_pull_requests_daily,2025-02-14,4.0
Open Source Observer,GITHUB_opened_pull_requests_daily,2025-02-14,7.0
Trail of Bits Security Reviews,GITHUB_opened_issues_daily,2025-02-14,1.0
Walnut,GITHUB_opened_issues_daily,2025-02-14,2.0
Redstone Finance,GITHUB_merged_pull_requests_daily,2025-02-14,2.0
Walnut,GITHUB_merged_pull_requests_daily,2025-02-14,1.0
Open Source Observer,GITHUB_commits_daily,2024-04-18,11.0
Runtime Verification,GITHUB_releases_daily,2024-04-18,13.0
Runtime Verification,GITHUB_repositories_daily,2024-04-18,12.0
Trail of Bits Security Reviews,GITHUB_repositories_daily,2024-04-18,9.0
Open Source Observer,GITHUB_repositories_daily,2024-04-18,4.0
Redstone Finance,GITHUB_repositories_daily,2024-04-18,1.0
Redstone Finance,GITHUB_contributors_daily,2024-04-18,1.0
Pyth Network,GITHUB_contributors_daily,2024-04-18,9.0
thirdweb,GITHUB_contributors_daily,2024-04-18,10.0
Runtime Verification,GITHUB_opened_pull_requests_daily,2024-04-18,14.0
thirdweb,GITHUB_opened_pull_requests_daily,2024-04-18,14.0
Trail of Bits Security Reviews,GITHUB_merged_pull_requests_daily,2024-04-18,4.0
Open Source Observer,GITHUB_merged_pull_requests_daily,2024-04-18,7.0
Runtime Verification,GITHUB_opened_issues_daily,2024-04-18,2.0
Open Source Observer,GITHUB_closed_issues_daily,2024-04-18,3.0
thirdweb,GITHUB_closed_issues_daily,2024-04-18,9.0
Walnut,GITHUB_comments_daily,2025-02-20,8.0
Open Source Observer,GITHUB_comments_daily,2025-02-20,14.0
Trail of Bits Security Reviews,GITHUB_comments_daily,2025-02-20,7.0
Redstone Finance,GITHUB_commits_daily,2025-02-20,30.0
Walnut,GITHUB_commits_daily,2025-02-20,7.0
Open Source Observer,GITHUB_commits_daily,2025-02-20,9.0
Runtime Verification,GITHUB_releases_daily,2025-02-20,3.0
Trail of Bits Security Reviews,GITHUB_forks_daily,2025-02-20,3.0
Pyth Network,GITHUB_repositories_daily,2025-02-20,3.0
Open Source Observer,GITHUB_repositories_daily,2025-02-20,3.0
Trail of Bits Security Reviews,GITHUB_repositories_daily,2025-02-20,10.0
thirdweb,GITHUB_contributors_daily,2025-02-20,9.0
Walnut,GITHUB_active_developers_daily,2025-02-20,1.0
Open Source Observer,GITHUB_opened_pull_requests_daily,2025-02-20,7.0
Runtime Verification,GITHUB_opened_pull_requests_daily,2025-02-20,1.0
Trail of Bits Security Reviews,GITHUB_opened_issues_daily,2025-02-20,1.0
Walnut,GITHUB_opened_issues_daily,2025-02-20,6.0
Trail of Bits Security Reviews,GITHUB_closed_issues_daily,2025-02-20,1.0
thirdweb,GITHUB_closed_issues_daily,2025-02-20,1.0
Redstone Finance,GITHUB_comments_daily,2024-10-18,5.0
Trail of Bits Security Reviews,GITHUB_stars_daily,2024-10-18,9.0
Walnut,GITHUB_commits_daily,2024-10-18,5.0
Runtime Verification,GITHUB_commits_daily,2024-10-18,14.0
Passport XYZ,GITHUB_releases_daily,2024-10-18,2.0
Walnut,GITHUB_repositories_daily,2024-10-18,1.0
Runtime Verification,GITHUB_repositories_daily,2024-10-18,12.0
Passport XYZ,GITHUB_repositories_daily,2024-10-18,4.0
Pyth Network,GITHUB_repositories_daily,2024-10-18,4.0
Enclave,GITHUB_repositories_daily,2024-10-18,1.0
Passport XYZ,GITHUB_active_developers_daily,2024-10-18,3.0
Trail of Bits Security Reviews,GITHUB_active_developers_daily,2024-10-18,4.0
thirdweb,GITHUB_active_developers_daily,2024-10-18,4.0
Trail of Bits Security Reviews,GITHUB_opened_pull_requests_daily,2024-10-18,6.0
Open Source Observer,GITHUB_opened_pull_requests_daily,2024-10-18,3.0
Pyth Network,GITHUB_opened_pull_requests_daily,2024-10-18,4.0
thirdweb,GITHUB_opened_pull_requests_daily,2024-10-18,13.0
Debid - Fairblock,GITHUB_merged_pull_requests_daily,2024-10-18,2.0
Runtime Verification,GITHUB_merged_pull_requests_daily,2024-10-18,6.0
Trail of Bits Security Reviews,GITHUB_merged_pull_requests_daily,2024-10-18,9.0
Passport XYZ,GITHUB_opened_issues_daily,2024-10-18,2.0
Open Source Observer,GITHUB_opened_issues_daily,2024-10-18,2.0
Passport XYZ,GITHUB_closed_issues_daily,2024-10-18,2.0
CodeTracer,GITHUB_comments_daily,2025-03-19,2.0
thirdweb,GITHUB_comments_daily,2025-03-19,47.0
Trail of Bits Security Reviews,GITHUB_stars_daily,2025-03-19,15.0
9Lives,GITHUB_commits_daily,2025-03-19,2.0
Passport XYZ,GITHUB_commits_daily,2025-03-19,2.0
Redstone Finance,GITHUB_commits_daily,2025-03-19,7.0
thirdweb,GITHUB_releases_daily,2025-03-19,1.0
thirdweb,GITHUB_repositories_daily,2025-03-19,5.0
Walnut,GITHUB_repositories_daily,2025-03-19,2.0
Debid - Fairblock,GITHUB_contributors_daily,2025-03-19,1.0
Trail of Bits Security Reviews,GITHUB_active_developers_daily,2025-03-19,3.0
Pyth Network,GITHUB_active_developers_daily,2025-03-19,7.0
Debid - Fairblock,GITHUB_active_developers_daily,2025-03-19,1.0
Redstone Finance,GITHUB_active_developers_daily,2025-03-19,1.0
Debid - Fairblock,GITHUB_opened_pull_requests_daily,2025-03-19,1.0
Solang,GITHUB_opened_pull_requests_daily,2025-03-19,1.0
Runtime Verification,GITHUB_opened_pull_requests_daily,2025-03-19,9.0
Pyth Network,GITHUB_opened_pull_requests_daily,2025-03-19,8.0
Open Source Observer,GITHUB_merged_pull_requests_daily,2025-03-19,7.0
Passport XYZ,GITHUB_opened_issues_daily,2025-03-19,4.0
Trail of Bits Security Reviews,GITHUB_closed_issues_daily,2025-03-19,1.0
Open Source Observer,GITHUB_closed_issues_daily,2025-03-19,1.0
Runtime Verification,GITHUB_comments_daily,2024-12-11,26.0
Walnut,GITHUB_comments_daily,2024-12-11,1.0
thirdweb,GITHUB_stars_daily,2024-12-11,1.0
Trail of Bits Security Reviews,GITHUB_commits_daily,2024-12-11,9.0
Pyth Network,GITHUB_commits_daily,2024-12-11,4.0
thirdweb,GITHUB_releases_daily,2024-12-11,2.0
Pyth Network,GITHUB_forks_daily,2024-12-11,1.0
Redstone Finance,GITHUB_repositories_daily,2024-12-11,2.0
Trail of Bits Security Reviews,GITHUB_repositories_daily,2024-12-11,13.0
thirdweb,GITHUB_repositories_daily,2024-12-11,3.0
Moving Stylus,GITHUB_repositories_daily,2024-12-11,1.0
Open Source Observer,GITHUB_contributors_daily,2024-12-11,4.0
Trail of Bits Security Reviews,GITHUB_contributors_daily,2024-12-11,7.0
Trail of Bits Security Reviews,GITHUB_active_developers_daily,2024-12-11,3.0
Open Source Observer,GITHUB_active_developers_daily,2024-12-11,2.0
Pyth Network,GITHUB_active_developers_daily,2024-12-11,3.0
Redstone Finance,GITHUB_opened_pull_requests_daily,2024-12-11,1.0
Enclave,GITHUB_opened_pull_requests_daily,2024-12-11,1.0
Runtime Verification,GITHUB_opened_pull_requests_daily,2024-12-11,8.0
Open Source Observer,GITHUB_opened_pull_requests_daily,2024-12-11,2.0
Redstone Finance,GITHUB_merged_pull_requests_daily,2024-12-11,1.0
Trail of Bits Security Reviews,GITHUB_opened_issues_daily,2024-12-11,3.0
Open Source Observer,GITHUB_closed_issues_daily,2024-12-11,4.0
thirdweb,GITHUB_closed_issues_daily,2024-12-11,1.0
Passport XYZ,GITHUB_comments_daily,2024-09-25,12.0
Pyth Network,GITHUB_comments_daily,2024-09-25,35.0
Runtime Verification,GITHUB_comments_daily,2024-09-25,3.0
Redstone Finance,GITHUB_comments_daily,2024-09-25,4.0
Trail of Bits Security Reviews,GITHUB_stars_daily,2024-09-25,9.0
Runtime Verification,GITHUB_commits_daily,2024-09-25,15.0
Enclave,GITHUB_commits_daily,2024-09-25,2.0
Passport XYZ,GITHUB_commits_daily,2024-09-25,3.0
Debid - Fairblock,GITHUB_commits_daily,2024-09-25,2.0
Passport XYZ,GITHUB_releases_daily,2024-09-25,2.0
thirdweb,GITHUB_forks_daily,2024-09-25,2.0
Passport XYZ,GITHUB_repositories_daily,2024-09-25,8.0
Trail of Bits Security Reviews,GITHUB_repositories_daily,2024-09-25,13.0
Open Source Observer,GITHUB_repositories_daily,2024-09-25,5.0
Enclave,GITHUB_repositories_daily,2024-09-25,1.0
Debid - Fairblock,GITHUB_contributors_daily,2024-09-25,1.0
Pyth Network,GITHUB_active_developers_daily,2024-09-25,5.0
thirdweb,GITHUB_active_developers_daily,2024-09-25,3.0
Runtime Verification,GITHUB_opened_pull_requests_daily,2024-09-25,12.0
Walnut,GITHUB_opened_pull_requests_daily,2024-09-25,1.0
Pyth Network,GITHUB_opened_pull_requests_daily,2024-09-25,10.0
Open Source Observer,GITHUB_merged_pull_requests_daily,2024-09-25,5.0
Pyth Network,GITHUB_merged_pull_requests_daily,2024-09-25,12.0
Redstone Finance,GITHUB_merged_pull_requests_daily,2024-09-25,1.0
Runtime Verification,GITHUB_opened_issues_daily,2024-09-25,2.0
Open Source Observer,GITHUB_opened_issues_daily,2024-09-25,7.0
Passport XYZ,GITHUB_opened_issues_daily,2024-09-25,4.0
Trail of Bits Security Reviews,GITHUB_closed_issues_daily,2024-09-25,2.0
Open Source Observer,GITHUB_closed_issues_daily,2024-09-25,4.0
thirdweb,GITHUB_comments_daily,2024-03-28,97.0
Redstone Finance,GITHUB_stars_daily,2024-03-28,1.0
Redstone Finance,GITHUB_commits_daily,2024-03-28,6.0
Runtime Verification,GITHUB_releases_daily,2024-03-28,8.0
Open Source Observer,GITHUB_forks_daily,2024-03-28,1.0
Walnut,GITHUB_contributors_daily,2024-03-28,3.0
Trail of Bits Security Reviews,GITHUB_active_developers_daily,2024-03-28,1.0
Trail of Bits Security Reviews,GITHUB_closed_issues_daily,2024-03-28,1.0
thirdweb,GITHUB_forks_weekly,2024-05-20,20.0
Trail of Bits Security Reviews,GITHUB_comments_daily,2024-05-20,8.0
thirdweb,GITHUB_comments_daily,2024-05-20,110.0
Runtime Verification,GITHUB_comments_daily,2024-05-20,12.0
Trail of Bits Security Reviews,GITHUB_stars_daily,2024-05-20,14.0
thirdweb,GITHUB_stars_daily,2024-05-20,2.0
Walnut,GITHUB_stars_weekly,2024-05-20,5.0
Open Source Observer,GITHUB_stars_weekly,2024-05-20,2.0
Trail of Bits Security Reviews,GITHUB_stars_weekly,2024-05-20,71.0
Pyth Network,GITHUB_releases_weekly,2024-05-20,4.0
Walnut,GITHUB_commits_weekly,2024-05-20,17.0
Pyth Network,GITHUB_comments_weekly,2024-05-20,88.0
thirdweb,GITHUB_repositories_weekly,2024-05-20,11.0
Debid - Fairblock,GITHUB_repositories_weekly,2024-05-20,1.0
Walnut,GITHUB_repositories_weekly,2024-05-20,3.0
Walnut,GITHUB_repositories_daily,2024-05-20,2.0
Syndicate Protocol,GITHUB_repositories_daily,2024-05-20,1.0
Redstone Finance,GITHUB_repositories_daily,2024-05-20,5.0
Trail of Bits Security Reviews,GITHUB_active_developers_daily,2024-05-20,3.0
Runtime Verification,GITHUB_active_developers_daily,2024-05-20,1.0
Walnut,GITHUB_active_developers_daily,2024-05-20,2.0
thirdweb,GITHUB_opened_pull_requests_daily,2024-05-20,28.0
Open Source Observer,GITHUB_opened_pull_requests_daily,2024-05-20,12.0
Trail of Bits Security Reviews,GITHUB_opened_pull_requests_daily,2024-05-20,18.0
Runtime Verification,GITHUB_opened_pull_requests_weekly,2024-05-20,76.0
Pyth Network,GITHUB_opened_pull_requests_weekly,2024-05-20,44.0
Passport XYZ,GITHUB_opened_pull_requests_weekly,2024-05-20,6.0
Open Source Observer,GITHUB_merged_pull_requests_daily,2024-05-20,12.0
Pyth Network,GITHUB_merged_pull_requests_daily,2024-05-20,3.0
Walnut,GITHUB_contributors_weekly,2024-05-20,7.0
Runtime Verification,GITHUB_contributors_weekly,2024-05-20,21.0
Open Source Observer,GITHUB_contributors_weekly,2024-05-20,14.0
Debid - Fairblock,GITHUB_contributors_weekly,2024-05-20,1.0
Pyth Network,GITHUB_active_developers_weekly,2024-05-20,11.0
Trail of Bits Security Reviews,GITHUB_contributors_daily,2024-05-20,3.0
Walnut,GITHUB_contributors_daily,2024-05-20,2.0
Redstone Finance,GITHUB_contributors_daily,2024-05-20,2.0
Redstone Finance,GITHUB_closed_issues_daily,2024-05-20,1.0
Runtime Verification,GITHUB_closed_issues_daily,2024-05-20,3.0
Passport XYZ,GITHUB_merged_pull_requests_weekly,2024-05-20,4.0
Redstone Finance,GITHUB_merged_pull_requests_weekly,2024-05-20,3.0
Trail of Bits Security Reviews,GITHUB_merged_pull_requests_weekly,2024-05-20,25.0
Trail of Bits Security Reviews,GITHUB_comments_daily,2024-02-18,2.0
thirdweb,GITHUB_commits_daily,2024-02-18,2.0
Pyth Network,GITHUB_commits_daily,2024-02-18,3.0
Open Source Observer,GITHUB_commits_daily,2024-02-18,3.0
Trail of Bits Security Reviews,GITHUB_commits_daily,2024-02-18,12.0
Runtime Verification,GITHUB_repositories_daily,2024-02-18,1.0
Walnut,GITHUB_repositories_daily,2024-02-18,1.0
Syndicate Protocol,GITHUB_repositories_daily,2024-02-18,1.0
thirdweb,GITHUB_contributors_daily,2024-02-18,6.0
Debid - Fairblock,GITHUB_contributors_daily,2024-02-18,1.0
Trail of Bits Security Reviews,GITHUB_contributors_daily,2024-02-18,2.0
Runtime Verification,GITHUB_contributors_daily,2024-02-18,1.0
Trail of Bits Security Reviews,GITHUB_merged_pull_requests_daily,2024-02-18,17.0
thirdweb,GITHUB_closed_issues_daily,2024-02-18,1.0
Open Source Observer,GITHUB_closed_issues_daily,2024-02-18,3.0
Pyth Network,GITHUB_comments_daily,2025-03-05,10.0
Walnut,GITHUB_comments_daily,2025-03-05,5.0
thirdweb,GITHUB_stars_daily,2025-03-05,3.0
Pyth Network,GITHUB_commits_daily,2025-03-05,4.0
Open Source Observer,GITHUB_commits_daily,2025-03-05,9.0
thirdweb,GITHUB_commits_daily,2025-03-05,11.0
Redstone Finance,GITHUB_commits_daily,2025-03-05,20.0
Walnut,GITHUB_releases_daily,2025-03-05,1.0
Trail of Bits Security Reviews,GITHUB_releases_daily,2025-03-05,1.0
thirdweb,GITHUB_releases_daily,2025-03-05,2.0
Runtime Verification,GITHUB_forks_daily,2025-03-05,1.0
Trail of Bits Security Reviews,GITHUB_forks_daily,2025-03-05,2.0
Redstone Finance,GITHUB_contributors_daily,2025-03-05,4.0
Walnut,GITHUB_contributors_daily,2025-03-05,4.0
Solang,GITHUB_contributors_daily,2025-03-05,2.0
9Lives,GITHUB_active_developers_daily,2025-03-05,2.0
Pyth Network,GITHUB_active_developers_daily,2025-03-05,4.0
Trail of Bits Security Reviews,GITHUB_active_developers_daily,2025-03-05,5.0
Redstone Finance,GITHUB_opened_pull_requests_daily,2025-03-05,1.0
Pyth Network,GITHUB_opened_pull_requests_daily,2025-03-05,6.0
Open Source Observer,GITHUB_merged_pull_requests_daily,2025-03-05,9.0
Walnut,GITHUB_merged_pull_requests_daily,2025-03-05,8.0
Solang,GITHUB_opened_issues_daily,2025-03-05,1.0
Runtime Verification,GITHUB_opened_issues_daily,2025-03-05,2.0
Passport XYZ,GITHUB_opened_issues_daily,2025-03-05,2.0
Redstone Finance,GITHUB_stars_daily,2024-02-24,3.0
Runtime Verification,GITHUB_releases_daily,2024-02-24,1.0
Redstone Finance,GITHUB_repositories_daily,2024-02-24,3.0
thirdweb,GITHUB_repositories_daily,2024-02-24,6.0
Pyth Network,GITHUB_repositories_daily,2024-02-24,2.0
Debid - Fairblock,GITHUB_repositories_daily,2024-02-24,1.0
Trail of Bits Security Reviews,GITHUB_contributors_daily,2024-02-24,1.0
Open Source Observer,GITHUB_active_developers_daily,2024-02-24,2.0
thirdweb,GITHUB_active_developers_daily,2024-02-24,3.0
Runtime Verification,GITHUB_active_developers_daily,2024-02-24,2.0
Open Source Observer,GITHUB_opened_pull_requests_daily,2024-02-24,3.0
thirdweb,GITHUB_opened_pull_requests_daily,2024-02-24,6.0
Trail of Bits Security Reviews,GITHUB_opened_pull_requests_daily,2024-02-24,5.0
thirdweb,GITHUB_merged_pull_requests_daily,2024-02-24,5.0
Trail of Bits Security Reviews,GITHUB_comments_daily,2024-07-30,27.0
Pyth Network,GITHUB_releases_daily,2024-07-30,3.0
Debid - Fairblock,GITHUB_releases_daily,2024-07-30,2.0
Trail of Bits Security Reviews,GITHUB_stars_daily,2024-07-30,15.0
Open Source Observer,GITHUB_commits_daily,2024-07-30,5.0
Runtime Verification,GITHUB_commits_daily,2024-07-30,41.0
Walnut,GITHUB_forks_daily,2024-07-30,1.0
Debid - Fairblock,GITHUB_forks_daily,2024-07-30,2.0
Walnut,GITHUB_repositories_daily,2024-07-30,1.0
Debid - Fairblock,GITHUB_repositories_daily,2024-07-30,1.0
Runtime Verification,GITHUB_contributors_daily,2024-07-30,9.0
Pyth Network,GITHUB_contributors_daily,2024-07-30,5.0
Redstone Finance,GITHUB_active_developers_daily,2024-07-30,3.0
Runtime Verification,GITHUB_opened_pull_requests_daily,2024-07-30,9.0
Walnut,GITHUB_merged_pull_requests_daily,2024-07-30,1.0
Trail of Bits Security Reviews,GITHUB_opened_issues_daily,2024-07-30,1.0
Runtime Verification,GITHUB_closed_issues_daily,2024-07-30,5.0
Passport XYZ,GITHUB_forks_weekly,2025-04-07,2.0
Open Source Observer,GITHUB_forks_weekly,2025-04-07,1.0
Solang,GITHUB_forks_weekly,2025-04-07,2.0
Runtime Verification,GITHUB_releases_daily,2025-04-07,2.0
Passport XYZ,GITHUB_stars_daily,2025-04-07,2.0
Trail of Bits Security Reviews,GITHUB_stars_daily,2025-04-07,14.0
Pyth Network,GITHUB_comments_daily,2025-04-07,31.0
thirdweb,GITHUB_comments_daily,2025-04-07,43.0
Runtime Verification,GITHUB_comments_daily,2025-04-07,15.0
Runtime Verification,GITHUB_commits_daily,2025-04-07,7.0
Open Source Observer,GITHUB_commits_daily,2025-04-07,3.0
Trail of Bits Security Reviews,GITHUB_releases_weekly,2025-04-07,7.0
Redstone Finance,GITHUB_commits_weekly,2025-04-07,68.0
CodeTracer,GITHUB_commits_weekly,2025-04-07,1.0
Enclave,GITHUB_commits_weekly,2025-04-07,2.0
9Lives,GITHUB_commits_weekly,2025-04-07,10.0
Pyth Network,GITHUB_comments_weekly,2025-04-07,196.0
Runtime Verification,GITHUB_comments_weekly,2025-04-07,62.0
thirdweb,GITHUB_comments_weekly,2025-04-07,242.0
Enclave,GITHUB_repositories_daily,2025-04-07,1.0
thirdweb,GITHUB_repositories_daily,2025-04-07,4.0
Runtime Verification,GITHUB_repositories_daily,2025-04-07,7.0
Enclave,GITHUB_repositories_weekly,2025-04-07,1.0
Solang,GITHUB_repositories_weekly,2025-04-07,1.0
Debid - Fairblock,GITHUB_repositories_weekly,2025-04-07,1.0
Sylow,GITHUB_repositories_weekly,2025-04-07,1.0
Runtime Verification,GITHUB_repositories_weekly,2025-04-07,16.0
9Lives,GITHUB_repositories_weekly,2025-04-07,1.0
Trail of Bits Security Reviews,GITHUB_forks_daily,2025-04-07,3.0
Trail of Bits Security Reviews,GITHUB_contributors_daily,2025-04-07,8.0
Passport XYZ,GITHUB_contributors_daily,2025-04-07,3.0
Enclave,GITHUB_contributors_daily,2025-04-07,1.0
Trail of Bits Security Reviews,GITHUB_contributors_weekly,2025-04-07,25.0
thirdweb,GITHUB_active_developers_daily,2025-04-07,5.0
Passport XYZ,GITHUB_active_developers_daily,2025-04-07,3.0
Runtime Verification,GITHUB_active_developers_daily,2025-04-07,3.0
thirdweb,GITHUB_active_developers_weekly,2025-04-07,9.0
Pyth Network,GITHUB_active_developers_weekly,2025-04-07,11.0
Passport XYZ,GITHUB_active_developers_weekly,2025-04-07,4.0
Enclave,GITHUB_active_developers_weekly,2025-04-07,1.0
Pyth Network,GITHUB_opened_pull_requests_daily,2025-04-07,4.0
Redstone Finance,GITHUB_opened_pull_requests_weekly,2025-04-07,3.0
thirdweb,GITHUB_merged_pull_requests_daily,2025-04-07,8.0
Open Source Observer,GITHUB_merged_pull_requests_weekly,2025-04-07,23.0
Walnut,GITHUB_merged_pull_requests_weekly,2025-04-07,6.0
Runtime Verification,GITHUB_merged_pull_requests_weekly,2025-04-07,15.0
CodeTracer,GITHUB_merged_pull_requests_weekly,2025-04-07,1.0
Enclave,GITHUB_opened_issues_daily,2025-04-07,1.0
Passport XYZ,GITHUB_opened_issues_weekly,2025-04-07,9.0
thirdweb,GITHUB_opened_issues_weekly,2025-04-07,4.0
Open Source Observer,GITHUB_opened_issues_weekly,2025-04-07,10.0
Passport XYZ,GITHUB_closed_issues_weekly,2025-04-07,9.0
Open Source Observer,GITHUB_closed_issues_weekly,2025-04-07,14.0
Runtime Verification,GITHUB_closed_issues_weekly,2025-04-07,1.0
thirdweb,GITHUB_comments_daily,2024-01-10,42.0
Trail of Bits Security Reviews,GITHUB_stars_daily,2024-01-10,12.0
Pyth Network,GITHUB_forks_daily,2024-01-10,2.0
thirdweb,GITHUB_forks_daily,2024-01-10,3.0
Runtime Verification,GITHUB_repositories_daily,2024-01-10,10.0
Debid - Fairblock,GITHUB_active_developers_daily,2024-01-10,1.0
Runtime Verification,GITHUB_active_developers_daily,2024-01-10,5.0
Pyth Network,GITHUB_merged_pull_requests_daily,2024-01-10,8.0
Trail of Bits Security Reviews,GITHUB_opened_issues_daily,2024-01-10,4.0
thirdweb,GITHUB_opened_issues_daily,2024-01-10,2.0
Redstone Finance,GITHUB_commits_daily,2025-01-03,7.0
Redstone Finance,GITHUB_repositories_daily,2025-01-03,2.0
Redstone Finance,GITHUB_active_developers_daily,2025-01-03,2.0
Pyth Network,GITHUB_active_developers_daily,2025-01-03,3.0
Trail of Bits Security Reviews,GITHUB_active_developers_daily,2025-01-03,4.0
thirdweb,GITHUB_opened_pull_requests_daily,2025-01-03,7.0
Open Source Observer,GITHUB_opened_pull_requests_daily,2025-01-03,2.0
Pyth Network,GITHUB_opened_pull_requests_daily,2025-01-03,3.0
thirdweb,GITHUB_merged_pull_requests_daily,2025-01-03,8.0
Pyth Network,GITHUB_merged_pull_requests_daily,2025-01-03,4.0
Redstone Finance,GITHUB_opened_pull_requests_daily,2025-01-03,1.0
Walnut,GITHUB_opened_pull_requests_daily,2025-01-03,2.0
Passport XYZ,GITHUB_opened_issues_daily,2025-01-03,2.0
Debid - Fairblock,GITHUB_forks_weekly,2024-03-18,1.0
Pyth Network,GITHUB_comments_daily,2024-03-18,20.0
Open Source Observer,GITHUB_comments_daily,2024-03-18,3.0
Trail of Bits Security Reviews,GITHUB_stars_weekly,2024-03-18,155.0
Runtime Verification,GITHUB_stars_weekly,2024-03-18,10.0
thirdweb,GITHUB_releases_weekly,2024-03-18,37.0
Pyth Network,GITHUB_stars_daily,2024-03-18,3.0
Runtime Verification,GITHUB_commits_weekly,2024-03-18,149.0
Walnut,GITHUB_forks_daily,2024-03-18,5.0
Runtime Verification,GITHUB_repositories_weekly,2024-03-18,21.0
Pyth Network,GITHUB_repositories_weekly,2024-03-18,15.0
Debid - Fairblock,GITHUB_repositories_weekly,2024-03-18,3.0
Debid - Fairblock,GITHUB_repositories_daily,2024-03-18,2.0
Redstone Finance,GITHUB_repositories_daily,2024-03-18,4.0
Trail of Bits Security Reviews,GITHUB_repositories_daily,2024-03-18,26.0
Trail of Bits Security Reviews,GITHUB_contributors_weekly,2024-03-18,20.0
Redstone Finance,GITHUB_contributors_daily,2024-03-18,2.0
Open Source Observer,GITHUB_contributors_daily,2024-03-18,2.0
Pyth Network,GITHUB_contributors_daily,2024-03-18,7.0
Debid - Fairblock,GITHUB_contributors_daily,2024-03-18,2.0
Pyth Network,GITHUB_active_developers_weekly,2024-03-18,8.0
Walnut,GITHUB_active_developers_weekly,2024-03-18,2.0
Trail of Bits Security Reviews,GITHUB_active_developers_weekly,2024-03-18,10.0
Pyth Network,GITHUB_active_developers_daily,2024-03-18,2.0
Runtime Verification,GITHUB_active_developers_daily,2024-03-18,2.0
thirdweb,GITHUB_merged_pull_requests_weekly,2024-03-18,96.0
thirdweb,GITHUB_opened_pull_requests_daily,2024-03-18,23.0
Pyth Network,GITHUB_merged_pull_requests_weekly,2024-03-18,23.0
Pyth Network,GITHUB_opened_pull_requests_daily,2024-03-18,9.0
Walnut,GITHUB_merged_pull_requests_daily,2024-03-18,1.0
Walnut,GITHUB_opened_issues_daily,2024-03-18,12.0
Pyth Network,GITHUB_opened_issues_daily,2024-03-18,1.0
Open Source Observer,GITHUB_closed_issues_daily,2024-03-18,2.0
Runtime Verification,GITHUB_part_time_contributors_quarterly,2024-06-01,33.0
Syndicate Protocol,GITHUB_part_time_contributors_quarterly,2024-06-01,1.0
thirdweb,GITHUB_new_contributors_quarterly,2024-06-01,35.0
Open Source Observer,GITHUB_part_time_contributors_quarterly,2024-06-01,48.0
Walnut,GITHUB_new_contributors_quarterly,2024-06-01,20.0
Enclave,GITHUB_active_contributors_quarterly,2024-06-01,3.0
Remix IDE plugin for Arbitrum Stylus,GITHUB_active_contributors_quarterly,2024-06-01,3.0
Open Source Observer,GITHUB_active_contributors_quarterly,2024-06-01,48.0
Remix IDE plugin for Arbitrum Stylus,GITHUB_releases_biannually,2024-06-01,1.0
Passport XYZ,GITHUB_commits_biannually,2024-06-01,64.0
thirdweb,GITHUB_commits_biannually,2024-06-01,390.0
Runtime Verification,GITHUB_comments_daily,2024-06-01,10.0
thirdweb,GITHUB_comments_daily,2024-06-01,39.0
Open Source Observer,GITHUB_comments_daily,2024-06-01,2.0
Pyth Network,GITHUB_active_developers_biannually,2024-06-01,15.0
Syndicate Protocol,GITHUB_active_developers_biannually,2024-06-01,1.0
Open Source Observer,GITHUB_repositories_quarterly,2024-06-01,4.0
Trail of Bits Security Reviews,GITHUB_repositories_quarterly,2024-06-01,69.0
Pyth Network,GITHUB_repositories_quarterly,2024-06-01,17.0
Remix IDE plugin for Arbitrum Stylus,GITHUB_repositories_quarterly,2024-06-01,1.0
Enclave,GITHUB_repositories_quarterly,2024-06-01,1.0
Passport XYZ,GITHUB_repositories_quarterly,2024-06-01,2.0
Walnut,GITHUB_repositories_quarterly,2024-06-01,6.0
Debid - Fairblock,GITHUB_repositories_quarterly,2024-06-01,6.0
Runtime Verification,GITHUB_active_developers_quarterly,2024-06-01,18.0
Open Source Observer,GITHUB_active_developers_quarterly,2024-06-01,30.0
Syndicate Protocol,GITHUB_active_developers_quarterly,2024-06-01,1.0
Open Source Observer,GITHUB_forks_monthly,2024-06-01,50.0
Trail of Bits Security Reviews,GITHUB_forks_monthly,2024-06-01,31.0
Pyth Network,GITHUB_forks_monthly,2024-06-01,42.0
Runtime Verification,GITHUB_forks_monthly,2024-06-01,17.0
Pyth Network,GITHUB_part_time_developers_quarterly,2024-06-01,15.0
Walnut,GITHUB_part_time_developers_quarterly,2024-06-01,3.0
Open Source Observer,GITHUB_part_time_developers_quarterly,2024-06-01,30.0
Trail of Bits Security Reviews,GITHUB_part_time_developers_quarterly,2024-06-01,21.0
thirdweb,GITHUB_part_time_developers_quarterly,2024-06-01,23.0
Arbos Foundry,GITHUB_part_time_developers_quarterly,2024-06-01,1.0
Pyth Network,GITHUB_stars_biannually,2024-06-01,19.0
Walnut,GITHUB_stars_biannually,2024-06-01,14.0
Passport XYZ,GITHUB_stars_biannually,2024-06-01,3.0
Debid - Fairblock,GITHUB_stars_biannually,2024-06-01,2.0
Debid - Fairblock,GITHUB_stars_monthly,2024-06-01,2.0
Walnut,GITHUB_commits_monthly,2024-06-01,138.0
Syndicate Protocol,GITHUB_commits_monthly,2024-06-01,5.0
thirdweb,GITHUB_commits_monthly,2024-06-01,390.0
Debid - Fairblock,GITHUB_commits_monthly,2024-06-01,22.0
Pyth Network,GITHUB_comments_monthly,2024-06-01,451.0
thirdweb,GITHUB_comments_monthly,2024-06-01,2823.0
Passport XYZ,GITHUB_comments_monthly,2024-06-01,48.0
Walnut,GITHUB_comments_monthly,2024-06-01,187.0
Trail of Bits Security Reviews,GITHUB_stars_quarterly,2024-06-01,347.0
Runtime Verification,GITHUB_stars_quarterly,2024-06-01,42.0
Enclave,GITHUB_stars_quarterly,2024-06-01,2.0
Walnut,GITHUB_stars_quarterly,2024-06-01,14.0
Pyth Network,GITHUB_commits_daily,2024-06-01,1.0
Runtime Verification,GITHUB_commits_daily,2024-06-01,2.0
thirdweb,GITHUB_commits_daily,2024-06-01,6.0
Trail of Bits Security Reviews,GITHUB_releases_monthly,2024-06-01,8.0
Runtime Verification,GITHUB_releases_monthly,2024-06-01,225.0
thirdweb,GITHUB_releases_daily,2024-06-01,8.0
Passport XYZ,GITHUB_commits_quarterly,2024-06-01,64.0
Runtime Verification,GITHUB_commits_quarterly,2024-06-01,554.0
Debid - Fairblock,GITHUB_forks_biannually,2024-06-01,1.0
Open Source Observer,GITHUB_forks_biannually,2024-06-01,50.0
Trail of Bits Security Reviews,GITHUB_forks_biannually,2024-06-01,31.0
Enclave,GITHUB_forks_biannually,2024-06-01,1.0
Runtime Verification,GITHUB_forks_biannually,2024-06-01,17.0
Trail of Bits Security Reviews,GITHUB_forks_quarterly,2024-06-01,31.0
Debid - Fairblock,GITHUB_forks_quarterly,2024-06-01,1.0
thirdweb,GITHUB_repositories_daily,2024-06-01,2.0
Passport XYZ,GITHUB_repositories_monthly,2024-06-01,2.0
Walnut,GITHUB_repositories_biannually,2024-06-01,6.0
Trail of Bits Security Reviews,GITHUB_repositories_biannually,2024-06-01,69.0
Walnut,GITHUB_contributors_monthly,2024-06-01,22.0
Redstone Finance,GITHUB_contributors_monthly,2024-06-01,4.0
Syndicate Protocol,GITHUB_contributors_monthly,2024-06-01,1.0
Debid - Fairblock,GITHUB_contributors_biannually,2024-06-01,4.0
Runtime Verification,GITHUB_contributors_biannually,2024-06-01,33.0
Debid - Fairblock,GITHUB_contributors_monthly,2024-06-01,4.0
Trail of Bits Security Reviews,GITHUB_contributors_daily,2024-06-01,1.0
Pyth Network,GITHUB_contributors_daily,2024-06-01,2.0
Redstone Finance,GITHUB_contributors_daily,2024-06-01,1.0
Remix IDE plugin for Arbitrum Stylus,GITHUB_active_developers_monthly,2024-06-01,2.0
Trail of Bits Security Reviews,GITHUB_active_developers_monthly,2024-06-01,21.0
Runtime Verification,GITHUB_active_developers_monthly,2024-06-01,18.0
Runtime Verification,GITHUB_full_time_developers_monthly,2024-06-01,1.0
Runtime Verification,GITHUB_part_time_developers_monthly,2024-06-01,17.0
Remix IDE plugin for Arbitrum Stylus,GITHUB_part_time_developers_monthly,2024-06-01,2.0
thirdweb,GITHUB_part_time_developers_monthly,2024-06-01,17.0
Walnut,GITHUB_full_time_developers_monthly,2024-06-01,1.0
Enclave,GITHUB_part_time_developers_biannually,2024-06-01,3.0
Pyth Network,GITHUB_active_developers_daily,2024-06-01,1.0
Walnut,GITHUB_active_contributors_monthly,2024-06-01,22.0
Pyth Network,GITHUB_new_contributors_monthly,2024-06-01,26.0
Trail of Bits Security Reviews,GITHUB_active_contributors_biannually,2024-06-01,41.0
Syndicate Protocol,GITHUB_part_time_contributors_monthly,2024-06-01,1.0
Enclave,GITHUB_part_time_contributors_monthly,2024-06-01,3.0
Walnut,GITHUB_full_time_contributors_monthly,2024-06-01,2.0
Trail of Bits Security Reviews,GITHUB_full_time_contributors_monthly,2024-06-01,7.0
thirdweb,GITHUB_part_time_contributors_monthly,2024-06-01,44.0
Pyth Network,GITHUB_active_contributors_monthly,2024-06-01,38.0
Debid - Fairblock,GITHUB_active_contributors_biannually,2024-06-01,4.0
Remix IDE plugin for Arbitrum Stylus,GITHUB_active_contributors_biannually,2024-06-01,3.0
Debid - Fairblock,GITHUB_new_contributors_biannually,2024-06-01,1.0
Runtime Verification,GITHUB_active_contributors_biannually,2024-06-01,33.0
Passport XYZ,GITHUB_part_time_contributors_biannually,2024-06-01,5.0
Remix IDE plugin for Arbitrum Stylus,GITHUB_change_in_active_developers_monthly,2024-06-01,-2.0
Trail of Bits Security Reviews,GITHUB_change_in_active_developers_biannually,2024-06-01,5.0
Runtime Verification,GITHUB_change_in_active_developers_monthly,2024-06-01,-1.0
Open Source Observer,GITHUB_change_in_part_time_contributors_quarterly,2024-06-01,-20.0
Syndicate Protocol,GITHUB_change_in_active_developers_quarterly,2024-06-01,1.0
thirdweb,GITHUB_change_in_active_developers_biannually,2024-06-01,-9.0
Arbos Foundry,GITHUB_change_in_active_developers_biannually,2024-06-01,0.0
Debid - Fairblock,GITHUB_change_in_active_developers_biannually,2024-06-01,0.0
thirdweb,GITHUB_change_in_active_developers_monthly,2024-06-01,-9.0
Pyth Network,GITHUB_change_in_part_time_contributors_monthly,2024-06-01,-15.0
Redstone Finance,GITHUB_change_in_full_time_contributors_monthly,2024-06-01,1.0
Pyth Network,GITHUB_change_in_active_developers_biannually,2024-06-01,-15.0
Pyth Network,GITHUB_change_in_part_time_contributors_quarterly,2024-06-01,-15.0
Debid - Fairblock,GITHUB_change_in_part_time_contributors_quarterly,2024-06-01,0.0
Arbos Foundry,GITHUB_change_in_active_developers_quarterly,2024-06-01,0.0
Debid - Fairblock,GITHUB_change_in_active_developers_quarterly,2024-06-01,0.0
Runtime Verification,GITHUB_opened_pull_requests_daily,2024-06-01,1.0
Debid - Fairblock,GITHUB_opened_pull_requests_monthly,2024-06-01,5.0
Passport XYZ,GITHUB_opened_pull_requests_monthly,2024-06-01,24.0
Pyth Network,GITHUB_opened_pull_requests_monthly,2024-06-01,172.0
Walnut,GITHUB_opened_pull_requests_monthly,2024-06-01,36.0
Redstone Finance,GITHUB_opened_pull_requests_monthly,2024-06-01,1.0
Debid - Fairblock,GITHUB_opened_pull_requests_biannually,2024-06-01,5.0
Open Source Observer,GITHUB_new_contributors_biannually,2024-06-01,42.0
Passport XYZ,GITHUB_opened_pull_requests_quarterly,2024-06-01,24.0
Open Source Observer,GITHUB_merged_pull_requests_monthly,2024-06-01,171.0
thirdweb,GITHUB_merged_pull_requests_biannually,2024-06-01,385.0
Walnut,GITHUB_merged_pull_requests_biannually,2024-06-01,34.0
Syndicate Protocol,GITHUB_merged_pull_requests_quarterly,2024-06-01,1.0
Enclave,GITHUB_merged_pull_requests_biannually,2024-06-01,3.0
Runtime Verification,GITHUB_merged_pull_requests_quarterly,2024-06-01,256.0
Open Source Observer,GITHUB_opened_issues_monthly,2024-06-01,78.0
Trail of Bits Security Reviews,GITHUB_opened_issues_monthly,2024-06-01,40.0
Walnut,GITHUB_opened_issues_quarterly,2024-06-01,26.0
Open Source Observer,GITHUB_opened_issues_biannually,2024-06-01,78.0
thirdweb,GITHUB_opened_issues_biannually,2024-06-01,29.0
Pyth Network,GITHUB_opened_issues_biannually,2024-06-01,6.0
Runtime Verification,GITHUB_opened_issues_biannually,2024-06-01,46.0
Open Source Observer,GITHUB_closed_issues_quarterly,2024-06-01,84.0
Open Source Observer,GITHUB_closed_issues_biannually,2024-06-01,84.0
Walnut,GITHUB_avg_prs_time_to_merge_quarterly,2024-06-01,0.0
Enclave,GITHUB_avg_prs_time_to_merge_quarterly,2024-06-01,0.0
Passport XYZ,GITHUB_avg_prs_time_to_merge_quarterly,2024-06-01,0.0
Enclave,GITHUB_avg_time_to_first_response_quarterly,2024-06-01,81448.8
Pyth Network,GITHUB_avg_time_to_first_response_quarterly,2024-06-01,29769.50303030303
Remix IDE plugin for Arbitrum Stylus,GITHUB_avg_time_to_first_response_quarterly,2024-06-01,0.0
Walnut,GITHUB_avg_prs_time_to_merge_biannually,2024-06-01,0.0
Runtime Verification,GITHUB_avg_prs_time_to_merge_biannually,2024-06-01,0.0
Remix IDE plugin for Arbitrum Stylus,GITHUB_avg_prs_time_to_merge_biannually,2024-06-01,0.0
Runtime Verification,GITHUB_avg_time_to_first_response_biannually,2024-06-01,798771.2919463087
Walnut,GITHUB_avg_time_to_first_response_biannually,2024-06-01,46802.6129032258
Open Source Observer,GITHUB_change_in_full_time_contributors_biannually,2024-06-01,0.0
Remix IDE plugin for Arbitrum Stylus,GITHUB_change_in_new_contributors_biannually,2024-06-01,-1.0
Arbos Foundry,GITHUB_change_in_full_time_contributors_biannually,2024-06-01,0.0
Arbos Foundry,GITHUB_churned_contributors_biannually,2024-06-01,0.0
thirdweb,GITHUB_change_in_new_contributors_biannually,2024-06-01,-12.0
thirdweb,GITHUB_change_in_active_contributors_biannually,2024-06-01,-9.0
Open Source Observer,GITHUB_change_in_new_contributors_quarterly,2024-06-01,-19.0
Remix IDE plugin for Arbitrum Stylus,GITHUB_change_in_new_contributors_quarterly,2024-06-01,-1.0
Remix IDE plugin for Arbitrum Stylus,GITHUB_churned_contributors_quarterly,2024-06-01,-3.0
Open Source Observer,GITHUB_change_in_new_contributors_biannually,2024-06-01,-19.0
Debid - Fairblock,GITHUB_change_in_active_contributors_monthly,2024-06-01,0.0
Debid - Fairblock,GITHUB_change_in_new_contributors_monthly,2024-06-01,0.0
Debid - Fairblock,GITHUB_churned_contributors_monthly,2024-06-01,-1.0
Syndicate Protocol,GITHUB_change_in_full_time_contributors_monthly,2024-06-01,0.0
Walnut,GITHUB_churned_contributors_monthly,2024-06-01,-31.0
Trail of Bits Security Reviews,GITHUB_churned_contributors_monthly,2024-06-01,-10.0
Redstone Finance,GITHUB_change_in_active_contributors_monthly,2024-06-01,3.0
Arbos Foundry,GITHUB_change_in_full_time_contributors_quarterly,2024-06-01,0.0
Runtime Verification,GITHUB_change_in_full_time_contributors_quarterly,2024-06-01,0.0
Passport XYZ,GITHUB_change_in_new_contributors_quarterly,2024-06-01,-3.0
Open Source Observer,GITHUB_change_in_active_contributors_monthly,2024-06-01,-20.0
Enclave,GITHUB_change_in_active_contributors_quarterly,2024-06-01,
Redstone Finance,GITHUB_change_in_new_contributors_quarterly,2024-06-01,2.0
Walnut,GITHUB_change_in_full_time_contributors_quarterly,2024-06-01,0.0
Debid - Fairblock,GITHUB_change_in_active_contributors_quarterly,2024-06-01,0.0
Debid - Fairblock,GITHUB_change_in_new_contributors_quarterly,2024-06-01,0.0
Debid - Fairblock,GITHUB_change_in_full_time_contributors_quarterly,2024-06-01,0.0
thirdweb,GITHUB_change_in_new_contributors_quarterly,2024-06-01,-12.0
thirdweb,GITHUB_change_in_active_contributors_quarterly,2024-06-01,-9.0
Runtime Verification,GITHUB_change_in_active_contributors_quarterly,2024-06-01,-1.0
Enclave,GITHUB_change_in_new_contributors_biannually,2024-06-01,
Trail of Bits Security Reviews,GITHUB_churned_contributors_biannually,2024-06-01,-10.0
Redstone Finance,GITHUB_change_in_new_contributors_biannually,2024-06-01,2.0
Redstone Finance,GITHUB_change_in_active_contributors_biannually,2024-06-01,3.0
Walnut,GITHUB_change_in_full_time_contributors_biannually,2024-06-01,0.0
Runtime Verification,GITHUB_churned_contributors_monthly,2024-06-01,-5.0
Runtime Verification,GITHUB_change_in_new_contributors_monthly,2024-06-01,-2.0
Pyth Network,GITHUB_churned_contributors_monthly,2024-06-01,-41.0
Syndicate Protocol,GITHUB_change_in_new_contributors_monthly,2024-06-01,0.0
Syndicate Protocol,GITHUB_change_in_active_contributors_monthly,2024-06-01,1.0
Pyth Network,GITHUB_churned_contributors_biannually,2024-06-01,-41.0
Pyth Network,GITHUB_change_in_active_contributors_biannually,2024-06-01,-15.0
Pyth Network,GITHUB_forks_weekly,2024-11-25,6.0
Passport XYZ,GITHUB_comments_daily,2024-11-25,20.0
Redstone Finance,GITHUB_commits_daily,2024-11-25,9.0
Passport XYZ,GITHUB_commits_daily,2024-11-25,21.0
thirdweb,GITHUB_stars_weekly,2024-11-25,9.0
Runtime Verification,GITHUB_releases_daily,2024-11-25,2.0
thirdweb,GITHUB_releases_weekly,2024-11-25,3.0
Trail of Bits Security Reviews,GITHUB_releases_weekly,2024-11-25,11.0
Runtime Verification,GITHUB_releases_weekly,2024-11-25,24.0
Solang,GITHUB_commits_weekly,2024-11-25,1.0
thirdweb,GITHUB_commits_weekly,2024-11-25,26.0
thirdweb,GITHUB_comments_weekly,2024-11-25,321.0
Runtime Verification,GITHUB_comments_weekly,2024-11-25,26.0
Enclave,GITHUB_comments_weekly,2024-11-25,48.0
Passport XYZ,GITHUB_comments_weekly,2024-11-25,52.0
Solang,GITHUB_comments_weekly,2024-11-25,2.0
Trail of Bits Security Reviews,GITHUB_forks_daily,2024-11-25,2.0
thirdweb,GITHUB_repositories_daily,2024-11-25,3.0
Solang,GITHUB_repositories_daily,2024-11-25,1.0
Enclave,GITHUB_repositories_daily,2024-11-25,1.0
Redstone Finance,GITHUB_repositories_daily,2024-11-25,3.0
Solang,GITHUB_repositories_weekly,2024-11-25,1.0
Runtime Verification,GITHUB_repositories_weekly,2024-11-25,17.0
Open Source Observer,GITHUB_repositories_weekly,2024-11-25,5.0
thirdweb,GITHUB_contributors_daily,2024-11-25,8.0
Trail of Bits Security Reviews,GITHUB_contributors_weekly,2024-11-25,18.0
Redstone Finance,GITHUB_contributors_weekly,2024-11-25,6.0
Pyth Network,GITHUB_contributors_weekly,2024-11-25,17.0
Walnut,GITHUB_contributors_weekly,2024-11-25,5.0
Debid - Fairblock,GITHUB_active_developers_weekly,2024-11-25,2.0
Walnut,GITHUB_active_developers_daily,2024-11-25,1.0
Open Source Observer,GITHUB_opened_pull_requests_weekly,2024-11-25,24.0
Runtime Verification,GITHUB_opened_pull_requests_daily,2024-11-25,5.0
Open Source Observer,GITHUB_opened_pull_requests_daily,2024-11-25,3.0
Passport XYZ,GITHUB_opened_pull_requests_daily,2024-11-25,9.0
Redstone Finance,GITHUB_opened_pull_requests_daily,2024-11-25,3.0
Trail of Bits Security Reviews,GITHUB_opened_pull_requests_daily,2024-11-25,26.0
Trail of Bits Security Reviews,GITHUB_merged_pull_requests_weekly,2024-11-25,48.0
Pyth Network,GITHUB_merged_pull_requests_daily,2024-11-25,2.0
Debid - Fairblock,GITHUB_merged_pull_requests_daily,2024-11-25,7.0
Trail of Bits Security Reviews,GITHUB_opened_issues_daily,2024-11-25,2.0
Open Source Observer,GITHUB_opened_issues_weekly,2024-11-25,18.0
Runtime Verification,GITHUB_closed_issues_weekly,2024-11-25,1.0
Trail of Bits Security Reviews,GITHUB_closed_issues_weekly,2024-11-25,3.0
Runtime Verification,GITHUB_stars_daily,2024-02-21,1.0
Pyth Network,GITHUB_commits_daily,2024-02-21,22.0
Trail of Bits Security Reviews,GITHUB_forks_daily,2024-02-21,2.0
Pyth Network,GITHUB_forks_daily,2024-02-21,3.0
thirdweb,GITHUB_forks_daily,2024-02-21,2.0
Runtime Verification,GITHUB_repositories_daily,2024-02-21,13.0
Redstone Finance,GITHUB_repositories_daily,2024-02-21,1.0
thirdweb,GITHUB_repositories_daily,2024-02-21,6.0
Walnut,GITHUB_repositories_daily,2024-02-21,2.0
Trail of Bits Security Reviews,GITHUB_repositories_daily,2024-02-21,12.0
Debid - Fairblock,GITHUB_releases_daily,2024-02-21,2.0
thirdweb,GITHUB_releases_daily,2024-02-21,9.0
Pyth Network,GITHUB_contributors_daily,2024-02-21,11.0
thirdweb,GITHUB_contributors_daily,2024-02-21,13.0
Debid - Fairblock,GITHUB_active_developers_daily,2024-02-21,2.0
Pyth Network,GITHUB_opened_pull_requests_daily,2024-02-21,15.0
Runtime Verification,GITHUB_opened_pull_requests_daily,2024-02-21,26.0
Debid - Fairblock,GITHUB_opened_pull_requests_daily,2024-02-21,1.0
thirdweb,GITHUB_opened_pull_requests_daily,2024-02-21,26.0
Open Source Observer,GITHUB_closed_issues_daily,2024-02-21,1.0
Runtime Verification,GITHUB_opened_issues_daily,2024-02-21,10.0
Open Source Observer,GITHUB_opened_issues_daily,2024-02-21,1.0
Trail of Bits Security Reviews,GITHUB_repositories_daily,2024-03-24,7.0
Runtime Verification,GITHUB_contributors_daily,2024-03-24,4.0
thirdweb,GITHUB_contributors_daily,2024-03-24,2.0
Trail of Bits Security Reviews,GITHUB_active_developers_daily,2024-03-24,2.0
Runtime Verification,GITHUB_active_developers_daily,2024-03-24,2.0
Runtime Verification,GITHUB_opened_pull_requests_daily,2024-03-24,4.0
Trail of Bits Security Reviews,GITHUB_merged_pull_requests_daily,2024-03-24,3.0
Open Source Observer,GITHUB_comments_daily,2024-11-06,4.0
Enclave,GITHUB_comments_daily,2024-11-06,2.0
Syndicate Protocol,GITHUB_stars_daily,2024-11-06,1.0
Open Source Observer,GITHUB_stars_daily,2024-11-06,1.0
thirdweb,GITHUB_stars_daily,2024-11-06,1.0
Debid - Fairblock,GITHUB_commits_daily,2024-11-06,1.0
Pyth Network,GITHUB_repositories_daily,2024-11-06,4.0
Passport XYZ,GITHUB_repositories_daily,2024-11-06,2.0
Redstone Finance,GITHUB_repositories_daily,2024-11-06,2.0
Redstone Finance,GITHUB_contributors_daily,2024-11-06,2.0
Pyth Network,GITHUB_contributors_daily,2024-11-06,7.0
Open Source Observer,GITHUB_active_developers_daily,2024-11-06,2.0
Debid - Fairblock,GITHUB_active_developers_daily,2024-11-06,1.0
thirdweb,GITHUB_active_developers_daily,2024-11-06,4.0
Pyth Network,GITHUB_active_developers_daily,2024-11-06,4.0
Trail of Bits Security Reviews,GITHUB_opened_pull_requests_daily,2024-11-06,7.0
Redstone Finance,GITHUB_opened_pull_requests_daily,2024-11-06,1.0
Passport XYZ,GITHUB_opened_pull_requests_daily,2024-11-06,2.0
thirdweb,GITHUB_opened_pull_requests_daily,2024-11-06,17.0
thirdweb,GITHUB_merged_pull_requests_daily,2024-11-06,17.0
Redstone Finance,GITHUB_merged_pull_requests_daily,2024-11-06,1.0
Walnut,GITHUB_part_time_contributors_quarterly,2024-01-01,2.0
Syndicate Protocol,GITHUB_active_contributors_quarterly,2024-01-01,3.0
thirdweb,GITHUB_new_contributors_quarterly,2024-01-01,14.0
Remix IDE plugin for Arbitrum Stylus,GITHUB_part_time_contributors_quarterly,2024-01-01,2.0
Debid - Fairblock,GITHUB_active_contributors_quarterly,2024-01-01,15.0
thirdweb,GITHUB_active_contributors_quarterly,2024-01-01,48.0
Syndicate Protocol,GITHUB_new_contributors_quarterly,2024-01-01,1.0
Runtime Verification,GITHUB_releases_biannually,2024-01-01,96.0
Open Source Observer,GITHUB_forks_weekly,2024-01-01,1.0
Redstone Finance,GITHUB_forks_weekly,2024-01-01,1.0
WakeUp Labs,GITHUB_commits_biannually,2024-01-01,31.0
Syndicate Protocol,GITHUB_commits_biannually,2024-01-01,18.0
Arbos Foundry,GITHUB_contributors_yearly,2024-01-01,2.0
Solang,GITHUB_contributors_yearly,2024-01-01,9.0
Passport XYZ,GITHUB_contributors_yearly,2024-01-01,17.0
Sylow,GITHUB_contributors_yearly,2024-01-01,3.0
Arbos Foundry,GITHUB_repositories_quarterly,2024-01-01,1.0
thirdweb,GITHUB_repositories_quarterly,2024-01-01,14.0
Remix IDE plugin for Arbitrum Stylus,GITHUB_repositories_quarterly,2024-01-01,1.0
Open Source Observer,GITHUB_repositories_quarterly,2024-01-01,3.0
Pyth Network,GITHUB_repositories_quarterly,2024-01-01,16.0
Redstone Finance,GITHUB_repositories_quarterly,2024-01-01,9.0
Redstone Finance,GITHUB_active_developers_yearly,2024-01-01,17.0
Passport XYZ,GITHUB_active_developers_yearly,2024-01-01,8.0
Pyth Network,GITHUB_active_developers_yearly,2024-01-01,23.0
Runtime Verification,GITHUB_forks_monthly,2024-01-01,7.0
Redstone Finance,GITHUB_forks_monthly,2024-01-01,7.0
Pyth Network,GITHUB_forks_monthly,2024-01-01,24.0
WakeUp Labs,GITHUB_part_time_developers_quarterly,2024-01-01,2.0
Trail of Bits Security Reviews,GITHUB_part_time_developers_quarterly,2024-01-01,25.0
Debid - Fairblock,GITHUB_part_time_developers_quarterly,2024-01-01,1.0
Remix IDE plugin for Arbitrum Stylus,GITHUB_part_time_developers_quarterly,2024-01-01,2.0
Open Source Observer,GITHUB_stars_biannually,2024-01-01,10.0
thirdweb,GITHUB_commits_yearly,2024-01-01,4354.0
Trail of Bits Security Reviews,GITHUB_stars_biannually,2024-01-01,442.0
Trail of Bits Security Reviews,GITHUB_commits_yearly,2024-01-01,4272.0
Sylow,GITHUB_commits_yearly,2024-01-01,1.0
Ember,GITHUB_commits_yearly,2024-01-01,26.0
Walnut,GITHUB_stars_biannually,2024-01-01,7.0
Open Source Observer,GITHUB_stars_monthly,2024-01-01,10.0
Debid - Fairblock,GITHUB_stars_monthly,2024-01-01,12.0
thirdweb,GITHUB_stars_monthly,2024-01-01,53.0
Runtime Verification,GITHUB_stars_yearly,2024-01-01,348.0
Enclave,GITHUB_stars_yearly,2024-01-01,15.0
Solang,GITHUB_stars_yearly,2024-01-01,32.0
Walnut,GITHUB_stars_yearly,2024-01-01,63.0
Pyth Network,GITHUB_stars_daily,2024-01-01,2.0
thirdweb,GITHUB_stars_daily,2024-01-01,2.0
Runtime Verification,GITHUB_stars_daily,2024-01-01,1.0
Redstone Finance,GITHUB_stars_weekly,2024-01-01,1.0
Trail of Bits Security Reviews,GITHUB_stars_weekly,2024-01-01,74.0
Open Source Observer,GITHUB_stars_weekly,2024-01-01,1.0
Runtime Verification,GITHUB_stars_weekly,2024-01-01,3.0
thirdweb,GITHUB_stars_weekly,2024-01-01,11.0
Walnut,GITHUB_commits_monthly,2024-01-01,39.0
Syndicate Protocol,GITHUB_commits_monthly,2024-01-01,18.0
Trail of Bits Security Reviews,GITHUB_commits_monthly,2024-01-01,423.0
Arbos Foundry,GITHUB_commits_monthly,2024-01-01,20.0
Remix IDE plugin for Arbitrum Stylus,GITHUB_commits_monthly,2024-01-01,37.0
thirdweb,GITHUB_comments_monthly,2024-01-01,701.0
Open Source Observer,GITHUB_comments_monthly,2024-01-01,125.0
Pyth Network,GITHUB_comments_monthly,2024-01-01,345.0
Debid - Fairblock,GITHUB_stars_quarterly,2024-01-01,12.0
Open Source Observer,GITHUB_stars_quarterly,2024-01-01,10.0
Trail of Bits Security Reviews,GITHUB_stars_quarterly,2024-01-01,442.0
Trail of Bits Security Reviews,GITHUB_releases_weekly,2024-01-01,2.0
thirdweb,GITHUB_releases_weekly,2024-01-01,24.0
Runtime Verification,GITHUB_releases_monthly,2024-01-01,96.0
Debid - Fairblock,GITHUB_commits_weekly,2024-01-01,1.0
Open Source Observer,GITHUB_commits_weekly,2024-01-01,5.0
Remix IDE plugin for Arbitrum Stylus,GITHUB_commits_weekly,2024-01-01,1.0
Redstone Finance,GITHUB_commits_weekly,2024-01-01,19.0
Walnut,GITHUB_commits_weekly,2024-01-01,1.0
Redstone Finance,GITHUB_commits_quarterly,2024-01-01,94.0
Open Source Observer,GITHUB_commits_quarterly,2024-01-01,84.0
Remix IDE plugin for Arbitrum Stylus,GITHUB_commits_quarterly,2024-01-01,37.0
Enclave,GITHUB_releases_yearly,2024-01-01,4.0
Runtime Verification,GITHUB_releases_yearly,2024-01-01,1754.0
Trail of Bits Security Reviews,GITHUB_releases_yearly,2024-01-01,191.0
Debid - Fairblock,GITHUB_forks_biannually,2024-01-01,21.0
Walnut,GITHUB_forks_biannually,2024-01-01,1.0
Redstone Finance,GITHUB_forks_biannually,2024-01-01,7.0
Remix IDE plugin for Arbitrum Stylus,GITHUB_forks_yearly,2024-01-01,2.0
Sylow,GITHUB_forks_yearly,2024-01-01,1.0
WakeUp Labs,GITHUB_forks_yearly,2024-01-01,1.0
Walnut,GITHUB_forks_yearly,2024-01-01,74.0
Redstone Finance,GITHUB_forks_yearly,2024-01-01,142.0
Open Source Observer,GITHUB_repositories_weekly,2024-01-01,3.0
Remix IDE plugin for Arbitrum Stylus,GITHUB_repositories_weekly,2024-01-01,1.0
Walnut,GITHUB_repositories_weekly,2024-01-01,1.0
Pyth Network,GITHUB_repositories_daily,2024-01-01,3.0
Runtime Verification,GITHUB_repositories_monthly,2024-01-01,30.0
Open Source Observer,GITHUB_repositories_monthly,2024-01-01,3.0
Syndicate Protocol,GITHUB_repositories_biannually,2024-01-01,2.0
Open Source Observer,GITHUB_repositories_biannually,2024-01-01,3.0
Passport XYZ,GITHUB_repositories_yearly,2024-01-01,16.0
Syndicate Protocol,GITHUB_repositories_yearly,2024-01-01,7.0
Runtime Verification,GITHUB_repositories_biannually,2024-01-01,30.0
Walnut,GITHUB_repositories_biannually,2024-01-01,2.0
Arbos Foundry,GITHUB_repositories_biannually,2024-01-01,1.0
WakeUp Labs,GITHUB_contributors_monthly,2024-01-01,4.0
Debid - Fairblock,GITHUB_contributors_monthly,2024-01-01,15.0
Walnut,GITHUB_contributors_monthly,2024-01-01,2.0
Open Source Observer,GITHUB_contributors_monthly,2024-01-01,6.0
Open Source Observer,GITHUB_contributors_weekly,2024-01-01,2.0
Pyth Network,GITHUB_contributors_weekly,2024-01-01,8.0
Redstone Finance,GITHUB_contributors_monthly,2024-01-01,5.0
thirdweb,GITHUB_contributors_weekly,2024-01-01,24.0
Runtime Verification,GITHUB_contributors_biannually,2024-01-01,29.0
Pyth Network,GITHUB_contributors_biannually,2024-01-01,19.0
Redstone Finance,GITHUB_active_developers_weekly,2024-01-01,2.0
Walnut,GITHUB_active_developers_weekly,2024-01-01,1.0
Pyth Network,GITHUB_contributors_daily,2024-01-01,3.0
Open Source Observer,GITHUB_part_time_developers_monthly,2024-01-01,3.0
thirdweb,GITHUB_part_time_developers_monthly,2024-01-01,21.0
Open Source Observer,GITHUB_active_developers_monthly,2024-01-01,4.0
Open Source Observer,GITHUB_full_time_developers_monthly,2024-01-01,1.0
Trail of Bits Security Reviews,GITHUB_active_developers_monthly,2024-01-01,25.0
Trail of Bits Security Reviews,GITHUB_full_time_developers_monthly,2024-01-01,2.0
Remix IDE plugin for Arbitrum Stylus,GITHUB_part_time_developers_biannually,2024-01-01,2.0
Debid - Fairblock,GITHUB_part_time_developers_biannually,2024-01-01,1.0
Trail of Bits Security Reviews,GITHUB_part_time_developers_biannually,2024-01-01,25.0
WakeUp Labs,GITHUB_part_time_developers_biannually,2024-01-01,2.0
Runtime Verification,GITHUB_part_time_developers_biannually,2024-01-01,20.0
Trail of Bits Security Reviews,GITHUB_full_time_developers_yearly,2024-01-01,3.0
Runtime Verification,GITHUB_full_time_contributors_monthly,2024-01-01,7.0
Trail of Bits Security Reviews,GITHUB_active_contributors_monthly,2024-01-01,52.0
Open Source Observer,GITHUB_active_contributors_monthly,2024-01-01,6.0
Pyth Network,GITHUB_full_time_contributors_monthly,2024-01-01,4.0
Redstone Finance,GITHUB_full_time_contributors_monthly,2024-01-01,1.0
Trail of Bits Security Reviews,GITHUB_part_time_contributors_monthly,2024-01-01,50.0
Syndicate Protocol,GITHUB_part_time_contributors_monthly,2024-01-01,3.0
Open Source Observer,GITHUB_new_contributors_monthly,2024-01-01,1.0
thirdweb,GITHUB_new_contributors_monthly,2024-01-01,14.0
Trail of Bits Security Reviews,GITHUB_new_contributors_monthly,2024-01-01,21.0
Redstone Finance,GITHUB_full_time_developers_yearly,2024-01-01,1.0
Passport XYZ,GITHUB_part_time_developers_yearly,2024-01-01,8.0
Remix IDE plugin for Arbitrum Stylus,GITHUB_part_time_developers_yearly,2024-01-01,6.0
Enclave,GITHUB_part_time_developers_yearly,2024-01-01,6.0
Runtime Verification,GITHUB_part_time_developers_yearly,2024-01-01,38.0
Walnut,GITHUB_part_time_developers_yearly,2024-01-01,6.0
thirdweb,GITHUB_full_time_developers_yearly,2024-01-01,3.0
Solang,GITHUB_part_time_developers_yearly,2024-01-01,3.0
Syndicate Protocol,GITHUB_part_time_contributors_biannually,2024-01-01,3.0
Pyth Network,GITHUB_new_contributors_biannually,2024-01-01,6.0
Arbos Foundry,GITHUB_part_time_contributors_biannually,2024-01-01,1.0
Walnut,GITHUB_part_time_contributors_biannually,2024-01-01,2.0
Trail of Bits Security Reviews,GITHUB_active_contributors_biannually,2024-01-01,52.0
Open Source Observer,GITHUB_change_in_active_developers_monthly,2024-01-01,0.0
WakeUp Labs,GITHUB_change_in_active_developers_monthly,2024-01-01,-2.0
Walnut,GITHUB_change_in_active_developers_monthly,2024-01-01,1.0
Arbos Foundry,GITHUB_change_in_part_time_contributors_monthly,2024-01-01,0.0
thirdweb,GITHUB_change_in_part_time_contributors_monthly,2024-01-01,2.0
Runtime Verification,GITHUB_full_time_contributors_yearly,2024-01-01,6.0
Trail of Bits Security Reviews,GITHUB_new_contributors_yearly,2024-01-01,178.0
Enclave,GITHUB_active_contributors_yearly,2024-01-01,7.0
Enclave,GITHUB_new_contributors_yearly,2024-01-01,7.0
Redstone Finance,GITHUB_full_time_contributors_yearly,2024-01-01,1.0
Pyth Network,GITHUB_active_contributors_yearly,2024-01-01,164.0
Open Source Observer,GITHUB_change_in_part_time_contributors_monthly,2024-01-01,1.0
Debid - Fairblock,GITHUB_active_contributors_yearly,2024-01-01,46.0
Passport XYZ,GITHUB_new_contributors_yearly,2024-01-01,17.0
Remix IDE plugin for Arbitrum Stylus,GITHUB_change_in_active_developers_monthly,2024-01-01,1.0
Open Source Observer,GITHUB_new_contributors_yearly,2024-01-01,126.0
Runtime Verification,GITHUB_part_time_contributors_yearly,2024-01-01,75.0
Runtime Verification,GITHUB_new_contributors_yearly,2024-01-01,36.0
thirdweb,GITHUB_new_contributors_yearly,2024-01-01,217.0
Solang,GITHUB_new_contributors_yearly,2024-01-01,9.0
Redstone Finance,GITHUB_active_contributors_yearly,2024-01-01,33.0
Moving Stylus,GITHUB_part_time_contributors_yearly,2024-01-01,2.0
Syndicate Protocol,GITHUB_active_contributors_yearly,2024-01-01,6.0
Syndicate Protocol,GITHUB_change_in_active_developers_quarterly,2024-01-01,-2.0
Arbos Foundry,GITHUB_change_in_active_developers_quarterly,2024-01-01,0.0
Runtime Verification,GITHUB_change_in_part_time_contributors_quarterly,2024-01-01,11.0
Remix IDE plugin for Arbitrum Stylus,GITHUB_change_in_active_developers_quarterly,2024-01-01,1.0
Debid - Fairblock,GITHUB_change_in_active_developers_biannually,2024-01-01,-9.0
WakeUp Labs,GITHUB_change_in_part_time_contributors_biannually,2024-01-01,-2.0
Trail of Bits Security Reviews,GITHUB_change_in_part_time_contributors_biannually,2024-01-01,-23.0
Runtime Verification,GITHUB_change_in_active_developers_biannually,2024-01-01,11.0
Pyth Network,GITHUB_change_in_full_time_contributors_yearly,2024-01-01,-1.0
Enclave,GITHUB_change_in_part_time_contributors_yearly,2024-01-01,
Syndicate Protocol,GITHUB_change_in_part_time_contributors_yearly,2024-01-01,-4.0
Syndicate Protocol,GITHUB_change_in_active_developers_yearly,2024-01-01,-4.0
Sylow,GITHUB_change_in_active_developers_yearly,2024-01-01,
Arbos Foundry,GITHUB_change_in_active_developers_yearly,2024-01-01,0.0
Redstone Finance,GITHUB_change_in_full_time_contributors_yearly,2024-01-01,2.0
CoBuilders,GITHUB_change_in_active_developers_yearly,2024-01-01,
Trail of Bits Security Reviews,GITHUB_change_in_active_developers_yearly,2024-01-01,-45.0
Trail of Bits Security Reviews,GITHUB_change_in_active_developers_quarterly,2024-01-01,-23.0
WakeUp Labs,GITHUB_change_in_part_time_contributors_quarterly,2024-01-01,-2.0
Arbos Foundry,GITHUB_change_in_part_time_contributors_quarterly,2024-01-01,0.0
thirdweb,GITHUB_change_in_active_developers_quarterly,2024-01-01,-1.0
thirdweb,GITHUB_change_in_active_developers_yearly,2024-01-01,-20.0
Open Source Observer,GITHUB_change_in_full_time_contributors_yearly,2024-01-01,
Trail of Bits Security Reviews,GITHUB_change_in_full_time_contributors_yearly,2024-01-01,-1.0
Redstone Finance,GITHUB_change_in_part_time_contributors_biannually,2024-01-01,4.0
thirdweb,GITHUB_change_in_part_time_contributors_biannually,2024-01-01,-1.0
Sylow,GITHUB_change_in_part_time_contributors_yearly,2024-01-01,
Pyth Network,GITHUB_opened_pull_requests_daily,2024-01-01,2.0
thirdweb,GITHUB_opened_pull_requests_daily,2024-01-01,1.0
Redstone Finance,GITHUB_opened_pull_requests_weekly,2024-01-01,1.0
Runtime Verification,GITHUB_opened_pull_requests_weekly,2024-01-01,1.0
Debid - Fairblock,GITHUB_opened_pull_requests_monthly,2024-01-01,22.0
Runtime Verification,GITHUB_opened_pull_requests_monthly,2024-01-01,242.0
Remix IDE plugin for Arbitrum Stylus,GITHUB_opened_pull_requests_yearly,2024-01-01,20.0
Redstone Finance,GITHUB_opened_pull_requests_biannually,2024-01-01,3.0
WakeUp Labs,GITHUB_opened_pull_requests_biannually,2024-01-01,11.0
Debid - Fairblock,GITHUB_opened_pull_requests_biannually,2024-01-01,22.0
Pyth Network,GITHUB_opened_pull_requests_biannually,2024-01-01,147.0
Open Source Observer,GITHUB_opened_pull_requests_yearly,2024-01-01,1425.0
Arbos Foundry,GITHUB_opened_pull_requests_yearly,2024-01-01,5.0
Moving Stylus,GITHUB_opened_pull_requests_yearly,2024-01-01,8.0
thirdweb,GITHUB_merged_pull_requests_daily,2024-01-01,1.0
Pyth Network,GITHUB_merged_pull_requests_monthly,2024-01-01,113.0
Pyth Network,GITHUB_merged_pull_requests_biannually,2024-01-01,113.0
Debid - Fairblock,GITHUB_merged_pull_requests_biannually,2024-01-01,17.0
Open Source Observer,GITHUB_merged_pull_requests_biannually,2024-01-01,67.0
Open Source Observer,GITHUB_merged_pull_requests_yearly,2024-01-01,1317.0
Open Source Observer,GITHUB_merged_pull_requests_quarterly,2024-01-01,67.0
Trail of Bits Security Reviews,GITHUB_merged_pull_requests_quarterly,2024-01-01,212.0
Syndicate Protocol,GITHUB_merged_pull_requests_yearly,2024-01-01,11.0
Walnut,GITHUB_merged_pull_requests_biannually,2024-01-01,2.0
thirdweb,GITHUB_merged_pull_requests_yearly,2024-01-01,4209.0
Trail of Bits Security Reviews,GITHUB_merged_pull_requests_biannually,2024-01-01,212.0
Runtime Verification,GITHUB_merged_pull_requests_quarterly,2024-01-01,208.0
WakeUp Labs,GITHUB_merged_pull_requests_quarterly,2024-01-01,9.0
thirdweb,GITHUB_opened_issues_weekly,2024-01-01,5.0
Runtime Verification,GITHUB_opened_issues_monthly,2024-01-01,64.0
Walnut,GITHUB_opened_issues_monthly,2024-01-01,20.0
Pyth Network,GITHUB_opened_issues_biannually,2024-01-01,7.0
thirdweb,GITHUB_opened_issues_yearly,2024-01-01,225.0
Runtime Verification,GITHUB_opened_issues_yearly,2024-01-01,730.0
Walnut,GITHUB_opened_issues_biannually,2024-01-01,20.0
Trail of Bits Security Reviews,GITHUB_closed_issues_quarterly,2024-01-01,21.0
thirdweb,GITHUB_closed_issues_quarterly,2024-01-01,22.0
Open Source Observer,GITHUB_avg_prs_time_to_merge_biannually,2024-01-01,0.0
Walnut,GITHUB_closed_issues_yearly,2024-01-01,149.0
Enclave,GITHUB_closed_issues_yearly,2024-01-01,50.0
Pyth Network,GITHUB_closed_issues_yearly,2024-01-01,35.0
Runtime Verification,GITHUB_avg_prs_time_to_merge_quarterly,2024-01-01,0.0
thirdweb,GITHUB_avg_time_to_first_response_quarterly,2024-01-01,47972.94984326019
Runtime Verification,GITHUB_avg_prs_time_to_merge_biannually,2024-01-01,0.0
Walnut,GITHUB_avg_prs_time_to_merge_biannually,2024-01-01,0.0
Open Source Observer,GITHUB_avg_time_to_first_response_quarterly,2024-01-01,523950.8461538461
Walnut,GITHUB_avg_time_to_first_response_biannually,2024-01-01,90735.35714285714
Trail of Bits Security Reviews,GITHUB_avg_time_to_first_response_biannually,2024-01-01,902403.0384615385
Redstone Finance,GITHUB_avg_time_to_first_response_biannually,2024-01-01,1984479.5
Open Source Observer,GITHUB_avg_time_to_first_response_biannually,2024-01-01,523950.8461538461
Debid - Fairblock,GITHUB_change_in_new_contributors_monthly,2024-01-01,-9.0
Debid - Fairblock,GITHUB_churned_contributors_monthly,2024-01-01,-23.0
WakeUp Labs,GITHUB_change_in_new_contributors_monthly,2024-01-01,1.0
WakeUp Labs,GITHUB_churned_contributors_monthly,2024-01-01,-3.0
Syndicate Protocol,GITHUB_churned_contributors_monthly,2024-01-01,-3.0
Debid - Fairblock,GITHUB_change_in_full_time_contributors_quarterly,2024-01-01,0.0
Runtime Verification,GITHUB_change_in_full_time_contributors_quarterly,2024-01-01,0.0
Arbos Foundry,GITHUB_churned_contributors_quarterly,2024-01-01,0.0
WakeUp Labs,GITHUB_change_in_full_time_contributors_quarterly,2024-01-01,0.0
Pyth Network,GITHUB_change_in_new_contributors_quarterly,2024-01-01,0.0
Syndicate Protocol,GITHUB_change_in_new_contributors_quarterly,2024-01-01,0.0
Debid - Fairblock,GITHUB_change_in_full_time_contributors_biannually,2024-01-01,0.0
Runtime Verification,GITHUB_churned_contributors_biannually,2024-01-01,11.0
Runtime Verification,GITHUB_change_in_active_contributors_biannually,2024-01-01,11.0
WakeUp Labs,GITHUB_change_in_active_contributors_biannually,2024-01-01,-2.0
Pyth Network,GITHUB_change_in_active_contributors_biannually,2024-01-01,-1.0
Syndicate Protocol,GITHUB_change_in_active_contributors_biannually,2024-01-01,-2.0
Solang,GITHUB_change_in_active_contributors_yearly,2024-01-01,
Remix IDE plugin for Arbitrum Stylus,GITHUB_change_in_new_contributors_quarterly,2024-01-01,1.0
Solang,GITHUB_churned_contributors_yearly,2024-01-01,
thirdweb,GITHUB_change_in_active_contributors_yearly,2024-01-01,-20.0
Runtime Verification,GITHUB_churned_contributors_yearly,2024-01-01,-32.0
Arbos Foundry,GITHUB_change_in_new_contributors_biannually,2024-01-01,0.0
Arbos Foundry,GITHUB_churned_contributors_biannually,2024-01-01,0.0
Arbos Foundry,GITHUB_churned_contributors_yearly,2024-01-01,0.0
Arbos Foundry,GITHUB_change_in_active_contributors_yearly,2024-01-01,0.0
Sylow,GITHUB_change_in_full_time_contributors_yearly,2024-01-01,
WakeUp Labs,GITHUB_change_in_new_contributors_yearly,2024-01-01,1.0
WakeUp Labs,GITHUB_change_in_full_time_contributors_yearly,2024-01-01,0.0
CoBuilders,GITHUB_change_in_full_time_contributors_yearly,2024-01-01,
Syndicate Protocol,GITHUB_change_in_full_time_contributors_yearly,2024-01-01,0.0
Passport XYZ,GITHUB_change_in_active_contributors_yearly,2024-01-01,
Passport XYZ,GITHUB_change_in_full_time_contributors_yearly,2024-01-01,
Moving Stylus,GITHUB_change_in_new_contributors_yearly,2024-01-01,1.0
Enclave,GITHUB_change_in_active_contributors_yearly,2024-01-01,
Enclave,GITHUB_change_in_new_contributors_yearly,2024-01-01,
Open Source Observer,GITHUB_change_in_full_time_contributors_quarterly,2024-01-01,0.0
Walnut,GITHUB_churned_contributors_quarterly,2024-01-01,1.0
Redstone Finance,GITHUB_change_in_active_contributors_quarterly,2024-01-01,4.0
Walnut,GITHUB_change_in_full_time_contributors_quarterly,2024-01-01,0.0
Open Source Observer,GITHUB_change_in_active_contributors_biannually,2024-01-01,0.0
Trail of Bits Security Reviews,GITHUB_change_in_active_contributors_monthly,2024-01-01,-23.0
Walnut,GITHUB_change_in_active_contributors_monthly,2024-01-01,1.0
Walnut,GITHUB_change_in_new_contributors_monthly,2024-01-01,3.0
Remix IDE plugin for Arbitrum Stylus,GITHUB_churned_contributors_biannually,2024-01-01,1.0
Remix IDE plugin for Arbitrum Stylus,GITHUB_change_in_active_contributors_biannually,2024-01-01,1.0
Trail of Bits Security Reviews,GITHUB_change_in_new_contributors_yearly,2024-01-01,-50.0
Redstone Finance,GITHUB_change_in_new_contributors_yearly,2024-01-01,-7.0
Trail of Bits Security Reviews,GITHUB_churned_contributors_yearly,2024-01-01,-223.0
Trail of Bits Security Reviews,GITHUB_change_in_active_contributors_yearly,2024-01-01,-45.0
Arbos Foundry,GITHUB_change_in_full_time_contributors_monthly,2024-01-01,0.0
Arbos Foundry,GITHUB_change_in_new_contributors_monthly,2024-01-01,0.0
Redstone Finance,GITHUB_change_in_new_contributors_biannually,2024-01-01,6.0
Redstone Finance,GITHUB_change_in_active_contributors_biannually,2024-01-01,4.0
Enclave,GITHUB_comments_daily,2025-02-11,1.0
Open Source Observer,GITHUB_comments_daily,2025-02-11,23.0
Open Source Observer,GITHUB_stars_daily,2025-02-11,1.0
Pyth Network,GITHUB_commits_daily,2025-02-11,9.0
Solang,GITHUB_repositories_daily,2025-02-11,1.0
9Lives,GITHUB_contributors_daily,2025-02-11,1.0
Pyth Network,GITHUB_contributors_daily,2025-02-11,6.0
Walnut,GITHUB_contributors_daily,2025-02-11,4.0
Trail of Bits Security Reviews,GITHUB_contributors_daily,2025-02-11,7.0
Redstone Finance,GITHUB_active_developers_daily,2025-02-11,3.0
Passport XYZ,GITHUB_active_developers_daily,2025-02-11,1.0
9Lives,GITHUB_active_developers_daily,2025-02-11,1.0
Open Source Observer,GITHUB_active_developers_daily,2025-02-11,5.0
Pyth Network,GITHUB_active_developers_daily,2025-02-11,6.0
Passport XYZ,GITHUB_opened_pull_requests_daily,2025-02-11,10.0
Redstone Finance,GITHUB_opened_pull_requests_daily,2025-02-11,1.0
Open Source Observer,GITHUB_opened_pull_requests_daily,2025-02-11,8.0
Trail of Bits Security Reviews,GITHUB_opened_pull_requests_daily,2025-02-11,12.0
Trail of Bits Security Reviews,GITHUB_merged_pull_requests_daily,2025-02-11,12.0
Solang,GITHUB_opened_issues_daily,2025-02-11,5.0
thirdweb,GITHUB_opened_issues_daily,2025-02-11,1.0
Walnut,GITHUB_opened_issues_daily,2025-02-11,3.0
Trail of Bits Security Reviews,GITHUB_closed_issues_daily,2025-02-11,1.0
Trail of Bits Security Reviews,GITHUB_forks_weekly,2024-09-23,7.0
Open Source Observer,GITHUB_comments_daily,2024-09-23,23.0
Trail of Bits Security Reviews,GITHUB_stars_weekly,2024-09-23,81.0
Pyth Network,GITHUB_releases_weekly,2024-09-23,5.0
Remix IDE plugin for Arbitrum Stylus,GITHUB_releases_weekly,2024-09-23,3.0
Trail of Bits Security Reviews,GITHUB_releases_weekly,2024-09-23,2.0
thirdweb,GITHUB_releases_weekly,2024-09-23,14.0
Enclave,GITHUB_commits_daily,2024-09-23,2.0
Walnut,GITHUB_commits_daily,2024-09-23,47.0
Debid - Fairblock,GITHUB_comments_weekly,2024-09-23,2.0
Trail of Bits Security Reviews,GITHUB_commits_weekly,2024-09-23,39.0
Runtime Verification,GITHUB_commits_weekly,2024-09-23,36.0
Enclave,GITHUB_commits_weekly,2024-09-23,24.0
Pyth Network,GITHUB_commits_weekly,2024-09-23,47.0
Open Source Observer,GITHUB_commits_weekly,2024-09-23,54.0
Passport XYZ,GITHUB_comments_weekly,2024-09-23,58.0
thirdweb,GITHUB_comments_weekly,2024-09-23,720.0
Walnut,GITHUB_comments_weekly,2024-09-23,3.0
Debid - Fairblock,GITHUB_releases_daily,2024-09-23,1.0
Runtime Verification,GITHUB_releases_daily,2024-09-23,3.0
Sylow,GITHUB_repositories_weekly,2024-09-23,1.0
Arbos Foundry,GITHUB_repositories_weekly,2024-09-23,1.0
Enclave,GITHUB_repositories_daily,2024-09-23,1.0
Walnut,GITHUB_repositories_daily,2024-09-23,3.0
Runtime Verification,GITHUB_contributors_weekly,2024-09-23,13.0
Solang,GITHUB_contributors_weekly,2024-09-23,1.0
Open Source Observer,GITHUB_contributors_weekly,2024-09-23,9.0
Remix IDE plugin for Arbitrum Stylus,GITHUB_contributors_weekly,2024-09-23,1.0
Redstone Finance,GITHUB_contributors_weekly,2024-09-23,5.0
Arbos Foundry,GITHUB_contributors_weekly,2024-09-23,1.0
Enclave,GITHUB_contributors_weekly,2024-09-23,2.0
Redstone Finance,GITHUB_active_developers_weekly,2024-09-23,4.0
Runtime Verification,GITHUB_active_developers_weekly,2024-09-23,8.0
Open Source Observer,GITHUB_active_developers_weekly,2024-09-23,5.0
Remix IDE plugin for Arbitrum Stylus,GITHUB_active_developers_weekly,2024-09-23,1.0
Trail of Bits Security Reviews,GITHUB_active_developers_weekly,2024-09-23,7.0
Debid - Fairblock,GITHUB_contributors_daily,2024-09-23,2.0
Enclave,GITHUB_contributors_daily,2024-09-23,2.0
Pyth Network,GITHUB_contributors_daily,2024-09-23,9.0
Enclave,GITHUB_active_developers_daily,2024-09-23,1.0
Trail of Bits Security Reviews,GITHUB_active_developers_daily,2024-09-23,4.0
Walnut,GITHUB_active_developers_daily,2024-09-23,2.0
Debid - Fairblock,GITHUB_active_developers_daily,2024-09-23,1.0
Enclave,GITHUB_opened_pull_requests_weekly,2024-09-23,4.0
thirdweb,GITHUB_opened_pull_requests_weekly,2024-09-23,111.0
Solang,GITHUB_opened_pull_requests_weekly,2024-09-23,1.0
Trail of Bits Security Reviews,GITHUB_opened_pull_requests_weekly,2024-09-23,44.0
Passport XYZ,GITHUB_opened_pull_requests_weekly,2024-09-23,33.0
thirdweb,GITHUB_merged_pull_requests_weekly,2024-09-23,95.0
Passport XYZ,GITHUB_merged_pull_requests_weekly,2024-09-23,20.0
Open Source Observer,GITHUB_merged_pull_requests_daily,2024-09-23,5.0
Debid - Fairblock,GITHUB_merged_pull_requests_daily,2024-09-23,1.0
Redstone Finance,GITHUB_merged_pull_requests_daily,2024-09-23,7.0
Walnut,GITHUB_merged_pull_requests_daily,2024-09-23,2.0
Sylow,GITHUB_opened_issues_weekly,2024-09-23,1.0
Open Source Observer,GITHUB_opened_issues_daily,2024-09-23,3.0
Solang,GITHUB_closed_issues_weekly,2024-09-23,1.0
Open Source Observer,GITHUB_closed_issues_weekly,2024-09-23,24.0
Enclave,GITHUB_comments_daily,2024-11-22,4.0
Pyth Network,GITHUB_comments_daily,2024-11-22,12.0
Trail of Bits Security Reviews,GITHUB_comments_daily,2024-11-22,23.0
Redstone Finance,GITHUB_comments_daily,2024-11-22,5.0
Runtime Verification,GITHUB_comments_daily,2024-11-22,4.0
Trail of Bits Security Reviews,GITHUB_stars_daily,2024-11-22,9.0
Pyth Network,GITHUB_commits_daily,2024-11-22,2.0
Moving Stylus,GITHUB_commits_daily,2024-11-22,7.0
Runtime Verification,GITHUB_releases_daily,2024-11-22,3.0
Trail of Bits Security Reviews,GITHUB_forks_daily,2024-11-22,2.0
Pyth Network,GITHUB_forks_daily,2024-11-22,1.0
Passport XYZ,GITHUB_repositories_daily,2024-11-22,4.0
Debid - Fairblock,GITHUB_repositories_daily,2024-11-22,1.0
thirdweb,GITHUB_contributors_daily,2024-11-22,11.0
Open Source Observer,GITHUB_contributors_daily,2024-11-22,3.0
Enclave,GITHUB_contributors_daily,2024-11-22,1.0
Moving Stylus,GITHUB_active_developers_daily,2024-11-22,1.0
Passport XYZ,GITHUB_opened_pull_requests_daily,2024-11-22,9.0
Redstone Finance,GITHUB_opened_pull_requests_daily,2024-11-22,3.0
Runtime Verification,GITHUB_opened_pull_requests_daily,2024-11-22,6.0
Runtime Verification,GITHUB_merged_pull_requests_daily,2024-11-22,4.0
Passport XYZ,GITHUB_merged_pull_requests_daily,2024-11-22,3.0
Open Source Observer,GITHUB_merged_pull_requests_daily,2024-11-22,1.0
Trail of Bits Security Reviews,GITHUB_opened_issues_daily,2024-11-22,1.0
thirdweb,GITHUB_opened_issues_daily,2024-11-22,1.0
Passport XYZ,GITHUB_closed_issues_daily,2024-11-22,2.0
Pyth Network,GITHUB_comments_daily,2024-01-16,4.0
Redstone Finance,GITHUB_stars_daily,2024-01-16,1.0
Redstone Finance,GITHUB_commits_daily,2024-01-16,4.0
Open Source Observer,GITHUB_commits_daily,2024-01-16,2.0
Remix IDE plugin for Arbitrum Stylus,GITHUB_repositories_daily,2024-01-16,1.0
Pyth Network,GITHUB_repositories_daily,2024-01-16,4.0
thirdweb,GITHUB_contributors_daily,2024-01-16,10.0
Remix IDE plugin for Arbitrum Stylus,GITHUB_contributors_daily,2024-01-16,2.0
Open Source Observer,GITHUB_contributors_daily,2024-01-16,2.0
Trail of Bits Security Reviews,GITHUB_active_developers_daily,2024-01-16,6.0
Trail of Bits Security Reviews,GITHUB_opened_pull_requests_daily,2024-01-16,10.0
Open Source Observer,GITHUB_merged_pull_requests_daily,2024-01-16,3.0
thirdweb,GITHUB_merged_pull_requests_daily,2024-01-16,7.0
Runtime Verification,GITHUB_comments_daily,2024-04-03,25.0
Pyth Network,GITHUB_stars_daily,2024-04-03,1.0
Runtime Verification,GITHUB_commits_daily,2024-04-03,23.0
Trail of Bits Security Reviews,GITHUB_releases_daily,2024-04-03,1.0
Trail of Bits Security Reviews,GITHUB_forks_daily,2024-04-03,1.0
Redstone Finance,GITHUB_repositories_daily,2024-04-03,3.0
Open Source Observer,GITHUB_contributors_daily,2024-04-03,2.0
Arbos Foundry,GITHUB_active_developers_daily,2024-04-03,1.0
Debid - Fairblock,GITHUB_active_developers_daily,2024-04-03,1.0
thirdweb,GITHUB_active_developers_daily,2024-04-03,6.0
Redstone Finance,GITHUB_active_developers_daily,2024-04-03,2.0
Runtime Verification,GITHUB_active_developers_daily,2024-04-03,6.0
Trail of Bits Security Reviews,GITHUB_active_developers_daily,2024-04-03,6.0
thirdweb,GITHUB_opened_pull_requests_daily,2024-04-03,21.0
Open Source Observer,GITHUB_opened_pull_requests_daily,2024-04-03,3.0
Trail of Bits Security Reviews,GITHUB_opened_pull_requests_daily,2024-04-03,9.0
Runtime Verification,GITHUB_merged_pull_requests_daily,2024-04-03,15.0
Pyth Network,GITHUB_merged_pull_requests_daily,2024-04-03,4.0
Open Source Observer,GITHUB_merged_pull_requests_daily,2024-04-03,5.0
Trail of Bits Security Reviews,GITHUB_merged_pull_requests_daily,2024-04-03,12.0
Open Source Observer,GITHUB_closed_issues_daily,2024-04-03,3.0
thirdweb,GITHUB_closed_issues_daily,2024-04-03,2.0
Open Source Observer,GITHUB_comments_daily,2024-07-09,5.0
Redstone Finance,GITHUB_commits_daily,2024-07-09,5.0
Open Source Observer,GITHUB_active_developers_daily,2024-07-09,1.0
Runtime Verification,GITHUB_merged_pull_requests_daily,2024-07-09,10.0
Trail of Bits Security Reviews,GITHUB_opened_issues_daily,2024-07-09,5.0
Walnut,GITHUB_comments_daily,2024-05-31,15.0
Trail of Bits Security Reviews,GITHUB_commits_daily,2024-05-31,37.0
Trail of Bits Security Reviews,GITHUB_forks_daily,2024-05-31,1.0
Open Source Observer,GITHUB_repositories_daily,2024-05-31,3.0
Walnut,GITHUB_repositories_daily,2024-05-31,2.0
Walnut,GITHUB_contributors_daily,2024-05-31,3.0
Open Source Observer,GITHUB_active_developers_daily,2024-05-31,2.0
Runtime Verification,GITHUB_opened_pull_requests_daily,2024-05-31,14.0
Open Source Observer,GITHUB_opened_pull_requests_daily,2024-05-31,5.0
Runtime Verification,GITHUB_merged_pull_requests_daily,2024-05-31,10.0
Open Source Observer,GITHUB_merged_pull_requests_daily,2024-05-31,5.0
Pyth Network,GITHUB_merged_pull_requests_daily,2024-05-31,8.0
Runtime Verification,GITHUB_closed_issues_daily,2024-05-31,4.0
Walnut,GITHUB_comments_daily,2024-04-27,2.0
Runtime Verification,GITHUB_releases_daily,2024-04-27,2.0
Runtime Verification,GITHUB_repositories_daily,2024-04-27,4.0
Trail of Bits Security Reviews,GITHUB_contributors_daily,2024-04-27,1.0
thirdweb,GITHUB_active_developers_daily,2024-04-27,1.0
Runtime Verification,GITHUB_active_developers_daily,2024-04-27,1.0
Runtime Verification,GITHUB_opened_pull_requests_daily,2024-04-27,1.0
Trail of Bits Security Reviews,GITHUB_merged_pull_requests_daily,2024-04-27,1.0
Debid - Fairblock,GITHUB_comments_daily,2024-02-22,3.0
Runtime Verification,GITHUB_comments_daily,2024-02-22,58.0
Walnut,GITHUB_comments_daily,2024-02-22,3.0
Open Source Observer,GITHUB_stars_daily,2024-02-22,1.0
Redstone Finance,GITHUB_stars_daily,2024-02-22,2.0
Walnut,GITHUB_commits_daily,2024-02-22,1.0
Walnut,GITHUB_forks_daily,2024-02-22,1.0
Pyth Network,GITHUB_repositories_daily,2024-02-22,8.0
Trail of Bits Security Reviews,GITHUB_repositories_daily,2024-02-22,15.0
Trail of Bits Security Reviews,GITHUB_contributors_daily,2024-02-22,4.0
Open Source Observer,GITHUB_contributors_daily,2024-02-22,3.0
thirdweb,GITHUB_merged_pull_requests_daily,2024-02-22,11.0
Runtime Verification,GITHUB_opened_issues_daily,2024-02-22,4.0
Walnut,GITHUB_closed_issues_daily,2024-02-22,1.0
Open Source Observer,GITHUB_comments_daily,2024-02-07,4.0
Walnut,GITHUB_comments_daily,2024-02-07,4.0
Pyth Network,GITHUB_comments_daily,2024-02-07,19.0
Trail of Bits Security Reviews,GITHUB_stars_daily,2024-02-07,40.0
thirdweb,GITHUB_stars_daily,2024-02-07,1.0
Pyth Network,GITHUB_stars_daily,2024-02-07,4.0
Runtime Verification,GITHUB_releases_daily,2024-02-07,9.0
Runtime Verification,GITHUB_forks_daily,2024-02-07,1.0
Walnut,GITHUB_repositories_daily,2024-02-07,1.0
Pyth Network,GITHUB_repositories_daily,2024-02-07,9.0
Trail of Bits Security Reviews,GITHUB_repositories_daily,2024-02-07,19.0
Runtime Verification,GITHUB_repositories_daily,2024-02-07,13.0
Redstone Finance,GITHUB_contributors_daily,2024-02-07,1.0
Open Source Observer,GITHUB_contributors_daily,2024-02-07,3.0
thirdweb,GITHUB_active_developers_daily,2024-02-07,7.0
Runtime Verification,GITHUB_opened_pull_requests_daily,2024-02-07,15.0
Trail of Bits Security Reviews,GITHUB_opened_pull_requests_daily,2024-02-07,8.0
Open Source Observer,GITHUB_opened_pull_requests_daily,2024-02-07,3.0
CodeTracer,GITHUB_comments_daily,2025-04-11,4.0
Walnut,GITHUB_comments_daily,2025-04-11,2.0
Passport XYZ,GITHUB_stars_daily,2025-04-11,1.0
Passport XYZ,GITHUB_commits_daily,2025-04-11,2.0
thirdweb,GITHUB_repositories_daily,2025-04-11,4.0
Pyth Network,GITHUB_repositories_daily,2025-04-11,7.0
Trail of Bits Security Reviews,GITHUB_repositories_daily,2025-04-11,10.0
Pyth Network,GITHUB_contributors_daily,2025-04-11,10.0
Open Source Observer,GITHUB_contributors_daily,2025-04-11,7.0
Redstone Finance,GITHUB_contributors_daily,2025-04-11,3.0
Walnut,GITHUB_active_developers_daily,2025-04-11,1.0
9Lives,GITHUB_active_developers_daily,2025-04-11,1.0
Pyth Network,GITHUB_active_developers_daily,2025-04-11,6.0
Redstone Finance,GITHUB_opened_pull_requests_daily,2025-04-11,2.0
Passport XYZ,GITHUB_opened_pull_requests_daily,2025-04-11,1.0
CoBuilders,GITHUB_merged_pull_requests_daily,2025-04-11,1.0
Passport XYZ,GITHUB_merged_pull_requests_daily,2025-04-11,1.0
Trail of Bits Security Reviews,GITHUB_merged_pull_requests_daily,2025-04-11,4.0
Walnut,GITHUB_opened_issues_daily,2025-04-11,1.0
Pyth Network,GITHUB_comments_daily,2024-04-10,26.0
Runtime Verification,GITHUB_comments_daily,2024-04-10,23.0
Trail of Bits Security Reviews,GITHUB_stars_daily,2024-04-10,15.0
Redstone Finance,GITHUB_stars_daily,2024-04-10,3.0
Open Source Observer,GITHUB_stars_daily,2024-04-10,2.0
Redstone Finance,GITHUB_commits_daily,2024-04-10,5.0
Pyth Network,GITHUB_commits_daily,2024-04-10,7.0
thirdweb,GITHUB_releases_daily,2024-04-10,9.0
Runtime Verification,GITHUB_releases_daily,2024-04-10,4.0
Pyth Network,GITHUB_repositories_daily,2024-04-10,4.0
Runtime Verification,GITHUB_contributors_daily,2024-04-10,9.0
thirdweb,GITHUB_contributors_daily,2024-04-10,14.0
Redstone Finance,GITHUB_active_developers_daily,2024-04-10,1.0
Runtime Verification,GITHUB_active_developers_daily,2024-04-10,4.0
Trail of Bits Security Reviews,GITHUB_active_developers_daily,2024-04-10,1.0
Open Source Observer,GITHUB_active_developers_daily,2024-04-10,2.0
Pyth Network,GITHUB_opened_pull_requests_daily,2024-04-10,7.0
thirdweb,GITHUB_opened_pull_requests_daily,2024-04-10,19.0
Trail of Bits Security Reviews,GITHUB_opened_issues_daily,2024-04-10,1.0
Open Source Observer,GITHUB_opened_issues_daily,2024-04-10,1.0
thirdweb,GITHUB_opened_issues_daily,2024-04-10,1.0
Runtime Verification,GITHUB_closed_issues_daily,2024-04-10,3.0
thirdweb,GITHUB_comments_daily,2024-01-14,1.0
thirdweb,GITHUB_stars_daily,2024-01-14,2.0
Trail of Bits Security Reviews,GITHUB_commits_daily,2024-01-14,2.0
Open Source Observer,GITHUB_repositories_daily,2024-01-14,2.0
Open Source Observer,GITHUB_contributors_daily,2024-01-14,2.0
thirdweb,GITHUB_opened_pull_requests_daily,2024-01-14,1.0
Open Source Observer,GITHUB_merged_pull_requests_daily,2024-01-14,1.0
thirdweb,GITHUB_stars_daily,2024-05-12,1.0
Pyth Network,GITHUB_forks_daily,2024-05-12,1.0
Trail of Bits Security Reviews,GITHUB_repositories_daily,2024-05-12,9.0
Pyth Network,GITHUB_repositories_daily,2024-05-12,2.0
thirdweb,GITHUB_contributors_daily,2024-05-12,3.0
Pyth Network,GITHUB_active_developers_daily,2024-05-12,1.0
Trail of Bits Security Reviews,GITHUB_active_developers_daily,2024-05-12,2.0
Runtime Verification,GITHUB_opened_pull_requests_daily,2024-05-12,4.0
Pyth Network,GITHUB_opened_pull_requests_daily,2024-05-12,2.0
Trail of Bits Security Reviews,GITHUB_stars_daily,2024-06-15,19.0
Trail of Bits Security Reviews,GITHUB_commits_daily,2024-06-15,2.0
Trail of Bits Security Reviews,GITHUB_forks_daily,2024-06-15,1.0
Open Source Observer,GITHUB_contributors_daily,2024-06-15,2.0
Walnut,GITHUB_contributors_daily,2024-06-15,2.0
Walnut,GITHUB_active_developers_daily,2024-06-15,1.0
Trail of Bits Security Reviews,GITHUB_active_developers_daily,2024-06-15,1.0
Runtime Verification,GITHUB_opened_pull_requests_daily,2024-06-15,4.0
Walnut,GITHUB_opened_pull_requests_daily,2024-06-15,2.0
Open Source Observer,GITHUB_repositories_daily,2024-06-15,2.0
Redstone Finance,GITHUB_repositories_daily,2024-06-15,3.0
Walnut,GITHUB_repositories_daily,2024-06-15,1.0
Open Source Observer,GITHUB_merged_pull_requests_daily,2024-06-15,1.0
Enclave,GITHUB_comments_daily,2024-09-10,1.0
Open Source Observer,GITHUB_stars_daily,2024-09-10,1.0
Trail of Bits Security Reviews,GITHUB_stars_daily,2024-09-10,14.0
thirdweb,GITHUB_commits_daily,2024-09-10,27.0
Pyth Network,GITHUB_releases_daily,2024-09-10,6.0
Runtime Verification,GITHUB_releases_daily,2024-09-10,6.0
thirdweb,GITHUB_releases_daily,2024-09-10,1.0
Passport XYZ,GITHUB_releases_daily,2024-09-10,4.0
thirdweb,GITHUB_forks_daily,2024-09-10,1.0
Pyth Network,GITHUB_repositories_daily,2024-09-10,9.0
Runtime Verification,GITHUB_repositories_daily,2024-09-10,2.0
Sylow,GITHUB_repositories_daily,2024-09-10,1.0
Passport XYZ,GITHUB_repositories_daily,2024-09-10,2.0
Open Source Observer,GITHUB_opened_pull_requests_daily,2024-09-10,3.0
Redstone Finance,GITHUB_contributors_daily,2024-09-10,4.0
thirdweb,GITHUB_merged_pull_requests_daily,2024-09-10,29.0
Runtime Verification,GITHUB_opened_issues_daily,2024-09-10,1.0
Passport XYZ,GITHUB_commits_daily,2024-10-02,6.0
Redstone Finance,GITHUB_commits_daily,2024-10-02,8.0
Runtime Verification,GITHUB_releases_daily,2024-10-02,1.0
Trail of Bits Security Reviews,GITHUB_repositories_daily,2024-10-02,10.0
Pyth Network,GITHUB_contributors_daily,2024-10-02,7.0
Redstone Finance,GITHUB_contributors_daily,2024-10-02,4.0
Runtime Verification,GITHUB_contributors_daily,2024-10-02,3.0
Open Source Observer,GITHUB_opened_pull_requests_daily,2024-10-02,6.0
thirdweb,GITHUB_opened_pull_requests_daily,2024-10-02,23.0
Enclave,GITHUB_opened_pull_requests_daily,2024-10-02,1.0
Trail of Bits Security Reviews,GITHUB_merged_pull_requests_daily,2024-10-02,14.0
thirdweb,GITHUB_merged_pull_requests_daily,2024-10-02,14.0
Open Source Observer,GITHUB_opened_issues_daily,2024-10-02,8.0
Remix IDE plugin for Arbitrum Stylus,GITHUB_forks_weekly,2025-02-10,1.0
Passport XYZ,GITHUB_forks_weekly,2025-02-10,14.0
Runtime Verification,GITHUB_comments_daily,2025-02-10,5.0
Trail of Bits Security Reviews,GITHUB_comments_daily,2025-02-10,3.0
Redstone Finance,GITHUB_stars_daily,2025-02-10,1.0
Redstone Finance,GITHUB_commits_daily,2025-02-10,42.0
Solang,GITHUB_commits_daily,2025-02-10,1.0
Open Source Observer,GITHUB_commits_daily,2025-02-10,6.0
9Lives,GITHUB_commits_daily,2025-02-10,4.0
Pyth Network,GITHUB_stars_weekly,2025-02-10,13.0
Passport XYZ,GITHUB_stars_weekly,2025-02-10,94.0
Runtime Verification,GITHUB_releases_weekly,2025-02-10,3.0
Walnut,GITHUB_commits_weekly,2025-02-10,13.0
Open Source Observer,GITHUB_commits_weekly,2025-02-10,35.0
Passport XYZ,GITHUB_commits_weekly,2025-02-10,26.0
Solang,GITHUB_comments_weekly,2025-02-10,5.0
Runtime Verification,GITHUB_comments_weekly,2025-02-10,62.0
Solang,GITHUB_repositories_daily,2025-02-10,1.0
Pyth Network,GITHUB_repositories_daily,2025-02-10,3.0
Passport XYZ,GITHUB_repositories_weekly,2025-02-10,7.0
Runtime Verification,GITHUB_repositories_weekly,2025-02-10,11.0
Sylow,GITHUB_repositories_weekly,2025-02-10,1.0
Solang,GITHUB_contributors_daily,2025-02-10,2.0
Trail of Bits Security Reviews,GITHUB_contributors_daily,2025-02-10,5.0
Runtime Verification,GITHUB_contributors_daily,2025-02-10,5.0
Pyth Network,GITHUB_contributors_daily,2025-02-10,5.0
9Lives,GITHUB_contributors_weekly,2025-02-10,2.0
Runtime Verification,GITHUB_contributors_weekly,2025-02-10,11.0
Redstone Finance,GITHUB_active_developers_daily,2025-02-10,4.0
thirdweb,GITHUB_active_developers_daily,2025-02-10,2.0
Runtime Verification,GITHUB_active_developers_daily,2025-02-10,2.0
9Lives,GITHUB_active_developers_daily,2025-02-10,1.0
Solang,GITHUB_active_developers_weekly,2025-02-10,1.0
Trail of Bits Security Reviews,GITHUB_active_developers_weekly,2025-02-10,7.0
Walnut,GITHUB_opened_pull_requests_daily,2025-02-10,4.0
Trail of Bits Security Reviews,GITHUB_opened_pull_requests_daily,2025-02-10,21.0
Redstone Finance,GITHUB_opened_pull_requests_daily,2025-02-10,1.0
Pyth Network,GITHUB_opened_pull_requests_daily,2025-02-10,5.0
Open Source Observer,GITHUB_opened_pull_requests_daily,2025-02-10,5.0
Passport XYZ,GITHUB_merged_pull_requests_weekly,2025-02-10,26.0
Solang,GITHUB_merged_pull_requests_weekly,2025-02-10,1.0
Pyth Network,GITHUB_merged_pull_requests_daily,2025-02-10,2.0
Runtime Verification,GITHUB_merged_pull_requests_daily,2025-02-10,4.0
Open Source Observer,GITHUB_opened_issues_daily,2025-02-10,4.0
thirdweb,GITHUB_closed_issues_daily,2025-02-10,1.0
Passport XYZ,GITHUB_closed_issues_daily,2025-02-10,2.0
thirdweb,GITHUB_closed_issues_weekly,2025-02-10,5.0
Ember,GITHUB_part_time_contributors_quarterly,2024-12-01,1.0
Ember,GITHUB_new_contributors_quarterly,2024-12-01,1.0
Pyth Network,GITHUB_part_time_contributors_quarterly,2024-12-01,32.0
CoBuilders,GITHUB_active_contributors_quarterly,2024-12-01,1.0
Walnut,GITHUB_active_contributors_quarterly,2024-12-01,7.0
Redstone Finance,GITHUB_active_contributors_quarterly,2024-12-01,9.0
Syndicate Protocol,GITHUB_active_contributors_quarterly,2024-12-01,1.0
Solang,GITHUB_active_contributors_quarterly,2024-12-01,4.0
Trail of Bits Security Reviews,GITHUB_new_contributors_quarterly,2024-12-01,31.0
Enclave,GITHUB_part_time_contributors_quarterly,2024-12-01,2.0
Enclave,GITHUB_active_contributors_quarterly,2024-12-01,2.0
Passport XYZ,GITHUB_active_contributors_quarterly,2024-12-01,6.0
Debid - Fairblock,GITHUB_new_contributors_quarterly,2024-12-01,1.0
Runtime Verification,GITHUB_part_time_contributors_quarterly,2024-12-01,28.0
Moving Stylus,GITHUB_new_contributors_quarterly,2024-12-01,2.0
Trail of Bits Security Reviews,GITHUB_part_time_contributors_quarterly,2024-12-01,54.0
Walnut,GITHUB_new_contributors_quarterly,2024-12-01,5.0
Open Source Observer,GITHUB_new_contributors_quarterly,2024-12-01,9.0
Pyth Network,GITHUB_new_contributors_quarterly,2024-12-01,23.0
Syndicate Protocol,GITHUB_part_time_contributors_quarterly,2024-12-01,1.0
Pyth Network,GITHUB_releases_biannually,2024-12-01,13.0
Remix IDE plugin for Arbitrum Stylus,GITHUB_releases_biannually,2024-12-01,1.0
Trail of Bits Security Reviews,GITHUB_releases_biannually,2024-12-01,13.0
Runtime Verification,GITHUB_releases_biannually,2024-12-01,61.0
Runtime Verification,GITHUB_releases_quarterly,2024-12-01,61.0
Trail of Bits Security Reviews,GITHUB_commits_biannually,2024-12-01,343.0
Redstone Finance,GITHUB_commits_biannually,2024-12-01,149.0
Moving Stylus,GITHUB_commits_biannually,2024-12-01,10.0
Moving Stylus,GITHUB_active_developers_biannually,2024-12-01,2.0
Remix IDE plugin for Arbitrum Stylus,GITHUB_repositories_quarterly,2024-12-01,3.0
Open Source Observer,GITHUB_repositories_quarterly,2024-12-01,8.0
Passport XYZ,GITHUB_active_developers_quarterly,2024-12-01,4.0
Trail of Bits Security Reviews,GITHUB_forks_monthly,2024-12-01,47.0
Passport XYZ,GITHUB_part_time_developers_quarterly,2024-12-01,4.0
Pyth Network,GITHUB_stars_biannually,2024-12-01,18.0
Solang,GITHUB_part_time_developers_quarterly,2024-12-01,1.0
Trail of Bits Security Reviews,GITHUB_comments_daily,2024-12-01,3.0
Runtime Verification,GITHUB_stars_monthly,2024-12-01,27.0
thirdweb,GITHUB_stars_monthly,2024-12-01,52.0
Trail of Bits Security Reviews,GITHUB_stars_daily,2024-12-01,9.0
Trail of Bits Security Reviews,GITHUB_commits_daily,2024-12-01,8.0
Enclave,GITHUB_commits_monthly,2024-12-01,55.0
Remix IDE plugin for Arbitrum Stylus,GITHUB_commits_monthly,2024-12-01,22.0
Arbos Foundry,GITHUB_commits_monthly,2024-12-01,20.0
Runtime Verification,GITHUB_commits_monthly,2024-12-01,162.0
Ember,GITHUB_commits_monthly,2024-12-01,26.0
Open Source Observer,GITHUB_commits_monthly,2024-12-01,158.0
Moving Stylus,GITHUB_commits_monthly,2024-12-01,10.0
thirdweb,GITHUB_comments_monthly,2024-12-01,2226.0
Pyth Network,GITHUB_comments_monthly,2024-12-01,433.0
Syndicate Protocol,GITHUB_stars_quarterly,2024-12-01,2.0
Solang,GITHUB_stars_quarterly,2024-12-01,13.0
Runtime Verification,GITHUB_stars_quarterly,2024-12-01,27.0
Enclave,GITHUB_stars_quarterly,2024-12-01,3.0
Trail of Bits Security Reviews,GITHUB_stars_quarterly,2024-12-01,360.0
Runtime Verification,GITHUB_releases_daily,2024-12-01,1.0
thirdweb,GITHUB_releases_monthly,2024-12-01,32.0
Solang,GITHUB_commits_quarterly,2024-12-01,2.0
Arbos Foundry,GITHUB_commits_quarterly,2024-12-01,20.0
Walnut,GITHUB_forks_biannually,2024-12-01,3.0
thirdweb,GITHUB_forks_biannually,2024-12-01,30.0
Open Source Observer,GITHUB_forks_biannually,2024-12-01,3.0
Trail of Bits Security Reviews,GITHUB_forks_biannually,2024-12-01,47.0
Remix IDE plugin for Arbitrum Stylus,GITHUB_forks_quarterly,2024-12-01,1.0
Passport XYZ,GITHUB_forks_quarterly,2024-12-01,10.0
Open Source Observer,GITHUB_repositories_daily,2024-12-01,4.0
Solang,GITHUB_repositories_daily,2024-12-01,1.0
Trail of Bits Security Reviews,GITHUB_repositories_daily,2024-12-01,10.0
Arbos Foundry,GITHUB_repositories_monthly,2024-12-01,1.0
Passport XYZ,GITHUB_repositories_monthly,2024-12-01,7.0
Pyth Network,GITHUB_repositories_monthly,2024-12-01,14.0
Trail of Bits Security Reviews,GITHUB_repositories_biannually,2024-12-01,70.0
Redstone Finance,GITHUB_repositories_biannually,2024-12-01,7.0
Ember,GITHUB_repositories_monthly,2024-12-01,4.0
Walnut,GITHUB_repositories_monthly,2024-12-01,11.0
Moving Stylus,GITHUB_repositories_biannually,2024-12-01,2.0
Debid - Fairblock,GITHUB_repositories_biannually,2024-12-01,7.0
CoBuilders,GITHUB_repositories_biannually,2024-12-01,1.0
Runtime Verification,GITHUB_repositories_biannually,2024-12-01,27.0
Syndicate Protocol,GITHUB_contributors_monthly,2024-12-01,1.0
Ember,GITHUB_contributors_monthly,2024-12-01,1.0
Enclave,GITHUB_contributors_monthly,2024-12-01,2.0
Solang,GITHUB_contributors_daily,2024-12-01,1.0
Trail of Bits Security Reviews,GITHUB_contributors_daily,2024-12-01,5.0
Pyth Network,GITHUB_contributors_daily,2024-12-01,2.0
Moving Stylus,GITHUB_contributors_biannually,2024-12-01,2.0
Trail of Bits Security Reviews,GITHUB_contributors_biannually,2024-12-01,54.0
thirdweb,GITHUB_contributors_quarterly,2024-12-01,52.0
Pyth Network,GITHUB_contributors_quarterly,2024-12-01,32.0
Solang,GITHUB_contributors_quarterly,2024-12-01,4.0
CoBuilders,GITHUB_contributors_quarterly,2024-12-01,1.0
Pyth Network,GITHUB_full_time_developers_monthly,2024-12-01,1.0
thirdweb,GITHUB_full_time_developers_monthly,2024-12-01,2.0
Moving Stylus,GITHUB_part_time_developers_monthly,2024-12-01,2.0
Trail of Bits Security Reviews,GITHUB_active_developers_monthly,2024-12-01,25.0
Runtime Verification,GITHUB_full_time_developers_monthly,2024-12-01,2.0
Redstone Finance,GITHUB_full_time_developers_monthly,2024-12-01,1.0
Redstone Finance,GITHUB_part_time_developers_monthly,2024-12-01,7.0
Passport XYZ,GITHUB_part_time_developers_monthly,2024-12-01,4.0
Ember,GITHUB_part_time_developers_monthly,2024-12-01,1.0
thirdweb,GITHUB_active_developers_monthly,2024-12-01,11.0
Solang,GITHUB_part_time_developers_monthly,2024-12-01,1.0
Walnut,GITHUB_part_time_developers_biannually,2024-12-01,5.0
Enclave,GITHUB_part_time_developers_biannually,2024-12-01,2.0
Enclave,GITHUB_new_contributors_monthly,2024-12-01,2.0
Syndicate Protocol,GITHUB_new_contributors_monthly,2024-12-01,1.0
thirdweb,GITHUB_part_time_contributors_monthly,2024-12-01,45.0
Moving Stylus,GITHUB_new_contributors_monthly,2024-12-01,2.0
CoBuilders,GITHUB_active_contributors_monthly,2024-12-01,1.0
Runtime Verification,GITHUB_part_time_contributors_monthly,2024-12-01,26.0
Walnut,GITHUB_new_contributors_monthly,2024-12-01,5.0
Open Source Observer,GITHUB_new_contributors_monthly,2024-12-01,9.0
Trail of Bits Security Reviews,GITHUB_full_time_contributors_monthly,2024-12-01,4.0
Moving Stylus,GITHUB_part_time_contributors_monthly,2024-12-01,2.0
Arbos Foundry,GITHUB_active_contributors_monthly,2024-12-01,2.0
Passport XYZ,GITHUB_new_contributors_monthly,2024-12-01,6.0
Syndicate Protocol,GITHUB_new_contributors_biannually,2024-12-01,1.0
Pyth Network,GITHUB_active_contributors_biannually,2024-12-01,32.0
Open Source Observer,GITHUB_part_time_contributors_biannually,2024-12-01,12.0
Pyth Network,GITHUB_part_time_contributors_biannually,2024-12-01,32.0
Runtime Verification,GITHUB_new_contributors_biannually,2024-12-01,11.0
Open Source Observer,GITHUB_new_contributors_biannually,2024-12-01,9.0
CoBuilders,GITHUB_part_time_contributors_biannually,2024-12-01,1.0
Trail of Bits Security Reviews,GITHUB_active_contributors_biannually,2024-12-01,54.0
Arbos Foundry,GITHUB_part_time_contributors_biannually,2024-12-01,2.0
Solang,GITHUB_new_contributors_biannually,2024-12-01,4.0
Passport XYZ,GITHUB_change_in_active_developers_monthly,2024-12-01,1.0
Remix IDE plugin for Arbitrum Stylus,GITHUB_change_in_active_developers_monthly,2024-12-01,2.0
Debid - Fairblock,GITHUB_change_in_active_developers_monthly,2024-12-01,0.0
Moving Stylus,GITHUB_change_in_part_time_contributors_monthly,2024-12-01,0.0
CoBuilders,GITHUB_change_in_part_time_contributors_monthly,2024-12-01,
Solang,GITHUB_change_in_part_time_contributors_monthly,2024-12-01,0.0
Syndicate Protocol,GITHUB_change_in_active_developers_monthly,2024-12-01,0.0
Walnut,GITHUB_change_in_part_time_contributors_monthly,2024-12-01,0.0
Passport XYZ,GITHUB_change_in_part_time_contributors_monthly,2024-12-01,-2.0
Walnut,GITHUB_change_in_active_developers_biannually,2024-12-01,0.0
Syndicate Protocol,GITHUB_change_in_part_time_contributors_biannually,2024-12-01,0.0
Enclave,GITHUB_change_in_active_developers_biannually,2024-12-01,1.0
Open Source Observer,GITHUB_change_in_active_developers_biannually,2024-12-01,5.0
Remix IDE plugin for Arbitrum Stylus,GITHUB_change_in_part_time_contributors_biannually,2024-12-01,2.0
Open Source Observer,GITHUB_change_in_active_developers_quarterly,2024-12-01,5.0
Open Source Observer,GITHUB_change_in_part_time_contributors_biannually,2024-12-01,5.0
thirdweb,GITHUB_change_in_active_developers_biannually,2024-12-01,-7.0
Arbos Foundry,GITHUB_change_in_active_developers_biannually,2024-12-01,0.0
Walnut,GITHUB_change_in_part_time_contributors_biannually,2024-12-01,0.0
Pyth Network,GITHUB_change_in_part_time_contributors_quarterly,2024-12-01,-6.0
Trail of Bits Security Reviews,GITHUB_change_in_active_developers_biannually,2024-12-01,-17.0
Open Source Observer,GITHUB_change_in_part_time_contributors_quarterly,2024-12-01,5.0
Runtime Verification,GITHUB_change_in_part_time_contributors_biannually,2024-12-01,-5.0
Ember,GITHUB_change_in_active_developers_biannually,2024-12-01,
Arbos Foundry,GITHUB_opened_pull_requests_monthly,2024-12-01,1.0
Enclave,GITHUB_opened_pull_requests_monthly,2024-12-01,22.0
Remix IDE plugin for Arbitrum Stylus,GITHUB_opened_pull_requests_biannually,2024-12-01,7.0
Moving Stylus,GITHUB_opened_pull_requests_biannually,2024-12-01,7.0
Debid - Fairblock,GITHUB_opened_pull_requests_biannually,2024-12-01,3.0
CoBuilders,GITHUB_opened_pull_requests_biannually,2024-12-01,1.0
Runtime Verification,GITHUB_opened_pull_requests_biannually,2024-12-01,84.0
Syndicate Protocol,GITHUB_opened_pull_requests_quarterly,2024-12-01,1.0
Trail of Bits Security Reviews,GITHUB_opened_pull_requests_quarterly,2024-12-01,192.0
Solang,GITHUB_opened_pull_requests_quarterly,2024-12-01,4.0
Enclave,GITHUB_merged_pull_requests_monthly,2024-12-01,19.0
Redstone Finance,GITHUB_merged_pull_requests_monthly,2024-12-01,18.0
Pyth Network,GITHUB_merged_pull_requests_monthly,2024-12-01,108.0
Passport XYZ,GITHUB_merged_pull_requests_monthly,2024-12-01,66.0
Open Source Observer,GITHUB_opened_pull_requests_daily,2024-12-01,3.0
Runtime Verification,GITHUB_merged_pull_requests_monthly,2024-12-01,77.0
Walnut,GITHUB_merged_pull_requests_monthly,2024-12-01,15.0
Open Source Observer,GITHUB_merged_pull_requests_quarterly,2024-12-01,95.0
Remix IDE plugin for Arbitrum Stylus,GITHUB_merged_pull_requests_quarterly,2024-12-01,6.0
Passport XYZ,GITHUB_merged_pull_requests_quarterly,2024-12-01,66.0
Runtime Verification,GITHUB_merged_pull_requests_quarterly,2024-12-01,77.0
Passport XYZ,GITHUB_merged_pull_requests_biannually,2024-12-01,66.0
Moving Stylus,GITHUB_merged_pull_requests_biannually,2024-12-01,5.0
Redstone Finance,GITHUB_merged_pull_requests_biannually,2024-12-01,18.0
Solang,GITHUB_merged_pull_requests_biannually,2024-12-01,2.0
Open Source Observer,GITHUB_merged_pull_requests_daily,2024-12-01,1.0
Pyth Network,GITHUB_opened_issues_daily,2024-12-01,1.0
Runtime Verification,GITHUB_opened_issues_monthly,2024-12-01,7.0
Pyth Network,GITHUB_opened_issues_quarterly,2024-12-01,5.0
Runtime Verification,GITHUB_opened_issues_quarterly,2024-12-01,7.0
Passport XYZ,GITHUB_opened_issues_quarterly,2024-12-01,102.0
Trail of Bits Security Reviews,GITHUB_opened_issues_biannually,2024-12-01,26.0
Runtime Verification,GITHUB_opened_issues_biannually,2024-12-01,7.0
Passport XYZ,GITHUB_closed_issues_monthly,2024-12-01,38.0
thirdweb,GITHUB_closed_issues_daily,2024-12-01,2.0
Passport XYZ,GITHUB_closed_issues_quarterly,2024-12-01,38.0
thirdweb,GITHUB_closed_issues_biannually,2024-12-01,17.0
9Lives,GITHUB_avg_prs_time_to_merge_quarterly,2024-12-01,0.0
Pyth Network,GITHUB_avg_prs_time_to_merge_quarterly,2024-12-01,0.0
Solang,GITHUB_avg_time_to_first_response_quarterly,2024-12-01,0.0
Remix IDE plugin for Arbitrum Stylus,GITHUB_avg_time_to_first_response_quarterly,2024-12-01,26586.166666666668
9Lives,GITHUB_avg_prs_time_to_merge_biannually,2024-12-01,0.0
Runtime Verification,GITHUB_avg_prs_time_to_merge_biannually,2024-12-01,0.0
Pyth Network,GITHUB_avg_time_to_first_response_quarterly,2024-12-01,369001.99082568806
Pyth Network,GITHUB_avg_prs_time_to_merge_biannually,2024-12-01,0.0
Open Source Observer,GITHUB_avg_prs_time_to_merge_biannually,2024-12-01,0.0
Remix IDE plugin for Arbitrum Stylus,GITHUB_avg_prs_time_to_merge_biannually,2024-12-01,0.0
Trail of Bits Security Reviews,GITHUB_avg_time_to_first_response_biannually,2024-12-01,779890.5
Enclave,GITHUB_avg_time_to_first_response_biannually,2024-12-01,585058.4571428571
Walnut,GITHUB_avg_time_to_first_response_biannually,2024-12-01,169950.6
Walnut,GITHUB_change_in_active_contributors_monthly,2024-12-01,0.0
Trail of Bits Security Reviews,GITHUB_change_in_new_contributors_quarterly,2024-12-01,-13.0
Walnut,GITHUB_change_in_active_contributors_quarterly,2024-12-01,0.0
Walnut,GITHUB_change_in_new_contributors_quarterly,2024-12-01,0.0
Solang,GITHUB_change_in_new_contributors_monthly,2024-12-01,0.0
thirdweb,GITHUB_change_in_active_contributors_monthly,2024-12-01,-7.0
thirdweb,GITHUB_change_in_new_contributors_monthly,2024-12-01,-9.0
Open Source Observer,GITHUB_change_in_full_time_contributors_quarterly,2024-12-01,0.0
Solang,GITHUB_change_in_full_time_contributors_monthly,2024-12-01,0.0
Open Source Observer,GITHUB_change_in_new_contributors_monthly,2024-12-01,4.0
Open Source Observer,GITHUB_change_in_active_contributors_monthly,2024-12-01,5.0
CoBuilders,GITHUB_change_in_active_contributors_quarterly,2024-12-01,
CoBuilders,GITHUB_change_in_full_time_contributors_quarterly,2024-12-01,
Pyth Network,GITHUB_change_in_full_time_contributors_quarterly,2024-12-01,0.0
Passport XYZ,GITHUB_churned_contributors_quarterly,2024-12-01,-5.0
Passport XYZ,GITHUB_change_in_new_contributors_quarterly,2024-12-01,1.0
CoBuilders,GITHUB_churned_contributors_monthly,2024-12-01,
Pyth Network,GITHUB_change_in_active_contributors_monthly,2024-12-01,-6.0
Remix IDE plugin for Arbitrum Stylus,GITHUB_change_in_full_time_contributors_biannually,2024-12-01,0.0
Redstone Finance,GITHUB_change_in_active_contributors_biannually,2024-12-01,-1.0
Redstone Finance,GITHUB_change_in_full_time_contributors_biannually,2024-12-01,0.0
Arbos Foundry,GITHUB_change_in_full_time_contributors_biannually,2024-12-01,0.0
Arbos Foundry,GITHUB_churned_contributors_biannually,2024-12-01,0.0
Debid - Fairblock,GITHUB_change_in_full_time_contributors_biannually,2024-12-01,0.0
Ember,GITHUB_change_in_new_contributors_biannually,2024-12-01,
Runtime Verification,GITHUB_change_in_full_time_contributors_biannually,2024-12-01,0.0
Runtime Verification,GITHUB_change_in_active_contributors_biannually,2024-12-01,-5.0
CoBuilders,GITHUB_change_in_new_contributors_biannually,2024-12-01,
Passport XYZ,GITHUB_change_in_full_time_contributors_biannually,2024-12-01,0.0
Syndicate Protocol,GITHUB_change_in_full_time_contributors_biannually,2024-12-01,0.0
Passport XYZ,GITHUB_churned_contributors_biannually,2024-12-01,-5.0
Syndicate Protocol,GITHUB_churned_contributors_biannually,2024-12-01,-1.0
Enclave,GITHUB_churned_contributors_biannually,2024-12-01,-1.0
Open Source Observer,GITHUB_change_in_new_contributors_biannually,2024-12-01,4.0
Solang,GITHUB_change_in_new_contributors_biannually,2024-12-01,0.0
Arbos Foundry,GITHUB_churned_contributors_monthly,2024-12-01,0.0
Ember,GITHUB_churned_contributors_monthly,2024-12-01,
Ember,GITHUB_change_in_new_contributors_quarterly,2024-12-01,
Runtime Verification,GITHUB_churned_contributors_quarterly,2024-12-01,-16.0
Runtime Verification,GITHUB_change_in_active_contributors_quarterly,2024-12-01,-5.0
Moving Stylus,GITHUB_churned_contributors_quarterly,2024-12-01,-2.0
thirdweb,GITHUB_comments_daily,2024-05-17,74.0
Pyth Network,GITHUB_commits_daily,2024-05-17,5.0
thirdweb,GITHUB_commits_daily,2024-05-17,19.0
Walnut,GITHUB_commits_daily,2024-05-17,3.0
Trail of Bits Security Reviews,GITHUB_stars_daily,2024-05-17,18.0
Runtime Verification,GITHUB_releases_daily,2024-05-17,10.0
Open Source Observer,GITHUB_repositories_daily,2024-05-17,1.0
thirdweb,GITHUB_repositories_daily,2024-05-17,6.0
Open Source Observer,GITHUB_contributors_daily,2024-05-17,2.0
Runtime Verification,GITHUB_contributors_daily,2024-05-17,9.0
Redstone Finance,GITHUB_active_developers_daily,2024-05-17,1.0
thirdweb,GITHUB_merged_pull_requests_daily,2024-05-17,21.0
Pyth Network,GITHUB_comments_daily,2025-04-04,37.0
Redstone Finance,GITHUB_stars_daily,2025-04-04,1.0
Redstone Finance,GITHUB_commits_daily,2025-04-04,5.0
thirdweb,GITHUB_repositories_daily,2025-04-04,2.0
Walnut,GITHUB_repositories_daily,2025-04-04,3.0
9Lives,GITHUB_repositories_daily,2025-04-04,1.0
Redstone Finance,GITHUB_repositories_daily,2025-04-04,2.0
Trail of Bits Security Reviews,GITHUB_repositories_daily,2025-04-04,21.0
Enclave,GITHUB_repositories_daily,2025-04-04,1.0
thirdweb,GITHUB_forks_daily,2025-04-04,3.0
Runtime Verification,GITHUB_forks_daily,2025-04-04,1.0
Trail of Bits Security Reviews,GITHUB_contributors_daily,2025-04-04,8.0
Walnut,GITHUB_active_developers_daily,2025-04-04,2.0
thirdweb,GITHUB_opened_pull_requests_daily,2025-04-04,12.0
Trail of Bits Security Reviews,GITHUB_opened_pull_requests_daily,2025-04-04,6.0
Open Source Observer,GITHUB_merged_pull_requests_daily,2025-04-04,3.0
Pyth Network,GITHUB_merged_pull_requests_daily,2025-04-04,7.0
Trail of Bits Security Reviews,GITHUB_merged_pull_requests_daily,2025-04-04,4.0
Trail of Bits Security Reviews,GITHUB_opened_issues_daily,2025-04-04,2.0
Enclave,GITHUB_opened_issues_daily,2025-04-04,3.0
Runtime Verification,GITHUB_opened_issues_daily,2025-04-04,1.0
Runtime Verification,GITHUB_releases_daily,2024-06-27,17.0
Trail of Bits Security Reviews,GITHUB_forks_daily,2024-06-27,2.0
Enclave,GITHUB_repositories_daily,2024-06-27,1.0
Pyth Network,GITHUB_repositories_daily,2024-06-27,6.0
Walnut,GITHUB_contributors_daily,2024-06-27,2.0
Trail of Bits Security Reviews,GITHUB_contributors_daily,2024-06-27,7.0
Debid - Fairblock,GITHUB_contributors_daily,2024-06-27,1.0
Debid - Fairblock,GITHUB_active_developers_daily,2024-06-27,1.0
Runtime Verification,GITHUB_opened_pull_requests_daily,2024-06-27,18.0
Enclave,GITHUB_opened_pull_requests_daily,2024-06-27,1.0
Enclave,GITHUB_merged_pull_requests_daily,2024-06-27,2.0
Pyth Network,GITHUB_merged_pull_requests_daily,2024-06-27,11.0
Runtime Verification,GITHUB_merged_pull_requests_daily,2024-06-27,14.0
thirdweb,GITHUB_commits_daily,2024-07-04,13.0
Open Source Observer,GITHUB_commits_daily,2024-07-04,1.0
Redstone Finance,GITHUB_commits_daily,2024-07-04,5.0
Trail of Bits Security Reviews,GITHUB_commits_daily,2024-07-04,2.0
Trail of Bits Security Reviews,GITHUB_releases_daily,2024-07-04,1.0
Pyth Network,GITHUB_stars_daily,2024-07-04,3.0
Open Source Observer,GITHUB_contributors_daily,2024-07-04,1.0
Redstone Finance,GITHUB_contributors_daily,2024-07-04,3.0
Trail of Bits Security Reviews,GITHUB_active_developers_daily,2024-07-04,2.0
thirdweb,GITHUB_opened_pull_requests_daily,2024-07-04,11.0
Runtime Verification,GITHUB_comments_daily,2024-02-13,40.0
thirdweb,GITHUB_repositories_daily,2024-02-13,5.0
Trail of Bits Security Reviews,GITHUB_repositories_daily,2024-02-13,9.0
Walnut,GITHUB_contributors_daily,2024-02-13,3.0
Trail of Bits Security Reviews,GITHUB_active_developers_daily,2024-02-13,1.0
Walnut,GITHUB_merged_pull_requests_daily,2024-02-13,2.0
Trail of Bits Security Reviews,GITHUB_stars_daily,2024-11-09,7.0
thirdweb,GITHUB_releases_daily,2024-11-09,1.0
Runtime Verification,GITHUB_repositories_daily,2024-11-09,5.0
thirdweb,GITHUB_active_developers_daily,2024-11-09,2.0
Runtime Verification,GITHUB_active_developers_daily,2024-11-09,2.0
thirdweb,GITHUB_opened_pull_requests_daily,2024-11-09,8.0
Runtime Verification,GITHUB_merged_pull_requests_daily,2024-11-09,3.0
Trail of Bits Security Reviews,GITHUB_comments_daily,2025-01-19,4.0
thirdweb,GITHUB_comments_daily,2025-01-19,1.0
Pyth Network,GITHUB_comments_daily,2025-01-19,3.0
Pyth Network,GITHUB_stars_daily,2025-01-19,1.0
thirdweb,GITHUB_stars_daily,2025-01-19,2.0
Open Source Observer,GITHUB_commits_daily,2025-01-19,5.0
Trail of Bits Security Reviews,GITHUB_commits_daily,2025-01-19,7.0
thirdweb,GITHUB_forks_daily,2025-01-19,1.0
Trail of Bits Security Reviews,GITHUB_repositories_daily,2025-01-19,8.0
Open Source Observer,GITHUB_repositories_daily,2025-01-19,3.0
Redstone Finance,GITHUB_contributors_daily,2025-01-19,2.0
Trail of Bits Security Reviews,GITHUB_contributors_daily,2025-01-19,3.0
Redstone Finance,GITHUB_active_developers_daily,2025-01-19,2.0
Pyth Network,GITHUB_active_developers_daily,2025-01-19,3.0
Trail of Bits Security Reviews,GITHUB_merged_pull_requests_daily,2025-01-19,7.0
Open Source Observer,GITHUB_opened_issues_daily,2025-01-19,1.0
thirdweb,GITHUB_stars_daily,2024-01-11,2.0
WakeUp Labs,GITHUB_commits_daily,2024-01-11,1.0
Pyth Network,GITHUB_commits_daily,2024-01-11,7.0
Debid - Fairblock,GITHUB_repositories_daily,2024-01-11,3.0
Open Source Observer,GITHUB_contributors_daily,2024-01-11,1.0
Pyth Network,GITHUB_contributors_daily,2024-01-11,7.0
Runtime Verification,GITHUB_contributors_daily,2024-01-11,13.0
Pyth Network,GITHUB_active_developers_daily,2024-01-11,3.0
Pyth Network,GITHUB_opened_pull_requests_daily,2024-01-11,10.0
Debid - Fairblock,GITHUB_opened_pull_requests_daily,2024-01-11,1.0
thirdweb,GITHUB_merged_pull_requests_daily,2024-01-11,34.0
Trail of Bits Security Reviews,GITHUB_merged_pull_requests_daily,2024-01-11,3.0
Pyth Network,GITHUB_comments_daily,2025-03-30,1.0
thirdweb,GITHUB_commits_daily,2025-03-30,4.0
thirdweb,GITHUB_releases_daily,2025-03-30,2.0
Walnut,GITHUB_repositories_daily,2025-03-30,2.0
Trail of Bits Security Reviews,GITHUB_repositories_daily,2025-03-30,7.0
Pyth Network,GITHUB_opened_pull_requests_daily,2025-03-30,1.0
Walnut,GITHUB_merged_pull_requests_daily,2025-03-30,1.0
Trail of Bits Security Reviews,GITHUB_merged_pull_requests_daily,2025-03-30,1.0
thirdweb,GITHUB_contributors_daily,2025-03-30,7.0
Open Source Observer,GITHUB_contributors_daily,2025-03-30,2.0
thirdweb,GITHUB_comments_daily,2024-11-08,110.0
Passport XYZ,GITHUB_stars_daily,2024-11-08,8.0
Trail of Bits Security Reviews,GITHUB_stars_daily,2024-11-08,4.0
Runtime Verification,GITHUB_commits_daily,2024-11-08,23.0
Runtime Verification,GITHUB_releases_daily,2024-11-08,3.0
Pyth Network,GITHUB_active_developers_daily,2024-11-08,4.0
thirdweb,GITHUB_repositories_daily,2024-11-08,2.0
Passport XYZ,GITHUB_merged_pull_requests_daily,2024-11-08,2.0
Pyth Network,GITHUB_comments_daily,2024-03-07,6.0
Trail of Bits Security Reviews,GITHUB_comments_daily,2024-03-07,42.0
Runtime Verification,GITHUB_releases_daily,2024-03-07,10.0
Debid - Fairblock,GITHUB_stars_daily,2024-03-07,2.0
Trail of Bits Security Reviews,GITHUB_stars_daily,2024-03-07,13.0
Pyth Network,GITHUB_stars_daily,2024-03-07,2.0
Runtime Verification,GITHUB_stars_daily,2024-03-07,1.0
thirdweb,GITHUB_repositories_daily,2024-03-07,6.0
Redstone Finance,GITHUB_repositories_daily,2024-03-07,4.0
Syndicate Protocol,GITHUB_active_developers_daily,2024-03-07,1.0
Redstone Finance,GITHUB_active_developers_daily,2024-03-07,2.0
Debid - Fairblock,GITHUB_contributors_daily,2024-03-07,3.0
Walnut,GITHUB_opened_pull_requests_daily,2024-03-07,1.0
Pyth Network,GITHUB_opened_pull_requests_daily,2024-03-07,3.0
Runtime Verification,GITHUB_opened_pull_requests_daily,2024-03-07,18.0
Trail of Bits Security Reviews,GITHUB_merged_pull_requests_daily,2024-03-07,3.0
Open Source Observer,GITHUB_closed_issues_daily,2024-03-07,7.0
Trail of Bits Security Reviews,GITHUB_closed_issues_daily,2024-03-07,2.0
Runtime Verification,GITHUB_stars_daily,2024-08-18,1.0
Trail of Bits Security Reviews,GITHUB_commits_daily,2024-08-18,3.0
thirdweb,GITHUB_commits_daily,2024-08-18,13.0
thirdweb,GITHUB_releases_daily,2024-08-18,3.0
Trail of Bits Security Reviews,GITHUB_forks_daily,2024-08-18,1.0
thirdweb,GITHUB_repositories_daily,2024-08-18,6.0
Trail of Bits Security Reviews,GITHUB_active_developers_daily,2024-08-18,2.0
Trail of Bits Security Reviews,GITHUB_opened_pull_requests_daily,2024-08-18,5.0
Trail of Bits Security Reviews,GITHUB_merged_pull_requests_daily,2024-08-18,3.0
Passport XYZ,GITHUB_stars_daily,2025-04-12,1.0
Open Source Observer,GITHUB_commits_daily,2025-04-12,2.0
Redstone Finance,GITHUB_repositories_daily,2025-04-12,1.0
Solang,GITHUB_repositories_daily,2025-04-12,1.0
Passport XYZ,GITHUB_repositories_daily,2025-04-12,1.0
Pyth Network,GITHUB_repositories_daily,2025-04-12,1.0
thirdweb,GITHUB_forks_daily,2025-04-12,4.0
Redstone Finance,GITHUB_active_developers_daily,2025-04-12,1.0
Open Source Observer,GITHUB_active_developers_daily,2025-04-12,2.0
Trail of Bits Security Reviews,GITHUB_opened_pull_requests_daily,2025-04-12,7.0
Trail of Bits Security Reviews,GITHUB_merged_pull_requests_daily,2025-04-12,3.0
Open Source Observer,GITHUB_comments_daily,2024-08-15,8.0
Trail of Bits Security Reviews,GITHUB_commits_daily,2024-08-15,1.0
thirdweb,GITHUB_commits_daily,2024-08-15,18.0
Trail of Bits Security Reviews,GITHUB_releases_daily,2024-08-15,1.0
Runtime Verification,GITHUB_releases_daily,2024-08-15,7.0
Trail of Bits Security Reviews,GITHUB_forks_daily,2024-08-15,1.0
Runtime Verification,GITHUB_repositories_daily,2024-08-15,8.0
thirdweb,GITHUB_contributors_daily,2024-08-15,9.0
Pyth Network,GITHUB_contributors_daily,2024-08-15,8.0
Trail of Bits Security Reviews,GITHUB_active_developers_daily,2024-08-15,1.0
thirdweb,GITHUB_opened_pull_requests_daily,2024-08-15,21.0
Runtime Verification,GITHUB_opened_issues_daily,2024-08-15,3.0
Runtime Verification,GITHUB_closed_issues_daily,2024-08-15,6.0
Debid - Fairblock,GITHUB_stars_daily,2024-07-13,1.0
Pyth Network,GITHUB_repositories_daily,2024-07-13,1.0
Pyth Network,GITHUB_contributors_daily,2024-07-13,2.0
Trail of Bits Security Reviews,GITHUB_contributors_daily,2024-07-13,2.0
Open Source Observer,GITHUB_active_developers_daily,2024-07-13,2.0
Open Source Observer,GITHUB_opened_pull_requests_daily,2024-07-13,6.0
Trail of Bits Security Reviews,GITHUB_merged_pull_requests_daily,2024-07-13,1.0
thirdweb,GITHUB_comments_daily,2024-01-23,35.0
Open Source Observer,GITHUB_comments_daily,2024-01-23,4.0
Open Source Observer,GITHUB_stars_daily,2024-01-23,1.0
Trail of Bits Security Reviews,GITHUB_commits_daily,2024-01-23,9.0
thirdweb,GITHUB_commits_daily,2024-01-23,13.0
thirdweb,GITHUB_releases_daily,2024-01-23,9.0
Runtime Verification,GITHUB_releases_daily,2024-01-23,5.0
Pyth Network,GITHUB_forks_daily,2024-01-23,2.0
Trail of Bits Security Reviews,GITHUB_forks_daily,2024-01-23,2.0
Open Source Observer,GITHUB_repositories_daily,2024-01-23,2.0
thirdweb,GITHUB_repositories_daily,2024-01-23,6.0
Runtime Verification,GITHUB_repositories_daily,2024-01-23,11.0
Trail of Bits Security Reviews,GITHUB_active_developers_daily,2024-01-23,4.0
Remix IDE plugin for Arbitrum Stylus,GITHUB_contributors_daily,2024-01-23,2.0
Walnut,GITHUB_contributors_daily,2024-01-23,1.0
Pyth Network,GITHUB_opened_pull_requests_daily,2024-01-23,9.0
thirdweb,GITHUB_merged_pull_requests_daily,2024-01-23,13.0
Walnut,GITHUB_opened_issues_daily,2024-01-23,1.0
Runtime Verification,GITHUB_opened_issues_daily,2024-01-23,2.0
Pyth Network,GITHUB_forks_weekly,2024-09-16,3.0
thirdweb,GITHUB_forks_weekly,2024-09-16,8.0
thirdweb,GITHUB_comments_daily,2024-09-16,185.0
Passport XYZ,GITHUB_comments_daily,2024-09-16,4.0
Redstone Finance,GITHUB_stars_daily,2024-09-16,1.0
Pyth Network,GITHUB_stars_weekly,2024-09-16,2.0
Runtime Verification,GITHUB_releases_weekly,2024-09-16,26.0
Redstone Finance,GITHUB_releases_weekly,2024-09-16,1.0
Enclave,GITHUB_commits_weekly,2024-09-16,30.0
Enclave,GITHUB_comments_weekly,2024-09-16,29.0
Open Source Observer,GITHUB_comments_weekly,2024-09-16,81.0
Open Source Observer,GITHUB_repositories_daily,2024-09-16,3.0
Pyth Network,GITHUB_repositories_daily,2024-09-16,6.0
Remix IDE plugin for Arbitrum Stylus,GITHUB_repositories_weekly,2024-09-16,1.0
Trail of Bits Security Reviews,GITHUB_contributors_daily,2024-09-16,4.0
Pyth Network,GITHUB_contributors_daily,2024-09-16,7.0
Enclave,GITHUB_contributors_weekly,2024-09-16,3.0
Debid - Fairblock,GITHUB_contributors_weekly,2024-09-16,1.0
Runtime Verification,GITHUB_contributors_weekly,2024-09-16,15.0
Passport XYZ,GITHUB_contributors_weekly,2024-09-16,5.0
Trail of Bits Security Reviews,GITHUB_active_developers_daily,2024-09-16,4.0
Runtime Verification,GITHUB_active_developers_daily,2024-09-16,5.0
Runtime Verification,GITHUB_active_developers_weekly,2024-09-16,8.0
Passport XYZ,GITHUB_active_developers_weekly,2024-09-16,4.0
Redstone Finance,GITHUB_active_developers_weekly,2024-09-16,5.0
Open Source Observer,GITHUB_opened_pull_requests_weekly,2024-09-16,30.0
Pyth Network,GITHUB_opened_pull_requests_weekly,2024-09-16,44.0
thirdweb,GITHUB_opened_pull_requests_weekly,2024-09-16,150.0
Open Source Observer,GITHUB_opened_pull_requests_daily,2024-09-16,12.0
Trail of Bits Security Reviews,GITHUB_opened_pull_requests_daily,2024-09-16,17.0
Runtime Verification,GITHUB_merged_pull_requests_weekly,2024-09-16,31.0
Passport XYZ,GITHUB_merged_pull_requests_weekly,2024-09-16,37.0
Enclave,GITHUB_merged_pull_requests_weekly,2024-09-16,24.0
Enclave,GITHUB_merged_pull_requests_daily,2024-09-16,6.0
Enclave,GITHUB_opened_issues_daily,2024-09-16,6.0
Passport XYZ,GITHUB_opened_issues_daily,2024-09-16,2.0
Walnut,GITHUB_opened_issues_weekly,2024-09-16,1.0
thirdweb,GITHUB_opened_issues_weekly,2024-09-16,5.0
Passport XYZ,GITHUB_opened_issues_weekly,2024-09-16,14.0
Trail of Bits Security Reviews,GITHUB_closed_issues_weekly,2024-09-16,3.0
Enclave,GITHUB_closed_issues_weekly,2024-09-16,5.0
thirdweb,GITHUB_comments_daily,2024-02-15,40.0
thirdweb,GITHUB_stars_daily,2024-02-15,2.0
Pyth Network,GITHUB_releases_daily,2024-02-15,1.0
thirdweb,GITHUB_forks_daily,2024-02-15,1.0
Runtime Verification,GITHUB_forks_daily,2024-02-15,1.0
Runtime Verification,GITHUB_repositories_daily,2024-02-15,11.0
Syndicate Protocol,GITHUB_repositories_daily,2024-02-15,1.0
Walnut,GITHUB_repositories_daily,2024-02-15,1.0
Redstone Finance,GITHUB_active_developers_daily,2024-02-15,1.0
thirdweb,GITHUB_merged_pull_requests_daily,2024-02-15,9.0
Pyth Network,GITHUB_merged_pull_requests_daily,2024-02-15,5.0
Walnut,GITHUB_merged_pull_requests_daily,2024-02-15,2.0
Runtime Verification,GITHUB_closed_issues_daily,2024-02-15,3.0
Trail of Bits Security Reviews,GITHUB_comments_daily,2024-03-16,1.0
Trail of Bits Security Reviews,GITHUB_stars_daily,2024-03-16,11.0
Open Source Observer,GITHUB_contributors_daily,2024-03-16,1.0
Runtime Verification,GITHUB_opened_pull_requests_daily,2024-03-16,3.0
thirdweb,GITHUB_merged_pull_requests_daily,2024-03-16,6.0
Runtime Verification,GITHUB_closed_issues_daily,2024-03-16,2.0
Walnut,GITHUB_comments_daily,2024-05-30,1.0
Runtime Verification,GITHUB_comments_daily,2024-05-30,58.0
Trail of Bits Security Reviews,GITHUB_comments_daily,2024-05-30,16.0
Pyth Network,GITHUB_stars_daily,2024-05-30,1.0
Debid - Fairblock,GITHUB_commits_daily,2024-05-30,20.0
Trail of Bits Security Reviews,GITHUB_forks_daily,2024-05-30,3.0
Trail of Bits Security Reviews,GITHUB_repositories_daily,2024-05-30,12.0
Passport XYZ,GITHUB_repositories_daily,2024-05-30,1.0
Pyth Network,GITHUB_repositories_daily,2024-05-30,4.0
thirdweb,GITHUB_contributors_daily,2024-05-30,15.0
Open Source Observer,GITHUB_contributors_daily,2024-05-30,4.0
Debid - Fairblock,GITHUB_contributors_daily,2024-05-30,1.0
Open Source Observer,GITHUB_active_developers_daily,2024-05-30,1.0
Walnut,GITHUB_opened_pull_requests_daily,2024-05-30,4.0
Runtime Verification,GITHUB_opened_pull_requests_daily,2024-05-30,9.0
Open Source Observer,GITHUB_opened_pull_requests_daily,2024-05-30,3.0
Pyth Network,GITHUB_merged_pull_requests_daily,2024-05-30,9.0
Trail of Bits Security Reviews,GITHUB_opened_issues_daily,2024-05-30,1.0
Runtime Verification,GITHUB_merged_pull_requests_daily,2024-05-30,7.0
thirdweb,GITHUB_closed_issues_daily,2024-05-30,2.0
Syndicate Protocol,GITHUB_new_contributors_quarterly,2024-04-01,1.0
Walnut,GITHUB_new_contributors_quarterly,2024-04-01,5.0
Debid - Fairblock,GITHUB_part_time_contributors_quarterly,2024-04-01,4.0
Redstone Finance,GITHUB_new_contributors_quarterly,2024-04-01,3.0
Runtime Verification,GITHUB_part_time_contributors_quarterly,2024-04-01,40.0
Redstone Finance,GITHUB_part_time_contributors_quarterly,2024-04-01,8.0
thirdweb,GITHUB_new_contributors_quarterly,2024-04-01,21.0
Redstone Finance,GITHUB_active_contributors_quarterly,2024-04-01,8.0
Syndicate Protocol,GITHUB_part_time_contributors_quarterly,2024-04-01,2.0
Trail of Bits Security Reviews,GITHUB_active_contributors_quarterly,2024-04-01,46.0
Arbos Foundry,GITHUB_part_time_contributors_quarterly,2024-04-01,2.0
Walnut,GITHUB_part_time_contributors_quarterly,2024-04-01,7.0
Walnut,GITHUB_active_contributors_quarterly,2024-04-01,7.0
Debid - Fairblock,GITHUB_releases_biannually,2024-04-01,4.0
Syndicate Protocol,GITHUB_releases_biannually,2024-04-01,1.0
thirdweb,GITHUB_forks_weekly,2024-04-01,19.0
Runtime Verification,GITHUB_forks_weekly,2024-04-01,2.0
Trail of Bits Security Reviews,GITHUB_releases_quarterly,2024-04-01,9.0
Runtime Verification,GITHUB_releases_quarterly,2024-04-01,148.0
Syndicate Protocol,GITHUB_releases_quarterly,2024-04-01,1.0
Pyth Network,GITHUB_releases_quarterly,2024-04-01,12.0
Runtime Verification,GITHUB_comments_daily,2024-04-01,7.0
Debid - Fairblock,GITHUB_commits_biannually,2024-04-01,8.0
Open Source Observer,GITHUB_commits_biannually,2024-04-01,127.0
Pyth Network,GITHUB_commits_biannually,2024-04-01,173.0
Debid - Fairblock,GITHUB_active_developers_biannually,2024-04-01,2.0
Redstone Finance,GITHUB_active_developers_biannually,2024-04-01,5.0
Syndicate Protocol,GITHUB_active_developers_biannually,2024-04-01,2.0
Walnut,GITHUB_active_developers_biannually,2024-04-01,2.0
Pyth Network,GITHUB_repositories_quarterly,2024-04-01,15.0
Walnut,GITHUB_active_developers_quarterly,2024-04-01,2.0
WakeUp Labs,GITHUB_active_developers_quarterly,2024-04-01,1.0
thirdweb,GITHUB_active_developers_quarterly,2024-04-01,24.0
Walnut,GITHUB_forks_monthly,2024-04-01,2.0
Trail of Bits Security Reviews,GITHUB_forks_monthly,2024-04-01,41.0
Runtime Verification,GITHUB_forks_monthly,2024-04-01,9.0
WakeUp Labs,GITHUB_part_time_developers_quarterly,2024-04-01,1.0
thirdweb,GITHUB_part_time_developers_quarterly,2024-04-01,24.0
Walnut,GITHUB_part_time_developers_quarterly,2024-04-01,2.0
Syndicate Protocol,GITHUB_stars_biannually,2024-04-01,5.0
Debid - Fairblock,GITHUB_stars_biannually,2024-04-01,1.0
thirdweb,GITHUB_stars_biannually,2024-04-01,74.0
thirdweb,GITHUB_stars_monthly,2024-04-01,74.0
Pyth Network,GITHUB_stars_daily,2024-04-01,2.0
Open Source Observer,GITHUB_stars_daily,2024-04-01,1.0
Runtime Verification,GITHUB_releases_weekly,2024-04-01,32.0
Trail of Bits Security Reviews,GITHUB_releases_weekly,2024-04-01,1.0
Runtime Verification,GITHUB_releases_daily,2024-04-01,5.0
thirdweb,GITHUB_stars_weekly,2024-04-01,21.0
Runtime Verification,GITHUB_stars_weekly,2024-04-01,8.0
WakeUp Labs,GITHUB_commits_monthly,2024-04-01,1.0
Open Source Observer,GITHUB_commits_monthly,2024-04-01,127.0
thirdweb,GITHUB_commits_monthly,2024-04-01,412.0
Runtime Verification,GITHUB_commits_monthly,2024-04-01,548.0
Debid - Fairblock,GITHUB_comments_monthly,2024-04-01,2.0
Syndicate Protocol,GITHUB_comments_monthly,2024-04-01,10.0
Trail of Bits Security Reviews,GITHUB_comments_monthly,2024-04-01,214.0
Pyth Network,GITHUB_stars_quarterly,2024-04-01,26.0
Trail of Bits Security Reviews,GITHUB_stars_quarterly,2024-04-01,410.0
Pyth Network,GITHUB_commits_weekly,2024-04-01,22.0
thirdweb,GITHUB_comments_weekly,2024-04-01,491.0
Runtime Verification,GITHUB_commits_quarterly,2024-04-01,548.0
Debid - Fairblock,GITHUB_commits_quarterly,2024-04-01,8.0
Open Source Observer,GITHUB_comments_weekly,2024-04-01,74.0
Pyth Network,GITHUB_comments_weekly,2024-04-01,110.0
Trail of Bits Security Reviews,GITHUB_commits_quarterly,2024-04-01,335.0
Walnut,GITHUB_comments_weekly,2024-04-01,3.0
Walnut,GITHUB_forks_quarterly,2024-04-01,2.0
Redstone Finance,GITHUB_forks_quarterly,2024-04-01,22.0
thirdweb,GITHUB_forks_quarterly,2024-04-01,83.0
Trail of Bits Security Reviews,GITHUB_repositories_weekly,2024-04-01,42.0
thirdweb,GITHUB_repositories_weekly,2024-04-01,11.0
Runtime Verification,GITHUB_repositories_daily,2024-04-01,6.0
Syndicate Protocol,GITHUB_repositories_daily,2024-04-01,1.0
Pyth Network,GITHUB_repositories_daily,2024-04-01,5.0
Open Source Observer,GITHUB_repositories_monthly,2024-04-01,4.0
WakeUp Labs,GITHUB_repositories_biannually,2024-04-01,1.0
Runtime Verification,GITHUB_repositories_monthly,2024-04-01,33.0
Redstone Finance,GITHUB_contributors_weekly,2024-04-01,5.0
Redstone Finance,GITHUB_contributors_monthly,2024-04-01,8.0
Trail of Bits Security Reviews,GITHUB_contributors_monthly,2024-04-01,46.0
Open Source Observer,GITHUB_contributors_daily,2024-04-01,2.0
Trail of Bits Security Reviews,GITHUB_contributors_daily,2024-04-01,6.0
Pyth Network,GITHUB_contributors_biannually,2024-04-01,31.0
Syndicate Protocol,GITHUB_contributors_quarterly,2024-04-01,2.0
Trail of Bits Security Reviews,GITHUB_contributors_quarterly,2024-04-01,46.0
Redstone Finance,GITHUB_contributors_quarterly,2024-04-01,8.0
Arbos Foundry,GITHUB_contributors_biannually,2024-04-01,2.0
Syndicate Protocol,GITHUB_contributors_biannually,2024-04-01,2.0
Trail of Bits Security Reviews,GITHUB_contributors_biannually,2024-04-01,46.0
Redstone Finance,GITHUB_contributors_biannually,2024-04-01,8.0
Walnut,GITHUB_active_developers_daily,2024-04-01,1.0
Debid - Fairblock,GITHUB_active_developers_weekly,2024-04-01,1.0
thirdweb,GITHUB_active_developers_weekly,2024-04-01,14.0
Pyth Network,GITHUB_active_developers_weekly,2024-04-01,7.0
Open Source Observer,GITHUB_active_developers_weekly,2024-04-01,3.0
Debid - Fairblock,GITHUB_active_developers_monthly,2024-04-01,2.0
Trail of Bits Security Reviews,GITHUB_active_developers_monthly,2024-04-01,23.0
thirdweb,GITHUB_part_time_developers_monthly,2024-04-01,17.0
Redstone Finance,GITHUB_full_time_developers_monthly,2024-04-01,2.0
Trail of Bits Security Reviews,GITHUB_part_time_developers_monthly,2024-04-01,20.0
Walnut,GITHUB_active_developers_monthly,2024-04-01,2.0
WakeUp Labs,GITHUB_part_time_developers_biannually,2024-04-01,1.0
Redstone Finance,GITHUB_active_contributors_monthly,2024-04-01,8.0
Syndicate Protocol,GITHUB_active_contributors_monthly,2024-04-01,2.0
Trail of Bits Security Reviews,GITHUB_active_contributors_monthly,2024-04-01,46.0
Open Source Observer,GITHUB_full_time_contributors_monthly,2024-04-01,3.0
Pyth Network,GITHUB_full_time_contributors_monthly,2024-04-01,7.0
WakeUp Labs,GITHUB_active_contributors_monthly,2024-04-01,1.0
Debid - Fairblock,GITHUB_active_contributors_monthly,2024-04-01,4.0
thirdweb,GITHUB_new_contributors_monthly,2024-04-01,21.0
Runtime Verification,GITHUB_active_contributors_monthly,2024-04-01,40.0
Arbos Foundry,GITHUB_active_contributors_monthly,2024-04-01,2.0
WakeUp Labs,GITHUB_new_contributors_biannually,2024-04-01,1.0
Syndicate Protocol,GITHUB_active_contributors_biannually,2024-04-01,2.0
Walnut,GITHUB_active_contributors_biannually,2024-04-01,7.0
Debid - Fairblock,GITHUB_active_contributors_biannually,2024-04-01,4.0
thirdweb,GITHUB_new_contributors_biannually,2024-04-01,21.0
Pyth Network,GITHUB_new_contributors_biannually,2024-04-01,19.0
thirdweb,GITHUB_part_time_contributors_biannually,2024-04-01,45.0
Runtime Verification,GITHUB_active_contributors_biannually,2024-04-01,40.0
Trail of Bits Security Reviews,GITHUB_new_contributors_monthly,2024-04-01,18.0
WakeUp Labs,GITHUB_new_contributors_monthly,2024-04-01,1.0
Walnut,GITHUB_part_time_contributors_monthly,2024-04-01,6.0
Walnut,GITHUB_change_in_full_time_contributors_monthly,2024-04-01,0.0
Arbos Foundry,GITHUB_change_in_active_developers_monthly,2024-04-01,-1.0
thirdweb,GITHUB_change_in_part_time_contributors_monthly,2024-04-01,8.0
Walnut,GITHUB_change_in_part_time_contributors_monthly,2024-04-01,5.0
Redstone Finance,GITHUB_change_in_full_time_contributors_monthly,2024-04-01,0.0
Debid - Fairblock,GITHUB_change_in_part_time_contributors_monthly,2024-04-01,15.0
Pyth Network,GITHUB_change_in_part_time_contributors_quarterly,2024-04-01,11.0
Redstone Finance,GITHUB_change_in_part_time_contributors_biannually,2024-04-01,-1.0
Debid - Fairblock,GITHUB_change_in_part_time_contributors_quarterly,2024-04-01,16.0
Arbos Foundry,GITHUB_change_in_active_developers_quarterly,2024-04-01,-1.0
Trail of Bits Security Reviews,GITHUB_change_in_active_developers_quarterly,2024-04-01,6.0
Arbos Foundry,GITHUB_change_in_part_time_contributors_quarterly,2024-04-01,-1.0
thirdweb,GITHUB_change_in_active_developers_quarterly,2024-04-01,9.0
Redstone Finance,GITHUB_change_in_part_time_contributors_quarterly,2024-04-01,-1.0
Debid - Fairblock,GITHUB_change_in_active_developers_biannually,2024-04-01,16.0
WakeUp Labs,GITHUB_change_in_part_time_contributors_biannually,2024-04-01,1.0
Trail of Bits Security Reviews,GITHUB_change_in_part_time_contributors_biannually,2024-04-01,6.0
Runtime Verification,GITHUB_opened_pull_requests_weekly,2024-04-01,53.0
Runtime Verification,GITHUB_opened_pull_requests_monthly,2024-04-01,253.0
Trail of Bits Security Reviews,GITHUB_opened_pull_requests_monthly,2024-04-01,231.0
Arbos Foundry,GITHUB_opened_pull_requests_monthly,2024-04-01,1.0
Open Source Observer,GITHUB_opened_pull_requests_quarterly,2024-04-01,110.0
Walnut,GITHUB_opened_pull_requests_quarterly,2024-04-01,16.0
Open Source Observer,GITHUB_opened_pull_requests_biannually,2024-04-01,110.0
Redstone Finance,GITHUB_opened_pull_requests_quarterly,2024-04-01,3.0
Trail of Bits Security Reviews,GITHUB_merged_pull_requests_daily,2024-04-01,11.0
Walnut,GITHUB_merged_pull_requests_daily,2024-04-01,1.0
Debid - Fairblock,GITHUB_merged_pull_requests_weekly,2024-04-01,2.0
Runtime Verification,GITHUB_merged_pull_requests_weekly,2024-04-01,57.0
Trail of Bits Security Reviews,GITHUB_merged_pull_requests_weekly,2024-04-01,53.0
Open Source Observer,GITHUB_merged_pull_requests_weekly,2024-04-01,22.0
Open Source Observer,GITHUB_merged_pull_requests_monthly,2024-04-01,107.0
Pyth Network,GITHUB_merged_pull_requests_monthly,2024-04-01,168.0
Redstone Finance,GITHUB_merged_pull_requests_quarterly,2024-04-01,5.0
Debid - Fairblock,GITHUB_merged_pull_requests_quarterly,2024-04-01,4.0
Redstone Finance,GITHUB_merged_pull_requests_biannually,2024-04-01,5.0
Runtime Verification,GITHUB_opened_issues_weekly,2024-04-01,13.0
Trail of Bits Security Reviews,GITHUB_opened_issues_weekly,2024-04-01,5.0
Pyth Network,GITHUB_opened_issues_weekly,2024-04-01,1.0
Open Source Observer,GITHUB_opened_issues_daily,2024-04-01,1.0
Pyth Network,GITHUB_opened_issues_monthly,2024-04-01,7.0
Runtime Verification,GITHUB_opened_issues_monthly,2024-04-01,163.0
Runtime Verification,GITHUB_opened_issues_quarterly,2024-04-01,163.0
Trail of Bits Security Reviews,GITHUB_opened_issues_quarterly,2024-04-01,36.0
thirdweb,GITHUB_opened_issues_quarterly,2024-04-01,17.0
Trail of Bits Security Reviews,GITHUB_closed_issues_weekly,2024-04-01,6.0
Trail of Bits Security Reviews,GITHUB_closed_issues_monthly,2024-04-01,22.0
Runtime Verification,GITHUB_closed_issues_monthly,2024-04-01,54.0
thirdweb,GITHUB_closed_issues_monthly,2024-04-01,34.0
Open Source Observer,GITHUB_closed_issues_daily,2024-04-01,1.0
Runtime Verification,GITHUB_closed_issues_daily,2024-04-01,1.0
Trail of Bits Security Reviews,GITHUB_closed_issues_daily,2024-04-01,2.0
thirdweb,GITHUB_closed_issues_biannually,2024-04-01,34.0
Walnut,GITHUB_closed_issues_biannually,2024-04-01,15.0
Walnut,GITHUB_avg_prs_time_to_merge_quarterly,2024-04-01,0.0
Pyth Network,GITHUB_avg_prs_time_to_merge_quarterly,2024-04-01,0.0
Trail of Bits Security Reviews,GITHUB_avg_time_to_first_response_quarterly,2024-04-01,807864.6181102362
Pyth Network,GITHUB_avg_prs_time_to_merge_biannually,2024-04-01,0.0
Runtime Verification,GITHUB_avg_prs_time_to_merge_biannually,2024-04-01,0.0
Walnut,GITHUB_avg_prs_time_to_merge_biannually,2024-04-01,0.0
Open Source Observer,GITHUB_avg_time_to_first_response_biannually,2024-04-01,441695.2839506173
Trail of Bits Security Reviews,GITHUB_avg_time_to_first_response_biannually,2024-04-01,807864.6181102362
Debid - Fairblock,GITHUB_change_in_active_contributors_monthly,2024-04-01,16.0
Debid - Fairblock,GITHUB_change_in_new_contributors_monthly,2024-04-01,16.0
Open Source Observer,GITHUB_change_in_full_time_contributors_quarterly,2024-04-01,0.0
Redstone Finance,GITHUB_churned_contributors_quarterly,2024-04-01,-4.0
Redstone Finance,GITHUB_change_in_active_contributors_quarterly,2024-04-01,-1.0
Walnut,GITHUB_change_in_active_contributors_quarterly,2024-04-01,5.0
Redstone Finance,GITHUB_change_in_new_contributors_quarterly,2024-04-01,-2.0
Syndicate Protocol,GITHUB_churned_contributors_monthly,2024-04-01,-1.0
WakeUp Labs,GITHUB_change_in_new_contributors_quarterly,2024-04-01,0.0
Syndicate Protocol,GITHUB_change_in_full_time_contributors_quarterly,2024-04-01,0.0
Trail of Bits Security Reviews,GITHUB_change_in_active_contributors_monthly,2024-04-01,6.0
Arbos Foundry,GITHUB_change_in_full_time_contributors_biannually,2024-04-01,0.0
Arbos Foundry,GITHUB_churned_contributors_biannually,2024-04-01,-1.0
Debid - Fairblock,GITHUB_change_in_active_contributors_biannually,2024-04-01,16.0
Debid - Fairblock,GITHUB_change_in_full_time_contributors_biannually,2024-04-01,0.0
thirdweb,GITHUB_change_in_active_contributors_biannually,2024-04-01,9.0
Runtime Verification,GITHUB_churned_contributors_biannually,2024-04-01,-6.0
thirdweb,GITHUB_churned_contributors_quarterly,2024-04-01,-12.0
thirdweb,GITHUB_change_in_full_time_contributors_quarterly,2024-04-01,0.0
Trail of Bits Security Reviews,GITHUB_change_in_active_contributors_biannually,2024-04-01,6.0
Redstone Finance,GITHUB_change_in_new_contributors_biannually,2024-04-01,-2.0
Redstone Finance,GITHUB_churned_contributors_biannually,2024-04-01,-4.0
Trail of Bits Security Reviews,GITHUB_change_in_full_time_contributors_biannually,2024-04-01,0.0
WakeUp Labs,GITHUB_change_in_new_contributors_biannually,2024-04-01,0.0
WakeUp Labs,GITHUB_change_in_active_contributors_biannually,2024-04-01,1.0
Syndicate Protocol,GITHUB_change_in_full_time_contributors_biannually,2024-04-01,0.0
Syndicate Protocol,GITHUB_change_in_new_contributors_biannually,2024-04-01,0.0
Open Source Observer,GITHUB_change_in_active_contributors_monthly,2024-04-01,-2.0
Open Source Observer,GITHUB_churned_contributors_biannually,2024-04-01,-8.0
Debid - Fairblock,GITHUB_comments_daily,2024-02-16,1.0
Open Source Observer,GITHUB_comments_daily,2024-02-16,31.0
Runtime Verification,GITHUB_stars_daily,2024-02-16,1.0
Open Source Observer,GITHUB_commits_daily,2024-02-16,22.0
Redstone Finance,GITHUB_commits_daily,2024-02-16,4.0
Walnut,GITHUB_commits_daily,2024-02-16,11.0
Pyth Network,GITHUB_releases_daily,2024-02-16,1.0
thirdweb,GITHUB_forks_daily,2024-02-16,2.0
Pyth Network,GITHUB_forks_daily,2024-02-16,6.0
Trail of Bits Security Reviews,GITHUB_repositories_daily,2024-02-16,10.0
Debid - Fairblock,GITHUB_contributors_daily,2024-02-16,1.0
Open Source Observer,GITHUB_contributors_daily,2024-02-16,3.0
Walnut,GITHUB_contributors_daily,2024-02-16,3.0
Runtime Verification,GITHUB_contributors_daily,2024-02-16,11.0
Pyth Network,GITHUB_active_developers_daily,2024-02-16,3.0
Redstone Finance,GITHUB_active_developers_daily,2024-02-16,2.0
Runtime Verification,GITHUB_opened_pull_requests_daily,2024-02-16,14.0
Pyth Network,GITHUB_opened_pull_requests_daily,2024-02-16,10.0
Open Source Observer,GITHUB_closed_issues_daily,2024-02-16,6.0
Runtime Verification,GITHUB_closed_issues_daily,2024-02-16,1.0
Walnut,GITHUB_comments_daily,2025-01-15,1.0
Trail of Bits Security Reviews,GITHUB_comments_daily,2025-01-15,10.0
Open Source Observer,GITHUB_commits_daily,2025-01-15,17.0
Passport XYZ,GITHUB_releases_daily,2025-01-15,8.0
Debid - Fairblock,GITHUB_releases_daily,2025-01-15,1.0
Trail of Bits Security Reviews,GITHUB_forks_daily,2025-01-15,2.0
Passport XYZ,GITHUB_repositories_daily,2025-01-15,1.0
Trail of Bits Security Reviews,GITHUB_repositories_daily,2025-01-15,14.0
Open Source Observer,GITHUB_contributors_daily,2025-01-15,7.0
Pyth Network,GITHUB_active_developers_daily,2025-01-15,8.0
9Lives,GITHUB_active_developers_daily,2025-01-15,2.0
Trail of Bits Security Reviews,GITHUB_active_developers_daily,2025-01-15,4.0
Trail of Bits Security Reviews,GITHUB_opened_pull_requests_daily,2025-01-15,10.0
Open Source Observer,GITHUB_opened_issues_daily,2025-01-15,6.0
Open Source Observer,GITHUB_closed_issues_daily,2025-01-15,3.0
Pyth Network,GITHUB_comments_daily,2025-03-16,3.0
thirdweb,GITHUB_comments_daily,2025-03-16,9.0
Runtime Verification,GITHUB_stars_daily,2025-03-16,4.0
Trail of Bits Security Reviews,GITHUB_stars_daily,2025-03-16,9.0
Pyth Network,GITHUB_contributors_daily,2025-03-16,1.0
Trail of Bits Security Reviews,GITHUB_active_developers_daily,2025-03-16,1.0
thirdweb,GITHUB_opened_pull_requests_daily,2025-03-16,1.0
Trail of Bits Security Reviews,GITHUB_merged_pull_requests_daily,2025-03-16,1.0
Open Source Observer,GITHUB_closed_issues_daily,2025-03-16,1.0
Trail of Bits Security Reviews,GITHUB_stars_daily,2025-03-27,11.0
Pyth Network,GITHUB_comments_daily,2025-03-27,20.0
CodeTracer,GITHUB_comments_daily,2025-03-27,5.0
Runtime Verification,GITHUB_comments_daily,2025-03-27,4.0
Pyth Network,GITHUB_commits_daily,2025-03-27,4.0
Passport XYZ,GITHUB_releases_daily,2025-03-27,1.0
Sylow,GITHUB_releases_daily,2025-03-27,1.0
Runtime Verification,GITHUB_repositories_daily,2025-03-27,7.0
Sylow,GITHUB_repositories_daily,2025-03-27,1.0
thirdweb,GITHUB_repositories_daily,2025-03-27,3.0
Open Source Observer,GITHUB_repositories_daily,2025-03-27,3.0
Passport XYZ,GITHUB_repositories_daily,2025-03-27,2.0
Sylow,GITHUB_forks_daily,2025-03-27,1.0
Trail of Bits Security Reviews,GITHUB_forks_daily,2025-03-27,1.0
Arbos Foundry,GITHUB_contributors_daily,2025-03-27,1.0
thirdweb,GITHUB_contributors_daily,2025-03-27,6.0
Open Source Observer,GITHUB_active_developers_daily,2025-03-27,3.0
Pyth Network,GITHUB_opened_pull_requests_daily,2025-03-27,5.0
Passport XYZ,GITHUB_opened_pull_requests_daily,2025-03-27,5.0
Walnut,GITHUB_opened_issues_daily,2025-03-27,1.0
Open Source Observer,GITHUB_opened_issues_daily,2025-03-27,4.0
thirdweb,GITHUB_closed_issues_daily,2025-03-27,1.0
Solang,GITHUB_forks_weekly,2024-10-14,1.0
Pyth Network,GITHUB_forks_weekly,2024-10-14,4.0
Debid - Fairblock,GITHUB_forks_weekly,2024-10-14,1.0
thirdweb,GITHUB_forks_weekly,2024-10-14,16.0
Passport XYZ,GITHUB_commits_daily,2024-10-14,2.0
Redstone Finance,GITHUB_commits_daily,2024-10-14,1.0
Trail of Bits Security Reviews,GITHUB_stars_weekly,2024-10-14,106.0
Pyth Network,GITHUB_releases_daily,2024-10-14,1.0
Open Source Observer,GITHUB_commits_weekly,2024-10-14,92.0
Enclave,GITHUB_commits_weekly,2024-10-14,13.0
Trail of Bits Security Reviews,GITHUB_commits_weekly,2024-10-14,71.0
Walnut,GITHUB_comments_weekly,2024-10-14,2.0
Debid - Fairblock,GITHUB_comments_weekly,2024-10-14,3.0
Pyth Network,GITHUB_comments_weekly,2024-10-14,71.0
Redstone Finance,GITHUB_comments_weekly,2024-10-14,15.0
Solang,GITHUB_comments_weekly,2024-10-14,4.0
Enclave,GITHUB_repositories_daily,2024-10-14,1.0
Remix IDE plugin for Arbitrum Stylus,GITHUB_repositories_weekly,2024-10-14,2.0
Redstone Finance,GITHUB_repositories_weekly,2024-10-14,12.0
thirdweb,GITHUB_repositories_weekly,2024-10-14,10.0
Enclave,GITHUB_repositories_weekly,2024-10-14,1.0
Open Source Observer,GITHUB_repositories_weekly,2024-10-14,8.0
Passport XYZ,GITHUB_repositories_weekly,2024-10-14,8.0
Pyth Network,GITHUB_contributors_daily,2024-10-14,8.0
thirdweb,GITHUB_contributors_daily,2024-10-14,7.0
Remix IDE plugin for Arbitrum Stylus,GITHUB_contributors_weekly,2024-10-14,2.0
Open Source Observer,GITHUB_contributors_weekly,2024-10-14,17.0
Enclave,GITHUB_active_developers_daily,2024-10-14,1.0
Open Source Observer,GITHUB_active_developers_daily,2024-10-14,3.0
Pyth Network,GITHUB_active_developers_daily,2024-10-14,4.0
Open Source Observer,GITHUB_active_developers_weekly,2024-10-14,13.0
Passport XYZ,GITHUB_active_developers_weekly,2024-10-14,6.0
Runtime Verification,GITHUB_opened_pull_requests_weekly,2024-10-14,33.0
Passport XYZ,GITHUB_opened_pull_requests_weekly,2024-10-14,39.0
Open Source Observer,GITHUB_opened_pull_requests_weekly,2024-10-14,51.0
Walnut,GITHUB_opened_pull_requests_weekly,2024-10-14,1.0
Trail of Bits Security Reviews,GITHUB_opened_pull_requests_weekly,2024-10-14,46.0
Trail of Bits Security Reviews,GITHUB_opened_pull_requests_daily,2024-10-14,18.0
Redstone Finance,GITHUB_opened_pull_requests_daily,2024-10-14,2.0
Open Source Observer,GITHUB_opened_pull_requests_daily,2024-10-14,7.0
Passport XYZ,GITHUB_merged_pull_requests_weekly,2024-10-14,32.0
Trail of Bits Security Reviews,GITHUB_merged_pull_requests_weekly,2024-10-14,30.0
Remix IDE plugin for Arbitrum Stylus,GITHUB_merged_pull_requests_weekly,2024-10-14,1.0
Walnut,GITHUB_merged_pull_requests_weekly,2024-10-14,1.0
thirdweb,GITHUB_merged_pull_requests_weekly,2024-10-14,81.0
Enclave,GITHUB_opened_issues_weekly,2024-10-14,2.0
Open Source Observer,GITHUB_closed_issues_weekly,2024-10-14,25.0
Enclave,GITHUB_closed_issues_weekly,2024-10-14,1.0
thirdweb,GITHUB_closed_issues_weekly,2024-10-14,1.0
Open Source Observer,GITHUB_comments_daily,2024-05-29,12.0
Pyth Network,GITHUB_comments_daily,2024-05-29,25.0
thirdweb,GITHUB_comments_daily,2024-05-29,30.0
Walnut,GITHUB_comments_daily,2024-05-29,1.0
Runtime Verification,GITHUB_commits_daily,2024-05-29,7.0
Trail of Bits Security Reviews,GITHUB_commits_daily,2024-05-29,29.0
Pyth Network,GITHUB_forks_daily,2024-05-29,1.0
Runtime Verification,GITHUB_forks_daily,2024-05-29,3.0
Passport XYZ,GITHUB_repositories_daily,2024-05-29,1.0
Pyth Network,GITHUB_repositories_daily,2024-05-29,4.0
Runtime Verification,GITHUB_repositories_daily,2024-05-29,10.0
Runtime Verification,GITHUB_contributors_daily,2024-05-29,10.0
Trail of Bits Security Reviews,GITHUB_contributors_daily,2024-05-29,3.0
thirdweb,GITHUB_contributors_daily,2024-05-29,9.0
Pyth Network,GITHUB_contributors_daily,2024-05-29,8.0
thirdweb,GITHUB_active_developers_daily,2024-05-29,6.0
Passport XYZ,GITHUB_opened_pull_requests_daily,2024-05-29,2.0
Pyth Network,GITHUB_opened_pull_requests_daily,2024-05-29,11.0
Open Source Observer,GITHUB_opened_issues_daily,2024-05-29,4.0
Open Source Observer,GITHUB_closed_issues_daily,2024-05-29,1.0
Walnut,GITHUB_merged_pull_requests_daily,2024-05-29,1.0
Open Source Observer,GITHUB_commits_daily,2024-10-12,2.0
thirdweb,GITHUB_forks_daily,2024-10-12,5.0
Solang,GITHUB_forks_daily,2024-10-12,1.0
Redstone Finance,GITHUB_repositories_daily,2024-10-12,1.0
Trail of Bits Security Reviews,GITHUB_contributors_daily,2024-10-12,1.0
Redstone Finance,GITHUB_contributors_daily,2024-10-12,1.0
Open Source Observer,GITHUB_contributors_daily,2024-10-12,1.0
Open Source Observer,GITHUB_active_developers_daily,2024-10-12,1.0
Open Source Observer,GITHUB_opened_pull_requests_daily,2024-10-12,2.0
Trail of Bits Security Reviews,GITHUB_comments_daily,2024-06-07,13.0
thirdweb,GITHUB_comments_daily,2024-06-07,46.0
Redstone Finance,GITHUB_stars_daily,2024-06-07,1.0
Redstone Finance,GITHUB_commits_daily,2024-06-07,4.0
Open Source Observer,GITHUB_commits_daily,2024-06-07,7.0
Trail of Bits Security Reviews,GITHUB_commits_daily,2024-06-07,5.0
Walnut,GITHUB_commits_daily,2024-06-07,1.0
Runtime Verification,GITHUB_releases_daily,2024-06-07,11.0
Pyth Network,GITHUB_releases_daily,2024-06-07,2.0
Open Source Observer,GITHUB_forks_daily,2024-06-07,6.0
thirdweb,GITHUB_forks_daily,2024-06-07,1.0
Open Source Observer,GITHUB_repositories_daily,2024-06-07,3.0
Enclave,GITHUB_contributors_daily,2024-06-07,1.0
Walnut,GITHUB_active_developers_daily,2024-06-07,1.0
Redstone Finance,GITHUB_active_developers_daily,2024-06-07,2.0
Enclave,GITHUB_active_developers_daily,2024-06-07,1.0
Trail of Bits Security Reviews,GITHUB_opened_pull_requests_daily,2024-06-07,4.0
thirdweb,GITHUB_opened_pull_requests_daily,2024-06-07,9.0
Runtime Verification,GITHUB_opened_issues_daily,2024-06-07,1.0
Walnut,GITHUB_closed_issues_daily,2024-06-07,1.0
Pyth Network,GITHUB_comments_daily,2025-01-26,3.0
thirdweb,GITHUB_stars_daily,2025-01-26,1.0
Trail of Bits Security Reviews,GITHUB_stars_daily,2025-01-26,6.0
9Lives,GITHUB_commits_daily,2025-01-26,3.0
Open Source Observer,GITHUB_commits_daily,2025-01-26,1.0
9Lives,GITHUB_repositories_daily,2025-01-26,1.0
Trail of Bits Security Reviews,GITHUB_repositories_daily,2025-01-26,7.0
thirdweb,GITHUB_contributors_daily,2025-01-26,3.0
Redstone Finance,GITHUB_active_developers_daily,2025-01-26,1.0
Open Source Observer,GITHUB_active_developers_daily,2025-01-26,1.0
Open Source Observer,GITHUB_opened_issues_daily,2025-01-26,4.0
Trail of Bits Security Reviews,GITHUB_comments_daily,2024-01-06,3.0
thirdweb,GITHUB_forks_daily,2024-01-06,2.0
Open Source Observer,GITHUB_repositories_daily,2024-01-06,1.0
Redstone Finance,GITHUB_repositories_daily,2024-01-06,1.0
Open Source Observer,GITHUB_contributors_daily,2024-01-06,1.0
Trail of Bits Security Reviews,GITHUB_comments_daily,2024-01-18,3.0
thirdweb,GITHUB_comments_daily,2024-01-18,13.0
thirdweb,GITHUB_commits_daily,2024-01-18,7.0
Pyth Network,GITHUB_stars_daily,2024-01-18,1.0
Remix IDE plugin for Arbitrum Stylus,GITHUB_contributors_daily,2024-01-18,1.0
Pyth Network,GITHUB_contributors_daily,2024-01-18,5.0
Redstone Finance,GITHUB_contributors_daily,2024-01-18,2.0
Pyth Network,GITHUB_active_developers_daily,2024-01-18,4.0
Runtime Verification,GITHUB_active_developers_daily,2024-01-18,3.0
Redstone Finance,GITHUB_repositories_daily,2024-01-18,3.0
Open Source Observer,GITHUB_repositories_daily,2024-01-18,3.0
Pyth Network,GITHUB_repositories_daily,2024-01-18,3.0
Runtime Verification,GITHUB_merged_pull_requests_daily,2024-01-18,13.0
thirdweb,GITHUB_merged_pull_requests_daily,2024-01-18,7.0
Runtime Verification,GITHUB_closed_issues_daily,2024-01-18,4.0
Open Source Observer,GITHUB_closed_issues_daily,2024-01-18,6.0
Trail of Bits Security Reviews,GITHUB_closed_issues_daily,2024-01-18,1.0
Trail of Bits Security Reviews,GITHUB_comments_daily,2024-12-17,2.0
Open Source Observer,GITHUB_comments_daily,2024-12-17,16.0
Passport XYZ,GITHUB_comments_daily,2024-12-17,8.0
thirdweb,GITHUB_comments_daily,2024-12-17,125.0
Enclave,GITHUB_comments_daily,2024-12-17,4.0
Pyth Network,GITHUB_commits_daily,2024-12-17,8.0
Runtime Verification,GITHUB_repositories_daily,2024-12-17,7.0
Passport XYZ,GITHUB_repositories_daily,2024-12-17,4.0
Walnut,GITHUB_repositories_daily,2024-12-17,2.0
Debid - Fairblock,GITHUB_repositories_daily,2024-12-17,1.0
Pyth Network,GITHUB_forks_daily,2024-12-17,2.0
Trail of Bits Security Reviews,GITHUB_contributors_daily,2024-12-17,9.0
Redstone Finance,GITHUB_contributors_daily,2024-12-17,2.0
Open Source Observer,GITHUB_contributors_daily,2024-12-17,2.0
Walnut,GITHUB_active_developers_daily,2024-12-17,1.0
Redstone Finance,GITHUB_active_developers_daily,2024-12-17,2.0
Runtime Verification,GITHUB_active_developers_daily,2024-12-17,3.0
Walnut,GITHUB_opened_pull_requests_daily,2024-12-17,1.0
Passport XYZ,GITHUB_opened_pull_requests_daily,2024-12-17,26.0
thirdweb,GITHUB_opened_pull_requests_daily,2024-12-17,18.0
Open Source Observer,GITHUB_merged_pull_requests_daily,2024-12-17,4.0
Debid - Fairblock,GITHUB_forks_weekly,2024-07-08,1.0
Open Source Observer,GITHUB_forks_weekly,2024-07-08,1.0
Runtime Verification,GITHUB_forks_weekly,2024-07-08,3.0
Trail of Bits Security Reviews,GITHUB_commits_daily,2024-07-08,19.0
Walnut,GITHUB_commits_daily,2024-07-08,3.0
Remix IDE plugin for Arbitrum Stylus,GITHUB_commits_daily,2024-07-08,2.0
Runtime Verification,GITHUB_commits_weekly,2024-07-08,163.0
Pyth Network,GITHUB_comments_weekly,2024-07-08,101.0
Open Source Observer,GITHUB_comments_weekly,2024-07-08,63.0
thirdweb,GITHUB_comments_weekly,2024-07-08,486.0
Remix IDE plugin for Arbitrum Stylus,GITHUB_repositories_weekly,2024-07-08,1.0
Redstone Finance,GITHUB_contributors_weekly,2024-07-08,3.0
Pyth Network,GITHUB_contributors_weekly,2024-07-08,14.0
thirdweb,GITHUB_contributors_daily,2024-07-08,9.0
Remix IDE plugin for Arbitrum Stylus,GITHUB_active_developers_weekly,2024-07-08,1.0
Pyth Network,GITHUB_active_developers_weekly,2024-07-08,6.0
thirdweb,GITHUB_active_developers_daily,2024-07-08,5.0
Redstone Finance,GITHUB_active_developers_daily,2024-07-08,1.0
Walnut,GITHUB_merged_pull_requests_weekly,2024-07-08,5.0
Open Source Observer,GITHUB_merged_pull_requests_weekly,2024-07-08,21.0
Trail of Bits Security Reviews,GITHUB_merged_pull_requests_weekly,2024-07-08,42.0
Trail of Bits Security Reviews,GITHUB_merged_pull_requests_daily,2024-07-08,10.0
Redstone Finance,GITHUB_opened_issues_weekly,2024-07-08,3.0
Pyth Network,GITHUB_opened_issues_daily,2024-07-08,1.0
Trail of Bits Security Reviews,GITHUB_opened_issues_daily,2024-07-08,5.0
Runtime Verification,GITHUB_closed_issues_weekly,2024-07-08,47.0
Runtime Verification,GITHUB_closed_issues_daily,2024-07-08,1.0
Trail of Bits Security Reviews,GITHUB_comments_daily,2024-01-07,2.0
Pyth Network,GITHUB_commits_daily,2024-01-07,1.0
Trail of Bits Security Reviews,GITHUB_commits_daily,2024-01-07,24.0
Pyth Network,GITHUB_repositories_daily,2024-01-07,1.0
Trail of Bits Security Reviews,GITHUB_contributors_daily,2024-01-07,5.0
Pyth Network,GITHUB_active_developers_daily,2024-01-07,1.0
Open Source Observer,GITHUB_closed_issues_daily,2024-01-07,2.0
Trail of Bits Security Reviews,GITHUB_commits_daily,2024-03-12,60.0
thirdweb,GITHUB_forks_daily,2024-03-12,8.0
Open Source Observer,GITHUB_repositories_daily,2024-03-12,1.0
Runtime Verification,GITHUB_repositories_daily,2024-03-12,12.0
thirdweb,GITHUB_opened_pull_requests_daily,2024-03-12,23.0
Pyth Network,GITHUB_merged_pull_requests_daily,2024-03-12,15.0
Trail of Bits Security Reviews,GITHUB_merged_pull_requests_daily,2024-03-12,18.0
Runtime Verification,GITHUB_merged_pull_requests_daily,2024-03-12,19.0
Runtime Verification,GITHUB_opened_issues_daily,2024-03-12,1.0
Trail of Bits Security Reviews,GITHUB_opened_issues_daily,2024-03-12,2.0
Pyth Network,GITHUB_comments_daily,2024-12-21,7.0
thirdweb,GITHUB_comments_daily,2024-12-21,7.0
Redstone Finance,GITHUB_comments_daily,2024-12-21,1.0
Trail of Bits Security Reviews,GITHUB_stars_daily,2024-12-21,8.0
Pyth Network,GITHUB_commits_daily,2024-12-21,2.0
Trail of Bits Security Reviews,GITHUB_forks_daily,2024-12-21,1.0
Pyth Network,GITHUB_forks_daily,2024-12-21,1.0
Debid - Fairblock,GITHUB_repositories_daily,2024-12-21,1.0
thirdweb,GITHUB_repositories_daily,2024-12-21,2.0
Open Source Observer,GITHUB_contributors_daily,2024-12-21,3.0
Pyth Network,GITHUB_contributors_daily,2024-12-21,1.0
Debid - Fairblock,GITHUB_active_developers_daily,2024-12-21,1.0
Pyth Network,GITHUB_merged_pull_requests_daily,2024-12-21,1.0
Open Source Observer,GITHUB_merged_pull_requests_daily,2024-12-21,1.0
thirdweb,GITHUB_merged_pull_requests_daily,2024-12-21,1.0
Open Source Observer,GITHUB_closed_issues_daily,2024-12-21,4.0
Open Source Observer,GITHUB_commits_daily,2024-06-18,6.0
Redstone Finance,GITHUB_commits_daily,2024-06-18,3.0
Arbos Foundry,GITHUB_commits_daily,2024-06-18,1.0
Pyth Network,GITHUB_forks_daily,2024-06-18,3.0
Redstone Finance,GITHUB_repositories_daily,2024-06-18,1.0
Debid - Fairblock,GITHUB_contributors_daily,2024-06-18,1.0
Redstone Finance,GITHUB_contributors_daily,2024-06-18,1.0
Walnut,GITHUB_contributors_daily,2024-06-18,2.0
Pyth Network,GITHUB_active_developers_daily,2024-06-18,4.0
Trail of Bits Security Reviews,GITHUB_active_developers_daily,2024-06-18,3.0
Passport XYZ,GITHUB_opened_pull_requests_daily,2024-06-18,4.0
Runtime Verification,GITHUB_opened_pull_requests_daily,2024-06-18,12.0
Trail of Bits Security Reviews,GITHUB_opened_pull_requests_daily,2024-06-18,2.0
Walnut,GITHUB_merged_pull_requests_daily,2024-06-18,1.0
Passport XYZ,GITHUB_merged_pull_requests_daily,2024-06-18,6.0
Open Source Observer,GITHUB_opened_issues_daily,2024-06-18,8.0
thirdweb,GITHUB_opened_issues_daily,2024-06-18,1.0
Enclave,GITHUB_comments_daily,2025-01-07,1.0
Solang,GITHUB_comments_daily,2025-01-07,1.0
Walnut,GITHUB_comments_daily,2025-01-07,1.0
thirdweb,GITHUB_comments_daily,2025-01-07,63.0
Passport XYZ,GITHUB_stars_daily,2025-01-07,4.0
thirdweb,GITHUB_commits_daily,2025-01-07,9.0
thirdweb,GITHUB_releases_daily,2025-01-07,2.0
Debid - Fairblock,GITHUB_forks_daily,2025-01-07,1.0
Redstone Finance,GITHUB_repositories_daily,2025-01-07,3.0
Passport XYZ,GITHUB_repositories_daily,2025-01-07,3.0
thirdweb,GITHUB_repositories_daily,2025-01-07,3.0
Syndicate Protocol,GITHUB_contributors_daily,2025-01-07,1.0
thirdweb,GITHUB_active_developers_daily,2025-01-07,2.0
Debid - Fairblock,GITHUB_active_developers_daily,2025-01-07,1.0
Trail of Bits Security Reviews,GITHUB_active_developers_daily,2025-01-07,1.0
Syndicate Protocol,GITHUB_merged_pull_requests_daily,2025-01-07,1.0
Walnut,GITHUB_merged_pull_requests_daily,2025-01-07,1.0
Pyth Network,GITHUB_merged_pull_requests_daily,2025-01-07,7.0
Open Source Observer,GITHUB_opened_issues_daily,2025-01-07,4.0
Runtime Verification,GITHUB_comments_daily,2025-03-06,4.0
thirdweb,GITHUB_stars_daily,2025-03-06,4.0
Open Source Observer,GITHUB_stars_daily,2025-03-06,3.0
Runtime Verification,GITHUB_commits_daily,2025-03-06,8.0
Trail of Bits Security Reviews,GITHUB_forks_daily,2025-03-06,1.0
CodeTracer,GITHUB_forks_daily,2025-03-06,3.0
Trail of Bits Security Reviews,GITHUB_repositories_daily,2025-03-06,4.0
Redstone Finance,GITHUB_repositories_daily,2025-03-06,3.0
thirdweb,GITHUB_repositories_daily,2025-03-06,3.0
Solang,GITHUB_repositories_daily,2025-03-06,1.0
Walnut,GITHUB_active_developers_daily,2025-03-06,1.0
Open Source Observer,GITHUB_active_developers_daily,2025-03-06,4.0
thirdweb,GITHUB_active_developers_daily,2025-03-06,5.0
9Lives,GITHUB_active_developers_daily,2025-03-06,1.0
Runtime Verification,GITHUB_active_developers_daily,2025-03-06,4.0
thirdweb,GITHUB_contributors_daily,2025-03-06,9.0
9Lives,GITHUB_contributors_daily,2025-03-06,1.0
Open Source Observer,GITHUB_contributors_daily,2025-03-06,5.0
Open Source Observer,GITHUB_opened_pull_requests_daily,2025-03-06,4.0
CoBuilders,GITHUB_opened_pull_requests_daily,2025-03-06,1.0
Runtime Verification,GITHUB_closed_issues_daily,2025-03-06,2.0
Runtime Verification,GITHUB_comments_daily,2024-01-19,8.0
Open Source Observer,GITHUB_commits_daily,2024-01-19,5.0
Redstone Finance,GITHUB_commits_daily,2024-01-19,3.0
Pyth Network,GITHUB_forks_daily,2024-01-19,1.0
Open Source Observer,GITHUB_forks_daily,2024-01-19,1.0
Pyth Network,GITHUB_repositories_daily,2024-01-19,4.0
Debid - Fairblock,GITHUB_repositories_daily,2024-01-19,1.0
WakeUp Labs,GITHUB_repositories_daily,2024-01-19,1.0
thirdweb,GITHUB_repositories_daily,2024-01-19,4.0
Trail of Bits Security Reviews,GITHUB_contributors_daily,2024-01-19,7.0
Pyth Network,GITHUB_contributors_daily,2024-01-19,5.0
Runtime Verification,GITHUB_contributors_daily,2024-01-19,11.0
WakeUp Labs,GITHUB_contributors_daily,2024-01-19,2.0
WakeUp Labs,GITHUB_active_developers_daily,2024-01-19,1.0
Runtime Verification,GITHUB_active_developers_daily,2024-01-19,1.0
thirdweb,GITHUB_active_developers_daily,2024-01-19,2.0
thirdweb,GITHUB_opened_pull_requests_daily,2024-01-19,9.0
Trail of Bits Security Reviews,GITHUB_merged_pull_requests_daily,2024-01-19,7.0
Debid - Fairblock,GITHUB_merged_pull_requests_daily,2024-01-19,1.0
Runtime Verification,GITHUB_opened_issues_daily,2024-01-19,2.0
thirdweb,GITHUB_comments_daily,2024-10-19,32.0
Open Source Observer,GITHUB_comments_daily,2024-10-19,4.0
Runtime Verification,GITHUB_stars_daily,2024-10-19,1.0
Pyth Network,GITHUB_forks_daily,2024-10-19,2.0
Runtime Verification,GITHUB_repositories_daily,2024-10-19,1.0
Pyth Network,GITHUB_repositories_daily,2024-10-19,3.0
Open Source Observer,GITHUB_repositories_daily,2024-10-19,4.0
Trail of Bits Security Reviews,GITHUB_repositories_daily,2024-10-19,7.0
Open Source Observer,GITHUB_contributors_daily,2024-10-19,2.0
thirdweb,GITHUB_contributors_daily,2024-10-19,5.0
Trail of Bits Security Reviews,GITHUB_opened_pull_requests_daily,2024-10-19,1.0
Open Source Observer,GITHUB_merged_pull_requests_daily,2024-10-19,2.0
thirdweb,GITHUB_merged_pull_requests_daily,2024-10-19,5.0
Runtime Verification,GITHUB_stars_daily,2025-04-02,6.0
Trail of Bits Security Reviews,GITHUB_stars_daily,2025-04-02,7.0
Walnut,GITHUB_stars_daily,2025-04-02,3.0
Open Source Observer,GITHUB_stars_daily,2025-04-02,1.0
thirdweb,GITHUB_comments_daily,2025-04-02,76.0
thirdweb,GITHUB_stars_daily,2025-04-02,2.0
Open Source Observer,GITHUB_commits_daily,2025-04-02,8.0
Remix IDE plugin for Arbitrum Stylus,GITHUB_commits_daily,2025-04-02,7.0
thirdweb,GITHUB_commits_daily,2025-04-02,22.0
Runtime Verification,GITHUB_releases_daily,2025-04-02,2.0
Trail of Bits Security Reviews,GITHUB_repositories_daily,2025-04-02,13.0
Remix IDE plugin for Arbitrum Stylus,GITHUB_repositories_daily,2025-04-02,1.0
Redstone Finance,GITHUB_repositories_daily,2025-04-02,1.0
CodeTracer,GITHUB_repositories_daily,2025-04-02,1.0
9Lives,GITHUB_repositories_daily,2025-04-02,1.0
Redstone Finance,GITHUB_contributors_daily,2025-04-02,1.0
thirdweb,GITHUB_contributors_daily,2025-04-02,9.0
Remix IDE plugin for Arbitrum Stylus,GITHUB_active_developers_daily,2025-04-02,1.0
Open Source Observer,GITHUB_active_developers_daily,2025-04-02,2.0
StylusPort,GITHUB_active_developers_daily,2025-04-02,1.0
9Lives,GITHUB_opened_pull_requests_daily,2025-04-02,1.0
Passport XYZ,GITHUB_opened_pull_requests_daily,2025-04-02,10.0
Remix IDE plugin for Arbitrum Stylus,GITHUB_merged_pull_requests_daily,2025-04-02,2.0
Debid - Fairblock,GITHUB_active_developers_biannually,2024-03-01,4.0
Remix IDE plugin for Arbitrum Stylus,GITHUB_active_developers_biannually,2024-03-01,1.0
Remix IDE plugin for Arbitrum Stylus,GITHUB_repositories_quarterly,2024-03-01,1.0
Redstone Finance,GITHUB_repositories_quarterly,2024-03-01,13.0
Syndicate Protocol,GITHUB_repositories_quarterly,2024-03-01,3.0
Syndicate Protocol,GITHUB_active_developers_quarterly,2024-03-01,2.0
Trail of Bits Security Reviews,GITHUB_active_developers_quarterly,2024-03-01,22.0
thirdweb,GITHUB_comments_daily,2024-03-01,23.0
Trail of Bits Security Reviews,GITHUB_comments_daily,2024-03-01,3.0
Redstone Finance,GITHUB_forks_monthly,2024-03-01,15.0
Walnut,GITHUB_forks_monthly,2024-03-01,12.0
Open Source Observer,GITHUB_forks_monthly,2024-03-01,8.0
Pyth Network,GITHUB_part_time_developers_quarterly,2024-03-01,14.0
Debid - Fairblock,GITHUB_part_time_developers_quarterly,2024-03-01,4.0
Walnut,GITHUB_part_time_developers_quarterly,2024-03-01,2.0
Debid - Fairblock,GITHUB_new_contributors_quarterly,2024-03-01,17.0
thirdweb,GITHUB_new_contributors_quarterly,2024-03-01,27.0
Pyth Network,GITHUB_part_time_contributors_quarterly,2024-03-01,42.0
Walnut,GITHUB_active_contributors_quarterly,2024-03-01,12.0
thirdweb,GITHUB_part_time_contributors_quarterly,2024-03-01,54.0
Runtime Verification,GITHUB_releases_quarterly,2024-03-01,164.0
Open Source Observer,GITHUB_commits_biannually,2024-03-01,110.0
Runtime Verification,GITHUB_stars_biannually,2024-03-01,20.0
Debid - Fairblock,GITHUB_stars_biannually,2024-03-01,9.0
Pyth Network,GITHUB_stars_biannually,2024-03-01,48.0
Debid - Fairblock,GITHUB_stars_monthly,2024-03-01,9.0
Trail of Bits Security Reviews,GITHUB_stars_monthly,2024-03-01,506.0
Redstone Finance,GITHUB_commits_monthly,2024-03-01,123.0
Syndicate Protocol,GITHUB_commits_monthly,2024-03-01,30.0
Arbos Foundry,GITHUB_commits_monthly,2024-03-01,20.0
Trail of Bits Security Reviews,GITHUB_comments_monthly,2024-03-01,287.0
Redstone Finance,GITHUB_comments_monthly,2024-03-01,5.0
Walnut,GITHUB_comments_monthly,2024-03-01,172.0
Debid - Fairblock,GITHUB_comments_monthly,2024-03-01,4.0
Pyth Network,GITHUB_stars_quarterly,2024-03-01,48.0
Debid - Fairblock,GITHUB_stars_quarterly,2024-03-01,9.0
Runtime Verification,GITHUB_releases_daily,2024-03-01,8.0
Runtime Verification,GITHUB_releases_monthly,2024-03-01,164.0
Pyth Network,GITHUB_releases_monthly,2024-03-01,12.0
Pyth Network,GITHUB_commits_quarterly,2024-03-01,174.0
Remix IDE plugin for Arbitrum Stylus,GITHUB_commits_quarterly,2024-03-01,3.0
Redstone Finance,GITHUB_commits_quarterly,2024-03-01,123.0
Runtime Verification,GITHUB_commits_quarterly,2024-03-01,574.0
Trail of Bits Security Reviews,GITHUB_forks_daily,2024-03-01,2.0
thirdweb,GITHUB_forks_daily,2024-03-01,4.0
Open Source Observer,GITHUB_forks_biannually,2024-03-01,8.0
Runtime Verification,GITHUB_forks_biannually,2024-03-01,5.0
Walnut,GITHUB_forks_quarterly,2024-03-01,12.0
thirdweb,GITHUB_forks_quarterly,2024-03-01,77.0
Open Source Observer,GITHUB_repositories_daily,2024-03-01,1.0
Walnut,GITHUB_repositories_daily,2024-03-01,1.0
Arbos Foundry,GITHUB_repositories_monthly,2024-03-01,1.0
Runtime Verification,GITHUB_repositories_biannually,2024-03-01,29.0
Pyth Network,GITHUB_repositories_monthly,2024-03-01,19.0
Open Source Observer,GITHUB_repositories_monthly,2024-03-01,4.0
Trail of Bits Security Reviews,GITHUB_repositories_biannually,2024-03-01,82.0
Arbos Foundry,GITHUB_repositories_biannually,2024-03-01,1.0
Walnut,GITHUB_contributors_daily,2024-03-01,1.0
Trail of Bits Security Reviews,GITHUB_contributors_daily,2024-03-01,3.0
Runtime Verification,GITHUB_contributors_daily,2024-03-01,9.0
Open Source Observer,GITHUB_contributors_monthly,2024-03-01,7.0
Runtime Verification,GITHUB_contributors_monthly,2024-03-01,36.0
Arbos Foundry,GITHUB_contributors_monthly,2024-03-01,1.0
Arbos Foundry,GITHUB_contributors_biannually,2024-03-01,1.0
Trail of Bits Security Reviews,GITHUB_contributors_biannually,2024-03-01,52.0
Redstone Finance,GITHUB_contributors_biannually,2024-03-01,7.0
Redstone Finance,GITHUB_contributors_quarterly,2024-03-01,7.0
Walnut,GITHUB_contributors_quarterly,2024-03-01,12.0
Trail of Bits Security Reviews,GITHUB_active_developers_daily,2024-03-01,1.0
Runtime Verification,GITHUB_part_time_developers_monthly,2024-03-01,18.0
Pyth Network,GITHUB_full_time_developers_monthly,2024-03-01,2.0
Open Source Observer,GITHUB_full_time_developers_monthly,2024-03-01,2.0
Runtime Verification,GITHUB_full_time_developers_monthly,2024-03-01,1.0
Syndicate Protocol,GITHUB_part_time_developers_monthly,2024-03-01,2.0
Walnut,GITHUB_part_time_developers_monthly,2024-03-01,1.0
Debid - Fairblock,GITHUB_active_developers_monthly,2024-03-01,4.0
Redstone Finance,GITHUB_active_developers_monthly,2024-03-01,6.0
Open Source Observer,GITHUB_part_time_developers_monthly,2024-03-01,1.0
Debid - Fairblock,GITHUB_part_time_developers_monthly,2024-03-01,3.0
Arbos Foundry,GITHUB_part_time_developers_biannually,2024-03-01,1.0
Pyth Network,GITHUB_part_time_developers_biannually,2024-03-01,14.0
Trail of Bits Security Reviews,GITHUB_full_time_contributors_monthly,2024-03-01,3.0
Arbos Foundry,GITHUB_active_contributors_monthly,2024-03-01,1.0
Open Source Observer,GITHUB_part_time_contributors_monthly,2024-03-01,4.0
Remix IDE plugin for Arbitrum Stylus,GITHUB_active_contributors_monthly,2024-03-01,1.0
Arbos Foundry,GITHUB_part_time_contributors_monthly,2024-03-01,1.0
Redstone Finance,GITHUB_active_contributors_monthly,2024-03-01,7.0
thirdweb,GITHUB_part_time_contributors_biannually,2024-03-01,54.0
Syndicate Protocol,GITHUB_active_contributors_biannually,2024-03-01,2.0
Open Source Observer,GITHUB_active_contributors_monthly,2024-03-01,7.0
thirdweb,GITHUB_full_time_contributors_monthly,2024-03-01,13.0
Debid - Fairblock,GITHUB_full_time_contributors_monthly,2024-03-01,1.0
Runtime Verification,GITHUB_part_time_contributors_monthly,2024-03-01,22.0
Redstone Finance,GITHUB_part_time_contributors_monthly,2024-03-01,5.0
Arbos Foundry,GITHUB_active_contributors_biannually,2024-03-01,1.0
Redstone Finance,GITHUB_active_contributors_biannually,2024-03-01,7.0
Runtime Verification,GITHUB_part_time_contributors_biannually,2024-03-01,36.0
Debid - Fairblock,GITHUB_part_time_contributors_biannually,2024-03-01,20.0
thirdweb,GITHUB_new_contributors_biannually,2024-03-01,27.0
Remix IDE plugin for Arbitrum Stylus,GITHUB_change_in_active_developers_monthly,2024-03-01,1.0
Trail of Bits Security Reviews,GITHUB_change_in_active_developers_monthly,2024-03-01,-4.0
Open Source Observer,GITHUB_change_in_part_time_contributors_monthly,2024-03-01,-1.0
Remix IDE plugin for Arbitrum Stylus,GITHUB_change_in_part_time_contributors_monthly,2024-03-01,1.0
Walnut,GITHUB_change_in_active_developers_monthly,2024-03-01,-1.0
Debid - Fairblock,GITHUB_change_in_full_time_contributors_monthly,2024-03-01,0.0
Arbos Foundry,GITHUB_change_in_part_time_contributors_monthly,2024-03-01,0.0
Trail of Bits Security Reviews,GITHUB_change_in_part_time_contributors_monthly,2024-03-01,-3.0
Pyth Network,GITHUB_change_in_active_developers_monthly,2024-03-01,-5.0
Syndicate Protocol,GITHUB_change_in_active_developers_monthly,2024-03-01,0.0
Pyth Network,GITHUB_change_in_part_time_contributors_monthly,2024-03-01,-9.0
Runtime Verification,GITHUB_change_in_part_time_contributors_quarterly,2024-03-01,-6.0
Open Source Observer,GITHUB_change_in_active_developers_quarterly,2024-03-01,-1.0
Pyth Network,GITHUB_change_in_part_time_contributors_quarterly,2024-03-01,-5.0
Arbos Foundry,GITHUB_change_in_active_developers_quarterly,2024-03-01,0.0
Arbos Foundry,GITHUB_change_in_part_time_contributors_quarterly,2024-03-01,0.0
Remix IDE plugin for Arbitrum Stylus,GITHUB_change_in_active_developers_biannually,2024-03-01,1.0
thirdweb,GITHUB_opened_pull_requests_monthly,2024-03-01,459.0
Debid - Fairblock,GITHUB_opened_pull_requests_monthly,2024-03-01,24.0
Runtime Verification,GITHUB_opened_pull_requests_biannually,2024-03-01,376.0
Redstone Finance,GITHUB_opened_pull_requests_biannually,2024-03-01,2.0
Pyth Network,GITHUB_opened_pull_requests_biannually,2024-03-01,139.0
thirdweb,GITHUB_opened_pull_requests_biannually,2024-03-01,459.0
Redstone Finance,GITHUB_opened_pull_requests_quarterly,2024-03-01,2.0
thirdweb,GITHUB_merged_pull_requests_daily,2024-03-01,7.0
Open Source Observer,GITHUB_merged_pull_requests_daily,2024-03-01,1.0
Trail of Bits Security Reviews,GITHUB_merged_pull_requests_daily,2024-03-01,1.0
Runtime Verification,GITHUB_merged_pull_requests_quarterly,2024-03-01,348.0
Pyth Network,GITHUB_merged_pull_requests_biannually,2024-03-01,125.0
Runtime Verification,GITHUB_merged_pull_requests_biannually,2024-03-01,348.0
Open Source Observer,GITHUB_merged_pull_requests_biannually,2024-03-01,93.0
Pyth Network,GITHUB_opened_issues_daily,2024-03-01,2.0
Walnut,GITHUB_opened_issues_monthly,2024-03-01,25.0
thirdweb,GITHUB_opened_issues_monthly,2024-03-01,17.0
Open Source Observer,GITHUB_opened_issues_quarterly,2024-03-01,86.0
Runtime Verification,GITHUB_opened_issues_quarterly,2024-03-01,99.0
Runtime Verification,GITHUB_opened_issues_biannually,2024-03-01,99.0
thirdweb,GITHUB_opened_issues_biannually,2024-03-01,17.0
Open Source Observer,GITHUB_closed_issues_monthly,2024-03-01,76.0
thirdweb,GITHUB_closed_issues_monthly,2024-03-01,17.0
Pyth Network,GITHUB_closed_issues_quarterly,2024-03-01,3.0
Runtime Verification,GITHUB_closed_issues_biannually,2024-03-01,93.0
thirdweb,GITHUB_closed_issues_biannually,2024-03-01,17.0
Runtime Verification,GITHUB_closed_issues_quarterly,2024-03-01,93.0
thirdweb,GITHUB_avg_prs_time_to_merge_quarterly,2024-03-01,0.0
Redstone Finance,GITHUB_avg_time_to_first_response_quarterly,2024-03-01,4.666666666666667
Open Source Observer,GITHUB_avg_time_to_first_response_biannually,2024-03-01,1716074.8695652173
Redstone Finance,GITHUB_avg_time_to_first_response_biannually,2024-03-01,4.666666666666667
Walnut,GITHUB_avg_time_to_first_response_biannually,2024-03-01,57239.43636363636
Arbos Foundry,GITHUB_change_in_active_contributors_monthly,2024-03-01,0.0
Remix IDE plugin for Arbitrum Stylus,GITHUB_change_in_full_time_contributors_quarterly,2024-03-01,0.0
Arbos Foundry,GITHUB_change_in_full_time_contributors_quarterly,2024-03-01,0.0
Arbos Foundry,GITHUB_change_in_active_contributors_quarterly,2024-03-01,0.0
Trail of Bits Security Reviews,GITHUB_churned_contributors_quarterly,2024-03-01,-26.0
Walnut,GITHUB_change_in_full_time_contributors_quarterly,2024-03-01,0.0
Walnut,GITHUB_change_in_active_contributors_monthly,2024-03-01,-1.0
Trail of Bits Security Reviews,GITHUB_churned_contributors_monthly,2024-03-01,-26.0
Redstone Finance,GITHUB_change_in_active_contributors_monthly,2024-03-01,0.0
Remix IDE plugin for Arbitrum Stylus,GITHUB_churned_contributors_monthly,2024-03-01,1.0
Remix IDE plugin for Arbitrum Stylus,GITHUB_change_in_full_time_contributors_monthly,2024-03-01,0.0
Remix IDE plugin for Arbitrum Stylus,GITHUB_change_in_new_contributors_monthly,2024-03-01,0.0
Remix IDE plugin for Arbitrum Stylus,GITHUB_change_in_active_contributors_biannually,2024-03-01,1.0
Arbos Foundry,GITHUB_change_in_full_time_contributors_biannually,2024-03-01,0.0
Syndicate Protocol,GITHUB_churned_contributors_biannually,2024-03-01,-1.0
Remix IDE plugin for Arbitrum Stylus,GITHUB_churned_contributors_biannually,2024-03-01,1.0
Trail of Bits Security Reviews,GITHUB_churned_contributors_biannually,2024-03-01,-26.0
Walnut,GITHUB_change_in_full_time_contributors_biannually,2024-03-01,0.0
Walnut,GITHUB_change_in_new_contributors_biannually,2024-03-01,-1.0
Walnut,GITHUB_churned_contributors_biannually,2024-03-01,-11.0
Runtime Verification,GITHUB_change_in_active_contributors_quarterly,2024-03-01,-6.0
Pyth Network,GITHUB_change_in_active_contributors_quarterly,2024-03-01,-5.0
Pyth Network,GITHUB_change_in_full_time_contributors_quarterly,2024-03-01,0.0
Pyth Network,GITHUB_churned_contributors_quarterly,2024-03-01,-32.0
Syndicate Protocol,GITHUB_change_in_active_contributors_quarterly,2024-03-01,0.0
Remix IDE plugin for Arbitrum Stylus,GITHUB_churned_contributors_quarterly,2024-03-01,1.0
Debid - Fairblock,GITHUB_change_in_new_contributors_quarterly,2024-03-01,-16.0
thirdweb,GITHUB_change_in_new_contributors_quarterly,2024-03-01,-11.0
thirdweb,GITHUB_churned_contributors_quarterly,2024-03-01,-35.0
Open Source Observer,GITHUB_change_in_active_contributors_quarterly,2024-03-01,-1.0
Debid - Fairblock,GITHUB_change_in_active_contributors_biannually,2024-03-01,-17.0
Debid - Fairblock,GITHUB_change_in_new_contributors_biannually,2024-03-01,-16.0
thirdweb,GITHUB_churned_contributors_biannually,2024-03-01,-35.0
Runtime Verification,GITHUB_change_in_new_contributors_biannually,2024-03-01,-2.0
Runtime Verification,GITHUB_change_in_active_contributors_monthly,2024-03-01,-6.0
Pyth Network,GITHUB_change_in_active_contributors_monthly,2024-03-01,-5.0
Open Source Observer,GITHUB_change_in_new_contributors_biannually,2024-03-01,-1.0
Open Source Observer,GITHUB_change_in_full_time_contributors_biannually,2024-03-01,0.0
thirdweb,GITHUB_comments_daily,2024-09-26,137.0
Redstone Finance,GITHUB_comments_daily,2024-09-26,1.0
Runtime Verification,GITHUB_comments_daily,2024-09-26,15.0
thirdweb,GITHUB_stars_daily,2024-09-26,2.0
Pyth Network,GITHUB_stars_daily,2024-09-26,1.0
Open Source Observer,GITHUB_stars_daily,2024-09-26,2.0
Trail of Bits Security Reviews,GITHUB_stars_daily,2024-09-26,15.0
Pyth Network,GITHUB_commits_daily,2024-09-26,7.0
Remix IDE plugin for Arbitrum Stylus,GITHUB_releases_daily,2024-09-26,3.0
thirdweb,GITHUB_releases_daily,2024-09-26,5.0
Trail of Bits Security Reviews,GITHUB_repositories_daily,2024-09-26,13.0
Enclave,GITHUB_repositories_daily,2024-09-26,1.0
Runtime Verification,GITHUB_repositories_daily,2024-09-26,6.0
Remix IDE plugin for Arbitrum Stylus,GITHUB_repositories_daily,2024-09-26,1.0
Passport XYZ,GITHUB_repositories_daily,2024-09-26,2.0
Walnut,GITHUB_repositories_daily,2024-09-26,1.0
Walnut,GITHUB_contributors_daily,2024-09-26,1.0
thirdweb,GITHUB_contributors_daily,2024-09-26,12.0
Pyth Network,GITHUB_contributors_daily,2024-09-26,5.0
thirdweb,GITHUB_active_developers_daily,2024-09-26,6.0
Enclave,GITHUB_opened_pull_requests_daily,2024-09-26,1.0
Runtime Verification,GITHUB_opened_pull_requests_daily,2024-09-26,3.0
Passport XYZ,GITHUB_opened_pull_requests_daily,2024-09-26,2.0
Open Source Observer,GITHUB_merged_pull_requests_daily,2024-09-26,4.0
thirdweb,GITHUB_merged_pull_requests_daily,2024-09-26,18.0
Open Source Observer,GITHUB_closed_issues_daily,2024-09-26,6.0
Open Source Observer,GITHUB_stars_daily,2025-03-29,1.0
thirdweb,GITHUB_repositories_daily,2025-03-29,3.0
Pyth Network,GITHUB_repositories_daily,2025-03-29,6.0
Walnut,GITHUB_repositories_daily,2025-03-29,1.0
CodeTracer,GITHUB_repositories_daily,2025-03-29,1.0
Trail of Bits Security Reviews,GITHUB_forks_daily,2025-03-29,3.0
thirdweb,GITHUB_opened_pull_requests_daily,2025-03-29,5.0
Pyth Network,GITHUB_opened_pull_requests_daily,2025-03-29,1.0
Open Source Observer,GITHUB_merged_pull_requests_daily,2025-03-29,3.0
Runtime Verification,GITHUB_merged_pull_requests_daily,2025-03-29,1.0
Enclave,GITHUB_opened_issues_daily,2025-03-29,1.0
Trail of Bits Security Reviews,GITHUB_comments_daily,2025-03-14,9.0
Pyth Network,GITHUB_comments_daily,2025-03-14,15.0
Runtime Verification,GITHUB_stars_daily,2025-03-14,1.0
Redstone Finance,GITHUB_commits_daily,2025-03-14,5.0
Pyth Network,GITHUB_commits_daily,2025-03-14,16.0
Runtime Verification,GITHUB_releases_daily,2025-03-14,7.0
thirdweb,GITHUB_forks_daily,2025-03-14,3.0
Pyth Network,GITHUB_forks_daily,2025-03-14,1.0
Trail of Bits Security Reviews,GITHUB_forks_daily,2025-03-14,1.0
Redstone Finance,GITHUB_repositories_daily,2025-03-14,2.0
thirdweb,GITHUB_repositories_daily,2025-03-14,5.0
Open Source Observer,GITHUB_contributors_daily,2025-03-14,5.0
Passport XYZ,GITHUB_contributors_daily,2025-03-14,1.0
Runtime Verification,GITHUB_contributors_daily,2025-03-14,8.0
Trail of Bits Security Reviews,GITHUB_contributors_daily,2025-03-14,5.0
CodeTracer,GITHUB_contributors_daily,2025-03-14,1.0
Trail of Bits Security Reviews,GITHUB_active_developers_daily,2025-03-14,3.0
9Lives,GITHUB_active_developers_daily,2025-03-14,1.0
Pyth Network,GITHUB_opened_pull_requests_daily,2025-03-14,8.0
Open Source Observer,GITHUB_opened_pull_requests_daily,2025-03-14,9.0
Runtime Verification,GITHUB_comments_daily,2024-11-28,1.0
Pyth Network,GITHUB_commits_daily,2024-11-28,9.0
Trail of Bits Security Reviews,GITHUB_commits_daily,2024-11-28,2.0
Redstone Finance,GITHUB_commits_daily,2024-11-28,24.0
thirdweb,GITHUB_commits_daily,2024-11-28,1.0
Trail of Bits Security Reviews,GITHUB_releases_daily,2024-11-28,2.0
Passport XYZ,GITHUB_releases_daily,2024-11-28,1.0
Open Source Observer,GITHUB_repositories_daily,2024-11-28,1.0
thirdweb,GITHUB_repositories_daily,2024-11-28,2.0
Open Source Observer,GITHUB_contributors_daily,2024-11-28,3.0
Trail of Bits Security Reviews,GITHUB_contributors_daily,2024-11-28,3.0
Walnut,GITHUB_contributors_daily,2024-11-28,2.0
Runtime Verification,GITHUB_contributors_daily,2024-11-28,4.0
Redstone Finance,GITHUB_contributors_daily,2024-11-28,3.0
Redstone Finance,GITHUB_active_developers_daily,2024-11-28,3.0
Open Source Observer,GITHUB_active_developers_daily,2024-11-28,2.0
Pyth Network,GITHUB_active_developers_daily,2024-11-28,7.0
Trail of Bits Security Reviews,GITHUB_active_developers_daily,2024-11-28,1.0
Runtime Verification,GITHUB_active_developers_daily,2024-11-28,2.0
thirdweb,GITHUB_opened_pull_requests_daily,2024-11-28,3.0
Walnut,GITHUB_opened_pull_requests_daily,2024-11-28,2.0
Open Source Observer,GITHUB_opened_pull_requests_daily,2024-11-28,1.0
Pyth Network,GITHUB_merged_pull_requests_daily,2024-11-28,11.0
thirdweb,GITHUB_merged_pull_requests_daily,2024-11-28,1.0
Trail of Bits Security Reviews,GITHUB_comments_daily,2024-12-28,8.0
thirdweb,GITHUB_comments_daily,2024-12-28,9.0
Solang,GITHUB_comments_daily,2024-12-28,1.0
Trail of Bits Security Reviews,GITHUB_stars_daily,2024-12-28,6.0
Open Source Observer,GITHUB_commits_daily,2024-12-28,9.0
thirdweb,GITHUB_forks_daily,2024-12-28,2.0
Solang,GITHUB_repositories_daily,2024-12-28,1.0
Enclave,GITHUB_repositories_daily,2024-12-28,1.0
Enclave,GITHUB_contributors_daily,2024-12-28,1.0
Open Source Observer,GITHUB_contributors_daily,2024-12-28,2.0
Open Source Observer,GITHUB_active_developers_daily,2024-12-28,2.0
Solang,GITHUB_opened_pull_requests_daily,2024-12-28,1.0
Open Source Observer,GITHUB_opened_pull_requests_daily,2024-12-28,4.0
thirdweb,GITHUB_opened_pull_requests_daily,2024-12-28,2.0
Open Source Observer,GITHUB_merged_pull_requests_daily,2024-12-28,4.0
thirdweb,GITHUB_merged_pull_requests_daily,2024-12-28,1.0
Pyth Network,GITHUB_opened_issues_daily,2024-12-28,1.0
Walnut,GITHUB_new_contributors_quarterly,2024-10-01,3.0
Enclave,GITHUB_new_contributors_quarterly,2024-10-01,4.0
Remix IDE plugin for Arbitrum Stylus,GITHUB_new_contributors_quarterly,2024-10-01,3.0
Debid - Fairblock,GITHUB_active_contributors_quarterly,2024-10-01,23.0
Remix IDE plugin for Arbitrum Stylus,GITHUB_part_time_contributors_quarterly,2024-10-01,4.0
Debid - Fairblock,GITHUB_new_contributors_quarterly,2024-10-01,19.0
Pyth Network,GITHUB_part_time_contributors_quarterly,2024-10-01,23.0
Passport XYZ,GITHUB_part_time_contributors_quarterly,2024-10-01,8.0
Open Source Observer,GITHUB_new_contributors_quarterly,2024-10-01,31.0
Solang,GITHUB_new_contributors_quarterly,2024-10-01,3.0
Runtime Verification,GITHUB_new_contributors_quarterly,2024-10-01,6.0
Pyth Network,GITHUB_releases_biannually,2024-10-01,7.0
Debid - Fairblock,GITHUB_releases_biannually,2024-10-01,29.0
thirdweb,GITHUB_releases_quarterly,2024-10-01,51.0
Pyth Network,GITHUB_releases_quarterly,2024-10-01,7.0
Passport XYZ,GITHUB_releases_quarterly,2024-10-01,18.0
Trail of Bits Security Reviews,GITHUB_releases_quarterly,2024-10-01,15.0
Remix IDE plugin for Arbitrum Stylus,GITHUB_commits_biannually,2024-10-01,18.0
Pyth Network,GITHUB_commits_biannually,2024-10-01,214.0
Passport XYZ,GITHUB_commits_biannually,2024-10-01,147.0
Arbos Foundry,GITHUB_commits_biannually,2024-10-01,40.0
Enclave,GITHUB_active_developers_biannually,2024-10-01,4.0
Arbos Foundry,GITHUB_repositories_quarterly,2024-10-01,2.0
Enclave,GITHUB_repositories_quarterly,2024-10-01,1.0
Sylow,GITHUB_repositories_quarterly,2024-10-01,1.0
Open Source Observer,GITHUB_repositories_quarterly,2024-10-01,9.0
Pyth Network,GITHUB_repositories_quarterly,2024-10-01,13.0
Solang,GITHUB_repositories_quarterly,2024-10-01,1.0
Pyth Network,GITHUB_active_developers_quarterly,2024-10-01,13.0
Runtime Verification,GITHUB_comments_daily,2024-10-01,8.0
Debid - Fairblock,GITHUB_comments_daily,2024-10-01,6.0
Open Source Observer,GITHUB_comments_daily,2024-10-01,25.0
Pyth Network,GITHUB_comments_daily,2024-10-01,16.0
thirdweb,GITHUB_forks_monthly,2024-10-01,58.0
Walnut,GITHUB_part_time_developers_quarterly,2024-10-01,3.0
Passport XYZ,GITHUB_part_time_developers_quarterly,2024-10-01,6.0
thirdweb,GITHUB_part_time_developers_quarterly,2024-10-01,13.0
Syndicate Protocol,GITHUB_stars_biannually,2024-10-01,1.0
Remix IDE plugin for Arbitrum Stylus,GITHUB_part_time_developers_quarterly,2024-10-01,2.0
Solang,GITHUB_stars_biannually,2024-10-01,8.0
Sylow,GITHUB_stars_biannually,2024-10-01,2.0
Pyth Network,GITHUB_stars_biannually,2024-10-01,19.0
Debid - Fairblock,GITHUB_stars_biannually,2024-10-01,3.0
Debid - Fairblock,GITHUB_commits_monthly,2024-10-01,125.0
Open Source Observer,GITHUB_comments_monthly,2024-10-01,385.0
Trail of Bits Security Reviews,GITHUB_commits_monthly,2024-10-01,333.0
Walnut,GITHUB_commits_monthly,2024-10-01,59.0
Solang,GITHUB_comments_monthly,2024-10-01,32.0
Enclave,GITHUB_stars_quarterly,2024-10-01,3.0
Runtime Verification,GITHUB_stars_daily,2024-10-01,1.0
Solang,GITHUB_stars_monthly,2024-10-01,8.0
Debid - Fairblock,GITHUB_stars_monthly,2024-10-01,3.0
Redstone Finance,GITHUB_stars_monthly,2024-10-01,5.0
Passport XYZ,GITHUB_stars_monthly,2024-10-01,63.0
Enclave,GITHUB_stars_monthly,2024-10-01,3.0
Pyth Network,GITHUB_commits_daily,2024-10-01,2.0
thirdweb,GITHUB_commits_daily,2024-10-01,24.0
Trail of Bits Security Reviews,GITHUB_commits_daily,2024-10-01,10.0
Pyth Network,GITHUB_releases_monthly,2024-10-01,7.0
Arbos Foundry,GITHUB_commits_quarterly,2024-10-01,40.0
Passport XYZ,GITHUB_commits_quarterly,2024-10-01,147.0
Pyth Network,GITHUB_forks_quarterly,2024-10-01,14.0
Walnut,GITHUB_forks_biannually,2024-10-01,1.0
thirdweb,GITHUB_forks_biannually,2024-10-01,58.0
Debid - Fairblock,GITHUB_forks_quarterly,2024-10-01,16.0
Solang,GITHUB_forks_quarterly,2024-10-01,4.0
Redstone Finance,GITHUB_forks_biannually,2024-10-01,5.0
Debid - Fairblock,GITHUB_repositories_daily,2024-10-01,3.0
Runtime Verification,GITHUB_repositories_biannually,2024-10-01,33.0
Arbos Foundry,GITHUB_repositories_biannually,2024-10-01,2.0
Walnut,GITHUB_repositories_biannually,2024-10-01,5.0
Solang,GITHUB_repositories_biannually,2024-10-01,1.0
Trail of Bits Security Reviews,GITHUB_repositories_biannually,2024-10-01,75.0
Pyth Network,GITHUB_contributors_daily,2024-10-01,5.0
Remix IDE plugin for Arbitrum Stylus,GITHUB_repositories_biannually,2024-10-01,3.0
thirdweb,GITHUB_repositories_biannually,2024-10-01,13.0
Remix IDE plugin for Arbitrum Stylus,GITHUB_contributors_monthly,2024-10-01,4.0
Arbos Foundry,GITHUB_contributors_monthly,2024-10-01,2.0
Runtime Verification,GITHUB_contributors_quarterly,2024-10-01,27.0
thirdweb,GITHUB_contributors_quarterly,2024-10-01,38.0
Open Source Observer,GITHUB_contributors_quarterly,2024-10-01,36.0
Trail of Bits Security Reviews,GITHUB_contributors_quarterly,2024-10-01,31.0
Arbos Foundry,GITHUB_contributors_biannually,2024-10-01,2.0
Debid - Fairblock,GITHUB_contributors_quarterly,2024-10-01,23.0
Solang,GITHUB_contributors_biannually,2024-10-01,3.0
Pyth Network,GITHUB_active_developers_daily,2024-10-01,2.0
Remix IDE plugin for Arbitrum Stylus,GITHUB_part_time_developers_monthly,2024-10-01,2.0
Passport XYZ,GITHUB_part_time_developers_monthly,2024-10-01,5.0
Pyth Network,GITHUB_part_time_developers_monthly,2024-10-01,9.0
Redstone Finance,GITHUB_part_time_developers_monthly,2024-10-01,6.0
Arbos Foundry,GITHUB_part_time_developers_monthly,2024-10-01,1.0
Trail of Bits Security Reviews,GITHUB_part_time_developers_monthly,2024-10-01,15.0
Debid - Fairblock,GITHUB_part_time_developers_biannually,2024-10-01,5.0
thirdweb,GITHUB_part_time_developers_biannually,2024-10-01,13.0
Pyth Network,GITHUB_part_time_developers_biannually,2024-10-01,13.0
Passport XYZ,GITHUB_part_time_contributors_monthly,2024-10-01,6.0
thirdweb,GITHUB_new_contributors_monthly,2024-10-01,25.0
Passport XYZ,GITHUB_active_contributors_monthly,2024-10-01,8.0
Open Source Observer,GITHUB_full_time_contributors_monthly,2024-10-01,4.0
Pyth Network,GITHUB_new_contributors_monthly,2024-10-01,13.0
Remix IDE plugin for Arbitrum Stylus,GITHUB_new_contributors_monthly,2024-10-01,3.0
Solang,GITHUB_part_time_contributors_monthly,2024-10-01,3.0
Open Source Observer,GITHUB_new_contributors_monthly,2024-10-01,31.0
Runtime Verification,GITHUB_new_contributors_monthly,2024-10-01,6.0
Solang,GITHUB_active_contributors_monthly,2024-10-01,3.0
Walnut,GITHUB_part_time_contributors_monthly,2024-10-01,5.0
Redstone Finance,GITHUB_full_time_contributors_monthly,2024-10-01,3.0
Passport XYZ,GITHUB_full_time_contributors_monthly,2024-10-01,2.0
Pyth Network,GITHUB_active_contributors_monthly,2024-10-01,23.0
Debid - Fairblock,GITHUB_new_contributors_monthly,2024-10-01,19.0
Arbos Foundry,GITHUB_part_time_contributors_monthly,2024-10-01,2.0
Open Source Observer,GITHUB_part_time_contributors_monthly,2024-10-01,32.0
Pyth Network,GITHUB_new_contributors_biannually,2024-10-01,13.0
thirdweb,GITHUB_active_contributors_biannually,2024-10-01,38.0
Passport XYZ,GITHUB_active_contributors_biannually,2024-10-01,8.0
thirdweb,GITHUB_part_time_contributors_biannually,2024-10-01,38.0
Debid - Fairblock,GITHUB_active_contributors_biannually,2024-10-01,23.0
Trail of Bits Security Reviews,GITHUB_new_contributors_biannually,2024-10-01,10.0
Walnut,GITHUB_active_contributors_biannually,2024-10-01,5.0
Arbos Foundry,GITHUB_part_time_contributors_biannually,2024-10-01,2.0
Redstone Finance,GITHUB_active_contributors_biannually,2024-10-01,11.0
Open Source Observer,GITHUB_active_contributors_biannually,2024-10-01,36.0
Remix IDE plugin for Arbitrum Stylus,GITHUB_change_in_active_developers_monthly,2024-10-01,-2.0
Redstone Finance,GITHUB_change_in_part_time_contributors_monthly,2024-10-01,2.0
Enclave,GITHUB_change_in_active_developers_monthly,2024-10-01,0.0
Passport XYZ,GITHUB_change_in_full_time_contributors_monthly,2024-10-01,2.0
thirdweb,GITHUB_change_in_active_developers_monthly,2024-10-01,12.0
Runtime Verification,GITHUB_change_in_full_time_contributors_monthly,2024-10-01,4.0
Pyth Network,GITHUB_change_in_part_time_contributors_monthly,2024-10-01,-7.0
thirdweb,GITHUB_change_in_full_time_contributors_monthly,2024-10-01,2.0
Pyth Network,GITHUB_change_in_full_time_contributors_monthly,2024-10-01,1.0
Arbos Foundry,GITHUB_change_in_part_time_contributors_monthly,2024-10-01,0.0
Redstone Finance,GITHUB_change_in_active_developers_quarterly,2024-10-01,1.0
Pyth Network,GITHUB_change_in_active_developers_quarterly,2024-10-01,-6.0
Redstone Finance,GITHUB_change_in_part_time_contributors_quarterly,2024-10-01,1.0
Debid - Fairblock,GITHUB_change_in_active_developers_biannually,2024-10-01,-20.0
Walnut,GITHUB_change_in_active_developers_biannually,2024-10-01,2.0
Remix IDE plugin for Arbitrum Stylus,GITHUB_change_in_part_time_contributors_biannually,2024-10-01,-2.0
Arbos Foundry,GITHUB_change_in_part_time_contributors_biannually,2024-10-01,0.0
Enclave,GITHUB_change_in_part_time_contributors_biannually,2024-10-01,0.0
Open Source Observer,GITHUB_change_in_part_time_contributors_quarterly,2024-10-01,-12.0
Solang,GITHUB_change_in_active_developers_quarterly,2024-10-01,-1.0
thirdweb,GITHUB_change_in_active_developers_biannually,2024-10-01,12.0
Passport XYZ,GITHUB_change_in_part_time_contributors_quarterly,2024-10-01,-1.0
Enclave,GITHUB_opened_pull_requests_monthly,2024-10-01,20.0
Enclave,GITHUB_opened_pull_requests_biannually,2024-10-01,20.0
Remix IDE plugin for Arbitrum Stylus,GITHUB_opened_pull_requests_biannually,2024-10-01,6.0
Solang,GITHUB_opened_pull_requests_quarterly,2024-10-01,1.0
Open Source Observer,GITHUB_opened_pull_requests_quarterly,2024-10-01,181.0
Trail of Bits Security Reviews,GITHUB_opened_pull_requests_quarterly,2024-10-01,216.0
Arbos Foundry,GITHUB_opened_pull_requests_quarterly,2024-10-01,1.0
Redstone Finance,GITHUB_opened_pull_requests_daily,2024-10-01,2.0
Enclave,GITHUB_opened_pull_requests_daily,2024-10-01,4.0
Debid - Fairblock,GITHUB_merged_pull_requests_monthly,2024-10-01,42.0
Redstone Finance,GITHUB_merged_pull_requests_monthly,2024-10-01,44.0
Trail of Bits Security Reviews,GITHUB_merged_pull_requests_daily,2024-10-01,6.0
Runtime Verification,GITHUB_merged_pull_requests_daily,2024-10-01,7.0
Debid - Fairblock,GITHUB_merged_pull_requests_quarterly,2024-10-01,42.0
Open Source Observer,GITHUB_merged_pull_requests_quarterly,2024-10-01,163.0
thirdweb,GITHUB_merged_pull_requests_biannually,2024-10-01,388.0
Open Source Observer,GITHUB_merged_pull_requests_biannually,2024-10-01,163.0
Remix IDE plugin for Arbitrum Stylus,GITHUB_merged_pull_requests_biannually,2024-10-01,5.0
Passport XYZ,GITHUB_merged_pull_requests_quarterly,2024-10-01,125.0
Walnut,GITHUB_merged_pull_requests_quarterly,2024-10-01,5.0
Open Source Observer,GITHUB_opened_issues_daily,2024-10-01,5.0
Passport XYZ,GITHUB_opened_issues_monthly,2024-10-01,36.0
Enclave,GITHUB_opened_issues_monthly,2024-10-01,28.0
Runtime Verification,GITHUB_opened_issues_monthly,2024-10-01,28.0
thirdweb,GITHUB_opened_issues_monthly,2024-10-01,14.0
Pyth Network,GITHUB_opened_issues_monthly,2024-10-01,1.0
Debid - Fairblock,GITHUB_opened_issues_monthly,2024-10-01,2.0
Pyth Network,GITHUB_opened_issues_quarterly,2024-10-01,1.0
Passport XYZ,GITHUB_opened_issues_biannually,2024-10-01,36.0
Pyth Network,GITHUB_opened_issues_biannually,2024-10-01,1.0
Debid - Fairblock,GITHUB_opened_issues_biannually,2024-10-01,2.0
Passport XYZ,GITHUB_closed_issues_daily,2024-10-01,4.0
Runtime Verification,GITHUB_closed_issues_daily,2024-10-01,2.0
Pyth Network,GITHUB_closed_issues_monthly,2024-10-01,3.0
Enclave,GITHUB_closed_issues_monthly,2024-10-01,15.0
Runtime Verification,GITHUB_closed_issues_monthly,2024-10-01,6.0
Runtime Verification,GITHUB_closed_issues_biannually,2024-10-01,6.0
Passport XYZ,GITHUB_closed_issues_biannually,2024-10-01,74.0
thirdweb,GITHUB_closed_issues_biannually,2024-10-01,8.0
Enclave,GITHUB_closed_issues_biannually,2024-10-01,15.0
Solang,GITHUB_avg_prs_time_to_merge_biannually,2024-10-01,0.0
Open Source Observer,GITHUB_avg_time_to_first_response_quarterly,2024-10-01,541245.6975088968
thirdweb,GITHUB_avg_prs_time_to_merge_biannually,2024-10-01,0.0
Enclave,GITHUB_avg_prs_time_to_merge_biannually,2024-10-01,0.0
Trail of Bits Security Reviews,GITHUB_avg_prs_time_to_merge_biannually,2024-10-01,0.0
Pyth Network,GITHUB_avg_time_to_first_response_quarterly,2024-10-01,342627.8333333333
Trail of Bits Security Reviews,GITHUB_churned_contributors_monthly,2024-10-01,-1.0
Walnut,GITHUB_change_in_full_time_contributors_monthly,2024-10-01,0.0
Redstone Finance,GITHUB_churned_contributors_quarterly,2024-10-01,-5.0
Trail of Bits Security Reviews,GITHUB_churned_contributors_quarterly,2024-10-01,-1.0
Arbos Foundry,GITHUB_change_in_full_time_contributors_monthly,2024-10-01,0.0
Arbos Foundry,GITHUB_change_in_full_time_contributors_quarterly,2024-10-01,0.0
Open Source Observer,GITHUB_change_in_active_contributors_monthly,2024-10-01,-12.0
Debid - Fairblock,GITHUB_change_in_new_contributors_monthly,2024-10-01,-19.0
thirdweb,GITHUB_change_in_active_contributors_monthly,2024-10-01,12.0
thirdweb,GITHUB_churned_contributors_monthly,2024-10-01,-13.0
Runtime Verification,GITHUB_change_in_active_contributors_monthly,2024-10-01,2.0
Solang,GITHUB_change_in_active_contributors_quarterly,2024-10-01,-1.0
Open Source Observer,GITHUB_change_in_active_contributors_quarterly,2024-10-01,-12.0
Pyth Network,GITHUB_change_in_new_contributors_quarterly,2024-10-01,-4.0
Passport XYZ,GITHUB_change_in_new_contributors_quarterly,2024-10-01,-1.0
Pyth Network,GITHUB_change_in_full_time_contributors_biannually,2024-10-01,0.0
Pyth Network,GITHUB_change_in_new_contributors_biannually,2024-10-01,-4.0
Debid - Fairblock,GITHUB_change_in_new_contributors_biannually,2024-10-01,-19.0
thirdweb,GITHUB_change_in_new_contributors_biannually,2024-10-01,6.0
Solang,GITHUB_change_in_full_time_contributors_monthly,2024-10-01,0.0
Walnut,GITHUB_change_in_full_time_contributors_biannually,2024-10-01,0.0
Walnut,GITHUB_change_in_new_contributors_biannually,2024-10-01,2.0
Trail of Bits Security Reviews,GITHUB_change_in_full_time_contributors_biannually,2024-10-01,0.0
Arbos Foundry,GITHUB_change_in_new_contributors_biannually,2024-10-01,0.0
Debid - Fairblock,GITHUB_churned_contributors_biannually,2024-10-01,-39.0
Remix IDE plugin for Arbitrum Stylus,GITHUB_change_in_new_contributors_monthly,2024-10-01,-2.0
Remix IDE plugin for Arbitrum Stylus,GITHUB_change_in_active_contributors_monthly,2024-10-01,-2.0
Pyth Network,GITHUB_change_in_active_contributors_monthly,2024-10-01,-6.0
Pyth Network,GITHUB_churned_contributors_monthly,2024-10-01,-19.0
Remix IDE plugin for Arbitrum Stylus,GITHUB_churned_contributors_quarterly,2024-10-01,-5.0
Remix IDE plugin for Arbitrum Stylus,GITHUB_change_in_full_time_contributors_quarterly,2024-10-01,0.0
Open Source Observer,GITHUB_change_in_new_contributors_biannually,2024-10-01,-12.0
Solang,GITHUB_change_in_new_contributors_biannually,2024-10-01,-1.0
Open Source Observer,GITHUB_change_in_new_contributors_quarterly,2024-10-01,-12.0
thirdweb,GITHUB_churned_contributors_quarterly,2024-10-01,-13.0
Redstone Finance,GITHUB_comments_daily,2024-09-03,1.0
Passport XYZ,GITHUB_comments_daily,2024-09-03,6.0
Trail of Bits Security Reviews,GITHUB_stars_daily,2024-09-03,13.0
Pyth Network,GITHUB_commits_daily,2024-09-03,5.0
Open Source Observer,GITHUB_commits_daily,2024-09-03,10.0
thirdweb,GITHUB_commits_daily,2024-09-03,13.0
Walnut,GITHUB_repositories_daily,2024-09-03,1.0
Open Source Observer,GITHUB_repositories_daily,2024-09-03,2.0
Trail of Bits Security Reviews,GITHUB_contributors_daily,2024-09-03,9.0
Walnut,GITHUB_contributors_daily,2024-09-03,2.0
Open Source Observer,GITHUB_contributors_daily,2024-09-03,9.0
Arbos Foundry,GITHUB_active_developers_daily,2024-09-03,1.0
Trail of Bits Security Reviews,GITHUB_opened_pull_requests_daily,2024-09-03,12.0
Pyth Network,GITHUB_opened_pull_requests_daily,2024-09-03,12.0
Passport XYZ,GITHUB_merged_pull_requests_daily,2024-09-03,4.0
thirdweb,GITHUB_merged_pull_requests_daily,2024-09-03,12.0
Passport XYZ,GITHUB_closed_issues_daily,2024-09-03,2.0
Trail of Bits Security Reviews,GITHUB_comments_daily,2024-09-18,6.0
Pyth Network,GITHUB_comments_daily,2024-09-18,23.0
thirdweb,GITHUB_stars_daily,2024-09-18,2.0
thirdweb,GITHUB_commits_daily,2024-09-18,29.0
Redstone Finance,GITHUB_repositories_daily,2024-09-18,5.0
Enclave,GITHUB_repositories_daily,2024-09-18,1.0
thirdweb,GITHUB_repositories_daily,2024-09-18,5.0
Passport XYZ,GITHUB_repositories_daily,2024-09-18,3.0
thirdweb,GITHUB_contributors_daily,2024-09-18,10.0
Runtime Verification,GITHUB_contributors_daily,2024-09-18,6.0
Passport XYZ,GITHUB_active_developers_daily,2024-09-18,3.0
Open Source Observer,GITHUB_active_developers_daily,2024-09-18,3.0
Runtime Verification,GITHUB_merged_pull_requests_daily,2024-09-18,7.0
Enclave,GITHUB_merged_pull_requests_daily,2024-09-18,1.0
Redstone Finance,GITHUB_merged_pull_requests_daily,2024-09-18,4.0
Open Source Observer,GITHUB_opened_issues_daily,2024-09-18,2.0
Trail of Bits Security Reviews,GITHUB_opened_issues_daily,2024-09-18,1.0
Open Source Observer,GITHUB_comments_daily,2024-03-14,9.0
Trail of Bits Security Reviews,GITHUB_commits_daily,2024-03-14,13.0
Pyth Network,GITHUB_releases_daily,2024-03-14,1.0
thirdweb,GITHUB_repositories_daily,2024-03-14,8.0
Runtime Verification,GITHUB_repositories_daily,2024-03-14,10.0
thirdweb,GITHUB_active_developers_daily,2024-03-14,10.0
Runtime Verification,GITHUB_contributors_daily,2024-03-14,16.0
Open Source Observer,GITHUB_contributors_daily,2024-03-14,3.0
Pyth Network,GITHUB_closed_issues_daily,2024-03-14,1.0
Trail of Bits Security Reviews,GITHUB_opened_pull_requests_daily,2024-03-14,9.0
Runtime Verification,GITHUB_opened_pull_requests_daily,2024-03-14,13.0
thirdweb,GITHUB_opened_pull_requests_daily,2024-03-14,25.0
Pyth Network,GITHUB_opened_pull_requests_daily,2024-03-14,6.0
Open Source Observer,GITHUB_opened_issues_daily,2024-03-14,3.0
Trail of Bits Security Reviews,GITHUB_opened_issues_daily,2024-03-14,1.0
Trail of Bits Security Reviews,GITHUB_comments_daily,2025-01-11,1.0
Trail of Bits Security Reviews,GITHUB_stars_daily,2025-01-11,1.0
9Lives,GITHUB_commits_daily,2025-01-11,9.0
thirdweb,GITHUB_commits_daily,2025-01-11,3.0
thirdweb,GITHUB_forks_daily,2025-01-11,2.0
Runtime Verification,GITHUB_repositories_daily,2025-01-11,3.0
thirdweb,GITHUB_merged_pull_requests_daily,2025-01-11,2.0
Open Source Observer,GITHUB_opened_issues_daily,2025-01-11,7.0
Enclave,GITHUB_comments_daily,2024-12-05,2.0
thirdweb,GITHUB_comments_daily,2024-12-05,121.0
thirdweb,GITHUB_stars_daily,2024-12-05,1.0
Trail of Bits Security Reviews,GITHUB_stars_daily,2024-12-05,12.0
thirdweb,GITHUB_commits_daily,2024-12-05,13.0
Pyth Network,GITHUB_commits_daily,2024-12-05,3.0
Trail of Bits Security Reviews,GITHUB_commits_daily,2024-12-05,14.0
Redstone Finance,GITHUB_commits_daily,2024-12-05,25.0
thirdweb,GITHUB_releases_daily,2024-12-05,1.0
Pyth Network,GITHUB_repositories_daily,2024-12-05,4.0
Enclave,GITHUB_repositories_daily,2024-12-05,1.0
Redstone Finance,GITHUB_repositories_daily,2024-12-05,3.0
Passport XYZ,GITHUB_contributors_daily,2024-12-05,2.0
Pyth Network,GITHUB_contributors_daily,2024-12-05,5.0
Redstone Finance,GITHUB_contributors_daily,2024-12-05,4.0
Walnut,GITHUB_contributors_daily,2024-12-05,2.0
Runtime Verification,GITHUB_contributors_daily,2024-12-05,9.0
Walnut,GITHUB_active_developers_daily,2024-12-05,1.0
Open Source Observer,GITHUB_active_developers_daily,2024-12-05,3.0
thirdweb,GITHUB_active_developers_daily,2024-12-05,2.0
Open Source Observer,GITHUB_opened_pull_requests_daily,2024-12-05,3.0
Passport XYZ,GITHUB_opened_issues_daily,2024-12-05,12.0
Runtime Verification,GITHUB_forks_weekly,2024-03-11,1.0
Redstone Finance,GITHUB_forks_weekly,2024-03-11,1.0
Open Source Observer,GITHUB_comments_daily,2024-03-11,15.0
Pyth Network,GITHUB_stars_weekly,2024-03-11,17.0
thirdweb,GITHUB_commits_daily,2024-03-11,7.0
Runtime Verification,GITHUB_commits_daily,2024-03-11,10.0
Open Source Observer,GITHUB_commits_daily,2024-03-11,5.0
Trail of Bits Security Reviews,GITHUB_releases_weekly,2024-03-11,4.0
Pyth Network,GITHUB_commits_weekly,2024-03-11,42.0
Open Source Observer,GITHUB_commits_weekly,2024-03-11,29.0
Open Source Observer,GITHUB_comments_weekly,2024-03-11,71.0
Syndicate Protocol,GITHUB_repositories_weekly,2024-03-11,1.0
Arbos Foundry,GITHUB_repositories_weekly,2024-03-11,1.0
Pyth Network,GITHUB_forks_daily,2024-03-11,2.0
Open Source Observer,GITHUB_forks_daily,2024-03-11,1.0
Debid - Fairblock,GITHUB_repositories_weekly,2024-03-11,2.0
Walnut,GITHUB_repositories_weekly,2024-03-11,1.0
Trail of Bits Security Reviews,GITHUB_repositories_daily,2024-03-11,19.0
Redstone Finance,GITHUB_repositories_daily,2024-03-11,4.0
Walnut,GITHUB_contributors_weekly,2024-03-11,2.0
thirdweb,GITHUB_contributors_daily,2024-03-11,10.0
Redstone Finance,GITHUB_active_developers_weekly,2024-03-11,3.0
Debid - Fairblock,GITHUB_active_developers_weekly,2024-03-11,1.0
Trail of Bits Security Reviews,GITHUB_active_developers_weekly,2024-03-11,13.0
Runtime Verification,GITHUB_opened_pull_requests_daily,2024-03-11,20.0
Open Source Observer,GITHUB_opened_pull_requests_daily,2024-03-11,7.0
Pyth Network,GITHUB_merged_pull_requests_daily,2024-03-11,8.0
Open Source Observer,GITHUB_merged_pull_requests_daily,2024-03-11,5.0
Trail of Bits Security Reviews,GITHUB_merged_pull_requests_weekly,2024-03-11,64.0
Open Source Observer,GITHUB_merged_pull_requests_weekly,2024-03-11,26.0
thirdweb,GITHUB_merged_pull_requests_weekly,2024-03-11,89.0
thirdweb,GITHUB_opened_issues_daily,2024-03-11,1.0
Walnut,GITHUB_opened_issues_daily,2024-03-11,1.0
Open Source Observer,GITHUB_closed_issues_weekly,2024-03-11,16.0
Walnut,GITHUB_closed_issues_weekly,2024-03-11,2.0
Open Source Observer,GITHUB_closed_issues_daily,2024-03-11,2.0
Walnut,GITHUB_closed_issues_daily,2024-03-11,2.0
Open Source Observer,GITHUB_comments_daily,2024-07-24,28.0
Walnut,GITHUB_comments_daily,2024-07-24,1.0
Redstone Finance,GITHUB_commits_daily,2024-07-24,6.0
Runtime Verification,GITHUB_commits_daily,2024-07-24,14.0
Pyth Network,GITHUB_releases_daily,2024-07-24,1.0
Runtime Verification,GITHUB_repositories_daily,2024-07-24,10.0
Passport XYZ,GITHUB_repositories_daily,2024-07-24,3.0
Redstone Finance,GITHUB_contributors_daily,2024-07-24,2.0
Open Source Observer,GITHUB_contributors_daily,2024-07-24,4.0
Passport XYZ,GITHUB_active_developers_daily,2024-07-24,4.0
Walnut,GITHUB_active_developers_daily,2024-07-24,1.0
Runtime Verification,GITHUB_opened_pull_requests_daily,2024-07-24,11.0
Pyth Network,GITHUB_opened_pull_requests_daily,2024-07-24,12.0
Open Source Observer,GITHUB_opened_pull_requests_daily,2024-07-24,7.0
Trail of Bits Security Reviews,GITHUB_opened_pull_requests_daily,2024-07-24,5.0
Pyth Network,GITHUB_merged_pull_requests_daily,2024-07-24,8.0
Runtime Verification,GITHUB_merged_pull_requests_daily,2024-07-24,9.0
Open Source Observer,GITHUB_merged_pull_requests_daily,2024-07-24,8.0
Runtime Verification,GITHUB_opened_issues_daily,2024-07-24,3.0
Open Source Observer,GITHUB_opened_issues_daily,2024-07-24,4.0
Trail of Bits Security Reviews,GITHUB_forks_weekly,2024-02-05,17.0
Runtime Verification,GITHUB_forks_weekly,2024-02-05,1.0
Open Source Observer,GITHUB_comments_daily,2024-02-05,8.0
Runtime Verification,GITHUB_comments_daily,2024-02-05,37.0
Redstone Finance,GITHUB_stars_daily,2024-02-05,1.0
Redstone Finance,GITHUB_commits_daily,2024-02-05,4.0
Walnut,GITHUB_commits_daily,2024-02-05,1.0
Remix IDE plugin for Arbitrum Stylus,GITHUB_commits_daily,2024-02-05,6.0
Pyth Network,GITHUB_commits_daily,2024-02-05,2.0
thirdweb,GITHUB_stars_weekly,2024-02-05,9.0
Runtime Verification,GITHUB_stars_weekly,2024-02-05,5.0
Runtime Verification,GITHUB_releases_daily,2024-02-05,8.0
Runtime Verification,GITHUB_releases_weekly,2024-02-05,37.0
Trail of Bits Security Reviews,GITHUB_releases_weekly,2024-02-05,3.0
Pyth Network,GITHUB_releases_weekly,2024-02-05,2.0
Arbos Foundry,GITHUB_commits_weekly,2024-02-05,22.0
Pyth Network,GITHUB_commits_weekly,2024-02-05,33.0
Runtime Verification,GITHUB_comments_weekly,2024-02-05,193.0
Open Source Observer,GITHUB_comments_weekly,2024-02-05,45.0
Trail of Bits Security Reviews,GITHUB_repositories_daily,2024-02-05,14.0
thirdweb,GITHUB_repositories_weekly,2024-02-05,11.0
Walnut,GITHUB_contributors_daily,2024-02-05,2.0
Pyth Network,GITHUB_contributors_daily,2024-02-05,2.0
Arbos Foundry,GITHUB_contributors_weekly,2024-02-05,1.0
Debid - Fairblock,GITHUB_contributors_weekly,2024-02-05,1.0
Open Source Observer,GITHUB_active_developers_daily,2024-02-05,1.0
Remix IDE plugin for Arbitrum Stylus,GITHUB_active_developers_daily,2024-02-05,2.0
Trail of Bits Security Reviews,GITHUB_active_developers_daily,2024-02-05,3.0
Open Source Observer,GITHUB_active_developers_weekly,2024-02-05,3.0
Arbos Foundry,GITHUB_active_developers_weekly,2024-02-05,1.0
Runtime Verification,GITHUB_active_developers_weekly,2024-02-05,13.0
thirdweb,GITHUB_opened_pull_requests_daily,2024-02-05,7.0
Pyth Network,GITHUB_opened_pull_requests_daily,2024-02-05,3.0
Runtime Verification,GITHUB_merged_pull_requests_weekly,2024-02-05,75.0
Pyth Network,GITHUB_merged_pull_requests_weekly,2024-02-05,30.0
Open Source Observer,GITHUB_merged_pull_requests_weekly,2024-02-05,15.0
Debid - Fairblock,GITHUB_merged_pull_requests_weekly,2024-02-05,3.0
Trail of Bits Security Reviews,GITHUB_merged_pull_requests_daily,2024-02-05,14.0
Open Source Observer,GITHUB_opened_issues_weekly,2024-02-05,17.0
Trail of Bits Security Reviews,GITHUB_opened_issues_weekly,2024-02-05,12.0
Walnut,GITHUB_closed_issues_weekly,2024-02-05,5.0
Pyth Network,GITHUB_comments_daily,2024-04-16,28.0
Open Source Observer,GITHUB_comments_daily,2024-04-16,8.0
Redstone Finance,GITHUB_commits_daily,2024-04-16,3.0
Trail of Bits Security Reviews,GITHUB_forks_daily,2024-04-16,2.0
Redstone Finance,GITHUB_repositories_daily,2024-04-16,1.0
Open Source Observer,GITHUB_repositories_daily,2024-04-16,2.0
Pyth Network,GITHUB_repositories_daily,2024-04-16,5.0
thirdweb,GITHUB_active_developers_daily,2024-04-16,7.0
Runtime Verification,GITHUB_active_developers_daily,2024-04-16,2.0
Pyth Network,GITHUB_opened_pull_requests_daily,2024-04-16,12.0
Runtime Verification,GITHUB_merged_pull_requests_daily,2024-04-16,13.0
Trail of Bits Security Reviews,GITHUB_merged_pull_requests_daily,2024-04-16,5.0
Trail of Bits Security Reviews,GITHUB_comments_daily,2024-02-02,13.0
Pyth Network,GITHUB_comments_daily,2024-02-02,5.0
thirdweb,GITHUB_comments_daily,2024-02-02,18.0
Pyth Network,GITHUB_stars_daily,2024-02-02,2.0
Runtime Verification,GITHUB_stars_daily,2024-02-02,2.0
WakeUp Labs,GITHUB_commits_daily,2024-02-02,1.0
Pyth Network,GITHUB_forks_daily,2024-02-02,2.0
Trail of Bits Security Reviews,GITHUB_forks_daily,2024-02-02,1.0
Pyth Network,GITHUB_opened_pull_requests_daily,2024-02-02,3.0
Runtime Verification,GITHUB_active_developers_daily,2024-02-02,3.0
WakeUp Labs,GITHUB_merged_pull_requests_daily,2024-02-02,1.0
thirdweb,GITHUB_merged_pull_requests_daily,2024-02-02,11.0
Runtime Verification,GITHUB_opened_issues_daily,2024-02-02,4.0
Runtime Verification,GITHUB_closed_issues_daily,2024-02-02,1.0
Pyth Network,GITHUB_comments_daily,2024-06-19,10.0
Trail of Bits Security Reviews,GITHUB_comments_daily,2024-06-19,22.0
Open Source Observer,GITHUB_comments_daily,2024-06-19,13.0
Runtime Verification,GITHUB_stars_daily,2024-06-19,1.0
thirdweb,GITHUB_stars_daily,2024-06-19,3.0
Walnut,GITHUB_stars_daily,2024-06-19,3.0
Walnut,GITHUB_commits_daily,2024-06-19,4.0
thirdweb,GITHUB_forks_daily,2024-06-19,1.0
Walnut,GITHUB_repositories_daily,2024-06-19,3.0
Remix IDE plugin for Arbitrum Stylus,GITHUB_repositories_daily,2024-06-19,1.0
Pyth Network,GITHUB_repositories_daily,2024-06-19,4.0
Runtime Verification,GITHUB_active_developers_daily,2024-06-19,3.0
thirdweb,GITHUB_active_developers_daily,2024-06-19,3.0
Walnut,GITHUB_active_developers_daily,2024-06-19,1.0
Open Source Observer,GITHUB_opened_issues_daily,2024-06-19,3.0
Trail of Bits Security Reviews,GITHUB_comments_daily,2024-12-27,5.0
thirdweb,GITHUB_comments_daily,2024-12-27,41.0
thirdweb,GITHUB_stars_daily,2024-12-27,4.0
Trail of Bits Security Reviews,GITHUB_commits_daily,2024-12-27,8.0
thirdweb,GITHUB_forks_daily,2024-12-27,2.0
Pyth Network,GITHUB_forks_daily,2024-12-27,1.0
Open Source Observer,GITHUB_repositories_daily,2024-12-27,2.0
thirdweb,GITHUB_repositories_daily,2024-12-27,4.0
Debid - Fairblock,GITHUB_contributors_daily,2024-12-27,1.0
Trail of Bits Security Reviews,GITHUB_contributors_daily,2024-12-27,8.0
thirdweb,GITHUB_merged_pull_requests_daily,2024-12-27,3.0
Passport XYZ,GITHUB_opened_issues_daily,2024-12-27,6.0
thirdweb,GITHUB_opened_issues_daily,2024-12-27,1.0
thirdweb,GITHUB_closed_issues_daily,2024-12-27,1.0
thirdweb,GITHUB_comments_daily,2025-02-25,61.0
Solang,GITHUB_comments_daily,2025-02-25,2.0
Trail of Bits Security Reviews,GITHUB_comments_daily,2025-02-25,2.0
Pyth Network,GITHUB_comments_daily,2025-02-25,15.0
Trail of Bits Security Reviews,GITHUB_stars_daily,2025-02-25,10.0
Passport XYZ,GITHUB_commits_daily,2025-02-25,11.0
Pyth Network,GITHUB_commits_daily,2025-02-25,5.0
thirdweb,GITHUB_commits_daily,2025-02-25,12.0
CodeTracer,GITHUB_repositories_daily,2025-02-25,1.0
Walnut,GITHUB_repositories_daily,2025-02-25,3.0
Runtime Verification,GITHUB_repositories_daily,2025-02-25,2.0
Pyth Network,GITHUB_repositories_daily,2025-02-25,4.0
Runtime Verification,GITHUB_contributors_daily,2025-02-25,3.0
Redstone Finance,GITHUB_contributors_daily,2025-02-25,3.0
Passport XYZ,GITHUB_contributors_daily,2025-02-25,2.0
Redstone Finance,GITHUB_active_developers_daily,2025-02-25,3.0
Passport XYZ,GITHUB_opened_pull_requests_daily,2025-02-25,10.0
Runtime Verification,GITHUB_opened_pull_requests_daily,2025-02-25,1.0
Pyth Network,GITHUB_merged_pull_requests_daily,2025-02-25,6.0
Passport XYZ,GITHUB_opened_issues_daily,2025-02-25,2.0
Walnut,GITHUB_opened_issues_daily,2025-02-25,2.0
Walnut,GITHUB_closed_issues_daily,2025-02-25,4.0
thirdweb,GITHUB_closed_issues_daily,2025-02-25,2.0
thirdweb,GITHUB_commits_daily,2025-01-18,4.0
Pyth Network,GITHUB_stars_daily,2025-01-18,2.0
Passport XYZ,GITHUB_stars_daily,2025-01-18,2.0
thirdweb,GITHUB_stars_daily,2025-01-18,1.0
Pyth Network,GITHUB_releases_daily,2025-01-18,1.0
9Lives,GITHUB_repositories_daily,2025-01-18,1.0
Passport XYZ,GITHUB_repositories_daily,2025-01-18,1.0
thirdweb,GITHUB_repositories_daily,2025-01-18,3.0
Pyth Network,GITHUB_contributors_daily,2025-01-18,4.0
thirdweb,GITHUB_opened_pull_requests_daily,2025-01-18,2.0
Pyth Network,GITHUB_merged_pull_requests_daily,2025-01-18,1.0
thirdweb,GITHUB_merged_pull_requests_daily,2025-01-18,4.0
Trail of Bits Security Reviews,GITHUB_closed_issues_daily,2025-01-18,2.0
Open Source Observer,GITHUB_comments_daily,2024-04-04,10.0
thirdweb,GITHUB_comments_daily,2024-04-04,39.0
thirdweb,GITHUB_stars_daily,2024-04-04,4.0
Runtime Verification,GITHUB_commits_daily,2024-04-04,56.0
Trail of Bits Security Reviews,GITHUB_forks_daily,2024-04-04,2.0
Pyth Network,GITHUB_repositories_daily,2024-04-04,6.0
Runtime Verification,GITHUB_repositories_daily,2024-04-04,13.0
Redstone Finance,GITHUB_contributors_daily,2024-04-04,4.0
Walnut,GITHUB_contributors_daily,2024-04-04,3.0
Open Source Observer,GITHUB_active_developers_daily,2024-04-04,2.0
Runtime Verification,GITHUB_active_developers_daily,2024-04-04,6.0
thirdweb,GITHUB_opened_pull_requests_daily,2024-04-04,12.0
Open Source Observer,GITHUB_opened_pull_requests_daily,2024-04-04,2.0
Pyth Network,GITHUB_opened_pull_requests_daily,2024-04-04,6.0
Pyth Network,GITHUB_merged_pull_requests_daily,2024-04-04,6.0
Redstone Finance,GITHUB_merged_pull_requests_daily,2024-04-04,1.0
thirdweb,GITHUB_comments_daily,2024-07-06,7.0
Trail of Bits Security Reviews,GITHUB_stars_daily,2024-07-06,8.0
Trail of Bits Security Reviews,GITHUB_repositories_daily,2024-07-06,12.0
Walnut,GITHUB_contributors_daily,2024-07-06,1.0
Trail of Bits Security Reviews,GITHUB_contributors_daily,2024-07-06,3.0
Runtime Verification,GITHUB_contributors_daily,2024-07-06,4.0
Trail of Bits Security Reviews,GITHUB_active_developers_daily,2024-07-06,1.0
Walnut,GITHUB_merged_pull_requests_daily,2024-07-06,1.0
Runtime Verification,GITHUB_merged_pull_requests_daily,2024-07-06,4.0
Enclave,GITHUB_comments_daily,2024-12-04,3.0
thirdweb,GITHUB_comments_daily,2024-12-04,168.0
Open Source Observer,GITHUB_comments_daily,2024-12-04,16.0
thirdweb,GITHUB_stars_daily,2024-12-04,6.0
Passport XYZ,GITHUB_stars_daily,2024-12-04,4.0
Redstone Finance,GITHUB_commits_daily,2024-12-04,6.0
Trail of Bits Security Reviews,GITHUB_commits_daily,2024-12-04,3.0
Remix IDE plugin for Arbitrum Stylus,GITHUB_forks_daily,2024-12-04,1.0
thirdweb,GITHUB_releases_daily,2024-12-04,2.0
Debid - Fairblock,GITHUB_contributors_daily,2024-12-04,3.0
thirdweb,GITHUB_contributors_daily,2024-12-04,12.0
Pyth Network,GITHUB_contributors_daily,2024-12-04,5.0
Redstone Finance,GITHUB_contributors_daily,2024-12-04,3.0
Open Source Observer,GITHUB_active_developers_daily,2024-12-04,3.0
Redstone Finance,GITHUB_active_developers_daily,2024-12-04,2.0
Trail of Bits Security Reviews,GITHUB_opened_pull_requests_daily,2024-12-04,4.0
Runtime Verification,GITHUB_merged_pull_requests_daily,2024-12-04,11.0
Open Source Observer,GITHUB_closed_issues_daily,2024-12-04,3.0
thirdweb,GITHUB_comments_daily,2024-05-22,84.0
Runtime Verification,GITHUB_comments_daily,2024-05-22,42.0
Trail of Bits Security Reviews,GITHUB_stars_daily,2024-05-22,12.0
Runtime Verification,GITHUB_commits_daily,2024-05-22,37.0
Redstone Finance,GITHUB_repositories_daily,2024-05-22,2.0
Open Source Observer,GITHUB_repositories_daily,2024-05-22,2.0
thirdweb,GITHUB_contributors_daily,2024-05-22,11.0
Redstone Finance,GITHUB_contributors_daily,2024-05-22,2.0
Runtime Verification,GITHUB_active_developers_daily,2024-05-22,4.0
thirdweb,GITHUB_active_developers_daily,2024-05-22,5.0
Walnut,GITHUB_opened_pull_requests_daily,2024-05-22,1.0
Trail of Bits Security Reviews,GITHUB_merged_pull_requests_daily,2024-05-22,3.0
thirdweb,GITHUB_merged_pull_requests_daily,2024-05-22,20.0
Pyth Network,GITHUB_opened_issues_daily,2024-05-22,1.0
Runtime Verification,GITHUB_opened_issues_daily,2024-05-22,2.0
Trail of Bits Security Reviews,GITHUB_repositories_daily,2024-05-04,9.0
Syndicate Protocol,GITHUB_repositories_daily,2024-05-04,1.0
Trail of Bits Security Reviews,GITHUB_contributors_daily,2024-05-04,2.0
Trail of Bits Security Reviews,GITHUB_active_developers_daily,2024-05-04,1.0
thirdweb,GITHUB_active_developers_daily,2024-05-04,3.0
Pyth Network,GITHUB_active_developers_daily,2024-05-04,2.0
Pyth Network,GITHUB_opened_pull_requests_daily,2024-05-04,4.0
Trail of Bits Security Reviews,GITHUB_opened_pull_requests_daily,2024-05-04,7.0
Syndicate Protocol,GITHUB_opened_pull_requests_daily,2024-05-04,1.0
Pyth Network,GITHUB_merged_pull_requests_daily,2024-05-04,3.0
Pyth Network,GITHUB_comments_daily,2025-02-08,14.0
thirdweb,GITHUB_comments_daily,2025-02-08,61.0
Passport XYZ,GITHUB_stars_daily,2025-02-08,2.0
thirdweb,GITHUB_releases_daily,2025-02-08,8.0
Runtime Verification,GITHUB_repositories_daily,2025-02-08,1.0
Open Source Observer,GITHUB_repositories_daily,2025-02-08,1.0
Pyth Network,GITHUB_contributors_daily,2025-02-08,4.0
thirdweb,GITHUB_active_developers_daily,2025-02-08,6.0
Solang,GITHUB_active_developers_daily,2025-02-08,1.0
Trail of Bits Security Reviews,GITHUB_opened_pull_requests_daily,2025-02-08,1.0
thirdweb,GITHUB_opened_pull_requests_daily,2025-02-08,12.0
Pyth Network,GITHUB_opened_pull_requests_daily,2025-02-08,5.0
Trail of Bits Security Reviews,GITHUB_opened_issues_daily,2025-02-08,1.0
Solang,GITHUB_opened_issues_daily,2025-02-08,12.0
Walnut,GITHUB_opened_issues_daily,2025-02-08,1.0
Open Source Observer,GITHUB_closed_issues_daily,2025-02-08,3.0
Walnut,GITHUB_closed_issues_daily,2025-02-08,1.0
Walnut,GITHUB_forks_weekly,2024-06-17,17.0
thirdweb,GITHUB_forks_weekly,2024-06-17,9.0
Walnut,GITHUB_comments_daily,2024-06-17,2.0
Runtime Verification,GITHUB_comments_daily,2024-06-17,14.0
thirdweb,GITHUB_comments_daily,2024-06-17,161.0
Debid - Fairblock,GITHUB_stars_daily,2024-06-17,1.0
thirdweb,GITHUB_stars_daily,2024-06-17,3.0
Arbos Foundry,GITHUB_stars_daily,2024-06-17,1.0
Redstone Finance,GITHUB_stars_weekly,2024-06-17,2.0
Runtime Verification,GITHUB_commits_daily,2024-06-17,9.0
thirdweb,GITHUB_commits_daily,2024-06-17,16.0
Pyth Network,GITHUB_commits_daily,2024-06-17,7.0
Pyth Network,GITHUB_releases_daily,2024-06-17,2.0
Pyth Network,GITHUB_commits_weekly,2024-06-17,38.0
Passport XYZ,GITHUB_commits_weekly,2024-06-17,16.0
Runtime Verification,GITHUB_comments_weekly,2024-06-17,139.0
Pyth Network,GITHUB_comments_weekly,2024-06-17,81.0
Trail of Bits Security Reviews,GITHUB_comments_weekly,2024-06-17,115.0
Trail of Bits Security Reviews,GITHUB_repositories_weekly,2024-06-17,37.0
Enclave,GITHUB_repositories_weekly,2024-06-17,1.0
Remix IDE plugin for Arbitrum Stylus,GITHUB_repositories_weekly,2024-06-17,1.0
Pyth Network,GITHUB_repositories_weekly,2024-06-17,10.0
thirdweb,GITHUB_repositories_weekly,2024-06-17,8.0
Walnut,GITHUB_forks_daily,2024-06-17,1.0
Debid - Fairblock,GITHUB_forks_daily,2024-06-17,1.0
Pyth Network,GITHUB_forks_daily,2024-06-17,1.0
Arbos Foundry,GITHUB_repositories_daily,2024-06-17,1.0
Passport XYZ,GITHUB_contributors_weekly,2024-06-17,3.0
Debid - Fairblock,GITHUB_contributors_weekly,2024-06-17,1.0
Runtime Verification,GITHUB_contributors_weekly,2024-06-17,23.0
Walnut,GITHUB_active_developers_weekly,2024-06-17,2.0
Open Source Observer,GITHUB_contributors_daily,2024-06-17,5.0
thirdweb,GITHUB_contributors_daily,2024-06-17,8.0
Trail of Bits Security Reviews,GITHUB_contributors_daily,2024-06-17,9.0
Pyth Network,GITHUB_active_developers_daily,2024-06-17,4.0
Trail of Bits Security Reviews,GITHUB_active_developers_daily,2024-06-17,6.0
Redstone Finance,GITHUB_active_developers_daily,2024-06-17,1.0
Walnut,GITHUB_opened_pull_requests_daily,2024-06-17,2.0
Open Source Observer,GITHUB_opened_pull_requests_daily,2024-06-17,7.0
Open Source Observer,GITHUB_opened_pull_requests_weekly,2024-06-17,37.0
thirdweb,GITHUB_opened_pull_requests_weekly,2024-06-17,123.0
Pyth Network,GITHUB_merged_pull_requests_daily,2024-06-17,6.0
thirdweb,GITHUB_merged_pull_requests_daily,2024-06-17,17.0
Trail of Bits Security Reviews,GITHUB_merged_pull_requests_daily,2024-06-17,17.0
thirdweb,GITHUB_merged_pull_requests_weekly,2024-06-17,117.0
Walnut,GITHUB_merged_pull_requests_weekly,2024-06-17,5.0
Runtime Verification,GITHUB_opened_issues_weekly,2024-06-17,5.0
Trail of Bits Security Reviews,GITHUB_opened_issues_weekly,2024-06-17,15.0
thirdweb,GITHUB_opened_issues_daily,2024-06-17,2.0
Passport XYZ,GITHUB_closed_issues_weekly,2024-06-17,2.0
Open Source Observer,GITHUB_closed_issues_daily,2024-06-17,7.0
Redstone Finance,GITHUB_comments_daily,2024-12-02,3.0
Open Source Observer,GITHUB_stars_weekly,2024-12-02,8.0
Remix IDE plugin for Arbitrum Stylus,GITHUB_stars_weekly,2024-12-02,1.0
Walnut,GITHUB_stars_weekly,2024-12-02,8.0
Passport XYZ,GITHUB_stars_daily,2024-12-02,2.0
Passport XYZ,GITHUB_commits_daily,2024-12-02,2.0
Pyth Network,GITHUB_releases_weekly,2024-12-02,3.0
Redstone Finance,GITHUB_releases_weekly,2024-12-02,1.0
Runtime Verification,GITHUB_releases_weekly,2024-12-02,22.0
Enclave,GITHUB_commits_weekly,2024-12-02,11.0
Passport XYZ,GITHUB_commits_weekly,2024-12-02,32.0
Runtime Verification,GITHUB_commits_weekly,2024-12-02,70.0
Walnut,GITHUB_commits_weekly,2024-12-02,47.0
Pyth Network,GITHUB_commits_weekly,2024-12-02,45.0
Passport XYZ,GITHUB_comments_weekly,2024-12-02,46.0
Pyth Network,GITHUB_comments_weekly,2024-12-02,104.0
Walnut,GITHUB_comments_weekly,2024-12-02,3.0
thirdweb,GITHUB_comments_weekly,2024-12-02,723.0
Open Source Observer,GITHUB_repositories_weekly,2024-12-02,7.0
Moving Stylus,GITHUB_repositories_weekly,2024-12-02,1.0
Solang,GITHUB_repositories_weekly,2024-12-02,1.0
thirdweb,GITHUB_forks_daily,2024-12-02,1.0
Enclave,GITHUB_repositories_daily,2024-12-02,1.0
Solang,GITHUB_contributors_weekly,2024-12-02,1.0
Open Source Observer,GITHUB_contributors_weekly,2024-12-02,10.0
Redstone Finance,GITHUB_contributors_weekly,2024-12-02,7.0
Moving Stylus,GITHUB_active_developers_weekly,2024-12-02,1.0
Remix IDE plugin for Arbitrum Stylus,GITHUB_active_developers_weekly,2024-12-02,1.0
Redstone Finance,GITHUB_active_developers_weekly,2024-12-02,6.0
Open Source Observer,GITHUB_contributors_daily,2024-12-02,3.0
Pyth Network,GITHUB_contributors_daily,2024-12-02,10.0
Redstone Finance,GITHUB_contributors_daily,2024-12-02,4.0
Moving Stylus,GITHUB_contributors_daily,2024-12-02,1.0
thirdweb,GITHUB_active_developers_daily,2024-12-02,5.0
Open Source Observer,GITHUB_active_developers_daily,2024-12-02,3.0
Redstone Finance,GITHUB_opened_pull_requests_weekly,2024-12-02,6.0
Runtime Verification,GITHUB_opened_pull_requests_weekly,2024-12-02,26.0
Syndicate Protocol,GITHUB_opened_pull_requests_weekly,2024-12-02,1.0
Trail of Bits Security Reviews,GITHUB_opened_pull_requests_weekly,2024-12-02,31.0
Pyth Network,GITHUB_opened_pull_requests_daily,2024-12-02,14.0
Passport XYZ,GITHUB_merged_pull_requests_weekly,2024-12-02,16.0
Redstone Finance,GITHUB_merged_pull_requests_daily,2024-12-02,1.0
Walnut,GITHUB_opened_issues_weekly,2024-12-02,5.0
Enclave,GITHUB_opened_issues_weekly,2024-12-02,5.0
Open Source Observer,GITHUB_opened_issues_daily,2024-12-02,1.0
thirdweb,GITHUB_closed_issues_weekly,2024-12-02,4.0
Pyth Network,GITHUB_closed_issues_weekly,2024-12-02,3.0
Open Source Observer,GITHUB_closed_issues_daily,2024-12-02,5.0
Trail of Bits Security Reviews,GITHUB_closed_issues_daily,2024-12-02,2.0
Passport XYZ,GITHUB_comments_daily,2024-10-15,8.0
Open Source Observer,GITHUB_comments_daily,2024-10-15,19.0
Runtime Verification,GITHUB_comments_daily,2024-10-15,7.0
Walnut,GITHUB_comments_daily,2024-10-15,1.0
Trail of Bits Security Reviews,GITHUB_comments_daily,2024-10-15,7.0
Solang,GITHUB_stars_daily,2024-10-15,1.0
Runtime Verification,GITHUB_stars_daily,2024-10-15,1.0
Trail of Bits Security Reviews,GITHUB_stars_daily,2024-10-15,24.0
Remix IDE plugin for Arbitrum Stylus,GITHUB_commits_daily,2024-10-15,2.0
Runtime Verification,GITHUB_releases_daily,2024-10-15,4.0
Trail of Bits Security Reviews,GITHUB_forks_daily,2024-10-15,1.0
Passport XYZ,GITHUB_repositories_daily,2024-10-15,3.0
Debid - Fairblock,GITHUB_repositories_daily,2024-10-15,1.0
Redstone Finance,GITHUB_contributors_daily,2024-10-15,4.0
Runtime Verification,GITHUB_contributors_daily,2024-10-15,8.0
Trail of Bits Security Reviews,GITHUB_contributors_daily,2024-10-15,6.0
Debid - Fairblock,GITHUB_opened_pull_requests_daily,2024-10-15,1.0
Redstone Finance,GITHUB_merged_pull_requests_daily,2024-10-15,4.0
Open Source Observer,GITHUB_merged_pull_requests_daily,2024-10-15,5.0
Pyth Network,GITHUB_active_developers_daily,2024-10-15,1.0
Open Source Observer,GITHUB_active_developers_daily,2024-10-15,4.0
Enclave,GITHUB_active_developers_daily,2024-10-15,1.0
Trail of Bits Security Reviews,GITHUB_active_developers_daily,2024-10-15,4.0
Runtime Verification,GITHUB_opened_issues_daily,2024-10-15,3.0
Passport XYZ,GITHUB_closed_issues_daily,2024-10-15,10.0
thirdweb,GITHUB_comments_daily,2024-03-20,69.0
thirdweb,GITHUB_stars_daily,2024-03-20,3.0
Redstone Finance,GITHUB_stars_daily,2024-03-20,1.0
Open Source Observer,GITHUB_commits_daily,2024-03-20,3.0
thirdweb,GITHUB_releases_daily,2024-03-20,22.0
Trail of Bits Security Reviews,GITHUB_releases_daily,2024-03-20,1.0
Pyth Network,GITHUB_forks_daily,2024-03-20,1.0
Trail of Bits Security Reviews,GITHUB_repositories_daily,2024-03-20,17.0
Debid - Fairblock,GITHUB_repositories_daily,2024-03-20,1.0
Runtime Verification,GITHUB_repositories_daily,2024-03-20,12.0
thirdweb,GITHUB_contributors_daily,2024-03-20,11.0
Redstone Finance,GITHUB_contributors_daily,2024-03-20,2.0
Open Source Observer,GITHUB_contributors_daily,2024-03-20,2.0
thirdweb,GITHUB_opened_pull_requests_daily,2024-03-20,14.0
Walnut,GITHUB_opened_pull_requests_daily,2024-03-20,2.0
Runtime Verification,GITHUB_merged_pull_requests_daily,2024-03-20,12.0
Open Source Observer,GITHUB_merged_pull_requests_daily,2024-03-20,4.0
Open Source Observer,GITHUB_opened_issues_daily,2024-03-20,3.0
Runtime Verification,GITHUB_opened_issues_daily,2024-03-20,3.0
Walnut,GITHUB_opened_issues_daily,2024-03-20,2.0
thirdweb,GITHUB_comments_daily,2025-01-24,38.0
Redstone Finance,GITHUB_stars_daily,2025-01-24,2.0
Trail of Bits Security Reviews,GITHUB_stars_daily,2025-01-24,7.0
Passport XYZ,GITHUB_stars_daily,2025-01-24,6.0
Trail of Bits Security Reviews,GITHUB_commits_daily,2025-01-24,5.0
Solang,GITHUB_repositories_daily,2025-01-24,1.0
Redstone Finance,GITHUB_repositories_daily,2025-01-24,4.0
Pyth Network,GITHUB_repositories_daily,2025-01-24,8.0
Open Source Observer,GITHUB_repositories_daily,2025-01-24,2.0
thirdweb,GITHUB_forks_daily,2025-01-24,2.0
Trail of Bits Security Reviews,GITHUB_forks_daily,2025-01-24,2.0
Runtime Verification,GITHUB_contributors_daily,2025-01-24,8.0
thirdweb,GITHUB_contributors_daily,2025-01-24,7.0
Trail of Bits Security Reviews,GITHUB_contributors_daily,2025-01-24,6.0
Pyth Network,GITHUB_active_developers_daily,2025-01-24,8.0
9Lives,GITHUB_active_developers_daily,2025-01-24,2.0
Passport XYZ,GITHUB_opened_pull_requests_daily,2025-01-24,4.0
Runtime Verification,GITHUB_merged_pull_requests_daily,2025-01-24,3.0
Walnut,GITHUB_merged_pull_requests_daily,2025-01-24,1.0
Enclave,GITHUB_opened_issues_daily,2025-01-24,1.0
Open Source Observer,GITHUB_closed_issues_daily,2025-01-24,2.0
thirdweb,GITHUB_closed_issues_daily,2025-01-24,1.0
thirdweb,GITHUB_comments_daily,2024-05-07,89.0
Trail of Bits Security Reviews,GITHUB_stars_daily,2024-05-07,8.0
Passport XYZ,GITHUB_commits_daily,2024-05-07,6.0
Runtime Verification,GITHUB_commits_daily,2024-05-07,14.0
thirdweb,GITHUB_releases_daily,2024-05-07,10.0
Debid - Fairblock,GITHUB_forks_daily,2024-05-07,1.0
Trail of Bits Security Reviews,GITHUB_forks_daily,2024-05-07,3.0
thirdweb,GITHUB_repositories_daily,2024-05-07,7.0
Redstone Finance,GITHUB_contributors_daily,2024-05-07,3.0
Passport XYZ,GITHUB_contributors_daily,2024-05-07,1.0
Pyth Network,GITHUB_active_developers_daily,2024-05-07,7.0
Passport XYZ,GITHUB_active_developers_daily,2024-05-07,1.0
Redstone Finance,GITHUB_active_developers_daily,2024-05-07,2.0
Runtime Verification,GITHUB_merged_pull_requests_daily,2024-05-07,8.0
Pyth Network,GITHUB_merged_pull_requests_daily,2024-05-07,12.0
Trail of Bits Security Reviews,GITHUB_merged_pull_requests_daily,2024-05-07,7.0
thirdweb,GITHUB_opened_issues_daily,2024-05-07,2.0
Redstone Finance,GITHUB_opened_issues_daily,2024-05-07,1.0
Open Source Observer,GITHUB_opened_issues_daily,2024-05-07,7.0
Runtime Verification,GITHUB_closed_issues_daily,2024-05-07,6.0
thirdweb,GITHUB_forks_weekly,2024-09-30,8.0
Pyth Network,GITHUB_forks_weekly,2024-09-30,1.0
Walnut,GITHUB_comments_daily,2024-09-30,3.0
Passport XYZ,GITHUB_stars_weekly,2024-09-30,4.0
Redstone Finance,GITHUB_stars_weekly,2024-09-30,3.0
Trail of Bits Security Reviews,GITHUB_stars_weekly,2024-09-30,163.0
Debid - Fairblock,GITHUB_stars_weekly,2024-09-30,1.0
Pyth Network,GITHUB_stars_daily,2024-09-30,3.0
Open Source Observer,GITHUB_stars_daily,2024-09-30,1.0
Passport XYZ,GITHUB_releases_weekly,2024-09-30,4.0
thirdweb,GITHUB_releases_weekly,2024-09-30,9.0
thirdweb,GITHUB_commits_daily,2024-09-30,24.0
Runtime Verification,GITHUB_commits_daily,2024-09-30,28.0
Redstone Finance,GITHUB_commits_weekly,2024-09-30,51.0
Solang,GITHUB_commits_weekly,2024-09-30,1.0
Walnut,GITHUB_commits_weekly,2024-09-30,27.0
thirdweb,GITHUB_commits_weekly,2024-09-30,114.0
Walnut,GITHUB_comments_weekly,2024-09-30,5.0
Enclave,GITHUB_comments_weekly,2024-09-30,114.0
Runtime Verification,GITHUB_releases_daily,2024-09-30,3.0
Passport XYZ,GITHUB_repositories_weekly,2024-09-30,8.0
Trail of Bits Security Reviews,GITHUB_repositories_weekly,2024-09-30,38.0
thirdweb,GITHUB_repositories_weekly,2024-09-30,6.0
Pyth Network,GITHUB_forks_daily,2024-09-30,1.0
Trail of Bits Security Reviews,GITHUB_forks_daily,2024-09-30,1.0
Solang,GITHUB_repositories_daily,2024-09-30,1.0
Enclave,GITHUB_repositories_daily,2024-09-30,1.0
Debid - Fairblock,GITHUB_contributors_weekly,2024-09-30,3.0
Passport XYZ,GITHUB_active_developers_weekly,2024-09-30,5.0
Pyth Network,GITHUB_contributors_daily,2024-09-30,3.0
Solang,GITHUB_contributors_daily,2024-09-30,2.0
Redstone Finance,GITHUB_contributors_daily,2024-09-30,4.0
Walnut,GITHUB_active_developers_daily,2024-09-30,2.0
Open Source Observer,GITHUB_active_developers_daily,2024-09-30,2.0
Pyth Network,GITHUB_opened_pull_requests_weekly,2024-09-30,30.0
Runtime Verification,GITHUB_opened_pull_requests_weekly,2024-09-30,25.0
Pyth Network,GITHUB_opened_pull_requests_daily,2024-09-30,4.0
Passport XYZ,GITHUB_opened_pull_requests_daily,2024-09-30,15.0
Solang,GITHUB_merged_pull_requests_weekly,2024-09-30,1.0
Walnut,GITHUB_merged_pull_requests_weekly,2024-09-30,2.0
Debid - Fairblock,GITHUB_merged_pull_requests_weekly,2024-09-30,4.0
Passport XYZ,GITHUB_merged_pull_requests_weekly,2024-09-30,47.0
Enclave,GITHUB_merged_pull_requests_weekly,2024-09-30,5.0
thirdweb,GITHUB_merged_pull_requests_daily,2024-09-30,23.0
Solang,GITHUB_opened_issues_weekly,2024-09-30,1.0
Walnut,GITHUB_merged_pull_requests_daily,2024-09-30,1.0
Open Source Observer,GITHUB_opened_issues_daily,2024-09-30,3.0
Open Source Observer,GITHUB_closed_issues_daily,2024-09-30,2.0
Redstone Finance,GITHUB_forks_weekly,2025-03-03,2.0
Passport XYZ,GITHUB_comments_daily,2025-03-03,4.0
thirdweb,GITHUB_stars_daily,2025-03-03,2.0
Runtime Verification,GITHUB_commits_daily,2025-03-03,4.0
Walnut,GITHUB_commits_daily,2025-03-03,21.0
Trail of Bits Security Reviews,GITHUB_releases_weekly,2025-03-03,2.0
Redstone Finance,GITHUB_stars_weekly,2025-03-03,7.0
Trail of Bits Security Reviews,GITHUB_stars_weekly,2025-03-03,50.0
Runtime Verification,GITHUB_releases_daily,2025-03-03,2.0
thirdweb,GITHUB_releases_daily,2025-03-03,3.0
9Lives,GITHUB_commits_weekly,2025-03-03,25.0
Redstone Finance,GITHUB_comments_weekly,2025-03-03,3.0
Passport XYZ,GITHUB_comments_weekly,2025-03-03,10.0
Open Source Observer,GITHUB_comments_weekly,2025-03-03,112.0
Trail of Bits Security Reviews,GITHUB_comments_weekly,2025-03-03,13.0
Runtime Verification,GITHUB_forks_daily,2025-03-03,1.0
Trail of Bits Security Reviews,GITHUB_forks_daily,2025-03-03,1.0
Walnut,GITHUB_repositories_daily,2025-03-03,3.0
Runtime Verification,GITHUB_repositories_weekly,2025-03-03,16.0
Trail of Bits Security Reviews,GITHUB_repositories_weekly,2025-03-03,38.0
Solang,GITHUB_repositories_weekly,2025-03-03,1.0
CodeTracer,GITHUB_repositories_weekly,2025-03-03,1.0
Enclave,GITHUB_repositories_weekly,2025-03-03,1.0
Redstone Finance,GITHUB_repositories_weekly,2025-03-03,7.0
Passport XYZ,GITHUB_repositories_weekly,2025-03-03,2.0
thirdweb,GITHUB_contributors_daily,2025-03-03,8.0
Pyth Network,GITHUB_contributors_daily,2025-03-03,5.0
9Lives,GITHUB_contributors_daily,2025-03-03,1.0
CoBuilders,GITHUB_contributors_weekly,2025-03-03,1.0
thirdweb,GITHUB_contributors_weekly,2025-03-03,19.0
Passport XYZ,GITHUB_contributors_weekly,2025-03-03,4.0
Walnut,GITHUB_contributors_weekly,2025-03-03,8.0
9Lives,GITHUB_active_developers_daily,2025-03-03,1.0
CodeTracer,GITHUB_active_developers_weekly,2025-03-03,3.0
Walnut,GITHUB_active_developers_weekly,2025-03-03,3.0
Walnut,GITHUB_opened_pull_requests_weekly,2025-03-03,23.0
Pyth Network,GITHUB_opened_pull_requests_weekly,2025-03-03,35.0
Debid - Fairblock,GITHUB_opened_pull_requests_weekly,2025-03-03,1.0
Trail of Bits Security Reviews,GITHUB_merged_pull_requests_weekly,2025-03-03,28.0
Debid - Fairblock,GITHUB_merged_pull_requests_weekly,2025-03-03,1.0
Pyth Network,GITHUB_merged_pull_requests_daily,2025-03-03,9.0
Walnut,GITHUB_opened_issues_daily,2025-03-03,2.0
Passport XYZ,GITHUB_opened_issues_daily,2025-03-03,2.0
Enclave,GITHUB_opened_issues_weekly,2025-03-03,1.0
Trail of Bits Security Reviews,GITHUB_opened_issues_weekly,2025-03-03,3.0
Open Source Observer,GITHUB_opened_issues_weekly,2025-03-03,47.0
Passport XYZ,GITHUB_closed_issues_daily,2025-03-03,2.0
thirdweb,GITHUB_closed_issues_daily,2025-03-03,2.0
Open Source Observer,GITHUB_closed_issues_daily,2025-03-03,2.0
Passport XYZ,GITHUB_closed_issues_weekly,2025-03-03,16.0
thirdweb,GITHUB_closed_issues_weekly,2025-03-03,2.0
Runtime Verification,GITHUB_closed_issues_weekly,2025-03-03,4.0
thirdweb,GITHUB_stars_daily,2024-06-26,2.0
Walnut,GITHUB_commits_daily,2024-06-26,21.0
Runtime Verification,GITHUB_releases_daily,2024-06-26,13.0
Walnut,GITHUB_forks_daily,2024-06-26,2.0
Redstone Finance,GITHUB_repositories_daily,2024-06-26,2.0
Pyth Network,GITHUB_repositories_daily,2024-06-26,4.0
thirdweb,GITHUB_repositories_daily,2024-06-26,4.0
Pyth Network,GITHUB_contributors_daily,2024-06-26,7.0
Walnut,GITHUB_contributors_daily,2024-06-26,11.0
Runtime Verification,GITHUB_contributors_daily,2024-06-26,16.0
Redstone Finance,GITHUB_active_developers_daily,2024-06-26,2.0
Pyth Network,GITHUB_opened_pull_requests_daily,2024-06-26,8.0
Open Source Observer,GITHUB_merged_pull_requests_daily,2024-06-26,9.0
Trail of Bits Security Reviews,GITHUB_merged_pull_requests_daily,2024-06-26,3.0
Runtime Verification,GITHUB_opened_issues_daily,2024-06-26,8.0
Redstone Finance,GITHUB_comments_daily,2024-08-06,23.0
Pyth Network,GITHUB_comments_daily,2024-08-06,53.0
Passport XYZ,GITHUB_comments_daily,2024-08-06,6.0
Runtime Verification,GITHUB_comments_daily,2024-08-06,36.0
thirdweb,GITHUB_stars_daily,2024-08-06,3.0
Trail of Bits Security Reviews,GITHUB_commits_daily,2024-08-06,38.0
Pyth Network,GITHUB_commits_daily,2024-08-06,7.0
Trail of Bits Security Reviews,GITHUB_releases_daily,2024-08-06,1.0
Trail of Bits Security Reviews,GITHUB_forks_daily,2024-08-06,9.0
Walnut,GITHUB_repositories_daily,2024-08-06,1.0
Trail of Bits Security Reviews,GITHUB_repositories_daily,2024-08-06,19.0
thirdweb,GITHUB_repositories_daily,2024-08-06,4.0
Walnut,GITHUB_contributors_daily,2024-08-06,4.0
Open Source Observer,GITHUB_contributors_daily,2024-08-06,3.0
Trail of Bits Security Reviews,GITHUB_contributors_daily,2024-08-06,10.0
Walnut,GITHUB_active_developers_daily,2024-08-06,1.0
Passport XYZ,GITHUB_active_developers_daily,2024-08-06,1.0
Arbos Foundry,GITHUB_opened_pull_requests_daily,2024-08-06,1.0
Walnut,GITHUB_opened_pull_requests_daily,2024-08-06,2.0
Passport XYZ,GITHUB_opened_pull_requests_daily,2024-08-06,8.0
Walnut,GITHUB_merged_pull_requests_daily,2024-08-06,1.0
Runtime Verification,GITHUB_merged_pull_requests_daily,2024-08-06,13.0
Redstone Finance,GITHUB_merged_pull_requests_daily,2024-08-06,3.0
thirdweb,GITHUB_opened_issues_daily,2024-08-06,1.0
Runtime Verification,GITHUB_opened_issues_daily,2024-08-06,2.0
Pyth Network,GITHUB_comments_daily,2024-09-14,1.0
Runtime Verification,GITHUB_comments_daily,2024-09-14,4.0
Sylow,GITHUB_stars_daily,2024-09-14,1.0
Trail of Bits Security Reviews,GITHUB_stars_daily,2024-09-14,7.0
thirdweb,GITHUB_commits_daily,2024-09-14,6.0
Runtime Verification,GITHUB_commits_daily,2024-09-14,1.0
Runtime Verification,GITHUB_releases_daily,2024-09-14,1.0
thirdweb,GITHUB_forks_daily,2024-09-14,2.0
Pyth Network,GITHUB_forks_daily,2024-09-14,2.0
Enclave,GITHUB_repositories_daily,2024-09-14,1.0
Trail of Bits Security Reviews,GITHUB_repositories_daily,2024-09-14,8.0
thirdweb,GITHUB_repositories_daily,2024-09-14,5.0
thirdweb,GITHUB_contributors_daily,2024-09-14,6.0
Runtime Verification,GITHUB_contributors_daily,2024-09-14,2.0
Runtime Verification,GITHUB_merged_pull_requests_daily,2024-09-14,1.0
Trail of Bits Security Reviews,GITHUB_comments_daily,2024-03-15,3.0
Trail of Bits Security Reviews,GITHUB_commits_daily,2024-03-15,13.0
Pyth Network,GITHUB_releases_daily,2024-03-15,1.0
Runtime Verification,GITHUB_releases_daily,2024-03-15,4.0
Trail of Bits Security Reviews,GITHUB_forks_daily,2024-03-15,1.0
Pyth Network,GITHUB_repositories_daily,2024-03-15,6.0
Trail of Bits Security Reviews,GITHUB_repositories_daily,2024-03-15,13.0
thirdweb,GITHUB_repositories_daily,2024-03-15,6.0
Runtime Verification,GITHUB_contributors_daily,2024-03-15,11.0
Pyth Network,GITHUB_contributors_daily,2024-03-15,5.0
thirdweb,GITHUB_active_developers_daily,2024-03-15,11.0
Pyth Network,GITHUB_active_developers_daily,2024-03-15,3.0
Trail of Bits Security Reviews,GITHUB_active_developers_daily,2024-03-15,4.0
Open Source Observer,GITHUB_merged_pull_requests_daily,2024-03-15,6.0
thirdweb,GITHUB_merged_pull_requests_daily,2024-03-15,20.0
Trail of Bits Security Reviews,GITHUB_stars_daily,2024-03-02,12.0
Open Source Observer,GITHUB_stars_daily,2024-03-02,3.0
thirdweb,GITHUB_repositories_daily,2024-03-02,2.0
Trail of Bits Security Reviews,GITHUB_contributors_daily,2024-03-02,1.0
Syndicate Protocol,GITHUB_contributors_daily,2024-03-02,1.0
Walnut,GITHUB_active_developers_daily,2024-03-02,1.0
thirdweb,GITHUB_merged_pull_requests_daily,2024-03-02,2.0
Walnut,GITHUB_merged_pull_requests_daily,2024-03-02,1.0
Walnut,GITHUB_opened_issues_daily,2024-03-02,1.0
Runtime Verification,GITHUB_closed_issues_daily,2024-03-02,1.0
Pyth Network,GITHUB_comments_daily,2024-01-30,29.0
Redstone Finance,GITHUB_comments_daily,2024-01-30,1.0
Open Source Observer,GITHUB_commits_daily,2024-01-30,1.0
Runtime Verification,GITHUB_commits_daily,2024-01-30,26.0
Redstone Finance,GITHUB_commits_daily,2024-01-30,8.0
thirdweb,GITHUB_releases_daily,2024-01-30,11.0
Redstone Finance,GITHUB_repositories_daily,2024-01-30,3.0
thirdweb,GITHUB_contributors_daily,2024-01-30,8.0
Redstone Finance,GITHUB_contributors_daily,2024-01-30,3.0
Syndicate Protocol,GITHUB_contributors_daily,2024-01-30,1.0
Trail of Bits Security Reviews,GITHUB_active_developers_daily,2024-01-30,7.0
Runtime Verification,GITHUB_active_developers_daily,2024-01-30,3.0
Runtime Verification,GITHUB_opened_pull_requests_daily,2024-01-30,15.0
Open Source Observer,GITHUB_opened_pull_requests_daily,2024-01-30,1.0
Pyth Network,GITHUB_opened_pull_requests_daily,2024-01-30,11.0
Open Source Observer,GITHUB_comments_daily,2025-03-12,40.0
Walnut,GITHUB_comments_daily,2025-03-12,5.0
Redstone Finance,GITHUB_comments_daily,2025-03-12,1.0
Trail of Bits Security Reviews,GITHUB_commits_daily,2025-03-12,1.0
Open Source Observer,GITHUB_commits_daily,2025-03-12,3.0
Pyth Network,GITHUB_forks_daily,2025-03-12,1.0
Solang,GITHUB_repositories_daily,2025-03-12,1.0
Pyth Network,GITHUB_repositories_daily,2025-03-12,4.0
Runtime Verification,GITHUB_repositories_daily,2025-03-12,6.0
Redstone Finance,GITHUB_repositories_daily,2025-03-12,3.0
Open Source Observer,GITHUB_repositories_daily,2025-03-12,1.0
CodeTracer,GITHUB_contributors_daily,2025-03-12,1.0
Redstone Finance,GITHUB_contributors_daily,2025-03-12,3.0
9Lives,GITHUB_contributors_daily,2025-03-12,1.0
Pyth Network,GITHUB_active_developers_daily,2025-03-12,5.0
Open Source Observer,GITHUB_active_developers_daily,2025-03-12,1.0
Redstone Finance,GITHUB_active_developers_daily,2025-03-12,3.0
Passport XYZ,GITHUB_active_developers_daily,2025-03-12,1.0
Trail of Bits Security Reviews,GITHUB_active_developers_daily,2025-03-12,1.0
thirdweb,GITHUB_opened_pull_requests_daily,2025-03-12,7.0
Passport XYZ,GITHUB_opened_pull_requests_daily,2025-03-12,6.0
Redstone Finance,GITHUB_opened_pull_requests_daily,2025-03-12,1.0
Runtime Verification,GITHUB_merged_pull_requests_daily,2025-03-12,5.0
Pyth Network,GITHUB_merged_pull_requests_daily,2025-03-12,13.0
Passport XYZ,GITHUB_merged_pull_requests_daily,2025-03-12,2.0
Open Source Observer,GITHUB_opened_issues_daily,2025-03-12,15.0
Runtime Verification,GITHUB_opened_issues_daily,2025-03-12,3.0
Trail of Bits Security Reviews,GITHUB_opened_issues_daily,2025-03-12,3.0
Walnut,GITHUB_closed_issues_daily,2025-03-12,1.0
Pyth Network,GITHUB_comments_daily,2024-03-21,20.0
Redstone Finance,GITHUB_commits_daily,2024-03-21,2.0
thirdweb,GITHUB_commits_daily,2024-03-21,22.0
Trail of Bits Security Reviews,GITHUB_forks_daily,2024-03-21,2.0
Debid - Fairblock,GITHUB_forks_daily,2024-03-21,1.0
Trail of Bits Security Reviews,GITHUB_repositories_daily,2024-03-21,17.0
thirdweb,GITHUB_contributors_daily,2024-03-21,12.0
Redstone Finance,GITHUB_contributors_daily,2024-03-21,1.0
Redstone Finance,GITHUB_active_developers_daily,2024-03-21,1.0
Walnut,GITHUB_active_developers_daily,2024-03-21,1.0
Pyth Network,GITHUB_merged_pull_requests_daily,2024-03-21,4.0
Open Source Observer,GITHUB_opened_issues_daily,2024-03-21,3.0
Walnut,GITHUB_opened_issues_daily,2024-03-21,3.0
Runtime Verification,GITHUB_closed_issues_daily,2024-03-21,4.0
thirdweb,GITHUB_closed_issues_daily,2024-03-21,2.0
Walnut,GITHUB_closed_issues_daily,2024-03-21,6.0
thirdweb,GITHUB_comments_daily,2025-03-08,6.0
Open Source Observer,GITHUB_comments_daily,2025-03-08,8.0
Trail of Bits Security Reviews,GITHUB_comments_daily,2025-03-08,2.0
Passport XYZ,GITHUB_stars_daily,2025-03-08,2.0
Redstone Finance,GITHUB_stars_daily,2025-03-08,1.0
Redstone Finance,GITHUB_commits_daily,2025-03-08,1.0
Passport XYZ,GITHUB_repositories_daily,2025-03-08,1.0
Redstone Finance,GITHUB_contributors_daily,2025-03-08,1.0
thirdweb,GITHUB_contributors_daily,2025-03-08,2.0
Trail of Bits Security Reviews,GITHUB_active_developers_daily,2025-03-08,2.0
Solang,GITHUB_opened_pull_requests_daily,2025-03-08,1.0
Trail of Bits Security Reviews,GITHUB_opened_issues_daily,2025-03-08,2.0
Open Source Observer,GITHUB_opened_issues_daily,2025-03-08,2.0
Open Source Observer,GITHUB_forks_weekly,2024-12-23,1.0
Solang,GITHUB_stars_weekly,2024-12-23,5.0
Redstone Finance,GITHUB_stars_weekly,2024-12-23,1.0
Pyth Network,GITHUB_stars_weekly,2024-12-23,7.0
Solang,GITHUB_stars_daily,2024-12-23,1.0
Runtime Verification,GITHUB_stars_daily,2024-12-23,4.0
Redstone Finance,GITHUB_commits_daily,2024-12-23,5.0
Open Source Observer,GITHUB_commits_daily,2024-12-23,1.0
Enclave,GITHUB_commits_weekly,2024-12-23,22.0
Open Source Observer,GITHUB_commits_weekly,2024-12-23,38.0
Pyth Network,GITHUB_commits_weekly,2024-12-23,7.0
thirdweb,GITHUB_commits_weekly,2024-12-23,17.0
Walnut,GITHUB_commits_weekly,2024-12-23,1.0
Runtime Verification,GITHUB_commits_weekly,2024-12-23,5.0
Redstone Finance,GITHUB_commits_weekly,2024-12-23,11.0
Redstone Finance,GITHUB_comments_weekly,2024-12-23,1.0
Walnut,GITHUB_repositories_weekly,2024-12-23,4.0
Redstone Finance,GITHUB_repositories_weekly,2024-12-23,2.0
CoBuilders,GITHUB_repositories_weekly,2024-12-23,1.0
Moving Stylus,GITHUB_repositories_weekly,2024-12-23,2.0
Pyth Network,GITHUB_forks_daily,2024-12-23,1.0
Solang,GITHUB_repositories_daily,2024-12-23,1.0
Trail of Bits Security Reviews,GITHUB_repositories_daily,2024-12-23,14.0
Open Source Observer,GITHUB_repositories_daily,2024-12-23,2.0
Trail of Bits Security Reviews,GITHUB_contributors_weekly,2024-12-23,13.0
Moving Stylus,GITHUB_contributors_weekly,2024-12-23,1.0
Runtime Verification,GITHUB_contributors_weekly,2024-12-23,4.0
thirdweb,GITHUB_contributors_weekly,2024-12-23,20.0
Trail of Bits Security Reviews,GITHUB_active_developers_weekly,2024-12-23,7.0
Enclave,GITHUB_active_developers_weekly,2024-12-23,1.0
Walnut,GITHUB_active_developers_weekly,2024-12-23,1.0
Open Source Observer,GITHUB_contributors_daily,2024-12-23,1.0
Moving Stylus,GITHUB_contributors_daily,2024-12-23,1.0
Trail of Bits Security Reviews,GITHUB_active_developers_daily,2024-12-23,2.0
Redstone Finance,GITHUB_opened_pull_requests_weekly,2024-12-23,10.0
Walnut,GITHUB_opened_pull_requests_weekly,2024-12-23,5.0
thirdweb,GITHUB_opened_pull_requests_daily,2024-12-23,8.0
Enclave,GITHUB_opened_pull_requests_daily,2024-12-23,2.0
Trail of Bits Security Reviews,GITHUB_opened_pull_requests_daily,2024-12-23,19.0
Runtime Verification,GITHUB_merged_pull_requests_weekly,2024-12-23,2.0
Walnut,GITHUB_merged_pull_requests_weekly,2024-12-23,1.0
Pyth Network,GITHUB_merged_pull_requests_weekly,2024-12-23,5.0
Open Source Observer,GITHUB_opened_issues_weekly,2024-12-23,1.0
Open Source Observer,GITHUB_closed_issues_weekly,2024-12-23,4.0
Open Source Observer,GITHUB_comments_daily,2025-01-05,6.0
Open Source Observer,GITHUB_commits_daily,2025-01-05,1.0
Passport XYZ,GITHUB_stars_daily,2025-01-05,2.0
Walnut,GITHUB_repositories_daily,2025-01-05,1.0
thirdweb,GITHUB_forks_daily,2025-01-05,3.0
Walnut,GITHUB_contributors_daily,2025-01-05,1.0
Passport XYZ,GITHUB_contributors_daily,2025-01-05,1.0
Open Source Observer,GITHUB_active_developers_daily,2025-01-05,1.0
Trail of Bits Security Reviews,GITHUB_opened_pull_requests_daily,2025-01-05,4.0
Open Source Observer,GITHUB_closed_issues_daily,2025-01-05,2.0
Pyth Network,GITHUB_comments_daily,2024-06-14,15.0
thirdweb,GITHUB_releases_daily,2024-06-14,18.0
Walnut,GITHUB_commits_daily,2024-06-14,15.0
Open Source Observer,GITHUB_commits_daily,2024-06-14,5.0
Redstone Finance,GITHUB_commits_daily,2024-06-14,5.0
Trail of Bits Security Reviews,GITHUB_forks_daily,2024-06-14,2.0
Runtime Verification,GITHUB_repositories_daily,2024-06-14,9.0
thirdweb,GITHUB_contributors_daily,2024-06-14,15.0
Pyth Network,GITHUB_contributors_daily,2024-06-14,9.0
Open Source Observer,GITHUB_active_developers_daily,2024-06-14,3.0
Pyth Network,GITHUB_active_developers_daily,2024-06-14,3.0
Trail of Bits Security Reviews,GITHUB_active_developers_daily,2024-06-14,2.0
Runtime Verification,GITHUB_opened_pull_requests_daily,2024-06-14,7.0
Pyth Network,GITHUB_opened_pull_requests_daily,2024-06-14,7.0
Open Source Observer,GITHUB_opened_pull_requests_daily,2024-06-14,7.0
thirdweb,GITHUB_opened_pull_requests_daily,2024-06-14,31.0
Trail of Bits Security Reviews,GITHUB_opened_pull_requests_daily,2024-06-14,7.0
Open Source Observer,GITHUB_merged_pull_requests_daily,2024-06-14,5.0
Pyth Network,GITHUB_opened_issues_daily,2024-06-14,1.0
Walnut,GITHUB_opened_issues_daily,2024-06-14,1.0
Trail of Bits Security Reviews,GITHUB_closed_issues_daily,2024-06-14,1.0
Open Source Observer,GITHUB_closed_issues_daily,2024-06-14,1.0
thirdweb,GITHUB_comments_daily,2024-03-05,67.0
Pyth Network,GITHUB_comments_daily,2024-03-05,8.0
Open Source Observer,GITHUB_comments_daily,2024-03-05,2.0
Trail of Bits Security Reviews,GITHUB_stars_daily,2024-03-05,21.0
Redstone Finance,GITHUB_stars_daily,2024-03-05,1.0
thirdweb,GITHUB_stars_daily,2024-03-05,2.0
Pyth Network,GITHUB_commits_daily,2024-03-05,5.0
Syndicate Protocol,GITHUB_commits_daily,2024-03-05,9.0
Walnut,GITHUB_commits_daily,2024-03-05,3.0
Runtime Verification,GITHUB_commits_daily,2024-03-05,25.0
thirdweb,GITHUB_releases_daily,2024-03-05,3.0
Debid - Fairblock,GITHUB_releases_daily,2024-03-05,7.0
Pyth Network,GITHUB_forks_daily,2024-03-05,1.0
thirdweb,GITHUB_forks_daily,2024-03-05,7.0
Syndicate Protocol,GITHUB_contributors_daily,2024-03-05,1.0
Open Source Observer,GITHUB_contributors_daily,2024-03-05,2.0
Open Source Observer,GITHUB_active_developers_daily,2024-03-05,1.0
Debid - Fairblock,GITHUB_opened_pull_requests_daily,2024-03-05,7.0
thirdweb,GITHUB_merged_pull_requests_daily,2024-03-05,16.0
Open Source Observer,GITHUB_merged_pull_requests_daily,2024-03-05,1.0
Trail of Bits Security Reviews,GITHUB_merged_pull_requests_daily,2024-03-05,10.0
Runtime Verification,GITHUB_opened_issues_daily,2024-03-05,4.0
Runtime Verification,GITHUB_closed_issues_daily,2024-03-05,2.0
Walnut,GITHUB_comments_daily,2024-02-23,3.0
Runtime Verification,GITHUB_comments_daily,2024-02-23,28.0
Walnut,GITHUB_commits_daily,2024-02-23,10.0
Runtime Verification,GITHUB_commits_daily,2024-02-23,26.0
Open Source Observer,GITHUB_commits_daily,2024-02-23,5.0
Walnut,GITHUB_repositories_daily,2024-02-23,1.0
Trail of Bits Security Reviews,GITHUB_repositories_daily,2024-02-23,12.0
Debid - Fairblock,GITHUB_repositories_daily,2024-02-23,1.0
Open Source Observer,GITHUB_contributors_daily,2024-02-23,3.0
Pyth Network,GITHUB_contributors_daily,2024-02-23,10.0
Walnut,GITHUB_active_developers_daily,2024-02-23,1.0
Pyth Network,GITHUB_active_developers_daily,2024-02-23,2.0
Walnut,GITHUB_opened_pull_requests_daily,2024-02-23,2.0
Runtime Verification,GITHUB_opened_issues_daily,2024-02-23,5.0
Walnut,GITHUB_opened_issues_daily,2024-02-23,3.0
Pyth Network,GITHUB_opened_issues_daily,2024-02-23,3.0
thirdweb,GITHUB_opened_issues_daily,2024-02-23,1.0
Open Source Observer,GITHUB_closed_issues_daily,2024-02-23,4.0
Runtime Verification,GITHUB_closed_issues_daily,2024-02-23,4.0
thirdweb,GITHUB_closed_issues_daily,2024-02-23,1.0
Trail of Bits Security Reviews,GITHUB_comments_daily,2024-10-09,1.0
Enclave,GITHUB_stars_daily,2024-10-09,1.0
Trail of Bits Security Reviews,GITHUB_stars_daily,2024-10-09,20.0
Open Source Observer,GITHUB_commits_daily,2024-10-09,5.0
thirdweb,GITHUB_commits_daily,2024-10-09,21.0
Enclave,GITHUB_commits_daily,2024-10-09,1.0
Passport XYZ,GITHUB_releases_daily,2024-10-09,2.0
Runtime Verification,GITHUB_releases_daily,2024-10-09,4.0
Trail of Bits Security Reviews,GITHUB_forks_daily,2024-10-09,1.0
Runtime Verification,GITHUB_repositories_daily,2024-10-09,10.0
Redstone Finance,GITHUB_contributors_daily,2024-10-09,2.0
Trail of Bits Security Reviews,GITHUB_active_developers_daily,2024-10-09,1.0
thirdweb,GITHUB_active_developers_daily,2024-10-09,5.0
Passport XYZ,GITHUB_active_developers_daily,2024-10-09,3.0
Runtime Verification,GITHUB_active_developers_daily,2024-10-09,2.0
Debid - Fairblock,GITHUB_opened_pull_requests_daily,2024-10-09,2.0
Open Source Observer,GITHUB_opened_pull_requests_daily,2024-10-09,3.0
Redstone Finance,GITHUB_opened_pull_requests_daily,2024-10-09,2.0
Trail of Bits Security Reviews,GITHUB_opened_pull_requests_daily,2024-10-09,3.0
thirdweb,GITHUB_opened_pull_requests_daily,2024-10-09,23.0
Pyth Network,GITHUB_merged_pull_requests_daily,2024-10-09,9.0
Debid - Fairblock,GITHUB_repositories_daily,2024-07-28,2.0
Trail of Bits Security Reviews,GITHUB_opened_pull_requests_daily,2024-07-28,9.0
Trail of Bits Security Reviews,GITHUB_merged_pull_requests_daily,2024-07-28,5.0
Passport XYZ,GITHUB_stars_daily,2025-04-10,1.0
Pyth Network,GITHUB_stars_daily,2025-04-10,2.0
Pyth Network,GITHUB_comments_daily,2025-04-10,33.0
Open Source Observer,GITHUB_commits_daily,2025-04-10,5.0
Redstone Finance,GITHUB_commits_daily,2025-04-10,4.0
Redstone Finance,GITHUB_repositories_daily,2025-04-10,2.0
Walnut,GITHUB_repositories_daily,2025-04-10,2.0
Pyth Network,GITHUB_repositories_daily,2025-04-10,4.0
9Lives,GITHUB_repositories_daily,2025-04-10,1.0
CodeTracer,GITHUB_repositories_daily,2025-04-10,1.0
thirdweb,GITHUB_contributors_daily,2025-04-10,10.0
Trail of Bits Security Reviews,GITHUB_contributors_daily,2025-04-10,7.0
Walnut,GITHUB_active_developers_daily,2025-04-10,1.0
Redstone Finance,GITHUB_active_developers_daily,2025-04-10,2.0
Pyth Network,GITHUB_merged_pull_requests_daily,2025-04-10,2.0
Trail of Bits Security Reviews,GITHUB_opened_issues_daily,2025-04-10,3.0
Open Source Observer,GITHUB_closed_issues_daily,2025-04-10,4.0
Runtime Verification,GITHUB_closed_issues_daily,2025-04-10,1.0
Open Source Observer,GITHUB_comments_daily,2024-05-19,4.0
thirdweb,GITHUB_commits_daily,2024-05-19,7.0
Runtime Verification,GITHUB_releases_daily,2024-05-19,1.0
thirdweb,GITHUB_forks_daily,2024-05-19,1.0
Runtime Verification,GITHUB_repositories_daily,2024-05-19,1.0
Pyth Network,GITHUB_repositories_daily,2024-05-19,1.0
thirdweb,GITHUB_merged_pull_requests_daily,2024-05-19,7.0
Walnut,GITHUB_commits_daily,2025-02-13,1.0
Runtime Verification,GITHUB_commits_daily,2025-02-13,2.0
Trail of Bits Security Reviews,GITHUB_commits_daily,2025-02-13,4.0
Redstone Finance,GITHUB_commits_daily,2025-02-13,15.0
Pyth Network,GITHUB_commits_daily,2025-02-13,2.0
Passport XYZ,GITHUB_commits_daily,2025-02-13,4.0
Open Source Observer,GITHUB_commits_daily,2025-02-13,7.0
Passport XYZ,GITHUB_releases_daily,2025-02-13,2.0
Open Source Observer,GITHUB_stars_daily,2025-02-13,1.0
Passport XYZ,GITHUB_contributors_daily,2025-02-13,3.0
9Lives,GITHUB_contributors_daily,2025-02-13,1.0
Remix IDE plugin for Arbitrum Stylus,GITHUB_forks_daily,2025-02-13,1.0
Pyth Network,GITHUB_forks_daily,2025-02-13,1.0
Runtime Verification,GITHUB_forks_daily,2025-02-13,1.0
9Lives,GITHUB_repositories_daily,2025-02-13,1.0
Pyth Network,GITHUB_repositories_daily,2025-02-13,3.0
thirdweb,GITHUB_repositories_daily,2025-02-13,3.0
Runtime Verification,GITHUB_repositories_daily,2025-02-13,6.0
thirdweb,GITHUB_opened_pull_requests_daily,2025-02-13,12.0
Runtime Verification,GITHUB_merged_pull_requests_daily,2025-02-13,2.0
thirdweb,GITHUB_merged_pull_requests_daily,2025-02-13,7.0
Walnut,GITHUB_closed_issues_daily,2025-02-13,2.0
Walnut,GITHUB_comments_daily,2024-12-06,2.0
Pyth Network,GITHUB_comments_daily,2024-12-06,22.0
Passport XYZ,GITHUB_commits_daily,2024-12-06,4.0
thirdweb,GITHUB_commits_daily,2024-12-06,22.0
Redstone Finance,GITHUB_repositories_daily,2024-12-06,1.0
thirdweb,GITHUB_repositories_daily,2024-12-06,5.0
Open Source Observer,GITHUB_repositories_daily,2024-12-06,3.0
Pyth Network,GITHUB_contributors_daily,2024-12-06,9.0
Open Source Observer,GITHUB_contributors_daily,2024-12-06,5.0
Walnut,GITHUB_contributors_daily,2024-12-06,5.0
Redstone Finance,GITHUB_contributors_daily,2024-12-06,1.0
Trail of Bits Security Reviews,GITHUB_contributors_daily,2024-12-06,7.0
Open Source Observer,GITHUB_merged_pull_requests_daily,2024-12-06,2.0
thirdweb,GITHUB_merged_pull_requests_daily,2024-12-06,20.0
Runtime Verification,GITHUB_active_developers_daily,2024-12-06,3.0
thirdweb,GITHUB_opened_pull_requests_daily,2024-12-06,15.0
Redstone Finance,GITHUB_comments_daily,2024-08-13,7.0
Walnut,GITHUB_comments_daily,2024-08-13,1.0
Passport XYZ,GITHUB_stars_daily,2024-08-13,2.0
Open Source Observer,GITHUB_stars_daily,2024-08-13,1.0
Runtime Verification,GITHUB_repositories_daily,2024-08-13,6.0
Walnut,GITHUB_repositories_daily,2024-08-13,3.0
Open Source Observer,GITHUB_contributors_daily,2024-08-13,4.0
Walnut,GITHUB_contributors_daily,2024-08-13,5.0
Open Source Observer,GITHUB_opened_pull_requests_daily,2024-08-13,3.0
Runtime Verification,GITHUB_opened_pull_requests_daily,2024-08-13,10.0
Walnut,GITHUB_opened_pull_requests_daily,2024-08-13,1.0
Open Source Observer,GITHUB_merged_pull_requests_daily,2024-08-13,4.0
Open Source Observer,GITHUB_opened_issues_daily,2024-08-13,4.0
Passport XYZ,GITHUB_opened_issues_daily,2024-08-13,4.0
thirdweb,GITHUB_comments_daily,2024-02-08,23.0
Open Source Observer,GITHUB_comments_daily,2024-02-08,12.0
Pyth Network,GITHUB_stars_daily,2024-02-08,4.0
Runtime Verification,GITHUB_releases_daily,2024-02-08,4.0
Runtime Verification,GITHUB_repositories_daily,2024-02-08,12.0
Walnut,GITHUB_repositories_daily,2024-02-08,1.0
Redstone Finance,GITHUB_repositories_daily,2024-02-08,2.0
thirdweb,GITHUB_repositories_daily,2024-02-08,4.0
Runtime Verification,GITHUB_contributors_daily,2024-02-08,12.0
WakeUp Labs,GITHUB_contributors_daily,2024-02-08,2.0
Runtime Verification,GITHUB_active_developers_daily,2024-02-08,5.0
Pyth Network,GITHUB_active_developers_daily,2024-02-08,6.0
Pyth Network,GITHUB_merged_pull_requests_daily,2024-02-08,14.0
WakeUp Labs,GITHUB_merged_pull_requests_daily,2024-02-08,1.0
Runtime Verification,GITHUB_opened_issues_daily,2024-02-08,3.0
Trail of Bits Security Reviews,GITHUB_closed_issues_daily,2024-02-08,1.0
Passport XYZ,GITHUB_comments_daily,2024-09-27,6.0
Trail of Bits Security Reviews,GITHUB_comments_daily,2024-09-27,2.0
Open Source Observer,GITHUB_comments_daily,2024-09-27,16.0
Pyth Network,GITHUB_commits_daily,2024-09-27,5.0
Walnut,GITHUB_commits_daily,2024-09-27,5.0
thirdweb,GITHUB_releases_daily,2024-09-27,2.0
Trail of Bits Security Reviews,GITHUB_releases_daily,2024-09-27,1.0
Enclave,GITHUB_repositories_daily,2024-09-27,1.0
Walnut,GITHUB_repositories_daily,2024-09-27,2.0
Runtime Verification,GITHUB_repositories_daily,2024-09-27,4.0
Arbos Foundry,GITHUB_contributors_daily,2024-09-27,1.0
Runtime Verification,GITHUB_contributors_daily,2024-09-27,6.0
Trail of Bits Security Reviews,GITHUB_active_developers_daily,2024-09-27,3.0
thirdweb,GITHUB_opened_pull_requests_daily,2024-09-27,14.0
Enclave,GITHUB_opened_pull_requests_daily,2024-09-27,1.0
Arbos Foundry,GITHUB_opened_pull_requests_daily,2024-09-27,1.0
Pyth Network,GITHUB_merged_pull_requests_daily,2024-09-27,3.0
Open Source Observer,GITHUB_closed_issues_daily,2024-09-27,4.0
Solang,GITHUB_closed_issues_daily,2024-09-27,1.0
thirdweb,GITHUB_comments_daily,2024-09-12,177.0
Open Source Observer,GITHUB_comments_daily,2024-09-12,34.0
Passport XYZ,GITHUB_comments_daily,2024-09-12,2.0
Redstone Finance,GITHUB_comments_daily,2024-09-12,7.0
Redstone Finance,GITHUB_commits_daily,2024-09-12,4.0
thirdweb,GITHUB_commits_daily,2024-09-12,28.0
Remix IDE plugin for Arbitrum Stylus,GITHUB_releases_daily,2024-09-12,3.0
Runtime Verification,GITHUB_releases_daily,2024-09-12,4.0
Debid - Fairblock,GITHUB_repositories_daily,2024-09-12,1.0
Pyth Network,GITHUB_repositories_daily,2024-09-12,4.0
Redstone Finance,GITHUB_repositories_daily,2024-09-12,2.0
Runtime Verification,GITHUB_repositories_daily,2024-09-12,11.0
Walnut,GITHUB_repositories_daily,2024-09-12,1.0
Passport XYZ,GITHUB_contributors_daily,2024-09-12,3.0
thirdweb,GITHUB_contributors_daily,2024-09-12,14.0
Pyth Network,GITHUB_contributors_daily,2024-09-12,8.0
Walnut,GITHUB_contributors_daily,2024-09-12,1.0
thirdweb,GITHUB_active_developers_daily,2024-09-12,6.0
thirdweb,GITHUB_opened_pull_requests_daily,2024-09-12,32.0
Debid - Fairblock,GITHUB_opened_pull_requests_daily,2024-09-12,2.0
Passport XYZ,GITHUB_opened_pull_requests_daily,2024-09-12,4.0
Open Source Observer,GITHUB_opened_pull_requests_daily,2024-09-12,6.0
Runtime Verification,GITHUB_merged_pull_requests_daily,2024-09-12,6.0
thirdweb,GITHUB_forks_weekly,2024-08-19,11.0
thirdweb,GITHUB_comments_daily,2024-08-19,119.0
Open Source Observer,GITHUB_comments_daily,2024-08-19,1.0
Runtime Verification,GITHUB_commits_daily,2024-08-19,10.0
Debid - Fairblock,GITHUB_commits_daily,2024-08-19,1.0
Trail of Bits Security Reviews,GITHUB_releases_weekly,2024-08-19,9.0
Pyth Network,GITHUB_releases_weekly,2024-08-19,4.0
Runtime Verification,GITHUB_releases_daily,2024-08-19,5.0
Open Source Observer,GITHUB_comments_weekly,2024-08-19,71.0
Pyth Network,GITHUB_comments_weekly,2024-08-19,107.0
Open Source Observer,GITHUB_commits_weekly,2024-08-19,15.0
Trail of Bits Security Reviews,GITHUB_commits_weekly,2024-08-19,58.0
Debid - Fairblock,GITHUB_repositories_weekly,2024-08-19,2.0
Trail of Bits Security Reviews,GITHUB_forks_daily,2024-08-19,3.0
Trail of Bits Security Reviews,GITHUB_repositories_daily,2024-08-19,17.0
thirdweb,GITHUB_repositories_daily,2024-08-19,4.0
Open Source Observer,GITHUB_contributors_weekly,2024-08-19,10.0
thirdweb,GITHUB_contributors_weekly,2024-08-19,26.0
Walnut,GITHUB_active_developers_weekly,2024-08-19,1.0
Open Source Observer,GITHUB_active_developers_weekly,2024-08-19,6.0
Pyth Network,GITHUB_active_developers_weekly,2024-08-19,9.0
Debid - Fairblock,GITHUB_contributors_daily,2024-08-19,1.0
Trail of Bits Security Reviews,GITHUB_contributors_daily,2024-08-19,6.0
Open Source Observer,GITHUB_contributors_daily,2024-08-19,3.0
thirdweb,GITHUB_contributors_daily,2024-08-19,8.0
Redstone Finance,GITHUB_active_developers_daily,2024-08-19,2.0
Debid - Fairblock,GITHUB_active_developers_daily,2024-08-19,1.0
Walnut,GITHUB_opened_pull_requests_weekly,2024-08-19,4.0
Runtime Verification,GITHUB_opened_pull_requests_weekly,2024-08-19,50.0
Enclave,GITHUB_opened_pull_requests_weekly,2024-08-19,7.0
Trail of Bits Security Reviews,GITHUB_merged_pull_requests_daily,2024-08-19,25.0
Open Source Observer,GITHUB_merged_pull_requests_weekly,2024-08-19,14.0
thirdweb,GITHUB_opened_issues_weekly,2024-08-19,6.0
Pyth Network,GITHUB_opened_issues_weekly,2024-08-19,3.0
Trail of Bits Security Reviews,GITHUB_opened_issues_daily,2024-08-19,1.0
Enclave,GITHUB_closed_issues_weekly,2024-08-19,1.0
thirdweb,GITHUB_closed_issues_weekly,2024-08-19,6.0
Runtime Verification,GITHUB_closed_issues_daily,2024-08-19,2.0
Open Source Observer,GITHUB_comments_daily,2024-01-31,2.0
thirdweb,GITHUB_commits_daily,2024-01-31,30.0
Syndicate Protocol,GITHUB_commits_daily,2024-01-31,12.0
Open Source Observer,GITHUB_commits_daily,2024-01-31,5.0
Pyth Network,GITHUB_commits_daily,2024-01-31,12.0
thirdweb,GITHUB_releases_daily,2024-01-31,11.0
Runtime Verification,GITHUB_forks_daily,2024-01-31,1.0
Pyth Network,GITHUB_forks_daily,2024-01-31,4.0
Pyth Network,GITHUB_repositories_daily,2024-01-31,10.0
Redstone Finance,GITHUB_repositories_daily,2024-01-31,1.0
Runtime Verification,GITHUB_contributors_daily,2024-01-31,10.0
Syndicate Protocol,GITHUB_contributors_daily,2024-01-31,1.0
Redstone Finance,GITHUB_contributors_daily,2024-01-31,1.0
Walnut,GITHUB_active_developers_daily,2024-01-31,1.0
Open Source Observer,GITHUB_opened_issues_daily,2024-01-31,1.0
thirdweb,GITHUB_merged_pull_requests_daily,2024-01-31,13.0
Open Source Observer,GITHUB_closed_issues_daily,2024-01-31,2.0
Runtime Verification,GITHUB_forks_weekly,2024-12-09,3.0
thirdweb,GITHUB_comments_daily,2024-12-09,119.0
Pyth Network,GITHUB_comments_daily,2024-12-09,8.0
Runtime Verification,GITHUB_comments_daily,2024-12-09,6.0
thirdweb,GITHUB_stars_daily,2024-12-09,1.0
Trail of Bits Security Reviews,GITHUB_stars_daily,2024-12-09,10.0
Enclave,GITHUB_stars_weekly,2024-12-09,1.0
Open Source Observer,GITHUB_commits_daily,2024-12-09,8.0
thirdweb,GITHUB_commits_daily,2024-12-09,9.0
Runtime Verification,GITHUB_releases_weekly,2024-12-09,16.0
thirdweb,GITHUB_releases_daily,2024-12-09,1.0
Runtime Verification,GITHUB_releases_daily,2024-12-09,3.0
Pyth Network,GITHUB_comments_weekly,2024-12-09,141.0
Enclave,GITHUB_comments_weekly,2024-12-09,13.0
thirdweb,GITHUB_comments_weekly,2024-12-09,688.0
Walnut,GITHUB_comments_weekly,2024-12-09,4.0
Passport XYZ,GITHUB_commits_weekly,2024-12-09,18.0
Runtime Verification,GITHUB_commits_weekly,2024-12-09,50.0
Ember,GITHUB_repositories_weekly,2024-12-09,1.0
Open Source Observer,GITHUB_repositories_weekly,2024-12-09,5.0
Runtime Verification,GITHUB_repositories_weekly,2024-12-09,12.0
Trail of Bits Security Reviews,GITHUB_repositories_weekly,2024-12-09,41.0
Solang,GITHUB_repositories_weekly,2024-12-09,1.0
Redstone Finance,GITHUB_repositories_daily,2024-12-09,1.0
Trail of Bits Security Reviews,GITHUB_contributors_weekly,2024-12-09,21.0
Solang,GITHUB_contributors_weekly,2024-12-09,2.0
Debid - Fairblock,GITHUB_contributors_weekly,2024-12-09,4.0
Walnut,GITHUB_active_developers_weekly,2024-12-09,3.0
Runtime Verification,GITHUB_active_developers_weekly,2024-12-09,5.0
Runtime Verification,GITHUB_contributors_daily,2024-12-09,13.0
Passport XYZ,GITHUB_contributors_daily,2024-12-09,4.0
Redstone Finance,GITHUB_active_developers_daily,2024-12-09,1.0
Passport XYZ,GITHUB_active_developers_daily,2024-12-09,1.0
Runtime Verification,GITHUB_active_developers_daily,2024-12-09,3.0
Trail of Bits Security Reviews,GITHUB_active_developers_daily,2024-12-09,5.0
Open Source Observer,GITHUB_active_developers_daily,2024-12-09,4.0
Redstone Finance,GITHUB_opened_pull_requests_weekly,2024-12-09,4.0
Enclave,GITHUB_opened_pull_requests_weekly,2024-12-09,3.0
thirdweb,GITHUB_opened_pull_requests_weekly,2024-12-09,101.0
Pyth Network,GITHUB_merged_pull_requests_weekly,2024-12-09,27.0
Moving Stylus,GITHUB_merged_pull_requests_weekly,2024-12-09,1.0
Passport XYZ,GITHUB_opened_issues_weekly,2024-12-09,32.0
Passport XYZ,GITHUB_opened_issues_daily,2024-12-09,14.0
Trail of Bits Security Reviews,GITHUB_closed_issues_daily,2024-12-09,1.0
thirdweb,GITHUB_closed_issues_daily,2024-12-09,1.0
Open Source Observer,GITHUB_closed_issues_daily,2024-12-09,6.0
thirdweb,GITHUB_comments_daily,2025-01-08,49.0
Sylow,GITHUB_comments_daily,2025-01-08,3.0
Trail of Bits Security Reviews,GITHUB_releases_daily,2025-01-08,1.0
Pyth Network,GITHUB_forks_daily,2025-01-08,3.0
thirdweb,GITHUB_forks_daily,2025-01-08,4.0
Walnut,GITHUB_repositories_daily,2025-01-08,4.0
Pyth Network,GITHUB_repositories_daily,2025-01-08,8.0
Redstone Finance,GITHUB_contributors_daily,2025-01-08,1.0
9Lives,GITHUB_contributors_daily,2025-01-08,2.0
Moving Stylus,GITHUB_contributors_daily,2025-01-08,1.0
Passport XYZ,GITHUB_contributors_daily,2025-01-08,1.0
thirdweb,GITHUB_contributors_daily,2025-01-08,8.0
Runtime Verification,GITHUB_active_developers_daily,2025-01-08,1.0
Open Source Observer,GITHUB_active_developers_daily,2025-01-08,3.0
Pyth Network,GITHUB_active_developers_daily,2025-01-08,4.0
thirdweb,GITHUB_active_developers_daily,2025-01-08,3.0
Trail of Bits Security Reviews,GITHUB_opened_pull_requests_daily,2025-01-08,1.0
Pyth Network,GITHUB_opened_pull_requests_daily,2025-01-08,11.0
Trail of Bits Security Reviews,GITHUB_merged_pull_requests_daily,2025-01-08,5.0
thirdweb,GITHUB_merged_pull_requests_daily,2025-01-08,6.0
Runtime Verification,GITHUB_stars_daily,2024-04-09,2.0
Trail of Bits Security Reviews,GITHUB_stars_daily,2024-04-09,12.0
Runtime Verification,GITHUB_releases_daily,2024-04-09,7.0
Trail of Bits Security Reviews,GITHUB_forks_daily,2024-04-09,2.0
thirdweb,GITHUB_forks_daily,2024-04-09,3.0
Runtime Verification,GITHUB_repositories_daily,2024-04-09,12.0
Open Source Observer,GITHUB_repositories_daily,2024-04-09,2.0
Redstone Finance,GITHUB_repositories_daily,2024-04-09,3.0
thirdweb,GITHUB_contributors_daily,2024-04-09,19.0
Pyth Network,GITHUB_contributors_daily,2024-04-09,6.0
Runtime Verification,GITHUB_contributors_daily,2024-04-09,9.0
Open Source Observer,GITHUB_contributors_daily,2024-04-09,4.0
Trail of Bits Security Reviews,GITHUB_active_developers_daily,2024-04-09,2.0
Walnut,GITHUB_active_developers_daily,2024-04-09,1.0
Open Source Observer,GITHUB_active_developers_daily,2024-04-09,2.0
thirdweb,GITHUB_opened_pull_requests_daily,2024-04-09,34.0
Open Source Observer,GITHUB_merged_pull_requests_daily,2024-04-09,2.0
Open Source Observer,GITHUB_closed_issues_daily,2024-04-09,3.0
Pyth Network,GITHUB_comments_daily,2024-03-13,36.0
Runtime Verification,GITHUB_comments_daily,2024-03-13,36.0
Trail of Bits Security Reviews,GITHUB_stars_daily,2024-03-13,16.0
Redstone Finance,GITHUB_commits_daily,2024-03-13,3.0
Trail of Bits Security Reviews,GITHUB_commits_daily,2024-03-13,13.0
Debid - Fairblock,GITHUB_commits_daily,2024-03-13,1.0
Runtime Verification,GITHUB_commits_daily,2024-03-13,43.0
Trail of Bits Security Reviews,GITHUB_releases_daily,2024-03-13,1.0
Runtime Verification,GITHUB_forks_daily,2024-03-13,1.0
Runtime Verification,GITHUB_repositories_daily,2024-03-13,12.0
Pyth Network,GITHUB_contributors_daily,2024-03-13,7.0
Pyth Network,GITHUB_opened_pull_requests_daily,2024-03-13,9.0
thirdweb,GITHUB_opened_pull_requests_daily,2024-03-13,20.0
thirdweb,GITHUB_merged_pull_requests_daily,2024-03-13,15.0
Pyth Network,GITHUB_merged_pull_requests_daily,2024-03-13,7.0
Runtime Verification,GITHUB_opened_issues_daily,2024-03-13,6.0
Open Source Observer,GITHUB_opened_issues_daily,2024-03-13,13.0
Open Source Observer,GITHUB_comments_daily,2024-01-03,2.0
Open Source Observer,GITHUB_commits_daily,2024-01-03,2.0
Redstone Finance,GITHUB_commits_daily,2024-01-03,7.0
thirdweb,GITHUB_forks_daily,2024-01-03,1.0
Trail of Bits Security Reviews,GITHUB_repositories_daily,2024-01-03,11.0
Open Source Observer,GITHUB_repositories_daily,2024-01-03,3.0
Debid - Fairblock,GITHUB_contributors_daily,2024-01-03,1.0
thirdweb,GITHUB_active_developers_daily,2024-01-03,4.0
Trail of Bits Security Reviews,GITHUB_opened_pull_requests_daily,2024-01-03,1.0
thirdweb,GITHUB_merged_pull_requests_daily,2024-01-03,12.0
Pyth Network,GITHUB_merged_pull_requests_daily,2024-01-03,3.0
Trail of Bits Security Reviews,GITHUB_merged_pull_requests_daily,2024-01-03,2.0
Open Source Observer,GITHUB_opened_issues_daily,2024-01-03,7.0
thirdweb,GITHUB_comments_daily,2024-08-11,68.0
thirdweb,GITHUB_stars_daily,2024-08-11,1.0
thirdweb,GITHUB_releases_daily,2024-08-11,1.0
Trail of Bits Security Reviews,GITHUB_forks_daily,2024-08-11,1.0
Runtime Verification,GITHUB_repositories_daily,2024-08-11,2.0
Runtime Verification,GITHUB_contributors_daily,2024-08-11,3.0
Open Source Observer,GITHUB_active_developers_daily,2024-08-11,2.0
Runtime Verification,GITHUB_active_developers_daily,2024-08-11,2.0
Pyth Network,GITHUB_opened_pull_requests_daily,2024-08-11,9.0
Trail of Bits Security Reviews,GITHUB_opened_pull_requests_daily,2024-08-11,5.0
thirdweb,GITHUB_merged_pull_requests_daily,2024-08-11,9.0
Open Source Observer,GITHUB_opened_issues_daily,2024-08-11,1.0
Trail of Bits Security Reviews,GITHUB_releases_daily,2025-03-23,2.0
Enclave,GITHUB_comments_daily,2025-03-23,4.0
Open Source Observer,GITHUB_comments_daily,2025-03-23,5.0
Runtime Verification,GITHUB_stars_daily,2025-03-23,1.0
Trail of Bits Security Reviews,GITHUB_commits_daily,2025-03-23,5.0
thirdweb,GITHUB_forks_daily,2025-03-23,2.0
CoBuilders,GITHUB_contributors_daily,2025-03-23,1.0
Trail of Bits Security Reviews,GITHUB_contributors_daily,2025-03-23,3.0
Open Source Observer,GITHUB_active_developers_daily,2025-03-23,1.0
thirdweb,GITHUB_active_developers_daily,2025-03-23,1.0
Trail of Bits Security Reviews,GITHUB_active_developers_daily,2025-03-23,3.0
Trail of Bits Security Reviews,GITHUB_opened_pull_requests_daily,2025-03-23,3.0
thirdweb,GITHUB_opened_pull_requests_daily,2025-03-23,6.0
Open Source Observer,GITHUB_opened_pull_requests_daily,2025-03-23,1.0
CoBuilders,GITHUB_merged_pull_requests_daily,2025-03-23,1.0
Open Source Observer,GITHUB_opened_issues_daily,2025-03-23,1.0
Enclave,GITHUB_closed_issues_daily,2025-03-23,2.0
Open Source Observer,GITHUB_comments_daily,2025-03-15,3.0
Runtime Verification,GITHUB_stars_daily,2025-03-15,1.0
Sylow,GITHUB_stars_daily,2025-03-15,1.0
Passport XYZ,GITHUB_stars_daily,2025-03-15,2.0
Pyth Network,GITHUB_stars_daily,2025-03-15,1.0
thirdweb,GITHUB_stars_daily,2025-03-15,1.0
Runtime Verification,GITHUB_commits_daily,2025-03-15,4.0
Trail of Bits Security Reviews,GITHUB_commits_daily,2025-03-15,5.0
Trail of Bits Security Reviews,GITHUB_forks_daily,2025-03-15,1.0
Passport XYZ,GITHUB_repositories_daily,2025-03-15,2.0
Sylow,GITHUB_repositories_daily,2025-03-15,1.0
Trail of Bits Security Reviews,GITHUB_opened_pull_requests_daily,2025-03-15,1.0
9Lives,GITHUB_contributors_daily,2025-03-15,1.0
Runtime Verification,GITHUB_contributors_daily,2025-03-15,3.0
Redstone Finance,GITHUB_contributors_daily,2025-03-15,1.0
Redstone Finance,GITHUB_active_developers_daily,2025-03-15,1.0
Trail of Bits Security Reviews,GITHUB_merged_pull_requests_daily,2025-03-15,5.0
Walnut,GITHUB_opened_issues_daily,2025-03-15,1.0
Walnut,GITHUB_closed_issues_daily,2025-03-15,1.0
Pyth Network,GITHUB_comments_daily,2024-12-31,5.0
Walnut,GITHUB_comments_daily,2024-12-31,2.0
Pyth Network,GITHUB_commits_daily,2024-12-31,1.0
Runtime Verification,GITHUB_forks_daily,2024-12-31,1.0
Open Source Observer,GITHUB_repositories_daily,2024-12-31,1.0
Moving Stylus,GITHUB_repositories_daily,2024-12-31,1.0
Enclave,GITHUB_opened_pull_requests_daily,2024-12-31,3.0
Trail of Bits Security Reviews,GITHUB_stars_daily,2024-04-13,10.0
thirdweb,GITHUB_commits_daily,2024-04-13,4.0
Runtime Verification,GITHUB_forks_daily,2024-04-13,1.0
Open Source Observer,GITHUB_repositories_daily,2024-04-13,1.0
thirdweb,GITHUB_active_developers_daily,2024-04-13,3.0
Runtime Verification,GITHUB_opened_pull_requests_daily,2024-04-13,5.0
Passport XYZ,GITHUB_releases_daily,2025-03-26,2.0
Open Source Observer,GITHUB_comments_daily,2025-03-26,23.0
CodeTracer,GITHUB_stars_daily,2025-03-26,6.0
Walnut,GITHUB_comments_daily,2025-03-26,3.0
Walnut,GITHUB_stars_daily,2025-03-26,2.0
thirdweb,GITHUB_commits_daily,2025-03-26,12.0
Open Source Observer,GITHUB_commits_daily,2025-03-26,8.0
Pyth Network,GITHUB_commits_daily,2025-03-26,6.0
Pyth Network,GITHUB_repositories_daily,2025-03-26,2.0
Enclave,GITHUB_repositories_daily,2025-03-26,1.0
Arbos Foundry,GITHUB_repositories_daily,2025-03-26,1.0
CodeTracer,GITHUB_repositories_daily,2025-03-26,1.0
Passport XYZ,GITHUB_repositories_daily,2025-03-26,1.0
Open Source Observer,GITHUB_forks_daily,2025-03-26,1.0
Walnut,GITHUB_contributors_daily,2025-03-26,2.0
Redstone Finance,GITHUB_contributors_daily,2025-03-26,3.0
Enclave,GITHUB_contributors_daily,2025-03-26,2.0
Passport XYZ,GITHUB_contributors_daily,2025-03-26,1.0
CoBuilders,GITHUB_opened_pull_requests_daily,2025-03-26,3.0
Trail of Bits Security Reviews,GITHUB_opened_pull_requests_daily,2025-03-26,3.0
Trail of Bits Security Reviews,GITHUB_merged_pull_requests_daily,2025-03-26,5.0
Open Source Observer,GITHUB_merged_pull_requests_daily,2025-03-26,6.0
thirdweb,GITHUB_merged_pull_requests_daily,2025-03-26,10.0
thirdweb,GITHUB_opened_issues_daily,2025-03-26,1.0
thirdweb,GITHUB_closed_issues_daily,2025-03-26,1.0
Enclave,GITHUB_closed_issues_daily,2025-03-26,2.0
Runtime Verification,GITHUB_comments_daily,2024-06-25,54.0
thirdweb,GITHUB_comments_daily,2024-06-25,143.0
Pyth Network,GITHUB_comments_daily,2024-06-25,30.0
Open Source Observer,GITHUB_comments_daily,2024-06-25,9.0
Open Source Observer,GITHUB_stars_daily,2024-06-25,1.0
thirdweb,GITHUB_stars_daily,2024-06-25,3.0
thirdweb,GITHUB_commits_daily,2024-06-25,19.0
Open Source Observer,GITHUB_forks_daily,2024-06-25,1.0
Pyth Network,GITHUB_repositories_daily,2024-06-25,7.0
Enclave,GITHUB_repositories_daily,2024-06-25,1.0
Redstone Finance,GITHUB_contributors_daily,2024-06-25,1.0
Walnut,GITHUB_contributors_daily,2024-06-25,2.0
Enclave,GITHUB_contributors_daily,2024-06-25,1.0
Trail of Bits Security Reviews,GITHUB_active_developers_daily,2024-06-25,6.0
thirdweb,GITHUB_opened_pull_requests_daily,2024-06-25,20.0
Runtime Verification,GITHUB_merged_pull_requests_daily,2024-06-25,15.0
Runtime Verification,GITHUB_opened_issues_daily,2024-06-25,4.0
Open Source Observer,GITHUB_opened_issues_daily,2024-06-25,1.0
thirdweb,GITHUB_stars_daily,2025-02-02,2.0
thirdweb,GITHUB_repositories_daily,2025-02-02,4.0
Runtime Verification,GITHUB_repositories_daily,2025-02-02,1.0
Pyth Network,GITHUB_repositories_daily,2025-02-02,1.0
Redstone Finance,GITHUB_repositories_daily,2025-02-02,2.0
Trail of Bits Security Reviews,GITHUB_repositories_daily,2025-02-02,5.0
Solang,GITHUB_contributors_daily,2025-02-02,6.0
Redstone Finance,GITHUB_contributors_daily,2025-02-02,1.0
Trail of Bits Security Reviews,GITHUB_contributors_daily,2025-02-02,5.0
Trail of Bits Security Reviews,GITHUB_active_developers_daily,2025-02-02,1.0
Walnut,GITHUB_active_developers_daily,2025-02-02,1.0
thirdweb,GITHUB_opened_pull_requests_daily,2025-02-02,1.0
Solang,GITHUB_opened_pull_requests_daily,2025-02-02,1.0
Pyth Network,GITHUB_comments_daily,2024-07-17,14.0
Open Source Observer,GITHUB_comments_daily,2024-07-17,10.0
Runtime Verification,GITHUB_commits_daily,2024-07-17,23.0
Passport XYZ,GITHUB_commits_daily,2024-07-17,4.0
thirdweb,GITHUB_forks_daily,2024-07-17,1.0
Passport XYZ,GITHUB_contributors_daily,2024-07-17,1.0
Runtime Verification,GITHUB_contributors_daily,2024-07-17,15.0
Redstone Finance,GITHUB_active_developers_daily,2024-07-17,3.0
Runtime Verification,GITHUB_opened_pull_requests_daily,2024-07-17,18.0
Open Source Observer,GITHUB_comments_daily,2025-02-23,1.0
Solang,GITHUB_comments_daily,2025-02-23,1.0
Pyth Network,GITHUB_stars_daily,2025-02-23,1.0
Trail of Bits Security Reviews,GITHUB_contributors_daily,2025-02-23,4.0
Redstone Finance,GITHUB_active_developers_daily,2025-02-23,2.0
Trail of Bits Security Reviews,GITHUB_opened_pull_requests_daily,2025-02-23,4.0
Redstone Finance,GITHUB_opened_pull_requests_daily,2025-02-23,1.0
Redstone Finance,GITHUB_merged_pull_requests_daily,2025-02-23,1.0
thirdweb,GITHUB_closed_issues_daily,2025-02-23,1.0
thirdweb,GITHUB_comments_daily,2025-03-22,33.0
thirdweb,GITHUB_releases_daily,2025-03-22,6.0
9Lives,GITHUB_repositories_daily,2025-03-22,1.0
CoBuilders,GITHUB_contributors_daily,2025-03-22,1.0
Pyth Network,GITHUB_contributors_daily,2025-03-22,3.0
9Lives,GITHUB_contributors_daily,2025-03-22,3.0
Runtime Verification,GITHUB_active_developers_daily,2025-03-22,1.0
Open Source Observer,GITHUB_active_developers_daily,2025-03-22,1.0
9Lives,GITHUB_active_developers_daily,2025-03-22,1.0
Pyth Network,GITHUB_opened_pull_requests_daily,2025-03-22,1.0
Trail of Bits Security Reviews,GITHUB_comments_daily,2024-04-22,12.0
Walnut,GITHUB_comments_daily,2024-04-22,6.0
Debid - Fairblock,GITHUB_comments_daily,2024-04-22,2.0
Redstone Finance,GITHUB_forks_weekly,2024-04-22,6.0
Pyth Network,GITHUB_stars_daily,2024-04-22,1.0
Redstone Finance,GITHUB_commits_daily,2024-04-22,3.0
Runtime Verification,GITHUB_releases_weekly,2024-04-22,26.0
Trail of Bits Security Reviews,GITHUB_releases_weekly,2024-04-22,2.0
thirdweb,GITHUB_releases_weekly,2024-04-22,63.0
Pyth Network,GITHUB_releases_daily,2024-04-22,2.0
Walnut,GITHUB_commits_weekly,2024-04-22,11.0
Pyth Network,GITHUB_commits_weekly,2024-04-22,37.0
Redstone Finance,GITHUB_commits_weekly,2024-04-22,31.0
Debid - Fairblock,GITHUB_commits_weekly,2024-04-22,5.0
Open Source Observer,GITHUB_repositories_weekly,2024-04-22,3.0
Pyth Network,GITHUB_repositories_weekly,2024-04-22,9.0
Debid - Fairblock,GITHUB_repositories_weekly,2024-04-22,3.0
Pyth Network,GITHUB_forks_daily,2024-04-22,1.0
Open Source Observer,GITHUB_repositories_daily,2024-04-22,2.0
Trail of Bits Security Reviews,GITHUB_repositories_daily,2024-04-22,20.0
Trail of Bits Security Reviews,GITHUB_contributors_weekly,2024-04-22,15.0
Walnut,GITHUB_contributors_weekly,2024-04-22,5.0
Trail of Bits Security Reviews,GITHUB_active_developers_weekly,2024-04-22,9.0
Pyth Network,GITHUB_active_developers_weekly,2024-04-22,11.0
Redstone Finance,GITHUB_contributors_daily,2024-04-22,2.0
Open Source Observer,GITHUB_active_developers_daily,2024-04-22,2.0
Trail of Bits Security Reviews,GITHUB_active_developers_daily,2024-04-22,4.0
Runtime Verification,GITHUB_opened_pull_requests_daily,2024-04-22,10.0
Trail of Bits Security Reviews,GITHUB_opened_pull_requests_daily,2024-04-22,19.0
Open Source Observer,GITHUB_opened_pull_requests_weekly,2024-04-22,25.0
Trail of Bits Security Reviews,GITHUB_opened_pull_requests_weekly,2024-04-22,43.0
Syndicate Protocol,GITHUB_opened_pull_requests_weekly,2024-04-22,1.0
thirdweb,GITHUB_merged_pull_requests_weekly,2024-04-22,78.0
Pyth Network,GITHUB_opened_issues_weekly,2024-04-22,3.0
thirdweb,GITHUB_opened_issues_weekly,2024-04-22,1.0
thirdweb,GITHUB_closed_issues_weekly,2024-04-22,10.0
thirdweb,GITHUB_comments_daily,2025-04-13,17.0
Trail of Bits Security Reviews,GITHUB_stars_daily,2025-04-13,2.0
Trail of Bits Security Reviews,GITHUB_commits_daily,2025-04-13,12.0
Open Source Observer,GITHUB_commits_daily,2025-04-13,1.0
Trail of Bits Security Reviews,GITHUB_repositories_daily,2025-04-13,8.0
Trail of Bits Security Reviews,GITHUB_forks_daily,2025-04-13,3.0
thirdweb,GITHUB_forks_daily,2025-04-13,2.0
Open Source Observer,GITHUB_active_developers_daily,2025-04-13,1.0
thirdweb,GITHUB_active_developers_daily,2025-04-13,1.0
CodeTracer,GITHUB_opened_issues_daily,2025-04-13,1.0
Trail of Bits Security Reviews,GITHUB_opened_issues_daily,2025-04-13,1.0
Open Source Observer,GITHUB_comments_daily,2025-02-09,4.0
Runtime Verification,GITHUB_stars_daily,2025-02-09,1.0
Trail of Bits Security Reviews,GITHUB_stars_daily,2025-02-09,12.0
Pyth Network,GITHUB_stars_daily,2025-02-09,1.0
Pyth Network,GITHUB_commits_daily,2025-02-09,4.0
Open Source Observer,GITHUB_forks_daily,2025-02-09,2.0
Open Source Observer,GITHUB_repositories_daily,2025-02-09,3.0
Runtime Verification,GITHUB_repositories_daily,2025-02-09,2.0
Open Source Observer,GITHUB_contributors_daily,2025-02-09,3.0
thirdweb,GITHUB_opened_pull_requests_daily,2025-02-09,5.0
Walnut,GITHUB_opened_pull_requests_daily,2025-02-09,1.0
thirdweb,GITHUB_merged_pull_requests_daily,2025-02-09,4.0
Walnut,GITHUB_closed_issues_daily,2025-02-09,1.0
Open Source Observer,GITHUB_comments_daily,2025-02-19,18.0
Pyth Network,GITHUB_stars_daily,2025-02-19,2.0
thirdweb,GITHUB_stars_daily,2025-02-19,5.0
Pyth Network,GITHUB_commits_daily,2025-02-19,15.0
Runtime Verification,GITHUB_commits_daily,2025-02-19,10.0
thirdweb,GITHUB_releases_daily,2025-02-19,2.0
Pyth Network,GITHUB_releases_daily,2025-02-19,2.0
Passport XYZ,GITHUB_releases_daily,2025-02-19,6.0
Solang,GITHUB_forks_daily,2025-02-19,1.0
Runtime Verification,GITHUB_forks_daily,2025-02-19,3.0
Solang,GITHUB_repositories_daily,2025-02-19,1.0
thirdweb,GITHUB_repositories_daily,2025-02-19,4.0
9Lives,GITHUB_repositories_daily,2025-02-19,1.0
Runtime Verification,GITHUB_repositories_daily,2025-02-19,9.0
Passport XYZ,GITHUB_contributors_daily,2025-02-19,3.0
Pyth Network,GITHUB_active_developers_daily,2025-02-19,6.0
Open Source Observer,GITHUB_active_developers_daily,2025-02-19,3.0
thirdweb,GITHUB_opened_pull_requests_daily,2025-02-19,6.0
Trail of Bits Security Reviews,GITHUB_opened_pull_requests_daily,2025-02-19,6.0
Runtime Verification,GITHUB_opened_pull_requests_daily,2025-02-19,8.0
Walnut,GITHUB_opened_pull_requests_daily,2025-02-19,5.0
Pyth Network,GITHUB_merged_pull_requests_daily,2025-02-19,12.0
Runtime Verification,GITHUB_merged_pull_requests_daily,2025-02-19,5.0
Trail of Bits Security Reviews,GITHUB_opened_issues_daily,2025-02-19,2.0
thirdweb,GITHUB_opened_issues_daily,2025-02-19,1.0
Runtime Verification,GITHUB_opened_issues_daily,2025-02-19,2.0
Open Source Observer,GITHUB_closed_issues_daily,2025-02-19,3.0
Trail of Bits Security Reviews,GITHUB_closed_issues_daily,2025-02-19,2.0
Pyth Network,GITHUB_comments_daily,2024-03-27,32.0
Trail of Bits Security Reviews,GITHUB_comments_daily,2024-03-27,3.0
Redstone Finance,GITHUB_stars_daily,2024-03-27,1.0
Open Source Observer,GITHUB_stars_daily,2024-03-27,1.0
Pyth Network,GITHUB_commits_daily,2024-03-27,10.0
Runtime Verification,GITHUB_commits_daily,2024-03-27,22.0
thirdweb,GITHUB_releases_daily,2024-03-27,11.0
Trail of Bits Security Reviews,GITHUB_forks_daily,2024-03-27,3.0
Open Source Observer,GITHUB_repositories_daily,2024-03-27,2.0
Debid - Fairblock,GITHUB_repositories_daily,2024-03-27,1.0
thirdweb,GITHUB_repositories_daily,2024-03-27,4.0
Pyth Network,GITHUB_contributors_daily,2024-03-27,6.0
Open Source Observer,GITHUB_contributors_daily,2024-03-27,2.0
Redstone Finance,GITHUB_contributors_daily,2024-03-27,1.0
Walnut,GITHUB_opened_pull_requests_daily,2024-03-27,1.0
Walnut,GITHUB_merged_pull_requests_daily,2024-03-27,1.0
Runtime Verification,GITHUB_opened_issues_daily,2024-03-27,6.0
Walnut,GITHUB_opened_issues_daily,2024-03-27,1.0
thirdweb,GITHUB_opened_issues_daily,2024-03-27,1.0
Walnut,GITHUB_comments_daily,2025-02-18,16.0
thirdweb,GITHUB_comments_daily,2025-02-18,66.0
thirdweb,GITHUB_stars_daily,2025-02-18,2.0
Walnut,GITHUB_commits_daily,2025-02-18,4.0
Solang,GITHUB_forks_daily,2025-02-18,1.0
Runtime Verification,GITHUB_repositories_daily,2025-02-18,9.0
thirdweb,GITHUB_repositories_daily,2025-02-18,4.0
Redstone Finance,GITHUB_repositories_daily,2025-02-18,4.0
thirdweb,GITHUB_releases_daily,2025-02-18,5.0
Runtime Verification,GITHUB_releases_daily,2025-02-18,2.0
Pyth Network,GITHUB_releases_daily,2025-02-18,1.0
Walnut,GITHUB_contributors_daily,2025-02-18,4.0
Trail of Bits Security Reviews,GITHUB_opened_pull_requests_daily,2025-02-18,4.0
Passport XYZ,GITHUB_merged_pull_requests_daily,2025-02-18,9.0
Trail of Bits Security Reviews,GITHUB_merged_pull_requests_daily,2025-02-18,15.0
Open Source Observer,GITHUB_opened_issues_daily,2025-02-18,2.0
Open Source Observer,GITHUB_closed_issues_daily,2025-02-18,6.0
Pyth Network,GITHUB_forks_weekly,2024-07-22,4.0
thirdweb,GITHUB_stars_daily,2024-07-22,2.0
Redstone Finance,GITHUB_stars_weekly,2024-07-22,2.0
thirdweb,GITHUB_stars_weekly,2024-07-22,11.0
Debid - Fairblock,GITHUB_stars_weekly,2024-07-22,1.0
Runtime Verification,GITHUB_commits_daily,2024-07-22,20.0
Open Source Observer,GITHUB_comments_weekly,2024-07-22,97.0
thirdweb,GITHUB_comments_weekly,2024-07-22,795.0
Trail of Bits Security Reviews,GITHUB_repositories_weekly,2024-07-22,44.0
Open Source Observer,GITHUB_repositories_daily,2024-07-22,2.0
Passport XYZ,GITHUB_repositories_daily,2024-07-22,4.0
Trail of Bits Security Reviews,GITHUB_releases_daily,2024-07-22,2.0
thirdweb,GITHUB_releases_daily,2024-07-22,2.0
Trail of Bits Security Reviews,GITHUB_commits_weekly,2024-07-22,135.0
Redstone Finance,GITHUB_commits_weekly,2024-07-22,45.0
Passport XYZ,GITHUB_commits_weekly,2024-07-22,80.0
Trail of Bits Security Reviews,GITHUB_contributors_weekly,2024-07-22,18.0
Runtime Verification,GITHUB_contributors_weekly,2024-07-22,25.0
Trail of Bits Security Reviews,GITHUB_active_developers_daily,2024-07-22,6.0
Runtime Verification,GITHUB_active_developers_daily,2024-07-22,3.0
Pyth Network,GITHUB_active_developers_weekly,2024-07-22,11.0
Trail of Bits Security Reviews,GITHUB_active_developers_weekly,2024-07-22,11.0
Redstone Finance,GITHUB_active_developers_weekly,2024-07-22,5.0
Runtime Verification,GITHUB_active_developers_weekly,2024-07-22,7.0
Open Source Observer,GITHUB_contributors_daily,2024-07-22,3.0
thirdweb,GITHUB_contributors_daily,2024-07-22,11.0
Trail of Bits Security Reviews,GITHUB_opened_pull_requests_daily,2024-07-22,29.0
Passport XYZ,GITHUB_opened_pull_requests_daily,2024-07-22,6.0
Walnut,GITHUB_opened_pull_requests_weekly,2024-07-22,2.0
Redstone Finance,GITHUB_opened_pull_requests_weekly,2024-07-22,2.0
Passport XYZ,GITHUB_merged_pull_requests_daily,2024-07-22,6.0
Pyth Network,GITHUB_merged_pull_requests_daily,2024-07-22,5.0
Runtime Verification,GITHUB_merged_pull_requests_weekly,2024-07-22,71.0
Trail of Bits Security Reviews,GITHUB_opened_issues_weekly,2024-07-22,4.0
Runtime Verification,GITHUB_opened_issues_weekly,2024-07-22,14.0
Open Source Observer,GITHUB_opened_issues_daily,2024-07-22,1.0
Trail of Bits Security Reviews,GITHUB_closed_issues_weekly,2024-07-22,5.0
Runtime Verification,GITHUB_closed_issues_weekly,2024-07-22,9.0
Enclave,GITHUB_comments_daily,2024-12-20,1.0
Open Source Observer,GITHUB_comments_daily,2024-12-20,2.0
Runtime Verification,GITHUB_stars_daily,2024-12-20,1.0
Open Source Observer,GITHUB_commits_daily,2024-12-20,1.0
Debid - Fairblock,GITHUB_commits_daily,2024-12-20,1.0
Pyth Network,GITHUB_commits_daily,2024-12-20,6.0
Runtime Verification,GITHUB_commits_daily,2024-12-20,2.0
thirdweb,GITHUB_releases_daily,2024-12-20,3.0
Debid - Fairblock,GITHUB_repositories_daily,2024-12-20,1.0
Sylow,GITHUB_repositories_daily,2024-12-20,1.0
Arbos Foundry,GITHUB_contributors_daily,2024-12-20,1.0
Open Source Observer,GITHUB_contributors_daily,2024-12-20,4.0
Remix IDE plugin for Arbitrum Stylus,GITHUB_contributors_daily,2024-12-20,1.0
Walnut,GITHUB_contributors_daily,2024-12-20,3.0
Trail of Bits Security Reviews,GITHUB_contributors_daily,2024-12-20,5.0
Runtime Verification,GITHUB_opened_pull_requests_daily,2024-12-20,2.0
Redstone Finance,GITHUB_opened_pull_requests_daily,2024-12-20,1.0
Runtime Verification,GITHUB_merged_pull_requests_daily,2024-12-20,2.0
Pyth Network,GITHUB_merged_pull_requests_daily,2024-12-20,5.0
Open Source Observer,GITHUB_merged_pull_requests_daily,2024-12-20,2.0
Trail of Bits Security Reviews,GITHUB_opened_issues_daily,2024-12-20,1.0
Walnut,GITHUB_opened_issues_daily,2024-12-20,1.0
thirdweb,GITHUB_closed_issues_daily,2024-12-20,1.0
Passport XYZ,GITHUB_closed_issues_daily,2024-12-20,2.0
Passport XYZ,GITHUB_comments_daily,2024-09-08,2.0
Pyth Network,GITHUB_comments_daily,2024-09-08,6.0
Runtime Verification,GITHUB_stars_daily,2024-09-08,1.0
thirdweb,GITHUB_stars_daily,2024-09-08,1.0
Trail of Bits Security Reviews,GITHUB_commits_daily,2024-09-08,2.0
thirdweb,GITHUB_forks_daily,2024-09-08,2.0
Pyth Network,GITHUB_contributors_daily,2024-09-08,1.0
Runtime Verification,GITHUB_active_developers_daily,2024-09-08,1.0
Trail of Bits Security Reviews,GITHUB_active_developers_daily,2024-09-08,2.0
Trail of Bits Security Reviews,GITHUB_opened_pull_requests_daily,2024-09-08,6.0
thirdweb,GITHUB_opened_pull_requests_daily,2024-09-08,2.0
Runtime Verification,GITHUB_merged_pull_requests_daily,2024-09-08,1.0
Enclave,GITHUB_merged_pull_requests_daily,2024-09-08,5.0
Open Source Observer,GITHUB_merged_pull_requests_daily,2024-09-08,4.0
Pyth Network,GITHUB_merged_pull_requests_daily,2024-09-08,1.0
thirdweb,GITHUB_opened_issues_daily,2024-09-08,2.0
Open Source Observer,GITHUB_stars_daily,2024-07-18,2.0
thirdweb,GITHUB_commits_daily,2024-07-18,17.0
Runtime Verification,GITHUB_commits_daily,2024-07-18,11.0
thirdweb,GITHUB_releases_daily,2024-07-18,3.0
Walnut,GITHUB_repositories_daily,2024-07-18,1.0
Open Source Observer,GITHUB_contributors_daily,2024-07-18,2.0
Open Source Observer,GITHUB_active_developers_daily,2024-07-18,1.0
Pyth Network,GITHUB_opened_pull_requests_daily,2024-07-18,8.0
thirdweb,GITHUB_opened_pull_requests_daily,2024-07-18,12.0
Trail of Bits Security Reviews,GITHUB_merged_pull_requests_daily,2024-07-18,4.0
Runtime Verification,GITHUB_merged_pull_requests_daily,2024-07-18,7.0
Trail of Bits Security Reviews,GITHUB_opened_issues_daily,2024-07-18,1.0
thirdweb,GITHUB_comments_daily,2025-01-04,23.0
Passport XYZ,GITHUB_stars_daily,2025-01-04,2.0
thirdweb,GITHUB_stars_daily,2025-01-04,3.0
Pyth Network,GITHUB_commits_daily,2025-01-04,2.0
thirdweb,GITHUB_releases_daily,2025-01-04,1.0
Pyth Network,GITHUB_repositories_daily,2025-01-04,2.0
Walnut,GITHUB_contributors_daily,2025-01-04,2.0
Passport XYZ,GITHUB_contributors_daily,2025-01-04,1.0
thirdweb,GITHUB_active_developers_daily,2025-01-04,4.0
Trail of Bits Security Reviews,GITHUB_active_developers_daily,2025-01-04,2.0
thirdweb,GITHUB_opened_issues_daily,2025-01-04,2.0
Trail of Bits Security Reviews,GITHUB_comments_daily,2024-11-13,9.0
Debid - Fairblock,GITHUB_comments_daily,2024-11-13,2.0
thirdweb,GITHUB_stars_daily,2024-11-13,2.0
Solang,GITHUB_commits_daily,2024-11-13,1.0
Trail of Bits Security Reviews,GITHUB_commits_daily,2024-11-13,9.0
Runtime Verification,GITHUB_forks_daily,2024-11-13,1.0
thirdweb,GITHUB_forks_daily,2024-11-13,2.0
Redstone Finance,GITHUB_repositories_daily,2024-11-13,2.0
Runtime Verification,GITHUB_repositories_daily,2024-11-13,4.0
Open Source Observer,GITHUB_contributors_daily,2024-11-13,1.0
Walnut,GITHUB_contributors_daily,2024-11-13,1.0
Pyth Network,GITHUB_active_developers_daily,2024-11-13,5.0
Debid - Fairblock,GITHUB_active_developers_daily,2024-11-13,1.0
Pyth Network,GITHUB_opened_pull_requests_daily,2024-11-13,10.0
Enclave,GITHUB_merged_pull_requests_daily,2024-11-13,1.0
Pyth Network,GITHUB_merged_pull_requests_daily,2024-11-13,10.0
Redstone Finance,GITHUB_merged_pull_requests_daily,2024-11-13,1.0
Passport XYZ,GITHUB_merged_pull_requests_daily,2024-11-13,10.0
Debid - Fairblock,GITHUB_opened_issues_daily,2024-11-13,1.0
Runtime Verification,GITHUB_opened_issues_daily,2024-11-13,1.0
Solang,GITHUB_comments_daily,2024-10-16,3.0
Passport XYZ,GITHUB_comments_daily,2024-10-16,16.0
Redstone Finance,GITHUB_comments_daily,2024-10-16,1.0
Enclave,GITHUB_comments_daily,2024-10-16,38.0
Open Source Observer,GITHUB_stars_daily,2024-10-16,1.0
thirdweb,GITHUB_releases_daily,2024-10-16,1.0
thirdweb,GITHUB_forks_daily,2024-10-16,2.0
thirdweb,GITHUB_repositories_daily,2024-10-16,5.0
Passport XYZ,GITHUB_repositories_daily,2024-10-16,4.0
Open Source Observer,GITHUB_repositories_daily,2024-10-16,6.0
Remix IDE plugin for Arbitrum Stylus,GITHUB_repositories_daily,2024-10-16,1.0
Enclave,GITHUB_contributors_daily,2024-10-16,1.0
Open Source Observer,GITHUB_contributors_daily,2024-10-16,6.0
Trail of Bits Security Reviews,GITHUB_active_developers_daily,2024-10-16,3.0
Passport XYZ,GITHUB_active_developers_daily,2024-10-16,3.0
Enclave,GITHUB_merged_pull_requests_daily,2024-10-16,1.0
Passport XYZ,GITHUB_merged_pull_requests_daily,2024-10-16,13.0
Runtime Verification,GITHUB_merged_pull_requests_daily,2024-10-16,8.0
Trail of Bits Security Reviews,GITHUB_opened_issues_daily,2024-10-16,1.0
Enclave,GITHUB_comments_daily,2024-06-11,2.0
Pyth Network,GITHUB_comments_daily,2024-06-11,21.0
Trail of Bits Security Reviews,GITHUB_comments_daily,2024-06-11,7.0
Passport XYZ,GITHUB_comments_daily,2024-06-11,4.0
thirdweb,GITHUB_releases_daily,2024-06-11,2.0
Pyth Network,GITHUB_stars_daily,2024-06-11,1.0
Trail of Bits Security Reviews,GITHUB_forks_daily,2024-06-11,1.0
Open Source Observer,GITHUB_forks_daily,2024-06-11,1.0
Walnut,GITHUB_repositories_daily,2024-06-11,2.0
Runtime Verification,GITHUB_repositories_daily,2024-06-11,7.0
Redstone Finance,GITHUB_contributors_daily,2024-06-11,1.0
Pyth Network,GITHUB_active_developers_daily,2024-06-11,2.0
Walnut,GITHUB_active_developers_daily,2024-06-11,1.0
Trail of Bits Security Reviews,GITHUB_active_developers_daily,2024-06-11,2.0
thirdweb,GITHUB_active_developers_daily,2024-06-11,6.0
Open Source Observer,GITHUB_active_developers_daily,2024-06-11,3.0
Pyth Network,GITHUB_opened_pull_requests_daily,2024-06-11,8.0
Trail of Bits Security Reviews,GITHUB_merged_pull_requests_daily,2024-06-11,4.0
Open Source Observer,GITHUB_merged_pull_requests_daily,2024-06-11,4.0
Walnut,GITHUB_merged_pull_requests_daily,2024-06-11,1.0
Open Source Observer,GITHUB_opened_issues_daily,2024-06-11,1.0
Walnut,GITHUB_comments_daily,2024-10-25,1.0
Enclave,GITHUB_comments_daily,2024-10-25,2.0
thirdweb,GITHUB_comments_daily,2024-10-25,90.0
Open Source Observer,GITHUB_comments_daily,2024-10-25,29.0
Pyth Network,GITHUB_comments_daily,2024-10-25,26.0
Trail of Bits Security Reviews,GITHUB_stars_daily,2024-10-25,11.0
Pyth Network,GITHUB_commits_daily,2024-10-25,26.0
Remix IDE plugin for Arbitrum Stylus,GITHUB_commits_daily,2024-10-25,3.0
thirdweb,GITHUB_commits_daily,2024-10-25,24.0
thirdweb,GITHUB_releases_daily,2024-10-25,3.0
Debid - Fairblock,GITHUB_releases_daily,2024-10-25,2.0
Open Source Observer,GITHUB_forks_daily,2024-10-25,2.0
Trail of Bits Security Reviews,GITHUB_forks_daily,2024-10-25,2.0
Trail of Bits Security Reviews,GITHUB_repositories_daily,2024-10-25,13.0
Redstone Finance,GITHUB_repositories_daily,2024-10-25,2.0
Arbos Foundry,GITHUB_repositories_daily,2024-10-25,1.0
Runtime Verification,GITHUB_contributors_daily,2024-10-25,2.0
Runtime Verification,GITHUB_active_developers_daily,2024-10-25,1.0
Debid - Fairblock,GITHUB_merged_pull_requests_daily,2024-10-25,1.0
thirdweb,GITHUB_merged_pull_requests_daily,2024-10-25,16.0
Pyth Network,GITHUB_merged_pull_requests_daily,2024-10-25,5.0
Open Source Observer,GITHUB_merged_pull_requests_daily,2024-10-25,9.0
Open Source Observer,GITHUB_opened_issues_daily,2024-10-25,8.0
Passport XYZ,GITHUB_opened_issues_daily,2024-10-25,4.0
Pyth Network,GITHUB_closed_issues_daily,2024-10-25,1.0
Runtime Verification,GITHUB_forks_weekly,2024-01-29,1.0
Redstone Finance,GITHUB_forks_weekly,2024-01-29,1.0
Pyth Network,GITHUB_comments_daily,2024-01-29,32.0
Open Source Observer,GITHUB_comments_daily,2024-01-29,4.0
thirdweb,GITHUB_comments_daily,2024-01-29,19.0
thirdweb,GITHUB_stars_daily,2024-01-29,1.0
Trail of Bits Security Reviews,GITHUB_stars_daily,2024-01-29,20.0
Redstone Finance,GITHUB_stars_daily,2024-01-29,2.0
Trail of Bits Security Reviews,GITHUB_commits_daily,2024-01-29,32.0
Redstone Finance,GITHUB_commits_daily,2024-01-29,4.0
Runtime Verification,GITHUB_commits_daily,2024-01-29,36.0
Walnut,GITHUB_stars_weekly,2024-01-29,6.0
thirdweb,GITHUB_stars_weekly,2024-01-29,6.0
Runtime Verification,GITHUB_stars_weekly,2024-01-29,9.0
Trail of Bits Security Reviews,GITHUB_releases_weekly,2024-01-29,2.0
Runtime Verification,GITHUB_releases_weekly,2024-01-29,26.0
Remix IDE plugin for Arbitrum Stylus,GITHUB_commits_weekly,2024-01-29,3.0
Runtime Verification,GITHUB_commits_weekly,2024-01-29,115.0
Redstone Finance,GITHUB_commits_weekly,2024-01-29,23.0
WakeUp Labs,GITHUB_commits_weekly,2024-01-29,1.0
Open Source Observer,GITHUB_comments_weekly,2024-01-29,10.0
thirdweb,GITHUB_comments_weekly,2024-01-29,137.0
WakeUp Labs,GITHUB_comments_weekly,2024-01-29,2.0
WakeUp Labs,GITHUB_repositories_daily,2024-01-29,1.0
Pyth Network,GITHUB_repositories_daily,2024-01-29,5.0
Trail of Bits Security Reviews,GITHUB_repositories_daily,2024-01-29,19.0
Walnut,GITHUB_repositories_daily,2024-01-29,1.0
Pyth Network,GITHUB_contributors_daily,2024-01-29,6.0
Trail of Bits Security Reviews,GITHUB_contributors_weekly,2024-01-29,23.0
Redstone Finance,GITHUB_contributors_weekly,2024-01-29,3.0
Remix IDE plugin for Arbitrum Stylus,GITHUB_contributors_weekly,2024-01-29,2.0
Debid - Fairblock,GITHUB_contributors_weekly,2024-01-29,1.0
Walnut,GITHUB_contributors_weekly,2024-01-29,2.0
Open Source Observer,GITHUB_active_developers_weekly,2024-01-29,2.0
WakeUp Labs,GITHUB_active_developers_weekly,2024-01-29,1.0
Walnut,GITHUB_active_developers_daily,2024-01-29,1.0
Pyth Network,GITHUB_opened_pull_requests_weekly,2024-01-29,45.0
Trail of Bits Security Reviews,GITHUB_opened_pull_requests_weekly,2024-01-29,60.0
Runtime Verification,GITHUB_opened_pull_requests_weekly,2024-01-29,60.0
thirdweb,GITHUB_opened_pull_requests_daily,2024-01-29,10.0
WakeUp Labs,GITHUB_opened_pull_requests_daily,2024-01-29,2.0
Pyth Network,GITHUB_opened_pull_requests_daily,2024-01-29,11.0
Debid - Fairblock,GITHUB_merged_pull_requests_weekly,2024-01-29,2.0
Runtime Verification,GITHUB_merged_pull_requests_weekly,2024-01-29,59.0
Open Source Observer,GITHUB_merged_pull_requests_weekly,2024-01-29,9.0
Redstone Finance,GITHUB_merged_pull_requests_weekly,2024-01-29,1.0
thirdweb,GITHUB_merged_pull_requests_weekly,2024-01-29,58.0
Runtime Verification,GITHUB_merged_pull_requests_daily,2024-01-29,8.0
Open Source Observer,GITHUB_merged_pull_requests_daily,2024-01-29,3.0
Walnut,GITHUB_opened_issues_daily,2024-01-29,2.0
Open Source Observer,GITHUB_opened_issues_weekly,2024-01-29,6.0
Walnut,GITHUB_closed_issues_daily,2024-01-29,1.0
Trail of Bits Security Reviews,GITHUB_closed_issues_weekly,2024-01-29,12.0
Pyth Network,GITHUB_closed_issues_weekly,2024-01-29,4.0
Open Source Observer,GITHUB_comments_daily,2024-06-23,12.0
Trail of Bits Security Reviews,GITHUB_releases_daily,2024-06-23,1.0
Trail of Bits Security Reviews,GITHUB_forks_daily,2024-06-23,4.0
Walnut,GITHUB_forks_daily,2024-06-23,4.0
Trail of Bits Security Reviews,GITHUB_contributors_daily,2024-06-23,3.0
Pyth Network,GITHUB_contributors_daily,2024-06-23,2.0
Runtime Verification,GITHUB_contributors_daily,2024-06-23,2.0
thirdweb,GITHUB_active_developers_daily,2024-06-23,4.0
Walnut,GITHUB_opened_pull_requests_daily,2024-06-23,2.0
Trail of Bits Security Reviews,GITHUB_merged_pull_requests_daily,2024-06-23,3.0
thirdweb,GITHUB_merged_pull_requests_daily,2024-06-23,8.0
thirdweb,GITHUB_opened_issues_daily,2024-06-23,1.0
thirdweb,GITHUB_closed_issues_daily,2024-06-23,1.0
thirdweb,GITHUB_stars_daily,2024-02-09,3.0
Open Source Observer,GITHUB_commits_daily,2024-02-09,4.0
thirdweb,GITHUB_commits_daily,2024-02-09,14.0
Pyth Network,GITHUB_commits_daily,2024-02-09,12.0
Runtime Verification,GITHUB_commits_daily,2024-02-09,24.0
Trail of Bits Security Reviews,GITHUB_commits_daily,2024-02-09,44.0
Debid - Fairblock,GITHUB_repositories_daily,2024-02-09,2.0
Trail of Bits Security Reviews,GITHUB_contributors_daily,2024-02-09,11.0
Walnut,GITHUB_contributors_daily,2024-02-09,3.0
thirdweb,GITHUB_contributors_daily,2024-02-09,10.0
Runtime Verification,GITHUB_active_developers_daily,2024-02-09,5.0
Walnut,GITHUB_active_developers_daily,2024-02-09,1.0
Debid - Fairblock,GITHUB_active_developers_daily,2024-02-09,1.0
Pyth Network,GITHUB_active_developers_daily,2024-02-09,7.0
Runtime Verification,GITHUB_opened_pull_requests_daily,2024-02-09,16.0
Open Source Observer,GITHUB_opened_pull_requests_daily,2024-02-09,4.0
Walnut,GITHUB_opened_pull_requests_daily,2024-02-09,2.0
Walnut,GITHUB_merged_pull_requests_daily,2024-02-09,1.0
Pyth Network,GITHUB_merged_pull_requests_daily,2024-02-09,10.0
Trail of Bits Security Reviews,GITHUB_opened_issues_daily,2024-02-09,4.0
Runtime Verification,GITHUB_opened_issues_daily,2024-02-09,8.0
Runtime Verification,GITHUB_closed_issues_daily,2024-02-09,2.0
thirdweb,GITHUB_stars_daily,2025-04-01,2.0
Passport XYZ,GITHUB_comments_daily,2025-04-01,1.0
Trail of Bits Security Reviews,GITHUB_stars_daily,2025-04-01,8.0
thirdweb,GITHUB_commits_daily,2025-04-01,12.0
Passport XYZ,GITHUB_commits_daily,2025-04-01,3.0
Trail of Bits Security Reviews,GITHUB_commits_daily,2025-04-01,6.0
9Lives,GITHUB_repositories_daily,2025-04-01,1.0
Walnut,GITHUB_forks_daily,2025-04-01,1.0
Redstone Finance,GITHUB_contributors_daily,2025-04-01,1.0
Trail of Bits Security Reviews,GITHUB_contributors_daily,2025-04-01,5.0
Enclave,GITHUB_contributors_daily,2025-04-01,2.0
Passport XYZ,GITHUB_active_developers_daily,2025-04-01,1.0
Open Source Observer,GITHUB_active_developers_daily,2025-04-01,4.0
Walnut,GITHUB_opened_pull_requests_daily,2025-04-01,1.0
Passport XYZ,GITHUB_merged_pull_requests_daily,2025-04-01,3.0
Runtime Verification,GITHUB_opened_issues_daily,2025-04-01,5.0
Passport XYZ,GITHUB_stars_daily,2025-04-08,1.0
Open Source Observer,GITHUB_comments_daily,2025-04-08,1.0
Redstone Finance,GITHUB_commits_daily,2025-04-08,35.0
Walnut,GITHUB_commits_daily,2025-04-08,2.0
Trail of Bits Security Reviews,GITHUB_commits_daily,2025-04-08,19.0
Pyth Network,GITHUB_releases_daily,2025-04-08,1.0
Walnut,GITHUB_repositories_daily,2025-04-08,3.0
Trail of Bits Security Reviews,GITHUB_repositories_daily,2025-04-08,16.0
Runtime Verification,GITHUB_repositories_daily,2025-04-08,9.0
Enclave,GITHUB_repositories_daily,2025-04-08,1.0
Passport XYZ,GITHUB_repositories_daily,2025-04-08,5.0
Pyth Network,GITHUB_forks_daily,2025-04-08,2.0
Pyth Network,GITHUB_opened_pull_requests_daily,2025-04-08,9.0
thirdweb,GITHUB_merged_pull_requests_daily,2025-04-08,4.0
CodeTracer,GITHUB_contributors_daily,2025-04-08,1.0
Runtime Verification,GITHUB_active_developers_daily,2025-04-08,3.0
Redstone Finance,GITHUB_active_developers_daily,2025-04-08,1.0
Open Source Observer,GITHUB_opened_issues_daily,2025-04-08,1.0
CodeTracer,GITHUB_closed_issues_daily,2025-04-08,1.0
Runtime Verification,GITHUB_comments_daily,2024-07-19,36.0
Redstone Finance,GITHUB_comments_daily,2024-07-19,7.0
Open Source Observer,GITHUB_comments_daily,2024-07-19,15.0
Debid - Fairblock,GITHUB_commits_daily,2024-07-19,21.0
Pyth Network,GITHUB_commits_daily,2024-07-19,6.0
Trail of Bits Security Reviews,GITHUB_commits_daily,2024-07-19,6.0
Passport XYZ,GITHUB_commits_daily,2024-07-19,33.0
Trail of Bits Security Reviews,GITHUB_repositories_daily,2024-07-19,12.0
thirdweb,GITHUB_repositories_daily,2024-07-19,4.0
Passport XYZ,GITHUB_repositories_daily,2024-07-19,3.0
thirdweb,GITHUB_forks_daily,2024-07-19,4.0
Runtime Verification,GITHUB_active_developers_daily,2024-07-19,3.0
Runtime Verification,GITHUB_opened_pull_requests_daily,2024-07-19,10.0
Walnut,GITHUB_opened_pull_requests_daily,2024-07-19,2.0
Open Source Observer,GITHUB_opened_pull_requests_daily,2024-07-19,5.0
Open Source Observer,GITHUB_opened_issues_daily,2024-07-19,2.0
Open Source Observer,GITHUB_closed_issues_daily,2024-07-19,5.0
Passport XYZ,GITHUB_comments_daily,2024-08-16,4.0
Walnut,GITHUB_comments_daily,2024-08-16,1.0
Redstone Finance,GITHUB_commits_daily,2024-08-16,5.0
Passport XYZ,GITHUB_releases_daily,2024-08-16,4.0
thirdweb,GITHUB_stars_daily,2024-08-16,1.0
Redstone Finance,GITHUB_stars_daily,2024-08-16,1.0
Pyth Network,GITHUB_repositories_daily,2024-08-16,5.0
Open Source Observer,GITHUB_forks_daily,2024-08-16,1.0
Passport XYZ,GITHUB_forks_daily,2024-08-16,2.0
Redstone Finance,GITHUB_active_developers_daily,2024-08-16,4.0
Pyth Network,GITHUB_active_developers_daily,2024-08-16,4.0
thirdweb,GITHUB_active_developers_daily,2024-08-16,2.0
Open Source Observer,GITHUB_contributors_daily,2024-08-16,1.0
Walnut,GITHUB_opened_pull_requests_daily,2024-08-16,1.0
Runtime Verification,GITHUB_opened_pull_requests_daily,2024-08-16,9.0
thirdweb,GITHUB_opened_pull_requests_daily,2024-08-16,21.0
Walnut,GITHUB_merged_pull_requests_daily,2024-08-16,1.0
Trail of Bits Security Reviews,GITHUB_comments_daily,2024-07-02,16.0
Runtime Verification,GITHUB_comments_daily,2024-07-02,10.0
Passport XYZ,GITHUB_commits_daily,2024-07-02,4.0
Runtime Verification,GITHUB_commits_daily,2024-07-02,20.0
thirdweb,GITHUB_commits_daily,2024-07-02,21.0
Runtime Verification,GITHUB_releases_daily,2024-07-02,9.0
Trail of Bits Security Reviews,GITHUB_forks_daily,2024-07-02,1.0
Pyth Network,GITHUB_forks_daily,2024-07-02,1.0
thirdweb,GITHUB_repositories_daily,2024-07-02,4.0
Debid - Fairblock,GITHUB_active_developers_daily,2024-07-02,1.0
thirdweb,GITHUB_active_developers_daily,2024-07-02,6.0
Pyth Network,GITHUB_opened_pull_requests_daily,2024-07-02,4.0
Open Source Observer,GITHUB_opened_pull_requests_daily,2024-07-02,3.0
Trail of Bits Security Reviews,GITHUB_opened_pull_requests_daily,2024-07-02,12.0
Pyth Network,GITHUB_merged_pull_requests_daily,2024-07-02,3.0
Trail of Bits Security Reviews,GITHUB_merged_pull_requests_daily,2024-07-02,11.0
Trail of Bits Security Reviews,GITHUB_opened_issues_daily,2024-07-02,4.0
Open Source Observer,GITHUB_opened_issues_daily,2024-07-02,4.0
Open Source Observer,GITHUB_closed_issues_daily,2024-07-02,8.0
Open Source Observer,GITHUB_stars_daily,2024-04-19,1.0
thirdweb,GITHUB_stars_daily,2024-04-19,1.0
thirdweb,GITHUB_commits_daily,2024-04-19,17.0
Runtime Verification,GITHUB_forks_daily,2024-04-19,1.0
Open Source Observer,GITHUB_repositories_daily,2024-04-19,3.0
Debid - Fairblock,GITHUB_repositories_daily,2024-04-19,1.0
Runtime Verification,GITHUB_active_developers_daily,2024-04-19,1.0
Redstone Finance,GITHUB_active_developers_daily,2024-04-19,1.0
Open Source Observer,GITHUB_opened_pull_requests_daily,2024-04-19,4.0
Runtime Verification,GITHUB_opened_issues_daily,2024-04-19,3.0
Pyth Network,GITHUB_comments_daily,2024-08-28,49.0
Trail of Bits Security Reviews,GITHUB_stars_daily,2024-08-28,13.0
Redstone Finance,GITHUB_commits_daily,2024-08-28,1.0
thirdweb,GITHUB_releases_daily,2024-08-28,1.0
Trail of Bits Security Reviews,GITHUB_releases_daily,2024-08-28,4.0
thirdweb,GITHUB_forks_daily,2024-08-28,2.0
Open Source Observer,GITHUB_contributors_daily,2024-08-28,5.0
Pyth Network,GITHUB_contributors_daily,2024-08-28,9.0
Runtime Verification,GITHUB_contributors_daily,2024-08-28,7.0
thirdweb,GITHUB_contributors_daily,2024-08-28,10.0
Passport XYZ,GITHUB_contributors_daily,2024-08-28,3.0
Passport XYZ,GITHUB_active_developers_daily,2024-08-28,3.0
Open Source Observer,GITHUB_active_developers_daily,2024-08-28,3.0
thirdweb,GITHUB_active_developers_daily,2024-08-28,3.0
Trail of Bits Security Reviews,GITHUB_opened_pull_requests_daily,2024-08-28,6.0
Pyth Network,GITHUB_opened_pull_requests_daily,2024-08-28,10.0
thirdweb,GITHUB_opened_pull_requests_daily,2024-08-28,16.0
Passport XYZ,GITHUB_merged_pull_requests_daily,2024-08-28,12.0
Trail of Bits Security Reviews,GITHUB_merged_pull_requests_daily,2024-08-28,9.0
thirdweb,GITHUB_closed_issues_daily,2024-08-28,1.0
Passport XYZ,GITHUB_closed_issues_daily,2024-08-28,12.0
thirdweb,GITHUB_comments_daily,2024-04-07,24.0
Walnut,GITHUB_stars_daily,2024-04-07,1.0
Open Source Observer,GITHUB_forks_daily,2024-04-07,1.0
Trail of Bits Security Reviews,GITHUB_forks_daily,2024-04-07,2.0
Redstone Finance,GITHUB_forks_daily,2024-04-07,3.0
Open Source Observer,GITHUB_repositories_daily,2024-04-07,2.0
thirdweb,GITHUB_active_developers_daily,2024-04-07,4.0
Open Source Observer,GITHUB_opened_pull_requests_daily,2024-04-07,2.0
thirdweb,GITHUB_opened_pull_requests_daily,2024-04-07,6.0
Open Source Observer,GITHUB_opened_issues_daily,2024-04-07,3.0
thirdweb,GITHUB_stars_daily,2024-10-04,1.0
Trail of Bits Security Reviews,GITHUB_stars_daily,2024-10-04,34.0
Trail of Bits Security Reviews,GITHUB_commits_daily,2024-10-04,28.0
Open Source Observer,GITHUB_forks_daily,2024-10-04,1.0
Solang,GITHUB_forks_daily,2024-10-04,1.0
Redstone Finance,GITHUB_repositories_daily,2024-10-04,6.0
Solang,GITHUB_repositories_daily,2024-10-04,1.0
Open Source Observer,GITHUB_repositories_daily,2024-10-04,4.0
thirdweb,GITHUB_repositories_daily,2024-10-04,4.0
Enclave,GITHUB_repositories_daily,2024-10-04,1.0
Passport XYZ,GITHUB_active_developers_daily,2024-10-04,2.0
Pyth Network,GITHUB_active_developers_daily,2024-10-04,2.0
Passport XYZ,GITHUB_opened_pull_requests_daily,2024-10-04,4.0
Walnut,GITHUB_opened_pull_requests_daily,2024-10-04,1.0
Pyth Network,GITHUB_opened_pull_requests_daily,2024-10-04,4.0
Passport XYZ,GITHUB_opened_issues_daily,2024-10-04,2.0
Enclave,GITHUB_closed_issues_daily,2024-10-04,2.0
Runtime Verification,GITHUB_comments_daily,2024-11-10,2.0
Trail of Bits Security Reviews,GITHUB_comments_daily,2024-11-10,1.0
Open Source Observer,GITHUB_comments_daily,2024-11-10,2.0
Enclave,GITHUB_comments_daily,2024-11-10,29.0
Trail of Bits Security Reviews,GITHUB_commits_daily,2024-11-10,1.0
thirdweb,GITHUB_releases_daily,2024-11-10,1.0
Open Source Observer,GITHUB_repositories_daily,2024-11-10,1.0
Runtime Verification,GITHUB_repositories_daily,2024-11-10,1.0
Open Source Observer,GITHUB_contributors_daily,2024-11-10,2.0
Open Source Observer,GITHUB_opened_pull_requests_daily,2024-11-10,1.0
Open Source Observer,GITHUB_merged_pull_requests_daily,2024-11-10,1.0
Runtime Verification,GITHUB_active_developers_daily,2024-11-10,1.0
Pyth Network,GITHUB_releases_daily,2025-03-28,1.0
Open Source Observer,GITHUB_stars_daily,2025-03-28,1.0
CodeTracer,GITHUB_comments_daily,2025-03-28,1.0
Redstone Finance,GITHUB_comments_daily,2025-03-28,1.0
Open Source Observer,GITHUB_comments_daily,2025-03-28,16.0
Pyth Network,GITHUB_comments_daily,2025-03-28,38.0
Walnut,GITHUB_comments_daily,2025-03-28,4.0
Runtime Verification,GITHUB_commits_daily,2025-03-28,1.0
Open Source Observer,GITHUB_repositories_daily,2025-03-28,4.0
Enclave,GITHUB_repositories_daily,2025-03-28,1.0
Trail of Bits Security Reviews,GITHUB_repositories_daily,2025-03-28,8.0
CodeTracer,GITHUB_repositories_daily,2025-03-28,1.0
Trail of Bits Security Reviews,GITHUB_forks_daily,2025-03-28,4.0
Open Source Observer,GITHUB_forks_daily,2025-03-28,2.0
thirdweb,GITHUB_active_developers_daily,2025-03-28,3.0
Trail of Bits Security Reviews,GITHUB_active_developers_daily,2025-03-28,3.0
Redstone Finance,GITHUB_opened_pull_requests_daily,2025-03-28,1.0
Walnut,GITHUB_merged_pull_requests_daily,2025-03-28,8.0
Runtime Verification,GITHUB_merged_pull_requests_daily,2025-03-28,2.0
Pyth Network,GITHUB_merged_pull_requests_daily,2025-03-28,6.0
Open Source Observer,GITHUB_merged_pull_requests_daily,2025-03-28,7.0
Runtime Verification,GITHUB_opened_issues_daily,2025-03-28,1.0
Trail of Bits Security Reviews,GITHUB_closed_issues_daily,2025-03-28,2.0
Debid - Fairblock,GITHUB_comments_daily,2024-07-25,1.0
thirdweb,GITHUB_comments_daily,2024-07-25,171.0
Trail of Bits Security Reviews,GITHUB_comments_daily,2024-07-25,5.0
thirdweb,GITHUB_stars_daily,2024-07-25,2.0
Pyth Network,GITHUB_commits_daily,2024-07-25,6.0
Open Source Observer,GITHUB_commits_daily,2024-07-25,6.0
Open Source Observer,GITHUB_forks_daily,2024-07-25,1.0
Pyth Network,GITHUB_repositories_daily,2024-07-25,6.0
Trail of Bits Security Reviews,GITHUB_active_developers_daily,2024-07-25,3.0
Debid - Fairblock,GITHUB_opened_pull_requests_daily,2024-07-25,1.0
Open Source Observer,GITHUB_opened_pull_requests_daily,2024-07-25,6.0
Redstone Finance,GITHUB_opened_pull_requests_daily,2024-07-25,1.0
Debid - Fairblock,GITHUB_merged_pull_requests_daily,2024-07-25,1.0
Redstone Finance,GITHUB_merged_pull_requests_daily,2024-07-25,1.0
Open Source Observer,GITHUB_opened_issues_daily,2024-07-25,2.0
Open Source Observer,GITHUB_closed_issues_daily,2024-07-25,3.0
Runtime Verification,GITHUB_comments_daily,2025-03-25,19.0
thirdweb,GITHUB_comments_daily,2025-03-25,52.0
Pyth Network,GITHUB_comments_daily,2025-03-25,20.0
Runtime Verification,GITHUB_stars_daily,2025-03-25,2.0
CodeTracer,GITHUB_comments_daily,2025-03-25,2.0
thirdweb,GITHUB_stars_daily,2025-03-25,1.0
Walnut,GITHUB_commits_daily,2025-03-25,3.0
Debid - Fairblock,GITHUB_repositories_daily,2025-03-25,1.0
Runtime Verification,GITHUB_repositories_daily,2025-03-25,6.0
CodeTracer,GITHUB_repositories_daily,2025-03-25,1.0
Walnut,GITHUB_repositories_daily,2025-03-25,2.0
thirdweb,GITHUB_forks_daily,2025-03-25,3.0
Pyth Network,GITHUB_active_developers_daily,2025-03-25,4.0
Pyth Network,GITHUB_opened_pull_requests_daily,2025-03-25,9.0
Walnut,GITHUB_opened_pull_requests_daily,2025-03-25,3.0
Runtime Verification,GITHUB_merged_pull_requests_daily,2025-03-25,5.0
Open Source Observer,GITHUB_merged_pull_requests_daily,2025-03-25,11.0
Passport XYZ,GITHUB_opened_issues_daily,2025-03-25,1.0
Pyth Network,GITHUB_comments_daily,2024-01-12,10.0
Trail of Bits Security Reviews,GITHUB_stars_daily,2024-01-12,16.0
Open Source Observer,GITHUB_commits_daily,2024-01-12,2.0
thirdweb,GITHUB_commits_daily,2024-01-12,15.0
Pyth Network,GITHUB_commits_daily,2024-01-12,1.0
WakeUp Labs,GITHUB_commits_daily,2024-01-12,20.0
Open Source Observer,GITHUB_forks_daily,2024-01-12,1.0
Open Source Observer,GITHUB_repositories_daily,2024-01-12,2.0
Redstone Finance,GITHUB_repositories_daily,2024-01-12,1.0
Arbos Foundry,GITHUB_repositories_daily,2024-01-12,1.0
Pyth Network,GITHUB_contributors_daily,2024-01-12,4.0
Runtime Verification,GITHUB_active_developers_daily,2024-01-12,4.0
Redstone Finance,GITHUB_active_developers_daily,2024-01-12,1.0
thirdweb,GITHUB_opened_pull_requests_daily,2024-01-12,10.0
WakeUp Labs,GITHUB_opened_pull_requests_daily,2024-01-12,2.0
Runtime Verification,GITHUB_merged_pull_requests_daily,2024-01-12,12.0
Trail of Bits Security Reviews,GITHUB_opened_issues_daily,2024-01-12,2.0
Runtime Verification,GITHUB_comments_daily,2024-01-27,1.0
Trail of Bits Security Reviews,GITHUB_comments_daily,2024-01-27,11.0
Pyth Network,GITHUB_comments_daily,2024-01-27,1.0
thirdweb,GITHUB_stars_daily,2024-01-27,2.0
Pyth Network,GITHUB_stars_daily,2024-01-27,1.0
Open Source Observer,GITHUB_commits_daily,2024-01-27,15.0
Runtime Verification,GITHUB_repositories_daily,2024-01-27,1.0
Open Source Observer,GITHUB_closed_issues_daily,2024-01-27,1.0
Runtime Verification,GITHUB_stars_daily,2025-04-05,1.0
Runtime Verification,GITHUB_commits_daily,2025-04-05,2.0
Pyth Network,GITHUB_commits_daily,2025-04-05,6.0
Solang,GITHUB_repositories_daily,2025-04-05,1.0
thirdweb,GITHUB_active_developers_daily,2025-04-05,2.0
Runtime Verification,GITHUB_opened_pull_requests_daily,2025-04-05,1.0
Pyth Network,GITHUB_merged_pull_requests_daily,2025-04-05,3.0
Runtime Verification,GITHUB_opened_issues_daily,2025-04-05,1.0
Trail of Bits Security Reviews,GITHUB_opened_issues_daily,2025-04-05,2.0
Open Source Observer,GITHUB_closed_issues_daily,2025-04-05,1.0
Pyth Network,GITHUB_stars_daily,2024-09-19,1.0
thirdweb,GITHUB_stars_daily,2024-09-19,1.0
Pyth Network,GITHUB_commits_daily,2024-09-19,12.0
Runtime Verification,GITHUB_commits_daily,2024-09-19,36.0
Pyth Network,GITHUB_releases_daily,2024-09-19,1.0
Redstone Finance,GITHUB_releases_daily,2024-09-19,1.0
Runtime Verification,GITHUB_releases_daily,2024-09-19,7.0
Trail of Bits Security Reviews,GITHUB_releases_daily,2024-09-19,1.0
Runtime Verification,GITHUB_repositories_daily,2024-09-19,9.0
Enclave,GITHUB_repositories_daily,2024-09-19,1.0
Redstone Finance,GITHUB_repositories_daily,2024-09-19,6.0
Pyth Network,GITHUB_repositories_daily,2024-09-19,5.0
Trail of Bits Security Reviews,GITHUB_repositories_daily,2024-09-19,9.0
Pyth Network,GITHUB_contributors_daily,2024-09-19,7.0
Open Source Observer,GITHUB_active_developers_daily,2024-09-19,3.0
Remix IDE plugin for Arbitrum Stylus,GITHUB_active_developers_daily,2024-09-19,1.0
Runtime Verification,GITHUB_active_developers_daily,2024-09-19,5.0
Passport XYZ,GITHUB_opened_pull_requests_daily,2024-09-19,4.0
Open Source Observer,GITHUB_opened_pull_requests_daily,2024-09-19,8.0
Remix IDE plugin for Arbitrum Stylus,GITHUB_opened_pull_requests_daily,2024-09-19,1.0
Enclave,GITHUB_opened_pull_requests_daily,2024-09-19,6.0
Remix IDE plugin for Arbitrum Stylus,GITHUB_merged_pull_requests_daily,2024-09-19,1.0
Passport XYZ,GITHUB_merged_pull_requests_daily,2024-09-19,6.0
thirdweb,GITHUB_closed_issues_daily,2024-09-19,1.0
Debid - Fairblock,GITHUB_forks_weekly,2024-01-08,4.0
thirdweb,GITHUB_stars_daily,2024-01-08,2.0
Trail of Bits Security Reviews,GITHUB_stars_daily,2024-01-08,10.0
Pyth Network,GITHUB_releases_weekly,2024-01-08,1.0
Trail of Bits Security Reviews,GITHUB_releases_daily,2024-01-08,1.0
Runtime Verification,GITHUB_releases_daily,2024-01-08,1.0
Open Source Observer,GITHUB_stars_weekly,2024-01-08,2.0
thirdweb,GITHUB_stars_weekly,2024-01-08,8.0
Trail of Bits Security Reviews,GITHUB_commits_daily,2024-01-08,23.0
Pyth Network,GITHUB_commits_daily,2024-01-08,11.0
thirdweb,GITHUB_commits_daily,2024-01-08,6.0
Redstone Finance,GITHUB_commits_weekly,2024-01-08,22.0
WakeUp Labs,GITHUB_commits_weekly,2024-01-08,21.0
Open Source Observer,GITHUB_comments_weekly,2024-01-08,25.0
Debid - Fairblock,GITHUB_comments_weekly,2024-01-08,1.0
Trail of Bits Security Reviews,GITHUB_comments_weekly,2024-01-08,30.0
Trail of Bits Security Reviews,GITHUB_repositories_weekly,2024-01-08,38.0
Open Source Observer,GITHUB_repositories_weekly,2024-01-08,3.0
Redstone Finance,GITHUB_repositories_weekly,2024-01-08,6.0
thirdweb,GITHUB_repositories_weekly,2024-01-08,7.0
Redstone Finance,GITHUB_forks_daily,2024-01-08,3.0
WakeUp Labs,GITHUB_contributors_weekly,2024-01-08,2.0
Trail of Bits Security Reviews,GITHUB_contributors_weekly,2024-01-08,17.0
thirdweb,GITHUB_active_developers_daily,2024-01-08,4.0
Runtime Verification,GITHUB_active_developers_weekly,2024-01-08,9.0
Trail of Bits Security Reviews,GITHUB_active_developers_weekly,2024-01-08,10.0
WakeUp Labs,GITHUB_active_developers_weekly,2024-01-08,2.0
Pyth Network,GITHUB_contributors_daily,2024-01-08,6.0
Trail of Bits Security Reviews,GITHUB_opened_pull_requests_daily,2024-01-08,16.0
Pyth Network,GITHUB_opened_pull_requests_weekly,2024-01-08,38.0
WakeUp Labs,GITHUB_merged_pull_requests_weekly,2024-01-08,4.0
Open Source Observer,GITHUB_merged_pull_requests_weekly,2024-01-08,6.0
Trail of Bits Security Reviews,GITHUB_opened_issues_weekly,2024-01-08,10.0
Open Source Observer,GITHUB_closed_issues_weekly,2024-01-08,9.0
Runtime Verification,GITHUB_comments_daily,2024-05-25,4.0
thirdweb,GITHUB_stars_daily,2024-05-25,1.0
Runtime Verification,GITHUB_stars_daily,2024-05-25,2.0
Runtime Verification,GITHUB_commits_daily,2024-05-25,5.0
thirdweb,GITHUB_repositories_daily,2024-05-25,5.0
Pyth Network,GITHUB_contributors_daily,2024-05-25,1.0
Pyth Network,GITHUB_opened_pull_requests_daily,2024-05-25,2.0
Runtime Verification,GITHUB_opened_pull_requests_daily,2024-05-25,3.0
thirdweb,GITHUB_merged_pull_requests_daily,2024-05-25,2.0
Trail of Bits Security Reviews,GITHUB_comments_daily,2024-06-20,22.0
thirdweb,GITHUB_stars_daily,2024-06-20,2.0
thirdweb,GITHUB_commits_daily,2024-06-20,17.0
Redstone Finance,GITHUB_commits_daily,2024-06-20,1.0
Trail of Bits Security Reviews,GITHUB_commits_daily,2024-06-20,20.0
Runtime Verification,GITHUB_forks_daily,2024-06-20,1.0
Pyth Network,GITHUB_forks_daily,2024-06-20,1.0
Open Source Observer,GITHUB_repositories_daily,2024-06-20,2.0
Pyth Network,GITHUB_repositories_daily,2024-06-20,4.0
Runtime Verification,GITHUB_contributors_daily,2024-06-20,11.0
Pyth Network,GITHUB_contributors_daily,2024-06-20,8.0
Open Source Observer,GITHUB_active_developers_daily,2024-06-20,1.0
Redstone Finance,GITHUB_active_developers_daily,2024-06-20,1.0
Walnut,GITHUB_active_developers_daily,2024-06-20,1.0
Walnut,GITHUB_opened_issues_daily,2024-06-20,9.0
thirdweb,GITHUB_stars_daily,2024-05-16,1.0
Passport XYZ,GITHUB_commits_daily,2024-05-16,4.0
Open Source Observer,GITHUB_commits_daily,2024-05-16,12.0
Syndicate Protocol,GITHUB_releases_daily,2024-05-16,2.0
Runtime Verification,GITHUB_releases_daily,2024-05-16,6.0
thirdweb,GITHUB_releases_daily,2024-05-16,2.0
Pyth Network,GITHUB_releases_daily,2024-05-16,2.0
Passport XYZ,GITHUB_contributors_daily,2024-05-16,1.0
Passport XYZ,GITHUB_active_developers_daily,2024-05-16,1.0
Syndicate Protocol,GITHUB_active_developers_daily,2024-05-16,2.0
Open Source Observer,GITHUB_active_developers_daily,2024-05-16,3.0
Passport XYZ,GITHUB_opened_pull_requests_daily,2024-05-16,2.0
Passport XYZ,GITHUB_merged_pull_requests_daily,2024-05-16,2.0
Open Source Observer,GITHUB_merged_pull_requests_daily,2024-05-16,6.0
Pyth Network,GITHUB_merged_pull_requests_daily,2024-05-16,5.0
Trail of Bits Security Reviews,GITHUB_merged_pull_requests_daily,2024-05-16,2.0
Runtime Verification,GITHUB_merged_pull_requests_daily,2024-05-16,7.0
Open Source Observer,GITHUB_closed_issues_daily,2024-05-16,5.0
thirdweb,GITHUB_opened_issues_daily,2024-05-16,1.0
thirdweb,GITHUB_comments_daily,2024-08-21,76.0
Runtime Verification,GITHUB_comments_daily,2024-08-21,41.0
Redstone Finance,GITHUB_comments_daily,2024-08-21,4.0
Trail of Bits Security Reviews,GITHUB_releases_daily,2024-08-21,2.0
Pyth Network,GITHUB_forks_daily,2024-08-21,1.0
Trail of Bits Security Reviews,GITHUB_repositories_daily,2024-08-21,12.0
thirdweb,GITHUB_repositories_daily,2024-08-21,2.0
Passport XYZ,GITHUB_repositories_daily,2024-08-21,2.0
Pyth Network,GITHUB_contributors_daily,2024-08-21,7.0
Enclave,GITHUB_contributors_daily,2024-08-21,1.0
thirdweb,GITHUB_opened_pull_requests_daily,2024-08-21,11.0
Runtime Verification,GITHUB_opened_pull_requests_daily,2024-08-21,12.0
Walnut,GITHUB_opened_pull_requests_daily,2024-08-21,1.0
Pyth Network,GITHUB_opened_pull_requests_daily,2024-08-21,7.0
thirdweb,GITHUB_merged_pull_requests_daily,2024-08-21,15.0
thirdweb,GITHUB_opened_issues_daily,2024-08-21,1.0
Passport XYZ,GITHUB_opened_issues_daily,2024-08-21,2.0
Open Source Observer,GITHUB_closed_issues_daily,2024-08-21,7.0
Runtime Verification,GITHUB_comments_daily,2024-04-12,23.0
Pyth Network,GITHUB_releases_daily,2024-04-12,1.0
thirdweb,GITHUB_stars_daily,2024-04-12,1.0
Runtime Verification,GITHUB_commits_daily,2024-04-12,37.0
Walnut,GITHUB_commits_daily,2024-04-12,8.0
Walnut,GITHUB_repositories_daily,2024-04-12,1.0
Redstone Finance,GITHUB_contributors_daily,2024-04-12,1.0
thirdweb,GITHUB_contributors_daily,2024-04-12,11.0
Walnut,GITHUB_contributors_daily,2024-04-12,3.0
WakeUp Labs,GITHUB_active_developers_daily,2024-04-12,1.0
Redstone Finance,GITHUB_active_developers_daily,2024-04-12,1.0
Runtime Verification,GITHUB_merged_pull_requests_daily,2024-04-12,9.0
thirdweb,GITHUB_merged_pull_requests_daily,2024-04-12,21.0
Walnut,GITHUB_opened_issues_daily,2024-04-12,1.0
Walnut,GITHUB_closed_issues_daily,2024-04-12,2.0
thirdweb,GITHUB_comments_daily,2024-06-22,45.0
Trail of Bits Security Reviews,GITHUB_stars_daily,2024-06-22,19.0
Trail of Bits Security Reviews,GITHUB_commits_daily,2024-06-22,4.0
Runtime Verification,GITHUB_releases_daily,2024-06-22,1.0
Open Source Observer,GITHUB_forks_daily,2024-06-22,3.0
Redstone Finance,GITHUB_repositories_daily,2024-06-22,3.0
Pyth Network,GITHUB_repositories_daily,2024-06-22,1.0
Trail of Bits Security Reviews,GITHUB_contributors_daily,2024-06-22,2.0
Runtime Verification,GITHUB_contributors_daily,2024-06-22,2.0
Open Source Observer,GITHUB_active_developers_daily,2024-06-22,1.0
thirdweb,GITHUB_opened_pull_requests_daily,2024-06-22,6.0
thirdweb,GITHUB_merged_pull_requests_daily,2024-06-22,5.0
thirdweb,GITHUB_closed_issues_daily,2024-06-22,1.0
Open Source Observer,GITHUB_comments_daily,2024-12-26,1.0
Trail of Bits Security Reviews,GITHUB_stars_daily,2024-12-26,13.0
Runtime Verification,GITHUB_stars_daily,2024-12-26,2.0
thirdweb,GITHUB_stars_daily,2024-12-26,2.0
Trail of Bits Security Reviews,GITHUB_commits_daily,2024-12-26,14.0
Pyth Network,GITHUB_commits_daily,2024-12-26,2.0
Open Source Observer,GITHUB_commits_daily,2024-12-26,1.0
thirdweb,GITHUB_commits_daily,2024-12-26,2.0
thirdweb,GITHUB_repositories_daily,2024-12-26,3.0
Debid - Fairblock,GITHUB_repositories_daily,2024-12-26,1.0
Passport XYZ,GITHUB_repositories_daily,2024-12-26,1.0
Runtime Verification,GITHUB_repositories_daily,2024-12-26,3.0
Moving Stylus,GITHUB_repositories_daily,2024-12-26,1.0
Pyth Network,GITHUB_contributors_daily,2024-12-26,4.0
Runtime Verification,GITHUB_contributors_daily,2024-12-26,1.0
Open Source Observer,GITHUB_active_developers_daily,2024-12-26,1.0
Trail of Bits Security Reviews,GITHUB_opened_pull_requests_daily,2024-12-26,5.0
Trail of Bits Security Reviews,GITHUB_comments_daily,2024-04-24,3.0
Pyth Network,GITHUB_stars_daily,2024-04-24,1.0
Redstone Finance,GITHUB_stars_daily,2024-04-24,5.0
Syndicate Protocol,GITHUB_releases_daily,2024-04-24,1.0
Trail of Bits Security Reviews,GITHUB_releases_daily,2024-04-24,2.0
Runtime Verification,GITHUB_releases_daily,2024-04-24,6.0
thirdweb,GITHUB_contributors_daily,2024-04-24,9.0
Runtime Verification,GITHUB_active_developers_daily,2024-04-24,3.0
Walnut,GITHUB_opened_pull_requests_daily,2024-04-24,2.0
Pyth Network,GITHUB_merged_pull_requests_daily,2024-04-24,6.0
Runtime Verification,GITHUB_closed_issues_daily,2024-04-24,2.0
Pyth Network,GITHUB_closed_issues_daily,2024-04-24,1.0
Runtime Verification,GITHUB_comments_daily,2024-04-28,2.0
Pyth Network,GITHUB_comments_daily,2024-04-28,1.0
Runtime Verification,GITHUB_repositories_daily,2024-04-28,2.0
Pyth Network,GITHUB_repositories_daily,2024-04-28,1.0
thirdweb,GITHUB_repositories_daily,2024-04-28,7.0
Trail of Bits Security Reviews,GITHUB_contributors_daily,2024-04-28,2.0
Trail of Bits Security Reviews,GITHUB_merged_pull_requests_daily,2024-04-28,3.0
CodeTracer,GITHUB_stars_daily,2025-03-11,30.0
Open Source Observer,GITHUB_commits_daily,2025-03-11,8.0
Pyth Network,GITHUB_commits_daily,2025-03-11,11.0
Redstone Finance,GITHUB_commits_daily,2025-03-11,7.0
thirdweb,GITHUB_commits_daily,2025-03-11,3.0
Runtime Verification,GITHUB_releases_daily,2025-03-11,3.0
Pyth Network,GITHUB_forks_daily,2025-03-11,1.0
Remix IDE plugin for Arbitrum Stylus,GITHUB_forks_daily,2025-03-11,1.0
Passport XYZ,GITHUB_repositories_daily,2025-03-11,2.0
thirdweb,GITHUB_repositories_daily,2025-03-11,4.0
Trail of Bits Security Reviews,GITHUB_repositories_daily,2025-03-11,7.0
Redstone Finance,GITHUB_contributors_daily,2025-03-11,5.0
Passport XYZ,GITHUB_contributors_daily,2025-03-11,2.0
Runtime Verification,GITHUB_contributors_daily,2025-03-11,8.0
Open Source Observer,GITHUB_contributors_daily,2025-03-11,3.0
Pyth Network,GITHUB_active_developers_daily,2025-03-11,5.0
Runtime Verification,GITHUB_active_developers_daily,2025-03-11,3.0
Trail of Bits Security Reviews,GITHUB_opened_pull_requests_daily,2025-03-11,5.0
Runtime Verification,GITHUB_merged_pull_requests_daily,2025-03-11,4.0
thirdweb,GITHUB_merged_pull_requests_daily,2025-03-11,3.0
Open Source Observer,GITHUB_merged_pull_requests_daily,2025-03-11,8.0
Trail of Bits Security Reviews,GITHUB_opened_issues_daily,2025-03-11,2.0
Open Source Observer,GITHUB_closed_issues_daily,2025-03-11,3.0
CodeTracer,GITHUB_closed_issues_daily,2025-03-11,1.0
Trail of Bits Security Reviews,GITHUB_closed_issues_daily,2025-03-11,1.0
Pyth Network,GITHUB_comments_daily,2024-07-23,9.0
Open Source Observer,GITHUB_comments_daily,2024-07-23,12.0
thirdweb,GITHUB_comments_daily,2024-07-23,157.0
Redstone Finance,GITHUB_comments_daily,2024-07-23,5.0
Passport XYZ,GITHUB_comments_daily,2024-07-23,6.0
thirdweb,GITHUB_stars_daily,2024-07-23,2.0
thirdweb,GITHUB_commits_daily,2024-07-23,4.0
Redstone Finance,GITHUB_commits_daily,2024-07-23,5.0
Passport XYZ,GITHUB_releases_daily,2024-07-23,1.0
Trail of Bits Security Reviews,GITHUB_forks_daily,2024-07-23,6.0
thirdweb,GITHUB_forks_daily,2024-07-23,2.0
Pyth Network,GITHUB_repositories_daily,2024-07-23,5.0
Trail of Bits Security Reviews,GITHUB_contributors_daily,2024-07-23,8.0
Passport XYZ,GITHUB_contributors_daily,2024-07-23,4.0
thirdweb,GITHUB_contributors_daily,2024-07-23,12.0
Passport XYZ,GITHUB_active_developers_daily,2024-07-23,3.0
thirdweb,GITHUB_active_developers_daily,2024-07-23,3.0
Runtime Verification,GITHUB_opened_pull_requests_daily,2024-07-23,19.0
Pyth Network,GITHUB_opened_pull_requests_daily,2024-07-23,4.0
Passport XYZ,GITHUB_merged_pull_requests_daily,2024-07-23,6.0
Runtime Verification,GITHUB_merged_pull_requests_daily,2024-07-23,20.0
thirdweb,GITHUB_merged_pull_requests_daily,2024-07-23,6.0
Pyth Network,GITHUB_comments_daily,2024-10-17,7.0
thirdweb,GITHUB_releases_daily,2024-10-17,2.0
Pyth Network,GITHUB_releases_daily,2024-10-17,1.0
Passport XYZ,GITHUB_releases_daily,2024-10-17,2.0
Open Source Observer,GITHUB_forks_daily,2024-10-17,2.0
Passport XYZ,GITHUB_repositories_daily,2024-10-17,2.0
Runtime Verification,GITHUB_contributors_daily,2024-10-17,9.0
Passport XYZ,GITHUB_contributors_daily,2024-10-17,3.0
Open Source Observer,GITHUB_contributors_daily,2024-10-17,8.0
Pyth Network,GITHUB_contributors_daily,2024-10-17,8.0
Debid - Fairblock,GITHUB_contributors_daily,2024-10-17,1.0
thirdweb,GITHUB_active_developers_daily,2024-10-17,4.0
Pyth Network,GITHUB_active_developers_daily,2024-10-17,4.0
Trail of Bits Security Reviews,GITHUB_active_developers_daily,2024-10-17,4.0
Trail of Bits Security Reviews,GITHUB_opened_pull_requests_daily,2024-10-17,6.0
Pyth Network,GITHUB_merged_pull_requests_daily,2024-10-17,4.0
Redstone Finance,GITHUB_merged_pull_requests_daily,2024-10-17,3.0
Trail of Bits Security Reviews,GITHUB_comments_daily,2024-08-14,13.0
Runtime Verification,GITHUB_comments_daily,2024-08-14,38.0
thirdweb,GITHUB_comments_daily,2024-08-14,121.0
Runtime Verification,GITHUB_releases_daily,2024-08-14,13.0
Passport XYZ,GITHUB_commits_daily,2024-08-14,4.0
Trail of Bits Security Reviews,GITHUB_commits_daily,2024-08-14,1.0
Pyth Network,GITHUB_repositories_daily,2024-08-14,6.0
thirdweb,GITHUB_contributors_daily,2024-08-14,9.0
Trail of Bits Security Reviews,GITHUB_active_developers_daily,2024-08-14,1.0
Runtime Verification,GITHUB_active_developers_daily,2024-08-14,6.0
Pyth Network,GITHUB_active_developers_daily,2024-08-14,4.0
Open Source Observer,GITHUB_active_developers_daily,2024-08-14,2.0
Pyth Network,GITHUB_opened_pull_requests_daily,2024-08-14,9.0
Runtime Verification,GITHUB_opened_issues_daily,2024-08-14,2.0
thirdweb,GITHUB_repositories_daily,2024-03-03,3.0
Trail of Bits Security Reviews,GITHUB_contributors_daily,2024-03-03,2.0
Pyth Network,GITHUB_opened_pull_requests_daily,2024-03-03,1.0
Trail of Bits Security Reviews,GITHUB_opened_issues_daily,2024-03-03,1.0
thirdweb,GITHUB_comments_daily,2024-06-08,26.0
Trail of Bits Security Reviews,GITHUB_stars_daily,2024-06-08,9.0
Runtime Verification,GITHUB_stars_daily,2024-06-08,3.0
Open Source Observer,GITHUB_commits_daily,2024-06-08,1.0
thirdweb,GITHUB_commits_daily,2024-06-08,6.0
Trail of Bits Security Reviews,GITHUB_commits_daily,2024-06-08,2.0
Trail of Bits Security Reviews,GITHUB_releases_daily,2024-06-08,1.0
thirdweb,GITHUB_forks_daily,2024-06-08,2.0
Pyth Network,GITHUB_repositories_daily,2024-06-08,1.0
Pyth Network,GITHUB_opened_pull_requests_daily,2024-06-08,1.0
Runtime Verification,GITHUB_merged_pull_requests_daily,2024-06-08,1.0
Trail of Bits Security Reviews,GITHUB_comments_daily,2024-01-28,1.0
Runtime Verification,GITHUB_stars_daily,2024-01-28,2.0
Trail of Bits Security Reviews,GITHUB_commits_daily,2024-01-28,4.0
Trail of Bits Security Reviews,GITHUB_repositories_daily,2024-01-28,9.0
thirdweb,GITHUB_repositories_daily,2024-01-28,5.0
Trail of Bits Security Reviews,GITHUB_contributors_daily,2024-01-28,2.0
Open Source Observer,GITHUB_active_developers_daily,2024-01-28,1.0
Trail of Bits Security Reviews,GITHUB_opened_pull_requests_daily,2024-01-28,2.0
Open Source Observer,GITHUB_merged_pull_requests_daily,2024-01-28,1.0
Open Source Observer,GITHUB_closed_issues_daily,2024-01-28,2.0
Runtime Verification,GITHUB_comments_daily,2024-12-19,4.0
Enclave,GITHUB_comments_daily,2024-12-19,8.0
Open Source Observer,GITHUB_comments_daily,2024-12-19,14.0
Trail of Bits Security Reviews,GITHUB_comments_daily,2024-12-19,2.0
Trail of Bits Security Reviews,GITHUB_commits_daily,2024-12-19,9.0
Pyth Network,GITHUB_commits_daily,2024-12-19,8.0
thirdweb,GITHUB_commits_daily,2024-12-19,17.0
thirdweb,GITHUB_forks_daily,2024-12-19,1.0
Pyth Network,GITHUB_repositories_daily,2024-12-19,3.0
Remix IDE plugin for Arbitrum Stylus,GITHUB_repositories_daily,2024-12-19,1.0
Moving Stylus,GITHUB_repositories_daily,2024-12-19,1.0
Open Source Observer,GITHUB_contributors_daily,2024-12-19,3.0
Remix IDE plugin for Arbitrum Stylus,GITHUB_active_developers_daily,2024-12-19,1.0
Moving Stylus,GITHUB_opened_pull_requests_daily,2024-12-19,1.0
Passport XYZ,GITHUB_opened_pull_requests_daily,2024-12-19,6.0
Pyth Network,GITHUB_merged_pull_requests_daily,2024-12-19,7.0
thirdweb,GITHUB_merged_pull_requests_daily,2024-12-19,17.0
Trail of Bits Security Reviews,GITHUB_merged_pull_requests_daily,2024-12-19,3.0
Moving Stylus,GITHUB_merged_pull_requests_daily,2024-12-19,1.0
Walnut,GITHUB_merged_pull_requests_daily,2024-12-19,1.0
Runtime Verification,GITHUB_merged_pull_requests_daily,2024-12-19,4.0
Runtime Verification,GITHUB_opened_issues_daily,2024-12-19,1.0
Solang,GITHUB_opened_issues_daily,2024-12-19,1.0
Trail of Bits Security Reviews,GITHUB_commits_daily,2024-11-17,3.0
Runtime Verification,GITHUB_releases_daily,2024-11-17,2.0
Pyth Network,GITHUB_forks_daily,2024-11-17,1.0
Redstone Finance,GITHUB_active_developers_daily,2024-11-17,1.0
Open Source Observer,GITHUB_active_developers_daily,2024-11-17,1.0
Trail of Bits Security Reviews,GITHUB_opened_pull_requests_daily,2024-11-17,5.0
Trail of Bits Security Reviews,GITHUB_merged_pull_requests_daily,2024-11-17,3.0
thirdweb,GITHUB_comments_daily,2024-12-08,13.0
thirdweb,GITHUB_commits_daily,2024-12-08,6.0
Pyth Network,GITHUB_commits_daily,2024-12-08,2.0
Runtime Verification,GITHUB_releases_daily,2024-12-08,1.0
Trail of Bits Security Reviews,GITHUB_contributors_daily,2024-12-08,3.0
Runtime Verification,GITHUB_contributors_daily,2024-12-08,2.0
Ember,GITHUB_active_developers_daily,2024-12-08,1.0
Redstone Finance,GITHUB_forks_weekly,2024-04-08,3.0
thirdweb,GITHUB_forks_weekly,2024-04-08,15.0
Pyth Network,GITHUB_forks_weekly,2024-04-08,4.0
Trail of Bits Security Reviews,GITHUB_comments_daily,2024-04-08,8.0
Pyth Network,GITHUB_comments_daily,2024-04-08,22.0
Runtime Verification,GITHUB_comments_daily,2024-04-08,13.0
thirdweb,GITHUB_stars_daily,2024-04-08,1.0
Redstone Finance,GITHUB_stars_weekly,2024-04-08,5.0
Runtime Verification,GITHUB_commits_daily,2024-04-08,13.0
thirdweb,GITHUB_releases_weekly,2024-04-08,41.0
Syndicate Protocol,GITHUB_commits_weekly,2024-04-08,1.0
Redstone Finance,GITHUB_commits_weekly,2024-04-08,28.0
Walnut,GITHUB_comments_weekly,2024-04-08,18.0
Pyth Network,GITHUB_comments_weekly,2024-04-08,164.0
thirdweb,GITHUB_forks_daily,2024-04-08,1.0
Debid - Fairblock,GITHUB_repositories_weekly,2024-04-08,1.0
Syndicate Protocol,GITHUB_repositories_weekly,2024-04-08,1.0
Runtime Verification,GITHUB_repositories_weekly,2024-04-08,24.0
Walnut,GITHUB_repositories_weekly,2024-04-08,3.0
Pyth Network,GITHUB_repositories_daily,2024-04-08,3.0
Trail of Bits Security Reviews,GITHUB_repositories_daily,2024-04-08,20.0
Trail of Bits Security Reviews,GITHUB_contributors_weekly,2024-04-08,22.0
Pyth Network,GITHUB_contributors_weekly,2024-04-08,16.0
Open Source Observer,GITHUB_contributors_weekly,2024-04-08,4.0
Debid - Fairblock,GITHUB_contributors_weekly,2024-04-08,1.0
Redstone Finance,GITHUB_contributors_daily,2024-04-08,2.0
Trail of Bits Security Reviews,GITHUB_active_developers_weekly,2024-04-08,6.0
Walnut,GITHUB_active_developers_weekly,2024-04-08,1.0
Redstone Finance,GITHUB_active_developers_weekly,2024-04-08,5.0
WakeUp Labs,GITHUB_active_developers_weekly,2024-04-08,1.0
Open Source Observer,GITHUB_active_developers_daily,2024-04-08,1.0
thirdweb,GITHUB_active_developers_daily,2024-04-08,7.0
Runtime Verification,GITHUB_active_developers_daily,2024-04-08,2.0
Trail of Bits Security Reviews,GITHUB_opened_pull_requests_weekly,2024-04-08,49.0
Open Source Observer,GITHUB_merged_pull_requests_weekly,2024-04-08,25.0
Pyth Network,GITHUB_merged_pull_requests_weekly,2024-04-08,41.0
Runtime Verification,GITHUB_opened_pull_requests_daily,2024-04-08,11.0
thirdweb,GITHUB_merged_pull_requests_daily,2024-04-08,20.0
Walnut,GITHUB_merged_pull_requests_daily,2024-04-08,1.0
Pyth Network,GITHUB_opened_issues_weekly,2024-04-08,1.0
Open Source Observer,GITHUB_opened_issues_daily,2024-04-08,13.0
Pyth Network,GITHUB_closed_issues_weekly,2024-04-08,6.0
Walnut,GITHUB_closed_issues_weekly,2024-04-08,5.0
Trail of Bits Security Reviews,GITHUB_closed_issues_weekly,2024-04-08,4.0
Pyth Network,GITHUB_comments_daily,2024-05-18,4.0
thirdweb,GITHUB_stars_daily,2024-05-18,5.0
Open Source Observer,GITHUB_commits_daily,2024-05-18,2.0
Trail of Bits Security Reviews,GITHUB_forks_daily,2024-05-18,1.0
Runtime Verification,GITHUB_contributors_daily,2024-05-18,4.0
Pyth Network,GITHUB_contributors_daily,2024-05-18,1.0
Open Source Observer,GITHUB_contributors_daily,2024-05-18,1.0
Trail of Bits Security Reviews,GITHUB_contributors_daily,2024-05-18,3.0
thirdweb,GITHUB_contributors_daily,2024-05-18,5.0
thirdweb,GITHUB_active_developers_daily,2024-05-18,2.0
Runtime Verification,GITHUB_opened_pull_requests_daily,2024-05-18,5.0
thirdweb,GITHUB_merged_pull_requests_daily,2024-05-18,2.0
Trail of Bits Security Reviews,GITHUB_opened_issues_daily,2024-05-18,3.0
thirdweb,GITHUB_opened_issues_daily,2024-05-18,1.0
Trail of Bits Security Reviews,GITHUB_comments_daily,2025-03-09,1.0
Open Source Observer,GITHUB_commits_daily,2025-03-09,11.0
CodeTracer,GITHUB_repositories_daily,2025-03-09,1.0
Open Source Observer,GITHUB_repositories_daily,2025-03-09,2.0
Trail of Bits Security Reviews,GITHUB_repositories_daily,2025-03-09,11.0
Walnut,GITHUB_contributors_daily,2025-03-09,2.0
Open Source Observer,GITHUB_contributors_daily,2025-03-09,3.0
thirdweb,GITHUB_contributors_daily,2025-03-09,2.0
Solang,GITHUB_contributors_daily,2025-03-09,2.0
thirdweb,GITHUB_opened_pull_requests_daily,2025-03-09,2.0
Open Source Observer,GITHUB_opened_pull_requests_daily,2025-03-09,5.0
Walnut,GITHUB_opened_pull_requests_daily,2025-03-09,1.0
Open Source Observer,GITHUB_merged_pull_requests_daily,2025-03-09,4.0
Trail of Bits Security Reviews,GITHUB_merged_pull_requests_daily,2025-03-09,1.0
Runtime Verification,GITHUB_stars_daily,2024-09-07,1.0
thirdweb,GITHUB_repositories_daily,2024-09-07,2.0
thirdweb,GITHUB_active_developers_daily,2024-09-07,2.0
Trail of Bits Security Reviews,GITHUB_merged_pull_requests_daily,2024-09-07,5.0
Enclave,GITHUB_comments_daily,2024-12-18,3.0
Passport XYZ,GITHUB_commits_daily,2024-12-18,6.0
Remix IDE plugin for Arbitrum Stylus,GITHUB_commits_daily,2024-12-18,4.0
Debid - Fairblock,GITHUB_repositories_daily,2024-12-18,3.0
Sylow,GITHUB_repositories_daily,2024-12-18,1.0
Remix IDE plugin for Arbitrum Stylus,GITHUB_contributors_daily,2024-12-18,1.0
Remix IDE plugin for Arbitrum Stylus,GITHUB_active_developers_daily,2024-12-18,1.0
thirdweb,GITHUB_active_developers_daily,2024-12-18,4.0
Runtime Verification,GITHUB_active_developers_daily,2024-12-18,2.0
Trail of Bits Security Reviews,GITHUB_active_developers_daily,2024-12-18,9.0
Pyth Network,GITHUB_opened_pull_requests_daily,2024-12-18,4.0
Trail of Bits Security Reviews,GITHUB_opened_pull_requests_daily,2024-12-18,11.0
Debid - Fairblock,GITHUB_merged_pull_requests_daily,2024-12-18,1.0
thirdweb,GITHUB_merged_pull_requests_daily,2024-12-18,6.0
Trail of Bits Security Reviews,GITHUB_opened_issues_daily,2024-12-18,1.0
Enclave,GITHUB_opened_issues_daily,2024-12-18,1.0
Pyth Network,GITHUB_comments_daily,2024-06-05,43.0
Runtime Verification,GITHUB_stars_daily,2024-06-05,2.0
Runtime Verification,GITHUB_commits_daily,2024-06-05,37.0
Enclave,GITHUB_commits_daily,2024-06-05,21.0
Open Source Observer,GITHUB_forks_daily,2024-06-05,10.0
Enclave,GITHUB_repositories_daily,2024-06-05,1.0
Runtime Verification,GITHUB_repositories_daily,2024-06-05,11.0
Pyth Network,GITHUB_contributors_daily,2024-06-05,7.0
Walnut,GITHUB_contributors_daily,2024-06-05,3.0
Open Source Observer,GITHUB_active_developers_daily,2024-06-05,12.0
Enclave,GITHUB_active_developers_daily,2024-06-05,1.0
Pyth Network,GITHUB_opened_pull_requests_daily,2024-06-05,7.0
Walnut,GITHUB_merged_pull_requests_daily,2024-06-05,1.0
Trail of Bits Security Reviews,GITHUB_merged_pull_requests_daily,2024-06-05,1.0
Pyth Network,GITHUB_merged_pull_requests_daily,2024-06-05,7.0
Runtime Verification,GITHUB_merged_pull_requests_daily,2024-06-05,16.0
Enclave,GITHUB_merged_pull_requests_daily,2024-06-05,1.0
Runtime Verification,GITHUB_closed_issues_daily,2024-06-05,1.0
Runtime Verification,GITHUB_comments_daily,2024-05-08,21.0
Walnut,GITHUB_comments_daily,2024-05-08,1.0
Syndicate Protocol,GITHUB_comments_daily,2024-05-08,1.0
thirdweb,GITHUB_stars_daily,2024-05-08,1.0
Trail of Bits Security Reviews,GITHUB_forks_daily,2024-05-08,1.0
Debid - Fairblock,GITHUB_repositories_daily,2024-05-08,1.0
Pyth Network,GITHUB_repositories_daily,2024-05-08,7.0
Syndicate Protocol,GITHUB_repositories_daily,2024-05-08,1.0
Trail of Bits Security Reviews,GITHUB_repositories_daily,2024-05-08,13.0
Open Source Observer,GITHUB_active_developers_daily,2024-05-08,2.0
Redstone Finance,GITHUB_active_developers_daily,2024-05-08,2.0
Pyth Network,GITHUB_contributors_daily,2024-05-08,2.0
Runtime Verification,GITHUB_opened_pull_requests_daily,2024-05-08,15.0
thirdweb,GITHUB_opened_pull_requests_daily,2024-05-08,11.0
Open Source Observer,GITHUB_merged_pull_requests_daily,2024-05-08,4.0
Walnut,GITHUB_merged_pull_requests_daily,2024-05-08,1.0
Walnut,GITHUB_opened_issues_daily,2024-05-08,1.0
Runtime Verification,GITHUB_opened_issues_daily,2024-05-08,1.0
Open Source Observer,GITHUB_closed_issues_daily,2024-05-08,1.0
Pyth Network,GITHUB_comments_daily,2024-12-25,2.0
Trail of Bits Security Reviews,GITHUB_stars_daily,2024-12-25,14.0
thirdweb,GITHUB_repositories_daily,2024-12-25,2.0
Pyth Network,GITHUB_repositories_daily,2024-12-25,4.0
Open Source Observer,GITHUB_repositories_daily,2024-12-25,1.0
Runtime Verification,GITHUB_stars_daily,2024-03-23,3.0
thirdweb,GITHUB_stars_daily,2024-03-23,1.0
Pyth Network,GITHUB_forks_daily,2024-03-23,10.0
Redstone Finance,GITHUB_repositories_daily,2024-03-23,1.0
Trail of Bits Security Reviews,GITHUB_repositories_daily,2024-03-23,13.0
Passport XYZ,GITHUB_forks_weekly,2024-08-05,2.0
Walnut,GITHUB_forks_weekly,2024-08-05,2.0
Trail of Bits Security Reviews,GITHUB_forks_weekly,2024-08-05,26.0
thirdweb,GITHUB_forks_weekly,2024-08-05,19.0
thirdweb,GITHUB_stars_weekly,2024-08-05,5.0
Passport XYZ,GITHUB_stars_weekly,2024-08-05,4.0
Runtime Verification,GITHUB_stars_daily,2024-08-05,6.0
Trail of Bits Security Reviews,GITHUB_stars_daily,2024-08-05,49.0
Runtime Verification,GITHUB_commits_daily,2024-08-05,18.0
Redstone Finance,GITHUB_commits_daily,2024-08-05,2.0
Pyth Network,GITHUB_commits_daily,2024-08-05,2.0
Debid - Fairblock,GITHUB_commits_weekly,2024-08-05,8.0
Redstone Finance,GITHUB_commits_weekly,2024-08-05,24.0
Pyth Network,GITHUB_commits_weekly,2024-08-05,22.0
Open Source Observer,GITHUB_comments_weekly,2024-08-05,65.0
Passport XYZ,GITHUB_comments_weekly,2024-08-05,44.0
Runtime Verification,GITHUB_releases_daily,2024-08-05,7.0
Open Source Observer,GITHUB_repositories_weekly,2024-08-05,3.0
Arbos Foundry,GITHUB_repositories_weekly,2024-08-05,2.0
Trail of Bits Security Reviews,GITHUB_repositories_daily,2024-08-05,20.0
Walnut,GITHUB_repositories_daily,2024-08-05,1.0
Passport XYZ,GITHUB_contributors_weekly,2024-08-05,6.0
Open Source Observer,GITHUB_contributors_weekly,2024-08-05,7.0
Passport XYZ,GITHUB_active_developers_weekly,2024-08-05,3.0
thirdweb,GITHUB_active_developers_weekly,2024-08-05,4.0
Open Source Observer,GITHUB_active_developers_weekly,2024-08-05,7.0
Enclave,GITHUB_active_developers_weekly,2024-08-05,2.0
Redstone Finance,GITHUB_active_developers_weekly,2024-08-05,4.0
Pyth Network,GITHUB_contributors_daily,2024-08-05,5.0
Passport XYZ,GITHUB_active_developers_daily,2024-08-05,2.0
Walnut,GITHUB_contributors_daily,2024-08-05,3.0
Redstone Finance,GITHUB_contributors_daily,2024-08-05,2.0
thirdweb,GITHUB_contributors_daily,2024-08-05,9.0
thirdweb,GITHUB_opened_pull_requests_weekly,2024-08-05,108.0
Remix IDE plugin for Arbitrum Stylus,GITHUB_opened_pull_requests_weekly,2024-08-05,1.0
thirdweb,GITHUB_opened_pull_requests_daily,2024-08-05,19.0
Open Source Observer,GITHUB_opened_pull_requests_daily,2024-08-05,3.0
Trail of Bits Security Reviews,GITHUB_opened_pull_requests_daily,2024-08-05,29.0
Open Source Observer,GITHUB_merged_pull_requests_weekly,2024-08-05,26.0
thirdweb,GITHUB_merged_pull_requests_weekly,2024-08-05,94.0
Redstone Finance,GITHUB_merged_pull_requests_daily,2024-08-05,1.0
Passport XYZ,GITHUB_opened_issues_weekly,2024-08-05,10.0
thirdweb,GITHUB_opened_issues_weekly,2024-08-05,7.0
thirdweb,GITHUB_closed_issues_weekly,2024-08-05,4.0
Runtime Verification,GITHUB_closed_issues_weekly,2024-08-05,9.0
Trail of Bits Security Reviews,GITHUB_closed_issues_daily,2024-08-05,1.0
Passport XYZ,GITHUB_closed_issues_daily,2024-08-05,4.0
Runtime Verification,GITHUB_closed_issues_daily,2024-08-05,4.0
Walnut,GITHUB_comments_daily,2024-11-29,1.0
Enclave,GITHUB_comments_daily,2024-11-29,11.0
Open Source Observer,GITHUB_commits_daily,2024-11-29,2.0
Runtime Verification,GITHUB_releases_daily,2024-11-29,2.0
Open Source Observer,GITHUB_forks_daily,2024-11-29,2.0
Trail of Bits Security Reviews,GITHUB_repositories_daily,2024-11-29,17.0
Solang,GITHUB_repositories_daily,2024-11-29,1.0
Runtime Verification,GITHUB_repositories_daily,2024-11-29,7.0
Enclave,GITHUB_contributors_daily,2024-11-29,2.0
Redstone Finance,GITHUB_contributors_daily,2024-11-29,3.0
Pyth Network,GITHUB_active_developers_daily,2024-11-29,2.0
Enclave,GITHUB_active_developers_daily,2024-11-29,1.0
Solang,GITHUB_opened_pull_requests_daily,2024-11-29,1.0
thirdweb,GITHUB_opened_pull_requests_daily,2024-11-29,3.0
Passport XYZ,GITHUB_opened_pull_requests_daily,2024-11-29,2.0
Trail of Bits Security Reviews,GITHUB_opened_pull_requests_daily,2024-11-29,7.0
Passport XYZ,GITHUB_merged_pull_requests_daily,2024-11-29,2.0
Enclave,GITHUB_merged_pull_requests_daily,2024-11-29,1.0
Runtime Verification,GITHUB_merged_pull_requests_daily,2024-11-29,4.0
Redstone Finance,GITHUB_merged_pull_requests_daily,2024-11-29,3.0
thirdweb,GITHUB_opened_issues_daily,2024-11-29,1.0
Passport XYZ,GITHUB_comments_daily,2025-02-16,2.0
Pyth Network,GITHUB_stars_daily,2025-02-16,2.0
Walnut,GITHUB_contributors_daily,2025-02-16,1.0
Pyth Network,GITHUB_contributors_daily,2025-02-16,3.0
Runtime Verification,GITHUB_contributors_daily,2025-02-16,2.0
thirdweb,GITHUB_contributors_daily,2025-02-16,2.0
Trail of Bits Security Reviews,GITHUB_active_developers_daily,2025-02-16,1.0
Walnut,GITHUB_opened_pull_requests_daily,2025-02-16,1.0
Pyth Network,GITHUB_opened_pull_requests_daily,2025-02-16,2.0
Trail of Bits Security Reviews,GITHUB_merged_pull_requests_daily,2025-02-16,2.0
Solang,GITHUB_comments_daily,2025-01-16,1.0
Runtime Verification,GITHUB_commits_daily,2025-01-16,8.0
Open Source Observer,GITHUB_commits_daily,2025-01-16,12.0
Walnut,GITHUB_commits_daily,2025-01-16,2.0
Debid - Fairblock,GITHUB_repositories_daily,2025-01-16,1.0
9Lives,GITHUB_repositories_daily,2025-01-16,1.0
Runtime Verification,GITHUB_repositories_daily,2025-01-16,8.0
Runtime Verification,GITHUB_contributors_daily,2025-01-16,7.0
Open Source Observer,GITHUB_contributors_daily,2025-01-16,6.0
Open Source Observer,GITHUB_active_developers_daily,2025-01-16,4.0
Trail of Bits Security Reviews,GITHUB_active_developers_daily,2025-01-16,4.0
9Lives,GITHUB_active_developers_daily,2025-01-16,2.0
Runtime Verification,GITHUB_opened_pull_requests_daily,2025-01-16,8.0
Trail of Bits Security Reviews,GITHUB_opened_pull_requests_daily,2025-01-16,7.0
thirdweb,GITHUB_opened_pull_requests_daily,2025-01-16,10.0
Walnut,GITHUB_opened_pull_requests_daily,2025-01-16,1.0
thirdweb,GITHUB_merged_pull_requests_daily,2025-01-16,16.0
Pyth Network,GITHUB_merged_pull_requests_daily,2025-01-16,10.0
Passport XYZ,GITHUB_opened_issues_daily,2025-01-16,2.0
Solang,GITHUB_closed_issues_daily,2025-01-16,1.0
Walnut,GITHUB_closed_issues_daily,2025-01-16,2.0
Runtime Verification,GITHUB_comments_daily,2024-03-31,2.0
Trail of Bits Security Reviews,GITHUB_stars_daily,2024-03-31,17.0
Pyth Network,GITHUB_forks_daily,2024-03-31,1.0
thirdweb,GITHUB_active_developers_daily,2024-03-31,1.0
Trail of Bits Security Reviews,GITHUB_opened_issues_daily,2024-03-31,2.0
Runtime Verification,GITHUB_stars_daily,2025-01-02,1.0
Enclave,GITHUB_stars_daily,2025-01-02,1.0
Open Source Observer,GITHUB_commits_daily,2025-01-02,2.0
Enclave,GITHUB_commits_daily,2025-01-02,1.0
thirdweb,GITHUB_commits_daily,2025-01-02,6.0
thirdweb,GITHUB_repositories_daily,2025-01-02,3.0
Enclave,GITHUB_repositories_daily,2025-01-02,1.0
Walnut,GITHUB_contributors_daily,2025-01-02,1.0
Pyth Network,GITHUB_contributors_daily,2025-01-02,4.0
Enclave,GITHUB_active_developers_daily,2025-01-02,1.0
Redstone Finance,GITHUB_active_developers_daily,2025-01-02,3.0
thirdweb,GITHUB_opened_pull_requests_daily,2025-01-02,7.0
Trail of Bits Security Reviews,GITHUB_merged_pull_requests_daily,2025-01-02,4.0
Runtime Verification,GITHUB_merged_pull_requests_daily,2025-01-02,1.0
Walnut,GITHUB_merged_pull_requests_daily,2025-01-02,1.0
Enclave,GITHUB_opened_issues_daily,2025-01-02,1.0
Trail of Bits Security Reviews,GITHUB_comments_daily,2024-01-21,1.0
Pyth Network,GITHUB_stars_daily,2024-01-21,2.0
Debid - Fairblock,GITHUB_stars_daily,2024-01-21,1.0
Debid - Fairblock,GITHUB_forks_daily,2024-01-21,5.0
Runtime Verification,GITHUB_repositories_daily,2024-01-21,5.0
Debid - Fairblock,GITHUB_contributors_daily,2024-01-21,1.0
Open Source Observer,GITHUB_contributors_daily,2024-01-21,1.0
Trail of Bits Security Reviews,GITHUB_active_developers_daily,2024-01-21,2.0
Pyth Network,GITHUB_opened_pull_requests_daily,2024-01-21,1.0
Runtime Verification,GITHUB_opened_pull_requests_daily,2024-01-21,1.0
Debid - Fairblock,GITHUB_opened_pull_requests_daily,2024-01-21,1.0
Trail of Bits Security Reviews,GITHUB_opened_pull_requests_daily,2024-01-21,3.0
Trail of Bits Security Reviews,GITHUB_closed_issues_daily,2024-01-21,1.0
Pyth Network,GITHUB_comments_daily,2025-01-21,35.0
Trail of Bits Security Reviews,GITHUB_comments_daily,2025-01-21,2.0
Walnut,GITHUB_comments_daily,2025-01-21,1.0
Runtime Verification,GITHUB_stars_daily,2025-01-21,1.0
thirdweb,GITHUB_stars_daily,2025-01-21,3.0
Trail of Bits Security Reviews,GITHUB_commits_daily,2025-01-21,6.0
Pyth Network,GITHUB_commits_daily,2025-01-21,7.0
Redstone Finance,GITHUB_forks_daily,2025-01-21,1.0
Trail of Bits Security Reviews,GITHUB_forks_daily,2025-01-21,2.0
Open Source Observer,GITHUB_repositories_daily,2025-01-21,5.0
Redstone Finance,GITHUB_repositories_daily,2025-01-21,1.0
Moving Stylus,GITHUB_active_developers_daily,2025-01-21,1.0
9Lives,GITHUB_contributors_daily,2025-01-21,2.0
Runtime Verification,GITHUB_contributors_daily,2025-01-21,5.0
Redstone Finance,GITHUB_contributors_daily,2025-01-21,1.0
thirdweb,GITHUB_contributors_daily,2025-01-21,8.0
Open Source Observer,GITHUB_contributors_daily,2025-01-21,8.0
Open Source Observer,GITHUB_opened_pull_requests_daily,2025-01-21,9.0
Pyth Network,GITHUB_opened_pull_requests_daily,2025-01-21,9.0
Pyth Network,GITHUB_merged_pull_requests_daily,2025-01-21,10.0
Solang,GITHUB_opened_issues_daily,2025-01-21,1.0
thirdweb,GITHUB_opened_issues_daily,2025-01-21,1.0
Passport XYZ,GITHUB_opened_issues_daily,2025-01-21,12.0
Pyth Network,GITHUB_comments_daily,2024-06-13,30.0
Syndicate Protocol,GITHUB_commits_daily,2024-06-13,3.0
Open Source Observer,GITHUB_commits_daily,2024-06-13,3.0
Runtime Verification,GITHUB_commits_daily,2024-06-13,36.0
Runtime Verification,GITHUB_releases_daily,2024-06-13,10.0
Trail of Bits Security Reviews,GITHUB_forks_daily,2024-06-13,1.0
Runtime Verification,GITHUB_repositories_daily,2024-06-13,10.0
Arbos Foundry,GITHUB_repositories_daily,2024-06-13,1.0
Open Source Observer,GITHUB_repositories_daily,2024-06-13,2.0
Redstone Finance,GITHUB_repositories_daily,2024-06-13,2.0
Walnut,GITHUB_repositories_daily,2024-06-13,2.0
thirdweb,GITHUB_repositories_daily,2024-06-13,5.0
Syndicate Protocol,GITHUB_contributors_daily,2024-06-13,1.0
thirdweb,GITHUB_active_developers_daily,2024-06-13,5.0
Open Source Observer,GITHUB_opened_pull_requests_daily,2024-06-13,4.0
Open Source Observer,GITHUB_merged_pull_requests_daily,2024-06-13,3.0
Runtime Verification,GITHUB_closed_issues_daily,2024-06-13,1.0
Open Source Observer,GITHUB_closed_issues_daily,2024-06-13,1.0
Runtime Verification,GITHUB_opened_issues_daily,2024-06-13,1.0
thirdweb,GITHUB_comments_daily,2024-06-09,24.0
Trail of Bits Security Reviews,GITHUB_comments_daily,2024-06-09,2.0
Runtime Verification,GITHUB_repositories_daily,2024-06-09,4.0
Open Source Observer,GITHUB_repositories_daily,2024-06-09,3.0
thirdweb,GITHUB_opened_pull_requests_daily,2024-06-09,3.0
Open Source Observer,GITHUB_opened_issues_daily,2024-06-09,1.0
thirdweb,GITHUB_comments_daily,2024-01-25,51.0
Debid - Fairblock,GITHUB_commits_daily,2024-01-25,20.0
thirdweb,GITHUB_contributors_daily,2024-01-25,15.0
Trail of Bits Security Reviews,GITHUB_contributors_daily,2024-01-25,5.0
Trail of Bits Security Reviews,GITHUB_active_developers_daily,2024-01-25,3.0
Redstone Finance,GITHUB_active_developers_daily,2024-01-25,1.0
Remix IDE plugin for Arbitrum Stylus,GITHUB_active_developers_daily,2024-01-25,2.0
Debid - Fairblock,GITHUB_opened_pull_requests_daily,2024-01-25,1.0
Pyth Network,GITHUB_opened_pull_requests_daily,2024-01-25,6.0
Open Source Observer,GITHUB_opened_pull_requests_daily,2024-01-25,9.0
Debid - Fairblock,GITHUB_merged_pull_requests_daily,2024-01-25,1.0
Pyth Network,GITHUB_merged_pull_requests_daily,2024-01-25,4.0
Runtime Verification,GITHUB_opened_issues_daily,2024-01-25,6.0
Open Source Observer,GITHUB_closed_issues_daily,2024-01-25,2.0
Runtime Verification,GITHUB_comments_daily,2024-06-28,11.0
thirdweb,GITHUB_comments_daily,2024-06-28,164.0
Pyth Network,GITHUB_comments_daily,2024-06-28,4.0
Trail of Bits Security Reviews,GITHUB_comments_daily,2024-06-28,4.0
Debid - Fairblock,GITHUB_commits_daily,2024-06-28,20.0
Trail of Bits Security Reviews,GITHUB_releases_daily,2024-06-28,2.0
Trail of Bits Security Reviews,GITHUB_forks_daily,2024-06-28,1.0
Trail of Bits Security Reviews,GITHUB_repositories_daily,2024-06-28,14.0
Open Source Observer,GITHUB_repositories_daily,2024-06-28,2.0
thirdweb,GITHUB_contributors_daily,2024-06-28,7.0
Pyth Network,GITHUB_contributors_daily,2024-06-28,8.0
Runtime Verification,GITHUB_contributors_daily,2024-06-28,8.0
Open Source Observer,GITHUB_active_developers_daily,2024-06-28,2.0
Debid - Fairblock,GITHUB_active_developers_daily,2024-06-28,1.0
Open Source Observer,GITHUB_opened_pull_requests_daily,2024-06-28,2.0
Pyth Network,GITHUB_opened_pull_requests_daily,2024-06-28,6.0
Trail of Bits Security Reviews,GITHUB_merged_pull_requests_daily,2024-06-28,6.0
Pyth Network,GITHUB_merged_pull_requests_daily,2024-06-28,6.0
thirdweb,GITHUB_merged_pull_requests_daily,2024-06-28,17.0
thirdweb,GITHUB_opened_issues_daily,2024-06-28,1.0
Walnut,GITHUB_closed_issues_daily,2024-06-28,1.0
thirdweb,GITHUB_comments_daily,2024-02-17,6.0
Walnut,GITHUB_comments_daily,2024-02-17,10.0
Redstone Finance,GITHUB_stars_daily,2024-02-17,2.0
Trail of Bits Security Reviews,GITHUB_stars_daily,2024-02-17,19.0
thirdweb,GITHUB_commits_daily,2024-02-17,12.0
thirdweb,GITHUB_forks_daily,2024-02-17,2.0
Debid - Fairblock,GITHUB_repositories_daily,2024-02-17,1.0
Runtime Verification,GITHUB_repositories_daily,2024-02-17,2.0
thirdweb,GITHUB_repositories_daily,2024-02-17,6.0
Runtime Verification,GITHUB_contributors_daily,2024-02-17,1.0
Trail of Bits Security Reviews,GITHUB_contributors_daily,2024-02-17,2.0
Redstone Finance,GITHUB_contributors_daily,2024-02-17,1.0
Open Source Observer,GITHUB_active_developers_daily,2024-02-17,1.0
Sylow,GITHUB_new_contributors_quarterly,2024-11-01,1.0
Open Source Observer,GITHUB_active_contributors_quarterly,2024-11-01,17.0
thirdweb,GITHUB_new_contributors_quarterly,2024-11-01,29.0
Enclave,GITHUB_new_contributors_quarterly,2024-11-01,3.0
Redstone Finance,GITHUB_part_time_contributors_quarterly,2024-11-01,8.0
Walnut,GITHUB_new_contributors_quarterly,2024-11-01,5.0
Solang,GITHUB_active_contributors_quarterly,2024-11-01,4.0
Enclave,GITHUB_part_time_contributors_quarterly,2024-11-01,3.0
Remix IDE plugin for Arbitrum Stylus,GITHUB_releases_biannually,2024-11-01,2.0
Trail of Bits Security Reviews,GITHUB_releases_quarterly,2024-11-01,34.0
Open Source Observer,GITHUB_commits_biannually,2024-11-01,97.0
Pyth Network,GITHUB_commits_biannually,2024-11-01,154.0
Redstone Finance,GITHUB_commits_biannually,2024-11-01,150.0
thirdweb,GITHUB_comments_daily,2024-11-01,106.0
Open Source Observer,GITHUB_comments_daily,2024-11-01,1.0
Runtime Verification,GITHUB_active_developers_biannually,2024-11-01,11.0
Remix IDE plugin for Arbitrum Stylus,GITHUB_repositories_quarterly,2024-11-01,2.0
Moving Stylus,GITHUB_repositories_quarterly,2024-11-01,2.0
Runtime Verification,GITHUB_repositories_quarterly,2024-11-01,33.0
Enclave,GITHUB_repositories_quarterly,2024-11-01,1.0
Debid - Fairblock,GITHUB_active_developers_quarterly,2024-11-01,3.0
Walnut,GITHUB_active_developers_quarterly,2024-11-01,3.0
Passport XYZ,GITHUB_forks_monthly,2024-11-01,10.0
thirdweb,GITHUB_forks_monthly,2024-11-01,42.0
Pyth Network,GITHUB_forks_monthly,2024-11-01,20.0
Solang,GITHUB_forks_monthly,2024-11-01,4.0
Sylow,GITHUB_forks_monthly,2024-11-01,1.0
Redstone Finance,GITHUB_stars_biannually,2024-11-01,6.0
Passport XYZ,GITHUB_part_time_developers_quarterly,2024-11-01,5.0
Runtime Verification,GITHUB_stars_monthly,2024-11-01,26.0
Open Source Observer,GITHUB_stars_monthly,2024-11-01,17.0
Syndicate Protocol,GITHUB_stars_monthly,2024-11-01,2.0
Enclave,GITHUB_stars_monthly,2024-11-01,1.0
Passport XYZ,GITHUB_stars_daily,2024-11-01,2.0
Trail of Bits Security Reviews,GITHUB_stars_daily,2024-11-01,21.0
Runtime Verification,GITHUB_commits_monthly,2024-11-01,214.0
Enclave,GITHUB_commits_monthly,2024-11-01,17.0
Walnut,GITHUB_stars_quarterly,2024-11-01,1.0
Redstone Finance,GITHUB_comments_monthly,2024-11-01,91.0
Trail of Bits Security Reviews,GITHUB_comments_monthly,2024-11-01,149.0
thirdweb,GITHUB_comments_monthly,2024-11-01,2133.0
Solang,GITHUB_stars_quarterly,2024-11-01,9.0
Runtime Verification,GITHUB_stars_quarterly,2024-11-01,26.0
Trail of Bits Security Reviews,GITHUB_stars_quarterly,2024-11-01,366.0
Enclave,GITHUB_commits_daily,2024-11-01,6.0
thirdweb,GITHUB_commits_daily,2024-11-01,15.0
Pyth Network,GITHUB_releases_monthly,2024-11-01,12.0
Remix IDE plugin for Arbitrum Stylus,GITHUB_releases_monthly,2024-11-01,2.0
Runtime Verification,GITHUB_commits_quarterly,2024-11-01,214.0
Debid - Fairblock,GITHUB_forks_quarterly,2024-11-01,1.0
Debid - Fairblock,GITHUB_forks_biannually,2024-11-01,1.0
Pyth Network,GITHUB_forks_biannually,2024-11-01,20.0
Sylow,GITHUB_forks_quarterly,2024-11-01,1.0
Solang,GITHUB_forks_quarterly,2024-11-01,4.0
Trail of Bits Security Reviews,GITHUB_forks_quarterly,2024-11-01,34.0
Pyth Network,GITHUB_repositories_daily,2024-11-01,4.0
Moving Stylus,GITHUB_repositories_monthly,2024-11-01,2.0
Syndicate Protocol,GITHUB_repositories_biannually,2024-11-01,1.0
Redstone Finance,GITHUB_repositories_monthly,2024-11-01,12.0
Runtime Verification,GITHUB_repositories_monthly,2024-11-01,33.0
Trail of Bits Security Reviews,GITHUB_repositories_monthly,2024-11-01,80.0
thirdweb,GITHUB_repositories_biannually,2024-11-01,12.0
Moving Stylus,GITHUB_repositories_biannually,2024-11-01,2.0
Trail of Bits Security Reviews,GITHUB_contributors_monthly,2024-11-01,37.0
Pyth Network,GITHUB_contributors_monthly,2024-11-01,26.0
Debid - Fairblock,GITHUB_contributors_monthly,2024-11-01,5.0
Open Source Observer,GITHUB_contributors_monthly,2024-11-01,17.0
thirdweb,GITHUB_contributors_quarterly,2024-11-01,45.0
Moving Stylus,GITHUB_contributors_quarterly,2024-11-01,2.0
Solang,GITHUB_contributors_quarterly,2024-11-01,4.0
Enclave,GITHUB_contributors_quarterly,2024-11-01,3.0
Moving Stylus,GITHUB_contributors_biannually,2024-11-01,2.0
Remix IDE plugin for Arbitrum Stylus,GITHUB_contributors_daily,2024-11-01,1.0
Pyth Network,GITHUB_contributors_daily,2024-11-01,6.0
Debid - Fairblock,GITHUB_contributors_daily,2024-11-01,2.0
Runtime Verification,GITHUB_contributors_daily,2024-11-01,5.0
Runtime Verification,GITHUB_active_developers_monthly,2024-11-01,11.0
Moving Stylus,GITHUB_active_developers_monthly,2024-11-01,2.0
Enclave,GITHUB_active_developers_monthly,2024-11-01,2.0
Passport XYZ,GITHUB_full_time_developers_monthly,2024-11-01,1.0
Debid - Fairblock,GITHUB_part_time_developers_monthly,2024-11-01,3.0
Enclave,GITHUB_part_time_developers_biannually,2024-11-01,2.0
Open Source Observer,GITHUB_part_time_developers_biannually,2024-11-01,8.0
Debid - Fairblock,GITHUB_part_time_developers_biannually,2024-11-01,3.0
Runtime Verification,GITHUB_active_developers_daily,2024-11-01,3.0
Trail of Bits Security Reviews,GITHUB_active_developers_daily,2024-11-01,2.0
Open Source Observer,GITHUB_active_contributors_biannually,2024-11-01,17.0
Sylow,GITHUB_part_time_contributors_monthly,2024-11-01,1.0
thirdweb,GITHUB_active_contributors_monthly,2024-11-01,45.0
Remix IDE plugin for Arbitrum Stylus,GITHUB_active_developers_daily,2024-11-01,1.0
Redstone Finance,GITHUB_full_time_contributors_monthly,2024-11-01,2.0
Trail of Bits Security Reviews,GITHUB_full_time_contributors_monthly,2024-11-01,4.0
Solang,GITHUB_active_contributors_monthly,2024-11-01,4.0
Sylow,GITHUB_active_contributors_monthly,2024-11-01,1.0
Solang,GITHUB_new_contributors_monthly,2024-11-01,4.0
Trail of Bits Security Reviews,GITHUB_part_time_contributors_monthly,2024-11-01,33.0
Pyth Network,GITHUB_new_contributors_monthly,2024-11-01,17.0
Redstone Finance,GITHUB_part_time_contributors_monthly,2024-11-01,6.0
Pyth Network,GITHUB_full_time_contributors_monthly,2024-11-01,6.0
Trail of Bits Security Reviews,GITHUB_new_contributors_biannually,2024-11-01,18.0
Runtime Verification,GITHUB_active_contributors_biannually,2024-11-01,23.0
thirdweb,GITHUB_new_contributors_biannually,2024-11-01,29.0
Remix IDE plugin for Arbitrum Stylus,GITHUB_part_time_contributors_biannually,2024-11-01,4.0
Runtime Verification,GITHUB_part_time_contributors_biannually,2024-11-01,23.0
Enclave,GITHUB_part_time_contributors_biannually,2024-11-01,3.0
Trail of Bits Security Reviews,GITHUB_active_contributors_biannually,2024-11-01,37.0
Sylow,GITHUB_new_contributors_biannually,2024-11-01,1.0
Enclave,GITHUB_active_contributors_biannually,2024-11-01,3.0
Open Source Observer,GITHUB_part_time_contributors_biannually,2024-11-01,17.0
Pyth Network,GITHUB_part_time_contributors_biannually,2024-11-01,26.0
Passport XYZ,GITHUB_change_in_active_developers_monthly,2024-11-01,1.0
Open Source Observer,GITHUB_change_in_active_developers_quarterly,2024-11-01,19.0
Sylow,GITHUB_change_in_part_time_contributors_biannually,2024-11-01,1.0
Debid - Fairblock,GITHUB_change_in_active_developers_monthly,2024-11-01,18.0
Trail of Bits Security Reviews,GITHUB_change_in_active_developers_monthly,2024-11-01,-6.0
Moving Stylus,GITHUB_change_in_part_time_contributors_monthly,2024-11-01,-1.0
Enclave,GITHUB_change_in_part_time_contributors_monthly,2024-11-01,1.0
Sylow,GITHUB_change_in_active_developers_quarterly,2024-11-01,1.0
Debid - Fairblock,GITHUB_change_in_part_time_contributors_quarterly,2024-11-01,18.0
Debid - Fairblock,GITHUB_change_in_active_developers_quarterly,2024-11-01,18.0
Solang,GITHUB_change_in_part_time_contributors_quarterly,2024-11-01,-1.0
Trail of Bits Security Reviews,GITHUB_change_in_full_time_contributors_monthly,2024-11-01,-1.0
Trail of Bits Security Reviews,GITHUB_change_in_part_time_contributors_monthly,2024-11-01,-5.0
Enclave,GITHUB_change_in_full_time_contributors_monthly,2024-11-01,0.0
Redstone Finance,GITHUB_change_in_full_time_contributors_monthly,2024-11-01,1.0
Moving Stylus,GITHUB_change_in_part_time_contributors_biannually,2024-11-01,-1.0
Debid - Fairblock,GITHUB_change_in_part_time_contributors_biannually,2024-11-01,18.0
Enclave,GITHUB_change_in_active_developers_biannually,2024-11-01,1.0
Runtime Verification,GITHUB_change_in_active_developers_biannually,2024-11-01,4.0
Open Source Observer,GITHUB_change_in_active_developers_biannually,2024-11-01,19.0
Trail of Bits Security Reviews,GITHUB_opened_pull_requests_monthly,2024-11-01,200.0
Solang,GITHUB_opened_pull_requests_monthly,2024-11-01,3.0
Passport XYZ,GITHUB_opened_pull_requests_monthly,2024-11-01,107.0
Redstone Finance,GITHUB_opened_pull_requests_monthly,2024-11-01,30.0
Moving Stylus,GITHUB_opened_pull_requests_monthly,2024-11-01,1.0
Debid - Fairblock,GITHUB_opened_pull_requests_monthly,2024-11-01,9.0
Pyth Network,GITHUB_opened_pull_requests_daily,2024-11-01,12.0
Open Source Observer,GITHUB_opened_pull_requests_daily,2024-11-01,2.0
Debid - Fairblock,GITHUB_opened_pull_requests_daily,2024-11-01,2.0
Walnut,GITHUB_opened_pull_requests_quarterly,2024-11-01,12.0
Enclave,GITHUB_opened_pull_requests_biannually,2024-11-01,8.0
Pyth Network,GITHUB_opened_pull_requests_biannually,2024-11-01,162.0
Passport XYZ,GITHUB_opened_pull_requests_biannually,2024-11-01,107.0
Enclave,GITHUB_opened_pull_requests_quarterly,2024-11-01,8.0
Moving Stylus,GITHUB_opened_pull_requests_quarterly,2024-11-01,1.0
Trail of Bits Security Reviews,GITHUB_opened_pull_requests_quarterly,2024-11-01,200.0
Trail of Bits Security Reviews,GITHUB_opened_pull_requests_biannually,2024-11-01,200.0
Open Source Observer,GITHUB_merged_pull_requests_daily,2024-11-01,2.0
Solang,GITHUB_merged_pull_requests_monthly,2024-11-01,3.0
Enclave,GITHUB_merged_pull_requests_monthly,2024-11-01,9.0
Remix IDE plugin for Arbitrum Stylus,GITHUB_merged_pull_requests_monthly,2024-11-01,5.0
Pyth Network,GITHUB_merged_pull_requests_monthly,2024-11-01,143.0
Runtime Verification,GITHUB_merged_pull_requests_monthly,2024-11-01,72.0
thirdweb,GITHUB_merged_pull_requests_monthly,2024-11-01,222.0
Solang,GITHUB_merged_pull_requests_quarterly,2024-11-01,3.0
Trail of Bits Security Reviews,GITHUB_merged_pull_requests_biannually,2024-11-01,157.0
Passport XYZ,GITHUB_merged_pull_requests_biannually,2024-11-01,85.0
Walnut,GITHUB_opened_issues_monthly,2024-11-01,1.0
Enclave,GITHUB_opened_issues_monthly,2024-11-01,12.0
thirdweb,GITHUB_opened_issues_quarterly,2024-11-01,19.0
Solang,GITHUB_opened_issues_quarterly,2024-11-01,3.0
Trail of Bits Security Reviews,GITHUB_opened_issues_quarterly,2024-11-01,18.0
Walnut,GITHUB_opened_issues_quarterly,2024-11-01,1.0
Enclave,GITHUB_opened_issues_quarterly,2024-11-01,12.0
Solang,GITHUB_opened_issues_biannually,2024-11-01,3.0
Runtime Verification,GITHUB_closed_issues_monthly,2024-11-01,5.0
Redstone Finance,GITHUB_closed_issues_monthly,2024-11-01,2.0
Enclave,GITHUB_closed_issues_monthly,2024-11-01,6.0
Open Source Observer,GITHUB_closed_issues_monthly,2024-11-01,43.0
Debid - Fairblock,GITHUB_closed_issues_monthly,2024-11-01,1.0
Trail of Bits Security Reviews,GITHUB_closed_issues_quarterly,2024-11-01,8.0
Enclave,GITHUB_closed_issues_quarterly,2024-11-01,6.0
Open Source Observer,GITHUB_closed_issues_quarterly,2024-11-01,43.0
Open Source Observer,GITHUB_closed_issues_biannually,2024-11-01,43.0
Runtime Verification,GITHUB_closed_issues_biannually,2024-11-01,5.0
Walnut,GITHUB_closed_issues_biannually,2024-11-01,1.0
thirdweb,GITHUB_closed_issues_daily,2024-11-01,6.0
Enclave,GITHUB_closed_issues_daily,2024-11-01,1.0
Walnut,GITHUB_avg_prs_time_to_merge_quarterly,2024-11-01,0.0
Solang,GITHUB_avg_prs_time_to_merge_quarterly,2024-11-01,0.0
Runtime Verification,GITHUB_avg_time_to_first_response_quarterly,2024-11-01,2244318.606741573
Pyth Network,GITHUB_avg_time_to_first_response_quarterly,2024-11-01,1537.1875
Redstone Finance,GITHUB_avg_time_to_first_response_quarterly,2024-11-01,3721001.2258064514
Solang,GITHUB_avg_time_to_first_response_quarterly,2024-11-01,197198.66666666666
Trail of Bits Security Reviews,GITHUB_avg_time_to_first_response_quarterly,2024-11-01,361518.0976744186
Pyth Network,GITHUB_avg_time_to_first_response_biannually,2024-11-01,1537.1875
Passport XYZ,GITHUB_avg_time_to_first_response_biannually,2024-11-01,232064.75159235668
Remix IDE plugin for Arbitrum Stylus,GITHUB_avg_prs_time_to_merge_biannually,2024-11-01,0.0
thirdweb,GITHUB_avg_prs_time_to_merge_biannually,2024-11-01,0.0
Pyth Network,GITHUB_avg_prs_time_to_merge_biannually,2024-11-01,0.0
Sylow,GITHUB_avg_prs_time_to_merge_biannually,2024-11-01,0.0
thirdweb,GITHUB_avg_time_to_first_response_quarterly,2024-11-01,74794.99152542373
Trail of Bits Security Reviews,GITHUB_change_in_new_contributors_quarterly,2024-11-01,-8.0
Walnut,GITHUB_churned_contributors_quarterly,2024-11-01,-7.0
Redstone Finance,GITHUB_change_in_full_time_contributors_quarterly,2024-11-01,0.0
Walnut,GITHUB_change_in_active_contributors_quarterly,2024-11-01,-2.0
Walnut,GITHUB_change_in_new_contributors_quarterly,2024-11-01,-2.0
Sylow,GITHUB_change_in_new_contributors_monthly,2024-11-01,1.0
Sylow,GITHUB_churned_contributors_monthly,2024-11-01,0.0
Debid - Fairblock,GITHUB_change_in_full_time_contributors_monthly,2024-11-01,1.0
Pyth Network,GITHUB_change_in_active_contributors_monthly,2024-11-01,-3.0
Passport XYZ,GITHUB_change_in_new_contributors_monthly,2024-11-01,1.0
Moving Stylus,GITHUB_change_in_full_time_contributors_monthly,2024-11-01,0.0
Moving Stylus,GITHUB_churned_contributors_monthly,2024-11-01,-3.0
Sylow,GITHUB_change_in_new_contributors_quarterly,2024-11-01,1.0
Sylow,GITHUB_change_in_full_time_contributors_quarterly,2024-11-01,0.0
Sylow,GITHUB_churned_contributors_quarterly,2024-11-01,0.0
Pyth Network,GITHUB_change_in_full_time_contributors_quarterly,2024-11-01,0.0
Moving Stylus,GITHUB_change_in_active_contributors_quarterly,2024-11-01,-1.0
Enclave,GITHUB_change_in_full_time_contributors_quarterly,2024-11-01,0.0
thirdweb,GITHUB_change_in_new_contributors_biannually,2024-11-01,-4.0
Runtime Verification,GITHUB_change_in_new_contributors_biannually,2024-11-01,2.0
Runtime Verification,GITHUB_change_in_full_time_contributors_biannually,2024-11-01,0.0
Solang,GITHUB_change_in_new_contributors_biannually,2024-11-01,-1.0
Open Source Observer,GITHUB_change_in_full_time_contributors_biannually,2024-11-01,0.0
Remix IDE plugin for Arbitrum Stylus,GITHUB_churned_contributors_monthly,2024-11-01,-3.0
Remix IDE plugin for Arbitrum Stylus,GITHUB_change_in_full_time_contributors_monthly,2024-11-01,0.0
Remix IDE plugin for Arbitrum Stylus,GITHUB_change_in_active_contributors_monthly,2024-11-01,0.0
Walnut,GITHUB_churned_contributors_monthly,2024-11-01,-7.0
Trail of Bits Security Reviews,GITHUB_churned_contributors_monthly,2024-11-01,-24.0
Walnut,GITHUB_change_in_full_time_contributors_monthly,2024-11-01,0.0
Redstone Finance,GITHUB_churned_contributors_monthly,2024-11-01,-2.0
Walnut,GITHUB_change_in_active_contributors_monthly,2024-11-01,-2.0
Runtime Verification,GITHUB_change_in_active_contributors_quarterly,2024-11-01,4.0
Pyth Network,GITHUB_change_in_full_time_contributors_biannually,2024-11-01,0.0
Pyth Network,GITHUB_change_in_active_contributors_biannually,2024-11-01,-3.0
Passport XYZ,GITHUB_change_in_active_contributors_biannually,2024-11-01,1.0
Moving Stylus,GITHUB_change_in_full_time_contributors_biannually,2024-11-01,0.0
Moving Stylus,GITHUB_change_in_new_contributors_biannually,2024-11-01,-2.0
Runtime Verification,GITHUB_churned_contributors_monthly,2024-11-01,0.0
Open Source Observer,GITHUB_change_in_active_contributors_quarterly,2024-11-01,19.0
Remix IDE plugin for Arbitrum Stylus,GITHUB_churned_contributors_quarterly,2024-11-01,-3.0
Remix IDE plugin for Arbitrum Stylus,GITHUB_change_in_full_time_contributors_quarterly,2024-11-01,0.0
Solang,GITHUB_churned_contributors_monthly,2024-11-01,-5.0
Open Source Observer,GITHUB_change_in_active_contributors_monthly,2024-11-01,19.0
Walnut,GITHUB_change_in_active_contributors_biannually,2024-11-01,-2.0
Sylow,GITHUB_change_in_new_contributors_biannually,2024-11-01,1.0
Debid - Fairblock,GITHUB_change_in_active_contributors_biannually,2024-11-01,18.0
Remix IDE plugin for Arbitrum Stylus,GITHUB_churned_contributors_biannually,2024-11-01,-3.0
thirdweb,GITHUB_comments_daily,2024-03-26,43.0
Redstone Finance,GITHUB_stars_daily,2024-03-26,4.0
Trail of Bits Security Reviews,GITHUB_stars_daily,2024-03-26,21.0
thirdweb,GITHUB_stars_daily,2024-03-26,2.0
Open Source Observer,GITHUB_commits_daily,2024-03-26,5.0
Pyth Network,GITHUB_commits_daily,2024-03-26,26.0
Redstone Finance,GITHUB_commits_daily,2024-03-26,29.0
Runtime Verification,GITHUB_repositories_daily,2024-03-26,12.0
Pyth Network,GITHUB_forks_daily,2024-03-26,1.0
Open Source Observer,GITHUB_forks_daily,2024-03-26,1.0
Trail of Bits Security Reviews,GITHUB_forks_daily,2024-03-26,1.0
Redstone Finance,GITHUB_forks_daily,2024-03-26,3.0
Debid - Fairblock,GITHUB_opened_pull_requests_daily,2024-03-26,1.0
Debid - Fairblock,GITHUB_active_developers_daily,2024-03-26,1.0
Runtime Verification,GITHUB_comments_daily,2024-05-24,28.0
Passport XYZ,GITHUB_comments_daily,2024-05-24,6.0
Pyth Network,GITHUB_comments_daily,2024-05-24,23.0
Redstone Finance,GITHUB_stars_daily,2024-05-24,2.0
Pyth Network,GITHUB_commits_daily,2024-05-24,12.0
Pyth Network,GITHUB_releases_daily,2024-05-24,1.0
thirdweb,GITHUB_forks_daily,2024-05-24,1.0
Trail of Bits Security Reviews,GITHUB_repositories_daily,2024-05-24,10.0
Walnut,GITHUB_repositories_daily,2024-05-24,2.0
Pyth Network,GITHUB_repositories_daily,2024-05-24,5.0
Pyth Network,GITHUB_opened_pull_requests_daily,2024-05-24,10.0
Walnut,GITHUB_opened_pull_requests_daily,2024-05-24,3.0
Pyth Network,GITHUB_merged_pull_requests_daily,2024-05-24,12.0
thirdweb,GITHUB_opened_issues_daily,2024-05-24,1.0
Runtime Verification,GITHUB_opened_issues_daily,2024-05-24,1.0
Trail of Bits Security Reviews,GITHUB_releases_daily,2024-01-26,1.0
Pyth Network,GITHUB_stars_daily,2024-01-26,1.0
Runtime Verification,GITHUB_commits_daily,2024-01-26,13.0
Open Source Observer,GITHUB_commits_daily,2024-01-26,8.0
Redstone Finance,GITHUB_commits_daily,2024-01-26,5.0
thirdweb,GITHUB_forks_daily,2024-01-26,2.0
Trail of Bits Security Reviews,GITHUB_forks_daily,2024-01-26,3.0
Pyth Network,GITHUB_active_developers_daily,2024-01-26,2.0
thirdweb,GITHUB_opened_pull_requests_daily,2024-01-26,10.0
Walnut,GITHUB_opened_pull_requests_daily,2024-01-26,1.0
Open Source Observer,GITHUB_merged_pull_requests_daily,2024-01-26,8.0
Pyth Network,GITHUB_merged_pull_requests_daily,2024-01-26,4.0
thirdweb,GITHUB_closed_issues_daily,2024-01-26,1.0
Open Source Observer,GITHUB_comments_daily,2024-03-17,1.0
thirdweb,GITHUB_repositories_daily,2024-03-17,5.0
Arbos Foundry,GITHUB_repositories_daily,2024-03-17,1.0
Trail of Bits Security Reviews,GITHUB_active_developers_daily,2024-03-17,1.0
thirdweb,GITHUB_opened_pull_requests_daily,2024-03-17,2.0
Runtime Verification,GITHUB_merged_pull_requests_daily,2024-03-17,1.0
thirdweb,GITHUB_stars_daily,2024-08-03,2.0
Trail of Bits Security Reviews,GITHUB_repositories_daily,2024-08-03,10.0
Runtime Verification,GITHUB_opened_pull_requests_daily,2024-08-03,1.0
thirdweb,GITHUB_opened_pull_requests_daily,2024-08-03,14.0
Trail of Bits Security Reviews,GITHUB_opened_pull_requests_daily,2024-08-03,3.0
Runtime Verification,GITHUB_merged_pull_requests_daily,2024-08-03,1.0
Open Source Observer,GITHUB_opened_issues_daily,2024-08-03,2.0
Open Source Observer,GITHUB_forks_weekly,2024-05-13,2.0
thirdweb,GITHUB_comments_daily,2024-05-13,58.0
Runtime Verification,GITHUB_comments_daily,2024-05-13,16.0
Trail of Bits Security Reviews,GITHUB_comments_daily,2024-05-13,34.0
Trail of Bits Security Reviews,GITHUB_releases_weekly,2024-05-13,5.0
thirdweb,GITHUB_releases_weekly,2024-05-13,47.0
Trail of Bits Security Reviews,GITHUB_commits_daily,2024-05-13,43.0
Runtime Verification,GITHUB_commits_daily,2024-05-13,41.0
thirdweb,GITHUB_commits_daily,2024-05-13,16.0
Syndicate Protocol,GITHUB_commits_weekly,2024-05-13,4.0
Debid - Fairblock,GITHUB_commits_weekly,2024-05-13,5.0
Open Source Observer,GITHUB_commits_weekly,2024-05-13,74.0
Redstone Finance,GITHUB_comments_weekly,2024-05-13,2.0
Pyth Network,GITHUB_comments_weekly,2024-05-13,118.0
Trail of Bits Security Reviews,GITHUB_comments_weekly,2024-05-13,81.0
Redstone Finance,GITHUB_stars_daily,2024-05-13,1.0
Passport XYZ,GITHUB_stars_daily,2024-05-13,2.0
Runtime Verification,GITHUB_repositories_weekly,2024-05-13,18.0
thirdweb,GITHUB_forks_daily,2024-05-13,2.0
Passport XYZ,GITHUB_repositories_daily,2024-05-13,1.0
Pyth Network,GITHUB_repositories_daily,2024-05-13,6.0
Runtime Verification,GITHUB_active_developers_weekly,2024-05-13,8.0
Redstone Finance,GITHUB_active_developers_weekly,2024-05-13,4.0
Walnut,GITHUB_active_developers_weekly,2024-05-13,1.0
Passport XYZ,GITHUB_active_developers_weekly,2024-05-13,1.0
thirdweb,GITHUB_contributors_daily,2024-05-13,11.0
Walnut,GITHUB_contributors_daily,2024-05-13,1.0
Pyth Network,GITHUB_contributors_daily,2024-05-13,9.0
Trail of Bits Security Reviews,GITHUB_opened_pull_requests_weekly,2024-05-13,69.0
Pyth Network,GITHUB_opened_pull_requests_weekly,2024-05-13,45.0
Passport XYZ,GITHUB_opened_pull_requests_weekly,2024-05-13,4.0
Runtime Verification,GITHUB_opened_pull_requests_weekly,2024-05-13,73.0
Open Source Observer,GITHUB_merged_pull_requests_weekly,2024-05-13,33.0
Redstone Finance,GITHUB_merged_pull_requests_weekly,2024-05-13,1.0
Runtime Verification,GITHUB_merged_pull_requests_weekly,2024-05-13,61.0
Redstone Finance,GITHUB_merged_pull_requests_daily,2024-05-13,1.0
Trail of Bits Security Reviews,GITHUB_opened_issues_weekly,2024-05-13,5.0
Trail of Bits Security Reviews,GITHUB_closed_issues_weekly,2024-05-13,15.0
Runtime Verification,GITHUB_closed_issues_daily,2024-05-13,1.0
thirdweb,GITHUB_comments_daily,2024-02-06,33.0
Remix IDE plugin for Arbitrum Stylus,GITHUB_commits_daily,2024-02-06,4.0
Runtime Verification,GITHUB_releases_daily,2024-02-06,6.0
Remix IDE plugin for Arbitrum Stylus,GITHUB_repositories_daily,2024-02-06,1.0
Pyth Network,GITHUB_contributors_daily,2024-02-06,4.0
Redstone Finance,GITHUB_contributors_daily,2024-02-06,1.0
Redstone Finance,GITHUB_active_developers_daily,2024-02-06,1.0
Pyth Network,GITHUB_opened_pull_requests_daily,2024-02-06,3.0
Open Source Observer,GITHUB_opened_pull_requests_daily,2024-02-06,1.0
Walnut,GITHUB_opened_pull_requests_daily,2024-02-06,2.0
Open Source Observer,GITHUB_merged_pull_requests_daily,2024-02-06,1.0
Runtime Verification,GITHUB_opened_issues_daily,2024-02-06,9.0
Open Source Observer,GITHUB_comments_daily,2024-07-12,1.0
Runtime Verification,GITHUB_comments_daily,2024-07-12,5.0
thirdweb,GITHUB_stars_daily,2024-07-12,2.0
Runtime Verification,GITHUB_commits_daily,2024-07-12,28.0
Walnut,GITHUB_commits_daily,2024-07-12,4.0
Trail of Bits Security Reviews,GITHUB_commits_daily,2024-07-12,25.0
Pyth Network,GITHUB_commits_daily,2024-07-12,5.0
Runtime Verification,GITHUB_releases_daily,2024-07-12,10.0
Pyth Network,GITHUB_forks_daily,2024-07-12,1.0
Trail of Bits Security Reviews,GITHUB_repositories_daily,2024-07-12,15.0
thirdweb,GITHUB_repositories_daily,2024-07-12,4.0
Open Source Observer,GITHUB_repositories_daily,2024-07-12,2.0
Pyth Network,GITHUB_repositories_daily,2024-07-12,6.0
Redstone Finance,GITHUB_contributors_daily,2024-07-12,2.0
Open Source Observer,GITHUB_contributors_daily,2024-07-12,2.0
Redstone Finance,GITHUB_active_developers_daily,2024-07-12,1.0
Trail of Bits Security Reviews,GITHUB_active_developers_daily,2024-07-12,3.0
thirdweb,GITHUB_commits_daily,2024-09-04,26.0
Redstone Finance,GITHUB_repositories_daily,2024-09-04,3.0
Enclave,GITHUB_repositories_daily,2024-09-04,1.0
WakeUp Labs,GITHUB_active_developers_daily,2024-09-04,1.0
Passport XYZ,GITHUB_active_developers_daily,2024-09-04,1.0
Redstone Finance,GITHUB_contributors_daily,2024-09-04,3.0
Trail of Bits Security Reviews,GITHUB_contributors_daily,2024-09-04,4.0
Trail of Bits Security Reviews,GITHUB_opened_pull_requests_daily,2024-09-04,1.0
Runtime Verification,GITHUB_opened_pull_requests_daily,2024-09-04,8.0
Runtime Verification,GITHUB_stars_daily,2024-09-21,1.0
thirdweb,GITHUB_commits_daily,2024-09-21,13.0
thirdweb,GITHUB_repositories_daily,2024-09-21,3.0
Pyth Network,GITHUB_contributors_daily,2024-09-21,3.0
Open Source Observer,GITHUB_contributors_daily,2024-09-21,1.0
thirdweb,GITHUB_opened_pull_requests_daily,2024-09-21,12.0
thirdweb,GITHUB_merged_pull_requests_daily,2024-09-21,13.0
Open Source Observer,GITHUB_comments_daily,2025-03-02,6.0
Redstone Finance,GITHUB_stars_daily,2025-03-02,2.0
Trail of Bits Security Reviews,GITHUB_stars_daily,2025-03-02,6.0
Trail of Bits Security Reviews,GITHUB_forks_daily,2025-03-02,1.0
Open Source Observer,GITHUB_repositories_daily,2025-03-02,3.0
Pyth Network,GITHUB_repositories_daily,2025-03-02,1.0
9Lives,GITHUB_repositories_daily,2025-03-02,1.0
Runtime Verification,GITHUB_active_developers_daily,2025-03-02,1.0
Runtime Verification,GITHUB_comments_daily,2024-03-22,25.0
Pyth Network,GITHUB_comments_daily,2024-03-22,16.0
Trail of Bits Security Reviews,GITHUB_stars_daily,2024-03-22,23.0
Redstone Finance,GITHUB_stars_daily,2024-03-22,2.0
Open Source Observer,GITHUB_commits_daily,2024-03-22,2.0
Pyth Network,GITHUB_forks_daily,2024-03-22,2.0
Trail of Bits Security Reviews,GITHUB_repositories_daily,2024-03-22,20.0
Debid - Fairblock,GITHUB_contributors_daily,2024-03-22,1.0
thirdweb,GITHUB_contributors_daily,2024-03-22,6.0
Pyth Network,GITHUB_contributors_daily,2024-03-22,6.0
Trail of Bits Security Reviews,GITHUB_active_developers_daily,2024-03-22,4.0
Open Source Observer,GITHUB_active_developers_daily,2024-03-22,2.0
Walnut,GITHUB_active_developers_daily,2024-03-22,2.0
Debid - Fairblock,GITHUB_opened_pull_requests_daily,2024-03-22,1.0
Pyth Network,GITHUB_opened_pull_requests_daily,2024-03-22,6.0
Runtime Verification,GITHUB_opened_pull_requests_daily,2024-03-22,9.0
Trail of Bits Security Reviews,GITHUB_opened_pull_requests_daily,2024-03-22,7.0
Pyth Network,GITHUB_merged_pull_requests_daily,2024-03-22,6.0
Runtime Verification,GITHUB_merged_pull_requests_daily,2024-03-22,9.0
thirdweb,GITHUB_merged_pull_requests_daily,2024-03-22,15.0
Trail of Bits Security Reviews,GITHUB_merged_pull_requests_daily,2024-03-22,10.0
Walnut,GITHUB_opened_issues_daily,2024-03-22,1.0
Trail of Bits Security Reviews,GITHUB_forks_weekly,2025-03-17,6.0
Runtime Verification,GITHUB_comments_daily,2025-03-17,11.0
Pyth Network,GITHUB_comments_daily,2025-03-17,25.0
Open Source Observer,GITHUB_comments_daily,2025-03-17,22.0
CodeTracer,GITHUB_stars_daily,2025-03-17,5.0
Runtime Verification,GITHUB_stars_weekly,2025-03-17,6.0
Enclave,GITHUB_stars_weekly,2025-03-17,1.0
Open Source Observer,GITHUB_stars_weekly,2025-03-17,2.0
Redstone Finance,GITHUB_commits_daily,2025-03-17,7.0
Pyth Network,GITHUB_commits_daily,2025-03-17,15.0
Walnut,GITHUB_commits_daily,2025-03-17,20.0
Runtime Verification,GITHUB_commits_daily,2025-03-17,18.0
Remix IDE plugin for Arbitrum Stylus,GITHUB_releases_weekly,2025-03-17,4.0
thirdweb,GITHUB_releases_weekly,2025-03-17,14.0
Pyth Network,GITHUB_commits_weekly,2025-03-17,79.0
Debid - Fairblock,GITHUB_commits_weekly,2025-03-17,2.0
Trail of Bits Security Reviews,GITHUB_commits_weekly,2025-03-17,30.0
Walnut,GITHUB_comments_weekly,2025-03-17,6.0
CodeTracer,GITHUB_comments_weekly,2025-03-17,6.0
thirdweb,GITHUB_forks_daily,2025-03-17,2.0
Pyth Network,GITHUB_forks_daily,2025-03-17,2.0
Solang,GITHUB_repositories_weekly,2025-03-17,1.0
Open Source Observer,GITHUB_repositories_weekly,2025-03-17,4.0
Pyth Network,GITHUB_repositories_weekly,2025-03-17,6.0
Passport XYZ,GITHUB_repositories_weekly,2025-03-17,4.0
Trail of Bits Security Reviews,GITHUB_repositories_weekly,2025-03-17,37.0
Runtime Verification,GITHUB_repositories_daily,2025-03-17,8.0
CodeTracer,GITHUB_repositories_daily,2025-03-17,1.0
CodeTracer,GITHUB_contributors_daily,2025-03-17,3.0
9Lives,GITHUB_contributors_daily,2025-03-17,1.0
Debid - Fairblock,GITHUB_active_developers_weekly,2025-03-17,1.0
Passport XYZ,GITHUB_active_developers_weekly,2025-03-17,3.0
Remix IDE plugin for Arbitrum Stylus,GITHUB_active_developers_weekly,2025-03-17,1.0
Passport XYZ,GITHUB_active_developers_daily,2025-03-17,3.0
Pyth Network,GITHUB_active_developers_daily,2025-03-17,4.0
Open Source Observer,GITHUB_active_developers_daily,2025-03-17,4.0
Trail of Bits Security Reviews,GITHUB_active_developers_daily,2025-03-17,2.0
CoBuilders,GITHUB_opened_pull_requests_weekly,2025-03-17,2.0
Passport XYZ,GITHUB_opened_pull_requests_weekly,2025-03-17,18.0
Open Source Observer,GITHUB_opened_pull_requests_weekly,2025-03-17,52.0
Walnut,GITHUB_opened_pull_requests_daily,2025-03-17,1.0
Pyth Network,GITHUB_opened_pull_requests_daily,2025-03-17,11.0
Runtime Verification,GITHUB_merged_pull_requests_weekly,2025-03-17,30.0
CoBuilders,GITHUB_merged_pull_requests_weekly,2025-03-17,2.0
Passport XYZ,GITHUB_merged_pull_requests_weekly,2025-03-17,22.0
thirdweb,GITHUB_merged_pull_requests_weekly,2025-03-17,48.0
CodeTracer,GITHUB_merged_pull_requests_weekly,2025-03-17,11.0
Redstone Finance,GITHUB_merged_pull_requests_weekly,2025-03-17,3.0
Open Source Observer,GITHUB_merged_pull_requests_daily,2025-03-17,13.0
Enclave,GITHUB_opened_issues_weekly,2025-03-17,24.0
Walnut,GITHUB_opened_issues_weekly,2025-03-17,2.0
CodeTracer,GITHUB_opened_issues_weekly,2025-03-17,8.0
Runtime Verification,GITHUB_opened_issues_daily,2025-03-17,1.0
thirdweb,GITHUB_closed_issues_weekly,2025-03-17,2.0
Enclave,GITHUB_closed_issues_weekly,2025-03-17,5.0
thirdweb,GITHUB_comments_daily,2024-10-08,114.0
Enclave,GITHUB_comments_daily,2024-10-08,72.0
Passport XYZ,GITHUB_comments_daily,2024-10-08,5.0
Runtime Verification,GITHUB_commits_daily,2024-10-08,8.0
Trail of Bits Security Reviews,GITHUB_commits_daily,2024-10-08,23.0
thirdweb,GITHUB_commits_daily,2024-10-08,26.0
Remix IDE plugin for Arbitrum Stylus,GITHUB_repositories_daily,2024-10-08,1.0
Passport XYZ,GITHUB_repositories_daily,2024-10-08,2.0
Open Source Observer,GITHUB_repositories_daily,2024-10-08,3.0
Runtime Verification,GITHUB_repositories_daily,2024-10-08,6.0
Pyth Network,GITHUB_contributors_daily,2024-10-08,7.0
Pyth Network,GITHUB_active_developers_daily,2024-10-08,5.0
Runtime Verification,GITHUB_contributors_daily,2024-10-08,5.0
Remix IDE plugin for Arbitrum Stylus,GITHUB_opened_pull_requests_daily,2024-10-08,1.0
Passport XYZ,GITHUB_opened_pull_requests_daily,2024-10-08,2.0
Debid - Fairblock,GITHUB_merged_pull_requests_daily,2024-10-08,3.0
Pyth Network,GITHUB_stars_daily,2024-04-21,1.0
Trail of Bits Security Reviews,GITHUB_forks_daily,2024-04-21,1.0
Open Source Observer,GITHUB_repositories_daily,2024-04-21,1.0
thirdweb,GITHUB_releases_daily,2024-04-21,1.0
thirdweb,GITHUB_contributors_daily,2024-04-21,3.0
thirdweb,GITHUB_active_developers_daily,2024-04-21,1.0
thirdweb,GITHUB_merged_pull_requests_daily,2024-04-21,1.0
Open Source Observer,GITHUB_comments_daily,2024-08-12,7.0
Walnut,GITHUB_comments_daily,2024-08-12,19.0
Open Source Observer,GITHUB_stars_weekly,2024-08-12,5.0
Redstone Finance,GITHUB_stars_daily,2024-08-12,1.0
Trail of Bits Security Reviews,GITHUB_stars_daily,2024-08-12,16.0
thirdweb,GITHUB_commits_daily,2024-08-12,10.0
Open Source Observer,GITHUB_commits_daily,2024-08-12,2.0
Walnut,GITHUB_commits_daily,2024-08-12,12.0
thirdweb,GITHUB_releases_weekly,2024-08-12,14.0
Trail of Bits Security Reviews,GITHUB_releases_weekly,2024-08-12,4.0
Redstone Finance,GITHUB_comments_weekly,2024-08-12,11.0
Remix IDE plugin for Arbitrum Stylus,GITHUB_comments_weekly,2024-08-12,1.0
Passport XYZ,GITHUB_repositories_weekly,2024-08-12,2.0
Pyth Network,GITHUB_repositories_weekly,2024-08-12,9.0
thirdweb,GITHUB_repositories_weekly,2024-08-12,9.0
Redstone Finance,GITHUB_repositories_weekly,2024-08-12,6.0
thirdweb,GITHUB_repositories_daily,2024-08-12,4.0
Pyth Network,GITHUB_repositories_daily,2024-08-12,3.0
Open Source Observer,GITHUB_repositories_daily,2024-08-12,2.0
thirdweb,GITHUB_contributors_weekly,2024-08-12,20.0
Walnut,GITHUB_active_developers_weekly,2024-08-12,3.0
Open Source Observer,GITHUB_active_developers_weekly,2024-08-12,5.0
thirdweb,GITHUB_active_developers_weekly,2024-08-12,7.0
thirdweb,GITHUB_opened_pull_requests_daily,2024-08-12,26.0
Walnut,GITHUB_opened_pull_requests_weekly,2024-08-12,8.0
Runtime Verification,GITHUB_opened_pull_requests_weekly,2024-08-12,50.0
thirdweb,GITHUB_opened_pull_requests_weekly,2024-08-12,134.0
Walnut,GITHUB_merged_pull_requests_daily,2024-08-12,5.0
Open Source Observer,GITHUB_merged_pull_requests_daily,2024-08-12,2.0
Runtime Verification,GITHUB_merged_pull_requests_daily,2024-08-12,6.0
Pyth Network,GITHUB_merged_pull_requests_weekly,2024-08-12,34.0
Redstone Finance,GITHUB_merged_pull_requests_weekly,2024-08-12,2.0
Trail of Bits Security Reviews,GITHUB_merged_pull_requests_weekly,2024-08-12,20.0
Passport XYZ,GITHUB_opened_issues_weekly,2024-08-12,10.0
Runtime Verification,GITHUB_opened_issues_weekly,2024-08-12,9.0
Runtime Verification,GITHUB_closed_issues_weekly,2024-08-12,11.0
Trail of Bits Security Reviews,GITHUB_comments_daily,2025-01-10,4.0
Trail of Bits Security Reviews,GITHUB_stars_daily,2025-01-10,9.0
Passport XYZ,GITHUB_stars_daily,2025-01-10,2.0
Runtime Verification,GITHUB_stars_daily,2025-01-10,2.0
Open Source Observer,GITHUB_commits_daily,2025-01-10,5.0
Walnut,GITHUB_commits_daily,2025-01-10,6.0
Sylow,GITHUB_commits_daily,2025-01-10,2.0
Runtime Verification,GITHUB_commits_daily,2025-01-10,4.0
Passport XYZ,GITHUB_commits_daily,2025-01-10,2.0
Trail of Bits Security Reviews,GITHUB_releases_daily,2025-01-10,1.0
Open Source Observer,GITHUB_repositories_daily,2025-01-10,2.0
Pyth Network,GITHUB_repositories_daily,2025-01-10,6.0
Sylow,GITHUB_repositories_daily,2025-01-10,1.0
thirdweb,GITHUB_repositories_daily,2025-01-10,4.0
Walnut,GITHUB_contributors_daily,2025-01-10,3.0
Passport XYZ,GITHUB_contributors_daily,2025-01-10,2.0
Redstone Finance,GITHUB_contributors_daily,2025-01-10,1.0
Sylow,GITHUB_active_developers_daily,2025-01-10,1.0
thirdweb,GITHUB_active_developers_daily,2025-01-10,3.0
Walnut,GITHUB_active_developers_daily,2025-01-10,1.0
Open Source Observer,GITHUB_opened_pull_requests_daily,2025-01-10,3.0
Trail of Bits Security Reviews,GITHUB_opened_pull_requests_daily,2025-01-10,11.0
Passport XYZ,GITHUB_opened_pull_requests_daily,2025-01-10,4.0
Walnut,GITHUB_opened_pull_requests_daily,2025-01-10,3.0
thirdweb,GITHUB_merged_pull_requests_daily,2025-01-10,2.0
Pyth Network,GITHUB_merged_pull_requests_daily,2025-01-10,11.0
Walnut,GITHUB_merged_pull_requests_daily,2025-01-10,1.0
Open Source Observer,GITHUB_opened_issues_daily,2025-01-10,9.0
thirdweb,GITHUB_closed_issues_daily,2025-01-10,1.0
Runtime Verification,GITHUB_closed_issues_daily,2025-01-10,1.0
Passport XYZ,GITHUB_closed_issues_daily,2025-01-10,2.0
Open Source Observer,GITHUB_comments_daily,2024-02-27,14.0
Pyth Network,GITHUB_stars_daily,2024-02-27,1.0
Runtime Verification,GITHUB_commits_daily,2024-02-27,30.0
Runtime Verification,GITHUB_releases_daily,2024-02-27,8.0
thirdweb,GITHUB_forks_daily,2024-02-27,1.0
Trail of Bits Security Reviews,GITHUB_repositories_daily,2024-02-27,16.0
Redstone Finance,GITHUB_repositories_daily,2024-02-27,2.0
Redstone Finance,GITHUB_contributors_daily,2024-02-27,2.0
Runtime Verification,GITHUB_contributors_daily,2024-02-27,13.0
Trail of Bits Security Reviews,GITHUB_contributors_daily,2024-02-27,6.0
Redstone Finance,GITHUB_active_developers_daily,2024-02-27,2.0
Open Source Observer,GITHUB_active_developers_daily,2024-02-27,3.0
Open Source Observer,GITHUB_opened_pull_requests_daily,2024-02-27,4.0
Open Source Observer,GITHUB_merged_pull_requests_daily,2024-02-27,6.0
thirdweb,GITHUB_merged_pull_requests_daily,2024-02-27,11.0
Open Source Observer,GITHUB_closed_issues_daily,2024-02-27,8.0
Runtime Verification,GITHUB_closed_issues_daily,2024-02-27,7.0
Redstone Finance,GITHUB_comments_daily,2024-07-10,1.0
thirdweb,GITHUB_stars_daily,2024-07-10,4.0
Runtime Verification,GITHUB_commits_daily,2024-07-10,62.0
Runtime Verification,GITHUB_contributors_daily,2024-07-10,14.0
Pyth Network,GITHUB_contributors_daily,2024-07-10,7.0
Trail of Bits Security Reviews,GITHUB_contributors_daily,2024-07-10,7.0
Runtime Verification,GITHUB_active_developers_daily,2024-07-10,4.0
Redstone Finance,GITHUB_active_developers_daily,2024-07-10,1.0
Trail of Bits Security Reviews,GITHUB_merged_pull_requests_daily,2024-07-10,5.0
Runtime Verification,GITHUB_merged_pull_requests_daily,2024-07-10,18.0
Open Source Observer,GITHUB_opened_issues_daily,2024-07-10,2.0
thirdweb,GITHUB_closed_issues_daily,2024-07-10,2.0
Pyth Network,GITHUB_comments_daily,2024-12-07,1.0
thirdweb,GITHUB_stars_daily,2024-12-07,7.0
Trail of Bits Security Reviews,GITHUB_forks_daily,2024-12-07,1.0
Enclave,GITHUB_repositories_daily,2024-12-07,1.0
thirdweb,GITHUB_repositories_daily,2024-12-07,7.0
Pyth Network,GITHUB_contributors_daily,2024-12-07,2.0
thirdweb,GITHUB_contributors_daily,2024-12-07,6.0
thirdweb,GITHUB_active_developers_daily,2024-12-07,2.0
Trail of Bits Security Reviews,GITHUB_active_developers_daily,2024-12-07,3.0
Walnut,GITHUB_comments_daily,2024-08-30,1.0
thirdweb,GITHUB_comments_daily,2024-08-30,69.0
Pyth Network,GITHUB_comments_daily,2024-08-30,11.0
Trail of Bits Security Reviews,GITHUB_stars_daily,2024-08-30,11.0
thirdweb,GITHUB_stars_daily,2024-08-30,2.0
Pyth Network,GITHUB_stars_daily,2024-08-30,2.0
thirdweb,GITHUB_commits_daily,2024-08-30,15.0
Walnut,GITHUB_commits_daily,2024-08-30,9.0
Open Source Observer,GITHUB_commits_daily,2024-08-30,6.0
Trail of Bits Security Reviews,GITHUB_releases_daily,2024-08-30,8.0
Trail of Bits Security Reviews,GITHUB_contributors_daily,2024-08-30,7.0
Walnut,GITHUB_contributors_daily,2024-08-30,3.0
Redstone Finance,GITHUB_contributors_daily,2024-08-30,3.0
Trail of Bits Security Reviews,GITHUB_active_developers_daily,2024-08-30,2.0
Pyth Network,GITHUB_active_developers_daily,2024-08-30,4.0
Open Source Observer,GITHUB_active_developers_daily,2024-08-30,3.0
Trail of Bits Security Reviews,GITHUB_opened_pull_requests_daily,2024-08-30,8.0
Walnut,GITHUB_opened_pull_requests_daily,2024-08-30,1.0
Enclave,GITHUB_opened_pull_requests_daily,2024-08-30,2.0
Enclave,GITHUB_opened_issues_daily,2024-08-30,5.0
Runtime Verification,GITHUB_opened_issues_daily,2024-08-30,2.0
Open Source Observer,GITHUB_closed_issues_daily,2024-08-30,1.0
Trail of Bits Security Reviews,GITHUB_closed_issues_daily,2024-08-30,1.0
Pyth Network,GITHUB_repositories_daily,2024-04-14,1.0
thirdweb,GITHUB_contributors_daily,2024-04-14,1.0
thirdweb,GITHUB_opened_pull_requests_daily,2024-04-14,1.0
Pyth Network,GITHUB_forks_weekly,2024-11-18,3.0
Solang,GITHUB_comments_daily,2024-11-18,1.0
Passport XYZ,GITHUB_comments_daily,2024-11-18,8.0
Redstone Finance,GITHUB_comments_daily,2024-11-18,4.0
Trail of Bits Security Reviews,GITHUB_stars_weekly,2024-11-18,92.0
thirdweb,GITHUB_commits_daily,2024-11-18,16.0
Trail of Bits Security Reviews,GITHUB_releases_weekly,2024-11-18,7.0
Passport XYZ,GITHUB_comments_weekly,2024-11-18,34.0
Sylow,GITHUB_comments_weekly,2024-11-18,2.0
Redstone Finance,GITHUB_comments_weekly,2024-11-18,15.0
Solang,GITHUB_comments_weekly,2024-11-18,3.0
Enclave,GITHUB_repositories_weekly,2024-11-18,1.0
thirdweb,GITHUB_repositories_weekly,2024-11-18,7.0
Passport XYZ,GITHUB_repositories_weekly,2024-11-18,5.0
Open Source Observer,GITHUB_repositories_daily,2024-11-18,2.0
Remix IDE plugin for Arbitrum Stylus,GITHUB_contributors_weekly,2024-11-18,1.0
Moving Stylus,GITHUB_contributors_weekly,2024-11-18,2.0
Pyth Network,GITHUB_contributors_weekly,2024-11-18,17.0
Walnut,GITHUB_contributors_weekly,2024-11-18,3.0
thirdweb,GITHUB_active_developers_weekly,2024-11-18,6.0
Redstone Finance,GITHUB_active_developers_daily,2024-11-18,3.0
Pyth Network,GITHUB_active_developers_daily,2024-11-18,5.0
Trail of Bits Security Reviews,GITHUB_active_developers_daily,2024-11-18,4.0
thirdweb,GITHUB_active_developers_daily,2024-11-18,4.0
thirdweb,GITHUB_merged_pull_requests_weekly,2024-11-18,48.0
Walnut,GITHUB_merged_pull_requests_weekly,2024-11-18,3.0
Runtime Verification,GITHUB_merged_pull_requests_weekly,2024-11-18,20.0
Runtime Verification,GITHUB_opened_pull_requests_daily,2024-11-18,2.0
Redstone Finance,GITHUB_opened_pull_requests_daily,2024-11-18,2.0
Passport XYZ,GITHUB_merged_pull_requests_daily,2024-11-18,4.0
thirdweb,GITHUB_merged_pull_requests_daily,2024-11-18,12.0
Redstone Finance,GITHUB_merged_pull_requests_daily,2024-11-18,1.0
thirdweb,GITHUB_opened_issues_weekly,2024-11-18,5.0
Trail of Bits Security Reviews,GITHUB_opened_issues_daily,2024-11-18,4.0
Runtime Verification,GITHUB_closed_issues_weekly,2024-11-18,4.0
thirdweb,GITHUB_closed_issues_daily,2024-11-18,2.0
Passport XYZ,GITHUB_closed_issues_daily,2024-11-18,2.0
Open Source Observer,GITHUB_closed_issues_daily,2024-11-18,7.0
Open Source Observer,GITHUB_comments_daily,2024-08-02,20.0
Runtime Verification,GITHUB_comments_daily,2024-08-02,19.0
Runtime Verification,GITHUB_stars_daily,2024-08-02,3.0
Passport XYZ,GITHUB_commits_daily,2024-08-02,8.0
thirdweb,GITHUB_commits_daily,2024-08-02,12.0
Runtime Verification,GITHUB_forks_daily,2024-08-02,2.0
Runtime Verification,GITHUB_repositories_daily,2024-08-02,9.0
Redstone Finance,GITHUB_contributors_daily,2024-08-02,4.0
Passport XYZ,GITHUB_contributors_daily,2024-08-02,3.0
Open Source Observer,GITHUB_contributors_daily,2024-08-02,2.0
Redstone Finance,GITHUB_active_developers_daily,2024-08-02,3.0
Runtime Verification,GITHUB_opened_pull_requests_daily,2024-08-02,7.0
Redstone Finance,GITHUB_opened_pull_requests_daily,2024-08-02,1.0
Walnut,GITHUB_opened_pull_requests_daily,2024-08-02,3.0
Walnut,GITHUB_merged_pull_requests_daily,2024-08-02,3.0
Runtime Verification,GITHUB_merged_pull_requests_daily,2024-08-02,7.0
Passport XYZ,GITHUB_opened_issues_daily,2024-08-02,2.0
Passport XYZ,GITHUB_closed_issues_daily,2024-08-02,4.0
thirdweb,GITHUB_comments_daily,2024-07-05,21.0
Trail of Bits Security Reviews,GITHUB_comments_daily,2024-07-05,25.0
Trail of Bits Security Reviews,GITHUB_commits_daily,2024-07-05,10.0
thirdweb,GITHUB_commits_daily,2024-07-05,6.0
Passport XYZ,GITHUB_stars_daily,2024-07-05,2.0
Trail of Bits Security Reviews,GITHUB_stars_daily,2024-07-05,15.0
Runtime Verification,GITHUB_releases_daily,2024-07-05,5.0
Pyth Network,GITHUB_releases_daily,2024-07-05,1.0
Redstone Finance,GITHUB_repositories_daily,2024-07-05,2.0
Walnut,GITHUB_repositories_daily,2024-07-05,2.0
Trail of Bits Security Reviews,GITHUB_repositories_daily,2024-07-05,11.0
thirdweb,GITHUB_repositories_daily,2024-07-05,3.0
Redstone Finance,GITHUB_contributors_daily,2024-07-05,1.0
Pyth Network,GITHUB_contributors_daily,2024-07-05,4.0
Trail of Bits Security Reviews,GITHUB_active_developers_daily,2024-07-05,4.0
Redstone Finance,GITHUB_active_developers_daily,2024-07-05,1.0
thirdweb,GITHUB_opened_pull_requests_daily,2024-07-05,3.0
Pyth Network,GITHUB_opened_pull_requests_daily,2024-07-05,2.0
Runtime Verification,GITHUB_merged_pull_requests_daily,2024-07-05,5.0
thirdweb,GITHUB_merged_pull_requests_daily,2024-07-05,6.0
Trail of Bits Security Reviews,GITHUB_closed_issues_daily,2024-07-05,1.0
Walnut,GITHUB_closed_issues_daily,2024-07-05,1.0
Pyth Network,GITHUB_comments_daily,2024-05-23,22.0
Trail of Bits Security Reviews,GITHUB_comments_daily,2024-05-23,1.0
Open Source Observer,GITHUB_stars_daily,2024-05-23,1.0
Passport XYZ,GITHUB_commits_daily,2024-05-23,4.0
Redstone Finance,GITHUB_commits_daily,2024-05-23,10.0
Trail of Bits Security Reviews,GITHUB_commits_daily,2024-05-23,3.0
Walnut,GITHUB_commits_daily,2024-05-23,13.0
Pyth Network,GITHUB_releases_daily,2024-05-23,1.0
thirdweb,GITHUB_forks_daily,2024-05-23,2.0
Redstone Finance,GITHUB_contributors_daily,2024-05-23,1.0
Passport XYZ,GITHUB_contributors_daily,2024-05-23,2.0
Walnut,GITHUB_contributors_daily,2024-05-23,3.0
Open Source Observer,GITHUB_contributors_daily,2024-05-23,7.0
Walnut,GITHUB_active_developers_daily,2024-05-23,2.0
Redstone Finance,GITHUB_active_developers_daily,2024-05-23,1.0
Walnut,GITHUB_opened_pull_requests_daily,2024-05-23,7.0
thirdweb,GITHUB_opened_pull_requests_daily,2024-05-23,17.0
Walnut,GITHUB_merged_pull_requests_daily,2024-05-23,7.0
Open Source Observer,GITHUB_closed_issues_daily,2024-05-23,4.0
Walnut,GITHUB_closed_issues_daily,2024-05-23,1.0
Trail of Bits Security Reviews,GITHUB_stars_daily,2024-10-06,9.0
Open Source Observer,GITHUB_stars_daily,2024-10-06,1.0
thirdweb,GITHUB_stars_daily,2024-10-06,1.0
Trail of Bits Security Reviews,GITHUB_repositories_daily,2024-10-06,5.0
thirdweb,GITHUB_repositories_daily,2024-10-06,1.0
Trail of Bits Security Reviews,GITHUB_contributors_daily,2024-10-06,3.0
Trail of Bits Security Reviews,GITHUB_active_developers_daily,2024-10-06,2.0
Passport XYZ,GITHUB_comments_daily,2025-03-07,2.0
thirdweb,GITHUB_commits_daily,2025-03-07,9.0
Pyth Network,GITHUB_releases_daily,2025-03-07,1.0
CodeTracer,GITHUB_forks_daily,2025-03-07,2.0
Debid - Fairblock,GITHUB_forks_daily,2025-03-07,1.0
thirdweb,GITHUB_repositories_daily,2025-03-07,3.0
Walnut,GITHUB_repositories_daily,2025-03-07,6.0
CodeTracer,GITHUB_repositories_daily,2025-03-07,1.0
Redstone Finance,GITHUB_repositories_daily,2025-03-07,4.0
Trail of Bits Security Reviews,GITHUB_repositories_daily,2025-03-07,11.0
Debid - Fairblock,GITHUB_contributors_daily,2025-03-07,1.0
Pyth Network,GITHUB_contributors_daily,2025-03-07,5.0
Passport XYZ,GITHUB_contributors_daily,2025-03-07,3.0
Walnut,GITHUB_contributors_daily,2025-03-07,6.0
9Lives,GITHUB_contributors_daily,2025-03-07,1.0
CodeTracer,GITHUB_contributors_daily,2025-03-07,1.0
thirdweb,GITHUB_active_developers_daily,2025-03-07,3.0
Redstone Finance,GITHUB_opened_pull_requests_daily,2025-03-07,1.0
9Lives,GITHUB_opened_pull_requests_daily,2025-03-07,1.0
CodeTracer,GITHUB_opened_pull_requests_daily,2025-03-07,1.0
Walnut,GITHUB_opened_pull_requests_daily,2025-03-07,6.0
thirdweb,GITHUB_merged_pull_requests_daily,2025-03-07,8.0
Open Source Observer,GITHUB_opened_issues_daily,2025-03-07,7.0
Open Source Observer,GITHUB_comments_daily,2024-05-21,43.0
Walnut,GITHUB_comments_daily,2024-05-21,5.0
thirdweb,GITHUB_stars_daily,2024-05-21,2.0
Passport XYZ,GITHUB_commits_daily,2024-05-21,4.0
Pyth Network,GITHUB_commits_daily,2024-05-21,8.0
Runtime Verification,GITHUB_releases_daily,2024-05-21,12.0
thirdweb,GITHUB_forks_daily,2024-05-21,1.0
Pyth Network,GITHUB_repositories_daily,2024-05-21,6.0
thirdweb,GITHUB_opened_pull_requests_daily,2024-05-21,16.0
Redstone Finance,GITHUB_merged_pull_requests_daily,2024-05-21,1.0
Trail of Bits Security Reviews,GITHUB_opened_issues_daily,2024-05-21,2.0
Open Source Observer,GITHUB_closed_issues_daily,2024-05-21,7.0
Pyth Network,GITHUB_comments_daily,2024-01-02,4.0
Trail of Bits Security Reviews,GITHUB_commits_daily,2024-01-02,26.0
thirdweb,GITHUB_stars_daily,2024-01-02,3.0
Debid - Fairblock,GITHUB_repositories_daily,2024-01-02,1.0
Redstone Finance,GITHUB_contributors_daily,2024-01-02,1.0
Trail of Bits Security Reviews,GITHUB_opened_pull_requests_daily,2024-01-02,4.0
Debid - Fairblock,GITHUB_opened_pull_requests_daily,2024-01-02,1.0
Trail of Bits Security Reviews,GITHUB_merged_pull_requests_daily,2024-01-02,12.0
thirdweb,GITHUB_merged_pull_requests_daily,2024-01-02,10.0
Runtime Verification,GITHUB_forks_weekly,2024-06-24,5.0
Pyth Network,GITHUB_comments_daily,2024-06-24,17.0
thirdweb,GITHUB_stars_daily,2024-06-24,1.0
thirdweb,GITHUB_commits_daily,2024-06-24,18.0
Runtime Verification,GITHUB_stars_weekly,2024-06-24,9.0
Runtime Verification,GITHUB_releases_daily,2024-06-24,15.0
Trail of Bits Security Reviews,GITHUB_releases_weekly,2024-06-24,3.0
thirdweb,GITHUB_releases_weekly,2024-06-24,5.0
thirdweb,GITHUB_commits_weekly,2024-06-24,101.0
Redstone Finance,GITHUB_commits_weekly,2024-06-24,20.0
Redstone Finance,GITHUB_comments_weekly,2024-06-24,1.0
Trail of Bits Security Reviews,GITHUB_comments_weekly,2024-06-24,59.0
Passport XYZ,GITHUB_comments_weekly,2024-06-24,4.0
Enclave,GITHUB_comments_weekly,2024-06-24,2.0
Pyth Network,GITHUB_comments_weekly,2024-06-24,117.0
thirdweb,GITHUB_forks_daily,2024-06-24,4.0
Enclave,GITHUB_repositories_daily,2024-06-24,1.0
Debid - Fairblock,GITHUB_repositories_daily,2024-06-24,1.0
Pyth Network,GITHUB_repositories_daily,2024-06-24,6.0
Walnut,GITHUB_repositories_daily,2024-06-24,3.0
Runtime Verification,GITHUB_repositories_daily,2024-06-24,15.0
thirdweb,GITHUB_repositories_weekly,2024-06-24,8.0
Enclave,GITHUB_repositories_weekly,2024-06-24,1.0
Open Source Observer,GITHUB_contributors_daily,2024-06-24,4.0
Trail of Bits Security Reviews,GITHUB_contributors_daily,2024-06-24,12.0
Redstone Finance,GITHUB_contributors_daily,2024-06-24,1.0
Runtime Verification,GITHUB_contributors_daily,2024-06-24,16.0
Debid - Fairblock,GITHUB_contributors_daily,2024-06-24,1.0
thirdweb,GITHUB_contributors_weekly,2024-06-24,21.0
Debid - Fairblock,GITHUB_contributors_weekly,2024-06-24,3.0
Passport XYZ,GITHUB_contributors_weekly,2024-06-24,1.0
Redstone Finance,GITHUB_contributors_weekly,2024-06-24,2.0
Debid - Fairblock,GITHUB_active_developers_weekly,2024-06-24,2.0
Pyth Network,GITHUB_active_developers_weekly,2024-06-24,11.0
Walnut,GITHUB_active_developers_weekly,2024-06-24,3.0
Enclave,GITHUB_opened_pull_requests_weekly,2024-06-24,2.0
Open Source Observer,GITHUB_opened_pull_requests_weekly,2024-06-24,33.0
Walnut,GITHUB_opened_pull_requests_weekly,2024-06-24,12.0
Trail of Bits Security Reviews,GITHUB_opened_pull_requests_weekly,2024-06-24,51.0
Debid - Fairblock,GITHUB_opened_pull_requests_daily,2024-06-24,1.0
Walnut,GITHUB_merged_pull_requests_weekly,2024-06-24,14.0
thirdweb,GITHUB_merged_pull_requests_daily,2024-06-24,18.0
Open Source Observer,GITHUB_merged_pull_requests_daily,2024-06-24,6.0
Pyth Network,GITHUB_merged_pull_requests_daily,2024-06-24,11.0
Trail of Bits Security Reviews,GITHUB_opened_issues_daily,2024-06-24,2.0
Trail of Bits Security Reviews,GITHUB_opened_issues_weekly,2024-06-24,11.0
Pyth Network,GITHUB_opened_issues_weekly,2024-06-24,4.0
thirdweb,GITHUB_closed_issues_daily,2024-06-24,3.0
Open Source Observer,GITHUB_closed_issues_weekly,2024-06-24,14.0
Passport XYZ,GITHUB_comments_daily,2024-08-29,6.0
Redstone Finance,GITHUB_comments_daily,2024-08-29,2.0
Pyth Network,GITHUB_stars_daily,2024-08-29,1.0
Runtime Verification,GITHUB_commits_daily,2024-08-29,9.0
Open Source Observer,GITHUB_commits_daily,2024-08-29,3.0
thirdweb,GITHUB_commits_daily,2024-08-29,10.0
Runtime Verification,GITHUB_releases_daily,2024-08-29,7.0
Pyth Network,GITHUB_releases_daily,2024-08-29,2.0
Trail of Bits Security Reviews,GITHUB_releases_daily,2024-08-29,3.0
Trail of Bits Security Reviews,GITHUB_forks_daily,2024-08-29,2.0
Runtime Verification,GITHUB_repositories_daily,2024-08-29,6.0
Passport XYZ,GITHUB_repositories_daily,2024-08-29,4.0
Trail of Bits Security Reviews,GITHUB_contributors_daily,2024-08-29,5.0
thirdweb,GITHUB_contributors_daily,2024-08-29,11.0
Runtime Verification,GITHUB_contributors_daily,2024-08-29,5.0
Runtime Verification,GITHUB_active_developers_daily,2024-08-29,3.0
thirdweb,GITHUB_opened_pull_requests_daily,2024-08-29,13.0
Trail of Bits Security Reviews,GITHUB_opened_pull_requests_daily,2024-08-29,5.0
Runtime Verification,GITHUB_merged_pull_requests_daily,2024-08-29,5.0
Redstone Finance,GITHUB_merged_pull_requests_daily,2024-08-29,2.0
thirdweb,GITHUB_merged_pull_requests_daily,2024-08-29,10.0
Trail of Bits Security Reviews,GITHUB_merged_pull_requests_daily,2024-08-29,4.0
Open Source Observer,GITHUB_opened_issues_daily,2024-08-29,1.0
Passport XYZ,GITHUB_closed_issues_daily,2024-08-29,4.0
Open Source Observer,GITHUB_closed_issues_daily,2024-08-29,1.0
Runtime Verification,GITHUB_closed_issues_daily,2024-08-29,1.0
thirdweb,GITHUB_comments_daily,2024-02-28,88.0
Walnut,GITHUB_stars_daily,2024-02-28,1.0
thirdweb,GITHUB_stars_daily,2024-02-28,1.0
Walnut,GITHUB_commits_daily,2024-02-28,9.0
Pyth Network,GITHUB_releases_daily,2024-02-28,2.0
thirdweb,GITHUB_forks_daily,2024-02-28,4.0
Pyth Network,GITHUB_repositories_daily,2024-02-28,5.0
Walnut,GITHUB_contributors_daily,2024-02-28,3.0
Runtime Verification,GITHUB_active_developers_daily,2024-02-28,5.0
Open Source Observer,GITHUB_active_developers_daily,2024-02-28,2.0
thirdweb,GITHUB_active_developers_daily,2024-02-28,6.0
Pyth Network,GITHUB_active_developers_daily,2024-02-28,3.0
Pyth Network,GITHUB_opened_pull_requests_daily,2024-02-28,3.0
Runtime Verification,GITHUB_opened_pull_requests_daily,2024-02-28,22.0
Trail of Bits Security Reviews,GITHUB_opened_pull_requests_daily,2024-02-28,8.0
thirdweb,GITHUB_merged_pull_requests_daily,2024-02-28,13.0
Walnut,GITHUB_opened_issues_daily,2024-02-28,1.0
Pyth Network,GITHUB_comments_daily,2024-06-04,14.0
Passport XYZ,GITHUB_comments_daily,2024-06-04,10.0
Runtime Verification,GITHUB_comments_daily,2024-06-04,32.0
thirdweb,GITHUB_commits_daily,2024-06-04,7.0
Passport XYZ,GITHUB_commits_daily,2024-06-04,36.0
Redstone Finance,GITHUB_commits_daily,2024-06-04,4.0
thirdweb,GITHUB_forks_daily,2024-06-04,2.0
thirdweb,GITHUB_repositories_daily,2024-06-04,6.0
Pyth Network,GITHUB_repositories_daily,2024-06-04,5.0
Passport XYZ,GITHUB_active_developers_daily,2024-06-04,1.0
Trail of Bits Security Reviews,GITHUB_active_developers_daily,2024-06-04,6.0
Runtime Verification,GITHUB_opened_pull_requests_daily,2024-06-04,12.0
thirdweb,GITHUB_contributors_daily,2024-06-04,11.0
Trail of Bits Security Reviews,GITHUB_contributors_daily,2024-06-04,6.0
Runtime Verification,GITHUB_opened_issues_daily,2024-06-04,3.0
Open Source Observer,GITHUB_closed_issues_daily,2024-06-04,1.0
Pyth Network,GITHUB_forks_weekly,2024-12-16,6.0
Solang,GITHUB_forks_weekly,2024-12-16,1.0
Trail of Bits Security Reviews,GITHUB_forks_weekly,2024-12-16,10.0
Passport XYZ,GITHUB_comments_daily,2024-12-16,14.0
Pyth Network,GITHUB_stars_daily,2024-12-16,1.0
Trail of Bits Security Reviews,GITHUB_stars_daily,2024-12-16,16.0
thirdweb,GITHUB_commits_daily,2024-12-16,12.0
Open Source Observer,GITHUB_stars_weekly,2024-12-16,2.0
Walnut,GITHUB_stars_weekly,2024-12-16,1.0
Runtime Verification,GITHUB_stars_weekly,2024-12-16,6.0
Runtime Verification,GITHUB_releases_daily,2024-12-16,5.0
Trail of Bits Security Reviews,GITHUB_releases_weekly,2024-12-16,3.0
Runtime Verification,GITHUB_releases_weekly,2024-12-16,20.0
Passport XYZ,GITHUB_releases_weekly,2024-12-16,2.0
Pyth Network,GITHUB_releases_weekly,2024-12-16,7.0
Remix IDE plugin for Arbitrum Stylus,GITHUB_releases_weekly,2024-12-16,1.0
Redstone Finance,GITHUB_commits_weekly,2024-12-16,55.0
thirdweb,GITHUB_commits_weekly,2024-12-16,59.0
Passport XYZ,GITHUB_commits_weekly,2024-12-16,50.0
Open Source Observer,GITHUB_commits_weekly,2024-12-16,24.0
Pyth Network,GITHUB_commits_weekly,2024-12-16,34.0
Remix IDE plugin for Arbitrum Stylus,GITHUB_commits_weekly,2024-12-16,8.0
Trail of Bits Security Reviews,GITHUB_commits_weekly,2024-12-16,135.0
Walnut,GITHUB_comments_weekly,2024-12-16,2.0
Trail of Bits Security Reviews,GITHUB_comments_weekly,2024-12-16,23.0
Redstone Finance,GITHUB_comments_weekly,2024-12-16,8.0
Pyth Network,GITHUB_comments_weekly,2024-12-16,152.0
Runtime Verification,GITHUB_repositories_daily,2024-12-16,4.0
Pyth Network,GITHUB_repositories_daily,2024-12-16,3.0
Passport XYZ,GITHUB_repositories_daily,2024-12-16,2.0
Debid - Fairblock,GITHUB_repositories_weekly,2024-12-16,5.0
Walnut,GITHUB_repositories_weekly,2024-12-16,6.0
Arbos Foundry,GITHUB_repositories_weekly,2024-12-16,1.0
Remix IDE plugin for Arbitrum Stylus,GITHUB_contributors_daily,2024-12-16,1.0
Redstone Finance,GITHUB_contributors_daily,2024-12-16,2.0
thirdweb,GITHUB_contributors_daily,2024-12-16,10.0
Runtime Verification,GITHUB_contributors_daily,2024-12-16,6.0
Solang,GITHUB_contributors_weekly,2024-12-16,2.0
Debid - Fairblock,GITHUB_contributors_weekly,2024-12-16,4.0
Runtime Verification,GITHUB_contributors_weekly,2024-12-16,16.0
Passport XYZ,GITHUB_contributors_weekly,2024-12-16,5.0
Walnut,GITHUB_active_developers_daily,2024-12-16,1.0
Redstone Finance,GITHUB_active_developers_daily,2024-12-16,1.0
Runtime Verification,GITHUB_active_developers_weekly,2024-12-16,6.0
Arbos Foundry,GITHUB_opened_pull_requests_weekly,2024-12-16,1.0
Runtime Verification,GITHUB_opened_pull_requests_weekly,2024-12-16,19.0
Open Source Observer,GITHUB_merged_pull_requests_weekly,2024-12-16,22.0
Trail of Bits Security Reviews,GITHUB_merged_pull_requests_weekly,2024-12-16,52.0
Passport XYZ,GITHUB_opened_pull_requests_weekly,2024-12-16,44.0
Trail of Bits Security Reviews,GITHUB_merged_pull_requests_daily,2024-12-16,18.0
Passport XYZ,GITHUB_opened_issues_daily,2024-12-16,8.0
Walnut,GITHUB_opened_issues_weekly,2024-12-16,1.0
Passport XYZ,GITHUB_opened_issues_weekly,2024-12-16,24.0
Enclave,GITHUB_opened_issues_weekly,2024-12-16,2.0
Enclave,GITHUB_closed_issues_weekly,2024-12-16,1.0
Passport XYZ,GITHUB_closed_issues_weekly,2024-12-16,18.0
Redstone Finance,GITHUB_comments_daily,2024-04-20,1.0
thirdweb,GITHUB_stars_daily,2024-04-20,1.0
Redstone Finance,GITHUB_stars_daily,2024-04-20,5.0
Runtime Verification,GITHUB_releases_daily,2024-04-20,2.0
thirdweb,GITHUB_forks_daily,2024-04-20,3.0
Pyth Network,GITHUB_forks_daily,2024-04-20,1.0
Redstone Finance,GITHUB_repositories_daily,2024-04-20,7.0
Trail of Bits Security Reviews,GITHUB_repositories_daily,2024-04-20,8.0
thirdweb,GITHUB_repositories_daily,2024-04-20,5.0
Open Source Observer,GITHUB_contributors_daily,2024-04-20,1.0
Trail of Bits Security Reviews,GITHUB_active_developers_daily,2024-04-20,1.0
Open Source Observer,GITHUB_opened_pull_requests_daily,2024-04-20,2.0
Redstone Finance,GITHUB_opened_pull_requests_daily,2024-04-20,1.0
Trail of Bits Security Reviews,GITHUB_merged_pull_requests_daily,2024-04-20,2.0
Open Source Observer,GITHUB_merged_pull_requests_daily,2024-04-20,3.0
thirdweb,GITHUB_merged_pull_requests_daily,2024-04-20,4.0
Pyth Network,GITHUB_opened_issues_daily,2024-04-20,1.0
Pyth Network,GITHUB_comments_daily,2024-10-24,35.0
Redstone Finance,GITHUB_comments_daily,2024-10-24,2.0
Trail of Bits Security Reviews,GITHUB_commits_daily,2024-10-24,4.0
Runtime Verification,GITHUB_commits_daily,2024-10-24,2.0
Open Source Observer,GITHUB_commits_daily,2024-10-24,23.0
Debid - Fairblock,GITHUB_releases_daily,2024-10-24,12.0
Trail of Bits Security Reviews,GITHUB_forks_daily,2024-10-24,1.0
Passport XYZ,GITHUB_forks_daily,2024-10-24,6.0
Walnut,GITHUB_repositories_daily,2024-10-24,1.0
Debid - Fairblock,GITHUB_repositories_daily,2024-10-24,2.0
Debid - Fairblock,GITHUB_contributors_daily,2024-10-24,3.0
Passport XYZ,GITHUB_contributors_daily,2024-10-24,4.0
Enclave,GITHUB_opened_pull_requests_daily,2024-10-24,1.0
Open Source Observer,GITHUB_opened_pull_requests_daily,2024-10-24,17.0
Passport XYZ,GITHUB_merged_pull_requests_daily,2024-10-24,8.0
Open Source Observer,GITHUB_closed_issues_daily,2024-10-24,5.0
Open Source Observer,GITHUB_comments_daily,2024-06-10,17.0
Open Source Observer,GITHUB_forks_weekly,2024-06-10,5.0
Walnut,GITHUB_forks_weekly,2024-06-10,1.0
Debid - Fairblock,GITHUB_stars_weekly,2024-06-10,1.0
Pyth Network,GITHUB_commits_daily,2024-06-10,2.0
Trail of Bits Security Reviews,GITHUB_releases_daily,2024-06-10,1.0
Redstone Finance,GITHUB_commits_weekly,2024-06-10,26.0
thirdweb,GITHUB_commits_weekly,2024-06-10,98.0
Passport XYZ,GITHUB_comments_weekly,2024-06-10,12.0
Open Source Observer,GITHUB_comments_weekly,2024-06-10,80.0
Syndicate Protocol,GITHUB_repositories_weekly,2024-06-10,1.0
Trail of Bits Security Reviews,GITHUB_repositories_weekly,2024-06-10,35.0
Redstone Finance,GITHUB_repositories_weekly,2024-06-10,6.0
Enclave,GITHUB_repositories_weekly,2024-06-10,1.0
thirdweb,GITHUB_repositories_daily,2024-06-10,5.0
Open Source Observer,GITHUB_repositories_daily,2024-06-10,2.0
thirdweb,GITHUB_contributors_weekly,2024-06-10,31.0
Runtime Verification,GITHUB_contributors_weekly,2024-06-10,23.0
Debid - Fairblock,GITHUB_active_developers_weekly,2024-06-10,1.0
Redstone Finance,GITHUB_active_developers_weekly,2024-06-10,4.0
Passport XYZ,GITHUB_active_developers_weekly,2024-06-10,1.0
Runtime Verification,GITHUB_contributors_daily,2024-06-10,8.0
Pyth Network,GITHUB_contributors_daily,2024-06-10,3.0
Open Source Observer,GITHUB_contributors_daily,2024-06-10,3.0
thirdweb,GITHUB_active_developers_daily,2024-06-10,9.0
Trail of Bits Security Reviews,GITHUB_active_developers_daily,2024-06-10,3.0
Open Source Observer,GITHUB_opened_pull_requests_weekly,2024-06-10,38.0
Walnut,GITHUB_opened_pull_requests_weekly,2024-06-10,9.0
Enclave,GITHUB_opened_pull_requests_weekly,2024-06-10,1.0
Pyth Network,GITHUB_opened_pull_requests_daily,2024-06-10,3.0
Trail of Bits Security Reviews,GITHUB_merged_pull_requests_daily,2024-06-10,9.0
Passport XYZ,GITHUB_opened_issues_weekly,2024-06-10,2.0
Trail of Bits Security Reviews,GITHUB_closed_issues_weekly,2024-06-10,2.0
Walnut,GITHUB_comments_daily,2025-02-06,10.0
Solang,GITHUB_comments_daily,2025-02-06,2.0
Runtime Verification,GITHUB_comments_daily,2025-02-06,15.0
Redstone Finance,GITHUB_commits_daily,2025-02-06,6.0
Open Source Observer,GITHUB_commits_daily,2025-02-06,11.0
Passport XYZ,GITHUB_commits_daily,2025-02-06,25.0
Trail of Bits Security Reviews,GITHUB_releases_daily,2025-02-06,1.0
thirdweb,GITHUB_forks_daily,2025-02-06,4.0
Redstone Finance,GITHUB_forks_daily,2025-02-06,2.0
Runtime Verification,GITHUB_forks_daily,2025-02-06,2.0
Pyth Network,GITHUB_repositories_daily,2025-02-06,4.0
Open Source Observer,GITHUB_repositories_daily,2025-02-06,2.0
Trail of Bits Security Reviews,GITHUB_contributors_daily,2025-02-06,3.0
Pyth Network,GITHUB_contributors_daily,2025-02-06,7.0
Passport XYZ,GITHUB_active_developers_daily,2025-02-06,3.0
Redstone Finance,GITHUB_active_developers_daily,2025-02-06,3.0
Pyth Network,GITHUB_active_developers_daily,2025-02-06,5.0
Runtime Verification,GITHUB_active_developers_daily,2025-02-06,6.0
Solang,GITHUB_active_developers_daily,2025-02-06,1.0
Runtime Verification,GITHUB_opened_pull_requests_daily,2025-02-06,10.0
thirdweb,GITHUB_comments_daily,2025-02-15,31.0
Pyth Network,GITHUB_comments_daily,2025-02-15,7.0
Walnut,GITHUB_comments_daily,2025-02-15,13.0
Solang,GITHUB_comments_daily,2025-02-15,1.0
Passport XYZ,GITHUB_stars_daily,2025-02-15,4.0
Open Source Observer,GITHUB_stars_daily,2025-02-15,1.0
Pyth Network,GITHUB_stars_daily,2025-02-15,2.0
Solang,GITHUB_stars_daily,2025-02-15,1.0
thirdweb,GITHUB_repositories_daily,2025-02-15,6.0
Open Source Observer,GITHUB_repositories_daily,2025-02-15,1.0
thirdweb,GITHUB_active_developers_daily,2025-02-15,2.0
Trail of Bits Security Reviews,GITHUB_active_developers_daily,2025-02-15,1.0
Trail of Bits Security Reviews,GITHUB_contributors_daily,2025-02-15,2.0
9Lives,GITHUB_contributors_daily,2025-02-15,1.0
Walnut,GITHUB_contributors_daily,2025-02-15,3.0
Pyth Network,GITHUB_contributors_daily,2025-02-15,4.0
thirdweb,GITHUB_commits_daily,2024-09-28,8.0
Solang,GITHUB_forks_daily,2024-09-28,1.0
thirdweb,GITHUB_forks_daily,2024-09-28,2.0
Open Source Observer,GITHUB_forks_daily,2024-09-28,1.0
Runtime Verification,GITHUB_contributors_daily,2024-09-28,3.0
Walnut,GITHUB_opened_pull_requests_daily,2024-09-28,1.0
thirdweb,GITHUB_opened_pull_requests_daily,2024-09-28,11.0
Trail of Bits Security Reviews,GITHUB_merged_pull_requests_daily,2024-09-28,2.0
Open Source Observer,GITHUB_merged_pull_requests_daily,2024-09-28,1.0
Open Source Observer,GITHUB_closed_issues_daily,2024-09-28,2.0
Runtime Verification,GITHUB_comments_daily,2024-05-28,21.0
Walnut,GITHUB_comments_daily,2024-05-28,5.0
Runtime Verification,GITHUB_stars_daily,2024-05-28,3.0
Trail of Bits Security Reviews,GITHUB_stars_daily,2024-05-28,7.0
Trail of Bits Security Reviews,GITHUB_commits_daily,2024-05-28,8.0
Trail of Bits Security Reviews,GITHUB_forks_daily,2024-05-28,3.0
Pyth Network,GITHUB_forks_daily,2024-05-28,1.0
Syndicate Protocol,GITHUB_repositories_daily,2024-05-28,1.0
Open Source Observer,GITHUB_repositories_daily,2024-05-28,2.0
thirdweb,GITHUB_repositories_daily,2024-05-28,6.0
Pyth Network,GITHUB_contributors_daily,2024-05-28,12.0
Open Source Observer,GITHUB_contributors_daily,2024-05-28,5.0
Trail of Bits Security Reviews,GITHUB_active_developers_daily,2024-05-28,3.0
Open Source Observer,GITHUB_active_developers_daily,2024-05-28,2.0
Trail of Bits Security Reviews,GITHUB_opened_pull_requests_daily,2024-05-28,7.0
thirdweb,GITHUB_opened_pull_requests_daily,2024-05-28,22.0
Syndicate Protocol,GITHUB_merged_pull_requests_daily,2024-05-28,1.0
Open Source Observer,GITHUB_merged_pull_requests_daily,2024-05-28,5.0
Runtime Verification,GITHUB_opened_issues_daily,2024-05-28,1.0
Runtime Verification,GITHUB_forks_weekly,2024-10-07,7.0
Solang,GITHUB_forks_weekly,2024-10-07,1.0
Trail of Bits Security Reviews,GITHUB_forks_weekly,2024-10-07,7.0
Redstone Finance,GITHUB_comments_daily,2024-10-07,4.0
Open Source Observer,GITHUB_comments_daily,2024-10-07,8.0
Trail of Bits Security Reviews,GITHUB_comments_daily,2024-10-07,11.0
Runtime Verification,GITHUB_comments_daily,2024-10-07,21.0
Passport XYZ,GITHUB_stars_daily,2024-10-07,2.0
Trail of Bits Security Reviews,GITHUB_commits_daily,2024-10-07,45.0
Debid - Fairblock,GITHUB_commits_daily,2024-10-07,1.0
Open Source Observer,GITHUB_stars_weekly,2024-10-07,2.0
thirdweb,GITHUB_releases_daily,2024-10-07,2.0
Trail of Bits Security Reviews,GITHUB_releases_daily,2024-10-07,2.0
Pyth Network,GITHUB_releases_weekly,2024-10-07,3.0
Redstone Finance,GITHUB_releases_weekly,2024-10-07,1.0
Trail of Bits Security Reviews,GITHUB_commits_weekly,2024-10-07,79.0
Arbos Foundry,GITHUB_commits_weekly,2024-10-07,20.0
Remix IDE plugin for Arbitrum Stylus,GITHUB_commits_weekly,2024-10-07,8.0
Walnut,GITHUB_comments_weekly,2024-10-07,1.0
Trail of Bits Security Reviews,GITHUB_comments_weekly,2024-10-07,34.0
Redstone Finance,GITHUB_comments_weekly,2024-10-07,11.0
Pyth Network,GITHUB_comments_weekly,2024-10-07,130.0
Passport XYZ,GITHUB_comments_weekly,2024-10-07,23.0
Pyth Network,GITHUB_forks_daily,2024-10-07,1.0
thirdweb,GITHUB_repositories_weekly,2024-10-07,7.0
Debid - Fairblock,GITHUB_repositories_weekly,2024-10-07,3.0
Passport XYZ,GITHUB_repositories_weekly,2024-10-07,4.0
Redstone Finance,GITHUB_contributors_daily,2024-10-07,3.0
Open Source Observer,GITHUB_contributors_daily,2024-10-07,3.0
thirdweb,GITHUB_contributors_daily,2024-10-07,11.0
Pyth Network,GITHUB_contributors_daily,2024-10-07,7.0
Enclave,GITHUB_contributors_daily,2024-10-07,1.0
Remix IDE plugin for Arbitrum Stylus,GITHUB_contributors_weekly,2024-10-07,2.0
Walnut,GITHUB_contributors_weekly,2024-10-07,2.0
Solang,GITHUB_contributors_weekly,2024-10-07,1.0
Open Source Observer,GITHUB_active_developers_daily,2024-10-07,1.0
Enclave,GITHUB_active_developers_daily,2024-10-07,1.0
Redstone Finance,GITHUB_active_developers_daily,2024-10-07,2.0
Runtime Verification,GITHUB_active_developers_daily,2024-10-07,2.0
Redstone Finance,GITHUB_active_developers_weekly,2024-10-07,6.0
Pyth Network,GITHUB_active_developers_weekly,2024-10-07,8.0
Trail of Bits Security Reviews,GITHUB_active_developers_weekly,2024-10-07,8.0
Arbos Foundry,GITHUB_active_developers_weekly,2024-10-07,1.0
Debid - Fairblock,GITHUB_opened_pull_requests_weekly,2024-10-07,6.0
Trail of Bits Security Reviews,GITHUB_opened_pull_requests_weekly,2024-10-07,41.0
Walnut,GITHUB_opened_pull_requests_weekly,2024-10-07,1.0
Passport XYZ,GITHUB_opened_pull_requests_weekly,2024-10-07,14.0
thirdweb,GITHUB_opened_pull_requests_weekly,2024-10-07,99.0
Runtime Verification,GITHUB_opened_pull_requests_daily,2024-10-07,6.0
thirdweb,GITHUB_opened_pull_requests_daily,2024-10-07,17.0
Pyth Network,GITHUB_opened_pull_requests_daily,2024-10-07,13.0
Trail of Bits Security Reviews,GITHUB_opened_pull_requests_daily,2024-10-07,27.0
Passport XYZ,GITHUB_merged_pull_requests_weekly,2024-10-07,12.0
Runtime Verification,GITHUB_opened_issues_weekly,2024-10-07,7.0
Passport XYZ,GITHUB_opened_issues_weekly,2024-10-07,6.0
Runtime Verification,GITHUB_closed_issues_daily,2024-10-07,1.0
Open Source Observer,GITHUB_closed_issues_weekly,2024-10-07,14.0
Runtime Verification,GITHUB_comments_daily,2024-05-02,21.0
Walnut,GITHUB_commits_daily,2024-05-02,20.0
Pyth Network,GITHUB_releases_daily,2024-05-02,1.0
thirdweb,GITHUB_stars_daily,2024-05-02,3.0
Pyth Network,GITHUB_stars_daily,2024-05-02,3.0
Runtime Verification,GITHUB_stars_daily,2024-05-02,1.0
Syndicate Protocol,GITHUB_repositories_daily,2024-05-02,1.0
Trail of Bits Security Reviews,GITHUB_opened_pull_requests_daily,2024-05-02,8.0
Pyth Network,GITHUB_opened_pull_requests_daily,2024-05-02,10.0
Syndicate Protocol,GITHUB_merged_pull_requests_daily,2024-05-02,1.0
Open Source Observer,GITHUB_merged_pull_requests_daily,2024-05-02,7.0
Pyth Network,GITHUB_merged_pull_requests_daily,2024-05-02,4.0
Open Source Observer,GITHUB_opened_issues_daily,2024-05-02,3.0
Open Source Observer,GITHUB_closed_issues_daily,2024-05-02,2.0
Trail of Bits Security Reviews,GITHUB_closed_issues_daily,2024-05-02,1.0
Trail of Bits Security Reviews,GITHUB_new_contributors_quarterly,2024-08-01,21.0
Passport XYZ,GITHUB_new_contributors_quarterly,2024-08-01,11.0
Enclave,GITHUB_new_contributors_quarterly,2024-08-01,4.0
Arbos Foundry,GITHUB_active_contributors_quarterly,2024-08-01,2.0
Walnut,GITHUB_new_contributors_quarterly,2024-08-01,18.0
Trail of Bits Security Reviews,GITHUB_part_time_contributors_quarterly,2024-08-01,49.0
Runtime Verification,GITHUB_new_contributors_quarterly,2024-08-01,7.0
Debid - Fairblock,GITHUB_active_contributors_quarterly,2024-08-01,15.0
Pyth Network,GITHUB_part_time_contributors_quarterly,2024-08-01,25.0
Runtime Verification,GITHUB_releases_biannually,2024-08-01,190.0
Redstone Finance,GITHUB_releases_biannually,2024-08-01,1.0
Debid - Fairblock,GITHUB_releases_biannually,2024-08-01,20.0
Redstone Finance,GITHUB_releases_quarterly,2024-08-01,1.0
thirdweb,GITHUB_commits_biannually,2024-08-01,385.0
Runtime Verification,GITHUB_commits_biannually,2024-08-01,463.0
Arbos Foundry,GITHUB_commits_biannually,2024-08-01,80.0
Debid - Fairblock,GITHUB_active_developers_biannually,2024-08-01,4.0
Enclave,GITHUB_active_developers_biannually,2024-08-01,2.0
Runtime Verification,GITHUB_active_developers_biannually,2024-08-01,13.0
Redstone Finance,GITHUB_active_developers_biannually,2024-08-01,7.0
thirdweb,GITHUB_repositories_quarterly,2024-08-01,15.0
Redstone Finance,GITHUB_repositories_quarterly,2024-08-01,10.0
Passport XYZ,GITHUB_repositories_quarterly,2024-08-01,7.0
Arbos Foundry,GITHUB_active_developers_quarterly,2024-08-01,1.0
Open Source Observer,GITHUB_forks_monthly,2024-08-01,8.0
Walnut,GITHUB_part_time_developers_quarterly,2024-08-01,3.0
Passport XYZ,GITHUB_part_time_developers_quarterly,2024-08-01,6.0
Pyth Network,GITHUB_part_time_developers_quarterly,2024-08-01,15.0
Trail of Bits Security Reviews,GITHUB_part_time_developers_quarterly,2024-08-01,16.0
Walnut,GITHUB_comments_daily,2024-08-01,55.0
thirdweb,GITHUB_commits_daily,2024-08-01,16.0
Trail of Bits Security Reviews,GITHUB_commits_daily,2024-08-01,15.0
Pyth Network,GITHUB_commits_daily,2024-08-01,3.0
Debid - Fairblock,GITHUB_commits_daily,2024-08-01,26.0
Redstone Finance,GITHUB_commits_monthly,2024-08-01,144.0
Walnut,GITHUB_commits_monthly,2024-08-01,120.0
Debid - Fairblock,GITHUB_commits_monthly,2024-08-01,97.0
Remix IDE plugin for Arbitrum Stylus,GITHUB_commits_monthly,2024-08-01,10.0
Walnut,GITHUB_comments_monthly,2024-08-01,200.0
Trail of Bits Security Reviews,GITHUB_comments_monthly,2024-08-01,219.0
thirdweb,GITHUB_comments_monthly,2024-08-01,3350.0
Passport XYZ,GITHUB_stars_quarterly,2024-08-01,14.0
thirdweb,GITHUB_stars_quarterly,2024-08-01,47.0
Runtime Verification,GITHUB_stars_quarterly,2024-08-01,42.0
Passport XYZ,GITHUB_stars_monthly,2024-08-01,14.0
Pyth Network,GITHUB_releases_daily,2024-08-01,1.0
Trail of Bits Security Reviews,GITHUB_releases_monthly,2024-08-01,35.0
Arbos Foundry,GITHUB_commits_quarterly,2024-08-01,80.0
Passport XYZ,GITHUB_commits_quarterly,2024-08-01,120.0
Debid - Fairblock,GITHUB_commits_quarterly,2024-08-01,97.0
Pyth Network,GITHUB_forks_biannually,2024-08-01,11.0
thirdweb,GITHUB_forks_biannually,2024-08-01,61.0
Open Source Observer,GITHUB_forks_quarterly,2024-08-01,8.0
Enclave,GITHUB_forks_quarterly,2024-08-01,2.0
Runtime Verification,GITHUB_forks_quarterly,2024-08-01,9.0
Redstone Finance,GITHUB_forks_biannually,2024-08-01,4.0
Walnut,GITHUB_forks_daily,2024-08-01,1.0
Walnut,GITHUB_repositories_daily,2024-08-01,1.0
Trail of Bits Security Reviews,GITHUB_repositories_daily,2024-08-01,12.0
Passport XYZ,GITHUB_repositories_daily,2024-08-01,3.0
Runtime Verification,GITHUB_repositories_daily,2024-08-01,10.0
Passport XYZ,GITHUB_repositories_monthly,2024-08-01,7.0
Trail of Bits Security Reviews,GITHUB_repositories_monthly,2024-08-01,77.0
Runtime Verification,GITHUB_repositories_monthly,2024-08-01,31.0
Open Source Observer,GITHUB_repositories_monthly,2024-08-01,5.0
Trail of Bits Security Reviews,GITHUB_repositories_biannually,2024-08-01,77.0
Redstone Finance,GITHUB_repositories_biannually,2024-08-01,10.0
Arbos Foundry,GITHUB_contributors_monthly,2024-08-01,2.0
Passport XYZ,GITHUB_contributors_daily,2024-08-01,4.0
Pyth Network,GITHUB_contributors_daily,2024-08-01,7.0
Trail of Bits Security Reviews,GITHUB_contributors_monthly,2024-08-01,49.0
Pyth Network,GITHUB_contributors_monthly,2024-08-01,25.0
thirdweb,GITHUB_contributors_monthly,2024-08-01,51.0
thirdweb,GITHUB_contributors_daily,2024-08-01,11.0
Redstone Finance,GITHUB_contributors_quarterly,2024-08-01,11.0
thirdweb,GITHUB_contributors_biannually,2024-08-01,51.0
Pyth Network,GITHUB_active_developers_daily,2024-08-01,3.0
Trail of Bits Security Reviews,GITHUB_active_developers_daily,2024-08-01,5.0
Debid - Fairblock,GITHUB_active_developers_monthly,2024-08-01,4.0
Passport XYZ,GITHUB_active_developers_monthly,2024-08-01,6.0
Walnut,GITHUB_active_developers_monthly,2024-08-01,3.0
Open Source Observer,GITHUB_active_developers_monthly,2024-08-01,12.0
Runtime Verification,GITHUB_part_time_developers_monthly,2024-08-01,10.0
Walnut,GITHUB_part_time_developers_monthly,2024-08-01,3.0
Debid - Fairblock,GITHUB_part_time_developers_monthly,2024-08-01,4.0
Passport XYZ,GITHUB_part_time_developers_biannually,2024-08-01,6.0
Enclave,GITHUB_part_time_developers_biannually,2024-08-01,2.0
Walnut,GITHUB_part_time_developers_biannually,2024-08-01,3.0
Runtime Verification,GITHUB_part_time_developers_biannually,2024-08-01,13.0
Pyth Network,GITHUB_active_contributors_monthly,2024-08-01,25.0
Enclave,GITHUB_active_contributors_monthly,2024-08-01,4.0
Arbos Foundry,GITHUB_active_contributors_monthly,2024-08-01,2.0
Debid - Fairblock,GITHUB_part_time_contributors_monthly,2024-08-01,15.0
Enclave,GITHUB_new_contributors_monthly,2024-08-01,4.0
Debid - Fairblock,GITHUB_new_contributors_monthly,2024-08-01,13.0
Redstone Finance,GITHUB_active_contributors_biannually,2024-08-01,11.0
Walnut,GITHUB_part_time_contributors_monthly,2024-08-01,19.0
Redstone Finance,GITHUB_new_contributors_monthly,2024-08-01,6.0
Trail of Bits Security Reviews,GITHUB_active_contributors_monthly,2024-08-01,49.0
Walnut,GITHUB_active_contributors_monthly,2024-08-01,20.0
Passport XYZ,GITHUB_part_time_contributors_biannually,2024-08-01,11.0
thirdweb,GITHUB_part_time_contributors_biannually,2024-08-01,51.0
Debid - Fairblock,GITHUB_active_contributors_biannually,2024-08-01,15.0
Arbos Foundry,GITHUB_active_contributors_biannually,2024-08-01,2.0
Remix IDE plugin for Arbitrum Stylus,GITHUB_part_time_contributors_biannually,2024-08-01,2.0
Enclave,GITHUB_new_contributors_biannually,2024-08-01,4.0
Pyth Network,GITHUB_new_contributors_monthly,2024-08-01,16.0
thirdweb,GITHUB_full_time_contributors_monthly,2024-08-01,8.0
Passport XYZ,GITHUB_change_in_full_time_contributors_monthly,2024-08-01,
Trail of Bits Security Reviews,GITHUB_change_in_active_developers_monthly,2024-08-01,0.0
Runtime Verification,GITHUB_change_in_part_time_contributors_monthly,2024-08-01,3.0
thirdweb,GITHUB_change_in_full_time_contributors_monthly,2024-08-01,2.0
Enclave,GITHUB_change_in_part_time_contributors_monthly,2024-08-01,-3.0
Redstone Finance,GITHUB_change_in_active_developers_monthly,2024-08-01,-2.0
Arbos Foundry,GITHUB_change_in_part_time_contributors_monthly,2024-08-01,-1.0
Pyth Network,GITHUB_change_in_active_developers_monthly,2024-08-01,8.0
Pyth Network,GITHUB_change_in_part_time_contributors_monthly,2024-08-01,10.0
Walnut,GITHUB_change_in_part_time_contributors_monthly,2024-08-01,-9.0
Open Source Observer,GITHUB_change_in_part_time_contributors_biannually,2024-08-01,-1.0
thirdweb,GITHUB_change_in_active_developers_biannually,2024-08-01,-11.0
Arbos Foundry,GITHUB_change_in_active_developers_biannually,2024-08-01,-1.0
Walnut,GITHUB_change_in_part_time_contributors_biannually,2024-08-01,-9.0
thirdweb,GITHUB_change_in_active_developers_quarterly,2024-08-01,-11.0
Trail of Bits Security Reviews,GITHUB_change_in_part_time_contributors_quarterly,2024-08-01,0.0
Remix IDE plugin for Arbitrum Stylus,GITHUB_change_in_active_developers_quarterly,2024-08-01,0.0
Debid - Fairblock,GITHUB_change_in_active_developers_biannually,2024-08-01,3.0
Debid - Fairblock,GITHUB_change_in_part_time_contributors_biannually,2024-08-01,3.0
Walnut,GITHUB_change_in_active_developers_biannually,2024-08-01,-9.0
Passport XYZ,GITHUB_change_in_active_developers_quarterly,2024-08-01,-5.0
Remix IDE plugin for Arbitrum Stylus,GITHUB_change_in_part_time_contributors_biannually,2024-08-01,0.0
Runtime Verification,GITHUB_change_in_part_time_contributors_biannually,2024-08-01,6.0
thirdweb,GITHUB_opened_pull_requests_monthly,2024-08-01,477.0
Redstone Finance,GITHUB_opened_pull_requests_monthly,2024-08-01,21.0
Pyth Network,GITHUB_opened_pull_requests_monthly,2024-08-01,153.0
Passport XYZ,GITHUB_opened_pull_requests_quarterly,2024-08-01,102.0
Open Source Observer,GITHUB_opened_pull_requests_quarterly,2024-08-01,96.0
Debid - Fairblock,GITHUB_opened_pull_requests_quarterly,2024-08-01,7.0
Remix IDE plugin for Arbitrum Stylus,GITHUB_opened_pull_requests_quarterly,2024-08-01,1.0
Open Source Observer,GITHUB_opened_pull_requests_biannually,2024-08-01,96.0
Remix IDE plugin for Arbitrum Stylus,GITHUB_opened_pull_requests_biannually,2024-08-01,1.0
Open Source Observer,GITHUB_opened_pull_requests_daily,2024-08-01,1.0
Passport XYZ,GITHUB_opened_pull_requests_daily,2024-08-01,2.0
Walnut,GITHUB_merged_pull_requests_monthly,2024-08-01,34.0
Pyth Network,GITHUB_merged_pull_requests_monthly,2024-08-01,133.0
Trail of Bits Security Reviews,GITHUB_merged_pull_requests_monthly,2024-08-01,202.0
Passport XYZ,GITHUB_merged_pull_requests_quarterly,2024-08-01,88.0
Runtime Verification,GITHUB_merged_pull_requests_quarterly,2024-08-01,222.0
Walnut,GITHUB_merged_pull_requests_quarterly,2024-08-01,34.0
Redstone Finance,GITHUB_merged_pull_requests_quarterly,2024-08-01,12.0
Open Source Observer,GITHUB_merged_pull_requests_biannually,2024-08-01,89.0
Pyth Network,GITHUB_merged_pull_requests_quarterly,2024-08-01,133.0
Debid - Fairblock,GITHUB_merged_pull_requests_monthly,2024-08-01,18.0
thirdweb,GITHUB_merged_pull_requests_monthly,2024-08-01,392.0
Runtime Verification,GITHUB_merged_pull_requests_biannually,2024-08-01,222.0
Passport XYZ,GITHUB_opened_issues_daily,2024-08-01,2.0
thirdweb,GITHUB_opened_issues_monthly,2024-08-01,21.0
Open Source Observer,GITHUB_opened_issues_monthly,2024-08-01,65.0
Walnut,GITHUB_opened_issues_monthly,2024-08-01,8.0
Redstone Finance,GITHUB_opened_issues_quarterly,2024-08-01,2.0
Walnut,GITHUB_opened_issues_quarterly,2024-08-01,8.0
thirdweb,GITHUB_opened_issues_quarterly,2024-08-01,21.0
Redstone Finance,GITHUB_opened_issues_biannually,2024-08-01,2.0
Runtime Verification,GITHUB_closed_issues_monthly,2024-08-01,31.0
Passport XYZ,GITHUB_closed_issues_daily,2024-08-01,4.0
Redstone Finance,GITHUB_avg_prs_time_to_merge_quarterly,2024-08-01,0.0
Remix IDE plugin for Arbitrum Stylus,GITHUB_avg_prs_time_to_merge_quarterly,2024-08-01,0.0
Pyth Network,GITHUB_avg_prs_time_to_merge_quarterly,2024-08-01,0.0
Redstone Finance,GITHUB_avg_prs_time_to_merge_biannually,2024-08-01,0.0
Walnut,GITHUB_avg_prs_time_to_merge_biannually,2024-08-01,0.0
Open Source Observer,GITHUB_avg_time_to_first_response_quarterly,2024-08-01,1881033.7341772153
thirdweb,GITHUB_avg_time_to_first_response_biannually,2024-08-01,39916.51829268293
Runtime Verification,GITHUB_avg_time_to_first_response_biannually,2024-08-01,421889.2350877193
Walnut,GITHUB_avg_time_to_first_response_biannually,2024-08-01,170497.93333333332
Remix IDE plugin for Arbitrum Stylus,GITHUB_avg_time_to_first_response_biannually,2024-08-01,0.0
Open Source Observer,GITHUB_churned_contributors_monthly,2024-08-01,-14.0
thirdweb,GITHUB_change_in_active_contributors_monthly,2024-08-01,-11.0
thirdweb,GITHUB_churned_contributors_monthly,2024-08-01,-47.0
Pyth Network,GITHUB_change_in_active_contributors_monthly,2024-08-01,8.0
Pyth Network,GITHUB_change_in_new_contributors_monthly,2024-08-01,5.0
Remix IDE plugin for Arbitrum Stylus,GITHUB_change_in_active_contributors_monthly,2024-08-01,0.0
Debid - Fairblock,GITHUB_change_in_active_contributors_monthly,2024-08-01,3.0
Arbos Foundry,GITHUB_churned_contributors_quarterly,2024-08-01,-1.0
Arbos Foundry,GITHUB_change_in_full_time_contributors_quarterly,2024-08-01,0.0
Arbos Foundry,GITHUB_change_in_active_contributors_quarterly,2024-08-01,-1.0
Pyth Network,GITHUB_churned_contributors_quarterly,2024-08-01,-8.0
Passport XYZ,GITHUB_change_in_new_contributors_quarterly,2024-08-01,-5.0
Enclave,GITHUB_change_in_full_time_contributors_quarterly,2024-08-01,0.0
Walnut,GITHUB_change_in_active_contributors_monthly,2024-08-01,-9.0
thirdweb,GITHUB_change_in_active_contributors_quarterly,2024-08-01,-11.0
thirdweb,GITHUB_change_in_full_time_contributors_quarterly,2024-08-01,0.0
Trail of Bits Security Reviews,GITHUB_change_in_new_contributors_quarterly,2024-08-01,0.0
Walnut,GITHUB_churned_contributors_quarterly,2024-08-01,-27.0
Redstone Finance,GITHUB_change_in_new_contributors_quarterly,2024-08-01,-2.0
Trail of Bits Security Reviews,GITHUB_change_in_active_contributors_quarterly,2024-08-01,0.0
Enclave,GITHUB_change_in_new_contributors_biannually,2024-08-01,-3.0
Walnut,GITHUB_change_in_full_time_contributors_biannually,2024-08-01,0.0
Open Source Observer,GITHUB_change_in_full_time_contributors_biannually,2024-08-01,0.0
Remix IDE plugin for Arbitrum Stylus,GITHUB_change_in_new_contributors_biannually,2024-08-01,0.0
Remix IDE plugin for Arbitrum Stylus,GITHUB_change_in_active_contributors_biannually,2024-08-01,0.0
thirdweb,GITHUB_change_in_full_time_contributors_biannually,2024-08-01,0.0
Runtime Verification,GITHUB_change_in_active_contributors_biannually,2024-08-01,6.0
Pyth Network,GITHUB_change_in_new_contributors_biannually,2024-08-01,5.0
Open Source Observer,GITHUB_churned_contributors_biannually,2024-08-01,-14.0
Runtime Verification,GITHUB_comments_daily,2024-07-14,9.0
thirdweb,GITHUB_stars_daily,2024-07-14,1.0
Pyth Network,GITHUB_repositories_daily,2024-07-14,1.0
Trail of Bits Security Reviews,GITHUB_contributors_daily,2024-07-14,1.0
thirdweb,GITHUB_contributors_daily,2024-07-14,4.0
thirdweb,GITHUB_merged_pull_requests_daily,2024-07-14,2.0
Walnut,GITHUB_commits_daily,2024-06-21,2.0
Redstone Finance,GITHUB_commits_daily,2024-06-21,1.0
Runtime Verification,GITHUB_commits_daily,2024-06-21,35.0
Open Source Observer,GITHUB_commits_daily,2024-06-21,10.0
thirdweb,GITHUB_commits_daily,2024-06-21,15.0
Runtime Verification,GITHUB_releases_daily,2024-06-21,12.0
Debid - Fairblock,GITHUB_repositories_daily,2024-06-21,1.0
Redstone Finance,GITHUB_repositories_daily,2024-06-21,1.0
Debid - Fairblock,GITHUB_contributors_daily,2024-06-21,1.0
thirdweb,GITHUB_contributors_daily,2024-06-21,16.0
Trail of Bits Security Reviews,GITHUB_contributors_daily,2024-06-21,6.0
Open Source Observer,GITHUB_active_developers_daily,2024-06-21,3.0
thirdweb,GITHUB_active_developers_daily,2024-06-21,5.0
Walnut,GITHUB_active_developers_daily,2024-06-21,1.0
Redstone Finance,GITHUB_active_developers_daily,2024-06-21,1.0
Trail of Bits Security Reviews,GITHUB_opened_pull_requests_daily,2024-06-21,4.0
Walnut,GITHUB_merged_pull_requests_daily,2024-06-21,1.0
Runtime Verification,GITHUB_opened_issues_daily,2024-06-21,1.0
Open Source Observer,GITHUB_closed_issues_daily,2024-06-21,3.0
thirdweb,GITHUB_comments_daily,2024-02-14,16.0
Pyth Network,GITHUB_stars_daily,2024-02-14,1.0
Trail of Bits Security Reviews,GITHUB_stars_daily,2024-02-14,14.0
Redstone Finance,GITHUB_stars_daily,2024-02-14,1.0
Pyth Network,GITHUB_commits_daily,2024-02-14,5.0
Syndicate Protocol,GITHUB_commits_daily,2024-02-14,1.0
Pyth Network,GITHUB_releases_daily,2024-02-14,1.0
Redstone Finance,GITHUB_repositories_daily,2024-02-14,2.0
Trail of Bits Security Reviews,GITHUB_repositories_daily,2024-02-14,11.0
Open Source Observer,GITHUB_contributors_daily,2024-02-14,3.0
Pyth Network,GITHUB_contributors_daily,2024-02-14,7.0
Runtime Verification,GITHUB_active_developers_daily,2024-02-14,3.0
Walnut,GITHUB_active_developers_daily,2024-02-14,1.0
Pyth Network,GITHUB_active_developers_daily,2024-02-14,3.0
Debid - Fairblock,GITHUB_active_developers_daily,2024-02-14,1.0
Redstone Finance,GITHUB_active_developers_daily,2024-02-14,2.0
Pyth Network,GITHUB_opened_pull_requests_daily,2024-02-14,7.0
Runtime Verification,GITHUB_opened_pull_requests_daily,2024-02-14,16.0
Debid - Fairblock,GITHUB_merged_pull_requests_daily,2024-02-14,1.0
thirdweb,GITHUB_comments_daily,2024-08-24,16.0
thirdweb,GITHUB_stars_daily,2024-08-24,2.0
Runtime Verification,GITHUB_commits_daily,2024-08-24,1.0
thirdweb,GITHUB_commits_daily,2024-08-24,2.0
Runtime Verification,GITHUB_releases_daily,2024-08-24,1.0
Debid - Fairblock,GITHUB_repositories_daily,2024-08-24,1.0
Runtime Verification,GITHUB_contributors_daily,2024-08-24,1.0
Redstone Finance,GITHUB_contributors_daily,2024-08-24,1.0
Open Source Observer,GITHUB_contributors_daily,2024-08-24,2.0
Trail of Bits Security Reviews,GITHUB_contributors_daily,2024-08-24,2.0
thirdweb,GITHUB_active_developers_daily,2024-08-24,2.0
Trail of Bits Security Reviews,GITHUB_active_developers_daily,2024-08-24,1.0
Runtime Verification,GITHUB_opened_pull_requests_daily,2024-08-24,1.0
thirdweb,GITHUB_merged_pull_requests_daily,2024-08-24,2.0
Runtime Verification,GITHUB_comments_daily,2024-11-07,14.0
Open Source Observer,GITHUB_comments_daily,2024-11-07,19.0
Pyth Network,GITHUB_comments_daily,2024-11-07,40.0
Runtime Verification,GITHUB_commits_daily,2024-11-07,2.0
Passport XYZ,GITHUB_forks_daily,2024-11-07,2.0
Open Source Observer,GITHUB_repositories_daily,2024-11-07,3.0
Walnut,GITHUB_repositories_daily,2024-11-07,2.0
Trail of Bits Security Reviews,GITHUB_contributors_daily,2024-11-07,5.0
Runtime Verification,GITHUB_contributors_daily,2024-11-07,4.0
Walnut,GITHUB_active_developers_daily,2024-11-07,1.0
Redstone Finance,GITHUB_active_developers_daily,2024-11-07,2.0
Pyth Network,GITHUB_active_developers_daily,2024-11-07,7.0
Trail of Bits Security Reviews,GITHUB_active_developers_daily,2024-11-07,3.0
Passport XYZ,GITHUB_active_developers_daily,2024-11-07,1.0
Runtime Verification,GITHUB_opened_pull_requests_daily,2024-11-07,3.0
Open Source Observer,GITHUB_merged_pull_requests_daily,2024-11-07,9.0
Runtime Verification,GITHUB_opened_issues_daily,2024-11-07,3.0
Passport XYZ,GITHUB_comments_daily,2024-12-10,12.0
Enclave,GITHUB_comments_daily,2024-12-10,10.0
Trail of Bits Security Reviews,GITHUB_releases_daily,2024-12-10,2.0
Trail of Bits Security Reviews,GITHUB_forks_daily,2024-12-10,1.0
Enclave,GITHUB_repositories_daily,2024-12-10,1.0
Walnut,GITHUB_contributors_daily,2024-12-10,2.0
thirdweb,GITHUB_contributors_daily,2024-12-10,15.0
Passport XYZ,GITHUB_contributors_daily,2024-12-10,4.0
Open Source Observer,GITHUB_active_developers_daily,2024-12-10,2.0
Runtime Verification,GITHUB_active_developers_daily,2024-12-10,3.0
Pyth Network,GITHUB_active_developers_daily,2024-12-10,2.0
Passport XYZ,GITHUB_active_developers_daily,2024-12-10,2.0
Pyth Network,GITHUB_comments_daily,2024-12-14,33.0
thirdweb,GITHUB_comments_daily,2024-12-14,35.0
Open Source Observer,GITHUB_stars_daily,2024-12-14,1.0
Solang,GITHUB_forks_daily,2024-12-14,1.0
Trail of Bits Security Reviews,GITHUB_forks_daily,2024-12-14,2.0
Trail of Bits Security Reviews,GITHUB_repositories_daily,2024-12-14,12.0
Redstone Finance,GITHUB_repositories_daily,2024-12-14,1.0
Runtime Verification,GITHUB_repositories_daily,2024-12-14,2.0
Passport XYZ,GITHUB_repositories_daily,2024-12-14,1.0
Redstone Finance,GITHUB_contributors_daily,2024-12-14,1.0
Solang,GITHUB_contributors_daily,2024-12-14,1.0
Trail of Bits Security Reviews,GITHUB_active_developers_daily,2024-12-14,2.0
Trail of Bits Security Reviews,GITHUB_opened_pull_requests_daily,2024-12-14,3.0
Open Source Observer,GITHUB_opened_pull_requests_daily,2024-12-14,7.0
Solang,GITHUB_opened_pull_requests_daily,2024-12-14,1.0
Runtime Verification,GITHUB_merged_pull_requests_daily,2024-12-14,1.0
Trail of Bits Security Reviews,GITHUB_merged_pull_requests_daily,2024-12-14,3.0
thirdweb,GITHUB_merged_pull_requests_daily,2024-12-14,4.0
Open Source Observer,GITHUB_closed_issues_daily,2024-12-14,2.0
Passport XYZ,GITHUB_stars_daily,2024-08-04,2.0
Redstone Finance,GITHUB_commits_daily,2024-08-04,1.0
Walnut,GITHUB_commits_daily,2024-08-04,14.0
thirdweb,GITHUB_forks_daily,2024-08-04,1.0
Runtime Verification,GITHUB_repositories_daily,2024-08-04,1.0
Passport XYZ,GITHUB_repositories_daily,2024-08-04,1.0
Redstone Finance,GITHUB_active_developers_daily,2024-08-04,1.0
Walnut,GITHUB_active_developers_daily,2024-08-04,1.0
Trail of Bits Security Reviews,GITHUB_opened_pull_requests_daily,2024-08-04,7.0
Open Source Observer,GITHUB_forks_weekly,2024-11-11,1.0
Trail of Bits Security Reviews,GITHUB_forks_weekly,2024-11-11,10.0
Runtime Verification,GITHUB_forks_weekly,2024-11-11,4.0
Runtime Verification,GITHUB_comments_daily,2024-11-11,9.0
Pyth Network,GITHUB_stars_weekly,2024-11-11,7.0
Trail of Bits Security Reviews,GITHUB_stars_weekly,2024-11-11,92.0
Runtime Verification,GITHUB_stars_weekly,2024-11-11,10.0
Trail of Bits Security Reviews,GITHUB_stars_daily,2024-11-11,21.0
Passport XYZ,GITHUB_stars_daily,2024-11-11,2.0
Passport XYZ,GITHUB_releases_weekly,2024-11-11,8.0
Runtime Verification,GITHUB_releases_weekly,2024-11-11,8.0
Pyth Network,GITHUB_commits_daily,2024-11-11,8.0
thirdweb,GITHUB_commits_weekly,2024-11-11,49.0
Pyth Network,GITHUB_commits_weekly,2024-11-11,40.0
Walnut,GITHUB_commits_weekly,2024-11-11,18.0
Redstone Finance,GITHUB_comments_weekly,2024-11-11,36.0
Runtime Verification,GITHUB_commits_weekly,2024-11-11,46.0
Redstone Finance,GITHUB_commits_weekly,2024-11-11,22.0
thirdweb,GITHUB_comments_weekly,2024-11-11,503.0
Runtime Verification,GITHUB_comments_weekly,2024-11-11,31.0
Open Source Observer,GITHUB_comments_weekly,2024-11-11,12.0
Enclave,GITHUB_comments_weekly,2024-11-11,8.0
Pyth Network,GITHUB_releases_daily,2024-11-11,2.0
thirdweb,GITHUB_releases_daily,2024-11-11,1.0
Pyth Network,GITHUB_repositories_weekly,2024-11-11,11.0
thirdweb,GITHUB_repositories_daily,2024-11-11,3.0
Runtime Verification,GITHUB_repositories_daily,2024-11-11,6.0
Pyth Network,GITHUB_contributors_weekly,2024-11-11,14.0
Remix IDE plugin for Arbitrum Stylus,GITHUB_contributors_weekly,2024-11-11,4.0
Debid - Fairblock,GITHUB_contributors_weekly,2024-11-11,1.0
Walnut,GITHUB_contributors_weekly,2024-11-11,6.0
Solang,GITHUB_contributors_weekly,2024-11-11,3.0
Solang,GITHUB_active_developers_weekly,2024-11-11,2.0
Passport XYZ,GITHUB_active_developers_weekly,2024-11-11,5.0
Trail of Bits Security Reviews,GITHUB_active_developers_weekly,2024-11-11,7.0
Pyth Network,GITHUB_active_developers_weekly,2024-11-11,10.0
Walnut,GITHUB_active_developers_weekly,2024-11-11,3.0
Redstone Finance,GITHUB_active_developers_weekly,2024-11-11,3.0
Enclave,GITHUB_active_developers_weekly,2024-11-11,1.0
Passport XYZ,GITHUB_contributors_daily,2024-11-11,1.0
Walnut,GITHUB_active_developers_daily,2024-11-11,2.0
Open Source Observer,GITHUB_active_developers_daily,2024-11-11,1.0
Passport XYZ,GITHUB_opened_pull_requests_weekly,2024-11-11,40.0
Enclave,GITHUB_opened_pull_requests_weekly,2024-11-11,1.0
Passport XYZ,GITHUB_opened_pull_requests_daily,2024-11-11,4.0
Pyth Network,GITHUB_opened_pull_requests_daily,2024-11-11,4.0
Enclave,GITHUB_merged_pull_requests_weekly,2024-11-11,2.0
Open Source Observer,GITHUB_merged_pull_requests_weekly,2024-11-11,5.0
Trail of Bits Security Reviews,GITHUB_merged_pull_requests_daily,2024-11-11,15.0
thirdweb,GITHUB_opened_issues_daily,2024-11-11,2.0
Passport XYZ,GITHUB_closed_issues_weekly,2024-11-11,12.0
thirdweb,GITHUB_closed_issues_weekly,2024-11-11,8.0
Trail of Bits Security Reviews,GITHUB_comments_daily,2024-10-10,1.0
thirdweb,GITHUB_releases_daily,2024-10-10,2.0
Solang,GITHUB_repositories_daily,2024-10-10,1.0
Enclave,GITHUB_contributors_daily,2024-10-10,1.0
Walnut,GITHUB_contributors_daily,2024-10-10,1.0
Remix IDE plugin for Arbitrum Stylus,GITHUB_contributors_daily,2024-10-10,2.0
thirdweb,GITHUB_contributors_daily,2024-10-10,10.0
Redstone Finance,GITHUB_active_developers_daily,2024-10-10,4.0
Remix IDE plugin for Arbitrum Stylus,GITHUB_active_developers_daily,2024-10-10,1.0
Open Source Observer,GITHUB_active_developers_daily,2024-10-10,5.0
Trail of Bits Security Reviews,GITHUB_opened_pull_requests_daily,2024-10-10,3.0
Redstone Finance,GITHUB_opened_pull_requests_daily,2024-10-10,2.0
thirdweb,GITHUB_opened_pull_requests_daily,2024-10-10,17.0
Remix IDE plugin for Arbitrum Stylus,GITHUB_opened_pull_requests_daily,2024-10-10,1.0
thirdweb,GITHUB_merged_pull_requests_daily,2024-10-10,21.0
Open Source Observer,GITHUB_opened_issues_daily,2024-10-10,1.0
Passport XYZ,GITHUB_closed_issues_daily,2024-10-10,2.0
Open Source Observer,GITHUB_comments_daily,2024-08-23,15.0
Trail of Bits Security Reviews,GITHUB_comments_daily,2024-08-23,1.0
Runtime Verification,GITHUB_comments_daily,2024-08-23,64.0
thirdweb,GITHUB_stars_daily,2024-08-23,2.0
thirdweb,GITHUB_commits_daily,2024-08-23,21.0
Walnut,GITHUB_commits_daily,2024-08-23,2.0
Trail of Bits Security Reviews,GITHUB_commits_daily,2024-08-23,7.0
Debid - Fairblock,GITHUB_releases_daily,2024-08-23,2.0
Trail of Bits Security Reviews,GITHUB_releases_daily,2024-08-23,1.0
Runtime Verification,GITHUB_releases_daily,2024-08-23,7.0
thirdweb,GITHUB_repositories_daily,2024-08-23,3.0
Trail of Bits Security Reviews,GITHUB_repositories_daily,2024-08-23,11.0
Enclave,GITHUB_contributors_daily,2024-08-23,1.0
Runtime Verification,GITHUB_contributors_daily,2024-08-23,10.0
thirdweb,GITHUB_contributors_daily,2024-08-23,12.0
Open Source Observer,GITHUB_contributors_daily,2024-08-23,3.0
Runtime Verification,GITHUB_active_developers_daily,2024-08-23,5.0
Debid - Fairblock,GITHUB_active_developers_daily,2024-08-23,1.0
Open Source Observer,GITHUB_opened_pull_requests_daily,2024-08-23,5.0
Runtime Verification,GITHUB_opened_pull_requests_daily,2024-08-23,8.0
thirdweb,GITHUB_merged_pull_requests_daily,2024-08-23,23.0
Debid - Fairblock,GITHUB_merged_pull_requests_daily,2024-08-23,1.0
thirdweb,GITHUB_opened_issues_daily,2024-08-23,1.0
Open Source Observer,GITHUB_stars_daily,2024-05-03,1.0
Open Source Observer,GITHUB_commits_daily,2024-05-03,7.0
Trail of Bits Security Reviews,GITHUB_commits_daily,2024-05-03,30.0
Syndicate Protocol,GITHUB_repositories_daily,2024-05-03,1.0
Runtime Verification,GITHUB_contributors_daily,2024-05-03,9.0
Trail of Bits Security Reviews,GITHUB_active_developers_daily,2024-05-03,6.0
Open Source Observer,GITHUB_active_developers_daily,2024-05-03,2.0
Runtime Verification,GITHUB_opened_issues_daily,2024-05-03,3.0
Open Source Observer,GITHUB_closed_issues_daily,2024-05-03,3.0
Syndicate Protocol,GITHUB_opened_pull_requests_daily,2024-05-03,2.0
Runtime Verification,GITHUB_merged_pull_requests_daily,2024-05-03,6.0
thirdweb,GITHUB_merged_pull_requests_daily,2024-05-03,7.0
Pyth Network,GITHUB_merged_pull_requests_daily,2024-05-03,10.0
Open Source Observer,GITHUB_comments_daily,2024-05-14,2.0
Runtime Verification,GITHUB_stars_daily,2024-05-14,1.0
Passport XYZ,GITHUB_commits_daily,2024-05-14,4.0
thirdweb,GITHUB_forks_daily,2024-05-14,2.0
Redstone Finance,GITHUB_forks_daily,2024-05-14,2.0
Runtime Verification,GITHUB_active_developers_daily,2024-05-14,2.0
Pyth Network,GITHUB_active_developers_daily,2024-05-14,6.0
thirdweb,GITHUB_active_developers_daily,2024-05-14,11.0
Trail of Bits Security Reviews,GITHUB_closed_issues_daily,2024-05-14,5.0
Runtime Verification,GITHUB_merged_pull_requests_daily,2024-05-14,9.0
Open Source Observer,GITHUB_merged_pull_requests_daily,2024-05-14,1.0
Trail of Bits Security Reviews,GITHUB_merged_pull_requests_daily,2024-05-14,8.0
Runtime Verification,GITHUB_opened_issues_daily,2024-05-14,8.0
thirdweb,GITHUB_comments_daily,2024-11-02,54.0
thirdweb,GITHUB_commits_daily,2024-11-02,11.0
Pyth Network,GITHUB_forks_daily,2024-11-02,1.0
Solang,GITHUB_contributors_daily,2024-11-02,1.0
Redstone Finance,GITHUB_contributors_daily,2024-11-02,1.0
Runtime Verification,GITHUB_contributors_daily,2024-11-02,1.0
thirdweb,GITHUB_opened_pull_requests_daily,2024-11-02,6.0
Passport XYZ,GITHUB_opened_pull_requests_daily,2024-11-02,2.0
thirdweb,GITHUB_merged_pull_requests_daily,2024-11-02,11.0
Passport XYZ,GITHUB_merged_pull_requests_daily,2024-11-02,2.0
Passport XYZ,GITHUB_comments_daily,2024-08-08,8.0
Pyth Network,GITHUB_stars_daily,2024-08-08,1.0
Trail of Bits Security Reviews,GITHUB_stars_daily,2024-08-08,63.0
Open Source Observer,GITHUB_stars_daily,2024-08-08,1.0
Trail of Bits Security Reviews,GITHUB_commits_daily,2024-08-08,9.0
thirdweb,GITHUB_forks_daily,2024-08-08,4.0
Runtime Verification,GITHUB_repositories_daily,2024-08-08,9.0
Passport XYZ,GITHUB_repositories_daily,2024-08-08,2.0
Debid - Fairblock,GITHUB_repositories_daily,2024-08-08,1.0
Arbos Foundry,GITHUB_repositories_daily,2024-08-08,1.0
Trail of Bits Security Reviews,GITHUB_repositories_daily,2024-08-08,9.0
Open Source Observer,GITHUB_contributors_daily,2024-08-08,4.0
Redstone Finance,GITHUB_active_developers_daily,2024-08-08,2.0
Remix IDE plugin for Arbitrum Stylus,GITHUB_active_developers_daily,2024-08-08,1.0
thirdweb,GITHUB_active_developers_daily,2024-08-08,3.0
Passport XYZ,GITHUB_active_developers_daily,2024-08-08,2.0
Arbos Foundry,GITHUB_active_developers_daily,2024-08-08,1.0
Pyth Network,GITHUB_opened_pull_requests_daily,2024-08-08,8.0
Redstone Finance,GITHUB_opened_pull_requests_daily,2024-08-08,1.0
thirdweb,GITHUB_merged_pull_requests_daily,2024-08-08,19.0
Runtime Verification,GITHUB_merged_pull_requests_daily,2024-08-08,15.0
Passport XYZ,GITHUB_opened_issues_daily,2024-08-08,2.0
thirdweb,GITHUB_comments_daily,2024-01-17,37.0
Pyth Network,GITHUB_comments_daily,2024-01-17,21.0
thirdweb,GITHUB_stars_daily,2024-01-17,1.0
thirdweb,GITHUB_commits_daily,2024-01-17,21.0
Open Source Observer,GITHUB_commits_daily,2024-01-17,3.0
Pyth Network,GITHUB_repositories_daily,2024-01-17,6.0
Runtime Verification,GITHUB_repositories_daily,2024-01-17,11.0
Redstone Finance,GITHUB_active_developers_daily,2024-01-17,1.0
thirdweb,GITHUB_active_developers_daily,2024-01-17,10.0
Trail of Bits Security Reviews,GITHUB_opened_pull_requests_daily,2024-01-17,4.0
Runtime Verification,GITHUB_merged_pull_requests_daily,2024-01-17,11.0
Trail of Bits Security Reviews,GITHUB_merged_pull_requests_daily,2024-01-17,2.0
Runtime Verification,GITHUB_closed_issues_daily,2024-01-17,3.0
Trail of Bits Security Reviews,GITHUB_closed_issues_daily,2024-01-17,1.0
thirdweb,GITHUB_comments_daily,2024-01-04,13.0
Trail of Bits Security Reviews,GITHUB_comments_daily,2024-01-04,6.0
Redstone Finance,GITHUB_commits_daily,2024-01-04,2.0
Open Source Observer,GITHUB_repositories_daily,2024-01-04,2.0
Debid - Fairblock,GITHUB_repositories_daily,2024-01-04,2.0
thirdweb,GITHUB_repositories_daily,2024-01-04,5.0
Redstone Finance,GITHUB_repositories_daily,2024-01-04,3.0
Open Source Observer,GITHUB_opened_pull_requests_daily,2024-01-04,1.0
thirdweb,GITHUB_merged_pull_requests_daily,2024-01-04,10.0
thirdweb,GITHUB_opened_issues_daily,2024-01-04,1.0
Open Source Observer,GITHUB_comments_daily,2024-11-16,2.0
Runtime Verification,GITHUB_comments_daily,2024-11-16,1.0
Trail of Bits Security Reviews,GITHUB_stars_daily,2024-11-16,8.0
Open Source Observer,GITHUB_stars_daily,2024-11-16,1.0
Open Source Observer,GITHUB_commits_daily,2024-11-16,3.0
Trail of Bits Security Reviews,GITHUB_repositories_daily,2024-11-16,6.0
Debid - Fairblock,GITHUB_repositories_daily,2024-11-16,1.0
Remix IDE plugin for Arbitrum Stylus,GITHUB_repositories_daily,2024-11-16,2.0
Open Source Observer,GITHUB_merged_pull_requests_daily,2024-11-16,1.0
Walnut,GITHUB_comments_daily,2025-02-07,35.0
Runtime Verification,GITHUB_comments_daily,2025-02-07,7.0
Enclave,GITHUB_comments_daily,2025-02-07,7.0
Open Source Observer,GITHUB_stars_daily,2025-02-07,2.0
Passport XYZ,GITHUB_stars_daily,2025-02-07,4.0
Trail of Bits Security Reviews,GITHUB_stars_daily,2025-02-07,4.0
Passport XYZ,GITHUB_forks_daily,2025-02-07,2.0
Open Source Observer,GITHUB_forks_daily,2025-02-07,1.0
thirdweb,GITHUB_forks_daily,2025-02-07,2.0
Solang,GITHUB_repositories_daily,2025-02-07,1.0
Runtime Verification,GITHUB_repositories_daily,2025-02-07,4.0
Enclave,GITHUB_repositories_daily,2025-02-07,1.0
9Lives,GITHUB_repositories_daily,2025-02-07,1.0
Pyth Network,GITHUB_contributors_daily,2025-02-07,11.0
thirdweb,GITHUB_contributors_daily,2025-02-07,13.0
Solang,GITHUB_contributors_daily,2025-02-07,1.0
Walnut,GITHUB_contributors_daily,2025-02-07,6.0
Runtime Verification,GITHUB_contributors_daily,2025-02-07,4.0
Trail of Bits Security Reviews,GITHUB_contributors_daily,2025-02-07,6.0
Trail of Bits Security Reviews,GITHUB_active_developers_daily,2025-02-07,2.0
Redstone Finance,GITHUB_active_developers_daily,2025-02-07,2.0
Pyth Network,GITHUB_active_developers_daily,2025-02-07,9.0
9Lives,GITHUB_active_developers_daily,2025-02-07,2.0
Passport XYZ,GITHUB_active_developers_daily,2025-02-07,2.0
thirdweb,GITHUB_opened_pull_requests_daily,2025-02-07,14.0
Enclave,GITHUB_opened_pull_requests_daily,2025-02-07,1.0
Pyth Network,GITHUB_opened_pull_requests_daily,2025-02-07,17.0
Open Source Observer,GITHUB_merged_pull_requests_daily,2025-02-07,2.0
Trail of Bits Security Reviews,GITHUB_merged_pull_requests_daily,2025-02-07,4.0
thirdweb,GITHUB_opened_issues_daily,2025-02-07,1.0
Trail of Bits Security Reviews,GITHUB_opened_issues_daily,2025-02-07,1.0
Passport XYZ,GITHUB_closed_issues_daily,2025-02-07,2.0
Walnut,GITHUB_closed_issues_daily,2025-02-07,8.0
thirdweb,GITHUB_comments_daily,2024-10-13,25.0
Passport XYZ,GITHUB_stars_daily,2024-10-13,4.0
thirdweb,GITHUB_commits_daily,2024-10-13,7.0
Redstone Finance,GITHUB_repositories_daily,2024-10-13,1.0
thirdweb,GITHUB_active_developers_daily,2024-10-13,2.0
Redstone Finance,GITHUB_active_developers_daily,2024-10-13,1.0
Trail of Bits Security Reviews,GITHUB_active_developers_daily,2024-10-13,1.0
Open Source Observer,GITHUB_opened_pull_requests_daily,2024-10-13,2.0
Trail of Bits Security Reviews,GITHUB_comments_daily,2024-04-02,10.0
thirdweb,GITHUB_stars_daily,2024-04-02,4.0
Redstone Finance,GITHUB_stars_daily,2024-04-02,3.0
Open Source Observer,GITHUB_commits_daily,2024-04-02,1.0
Runtime Verification,GITHUB_releases_daily,2024-04-02,3.0
Trail of Bits Security Reviews,GITHUB_repositories_daily,2024-04-02,12.0
Redstone Finance,GITHUB_repositories_daily,2024-04-02,5.0
Runtime Verification,GITHUB_contributors_daily,2024-04-02,7.0
Redstone Finance,GITHUB_contributors_daily,2024-04-02,3.0
Open Source Observer,GITHUB_contributors_daily,2024-04-02,3.0
Redstone Finance,GITHUB_active_developers_daily,2024-04-02,2.0
thirdweb,GITHUB_opened_issues_daily,2024-04-02,4.0
Runtime Verification,GITHUB_opened_issues_daily,2024-04-02,1.0
Trail of Bits Security Reviews,GITHUB_closed_issues_daily,2024-04-02,1.0
Redstone Finance,GITHUB_comments_daily,2024-09-06,1.0
Open Source Observer,GITHUB_comments_daily,2024-09-06,30.0
Walnut,GITHUB_comments_daily,2024-09-06,1.0
Runtime Verification,GITHUB_comments_daily,2024-09-06,17.0
Pyth Network,GITHUB_stars_daily,2024-09-06,1.0
thirdweb,GITHUB_releases_daily,2024-09-06,3.0
Trail of Bits Security Reviews,GITHUB_forks_daily,2024-09-06,1.0
Passport XYZ,GITHUB_forks_daily,2024-09-06,2.0
Walnut,GITHUB_contributors_daily,2024-09-06,2.0
Trail of Bits Security Reviews,GITHUB_contributors_daily,2024-09-06,4.0
thirdweb,GITHUB_contributors_daily,2024-09-06,14.0
Open Source Observer,GITHUB_active_developers_daily,2024-09-06,4.0
Redstone Finance,GITHUB_active_developers_daily,2024-09-06,2.0
Walnut,GITHUB_opened_pull_requests_daily,2024-09-06,1.0
thirdweb,GITHUB_opened_pull_requests_daily,2024-09-06,24.0
Trail of Bits Security Reviews,GITHUB_merged_pull_requests_daily,2024-09-06,4.0
Open Source Observer,GITHUB_closed_issues_daily,2024-09-06,6.0
Runtime Verification,GITHUB_closed_issues_daily,2024-09-06,2.0
Runtime Verification,GITHUB_comments_daily,2025-02-28,7.0
Pyth Network,GITHUB_comments_daily,2025-02-28,20.0
thirdweb,GITHUB_comments_daily,2025-02-28,103.0
Passport XYZ,GITHUB_stars_daily,2025-02-28,4.0
Trail of Bits Security Reviews,GITHUB_repositories_daily,2025-02-28,9.0
Passport XYZ,GITHUB_repositories_daily,2025-02-28,1.0
9Lives,GITHUB_repositories_daily,2025-02-28,1.0
CodeTracer,GITHUB_repositories_daily,2025-02-28,1.0
9Lives,GITHUB_contributors_daily,2025-02-28,2.0
Pyth Network,GITHUB_contributors_daily,2025-02-28,6.0
Redstone Finance,GITHUB_contributors_daily,2025-02-28,2.0
thirdweb,GITHUB_active_developers_daily,2025-02-28,4.0
Pyth Network,GITHUB_active_developers_daily,2025-02-28,4.0
Open Source Observer,GITHUB_opened_pull_requests_daily,2025-02-28,3.0
CodeTracer,GITHUB_opened_pull_requests_daily,2025-02-28,1.0
Open Source Observer,GITHUB_merged_pull_requests_daily,2025-02-28,4.0
Trail of Bits Security Reviews,GITHUB_comments_daily,2024-01-22,13.0
Debid - Fairblock,GITHUB_forks_weekly,2024-01-22,2.0
Redstone Finance,GITHUB_forks_weekly,2024-01-22,2.0
Pyth Network,GITHUB_stars_daily,2024-01-22,1.0
Runtime Verification,GITHUB_stars_daily,2024-01-22,1.0
thirdweb,GITHUB_stars_daily,2024-01-22,1.0
Open Source Observer,GITHUB_stars_daily,2024-01-22,1.0
thirdweb,GITHUB_releases_weekly,2024-01-22,10.0
Debid - Fairblock,GITHUB_commits_weekly,2024-01-22,20.0
WakeUp Labs,GITHUB_commits_weekly,2024-01-22,2.0
Trail of Bits Security Reviews,GITHUB_comments_weekly,2024-01-22,60.0
thirdweb,GITHUB_forks_daily,2024-01-22,2.0
WakeUp Labs,GITHUB_repositories_weekly,2024-01-22,1.0
Open Source Observer,GITHUB_repositories_daily,2024-01-22,3.0
thirdweb,GITHUB_repositories_daily,2024-01-22,4.0
Syndicate Protocol,GITHUB_contributors_weekly,2024-01-22,1.0
WakeUp Labs,GITHUB_contributors_weekly,2024-01-22,2.0
Redstone Finance,GITHUB_contributors_weekly,2024-01-22,2.0
Open Source Observer,GITHUB_contributors_daily,2024-01-22,4.0
Remix IDE plugin for Arbitrum Stylus,GITHUB_contributors_weekly,2024-01-22,2.0
Trail of Bits Security Reviews,GITHUB_contributors_weekly,2024-01-22,19.0
thirdweb,GITHUB_contributors_weekly,2024-01-22,26.0
Trail of Bits Security Reviews,GITHUB_contributors_daily,2024-01-22,7.0
Debid - Fairblock,GITHUB_active_developers_weekly,2024-01-22,1.0
thirdweb,GITHUB_active_developers_weekly,2024-01-22,18.0
Runtime Verification,GITHUB_active_developers_weekly,2024-01-22,11.0
Trail of Bits Security Reviews,GITHUB_active_developers_daily,2024-01-22,4.0
WakeUp Labs,GITHUB_opened_pull_requests_weekly,2024-01-22,1.0
Runtime Verification,GITHUB_opened_pull_requests_weekly,2024-01-22,73.0
Open Source Observer,GITHUB_opened_pull_requests_daily,2024-01-22,9.0
Runtime Verification,GITHUB_opened_pull_requests_daily,2024-01-22,27.0
Open Source Observer,GITHUB_merged_pull_requests_daily,2024-01-22,7.0
Trail of Bits Security Reviews,GITHUB_merged_pull_requests_daily,2024-01-22,22.0
Runtime Verification,GITHUB_closed_issues_weekly,2024-01-22,13.0
Open Source Observer,GITHUB_closed_issues_daily,2024-01-22,4.0
Runtime Verification,GITHUB_comments_daily,2024-08-07,64.0
thirdweb,GITHUB_comments_daily,2024-08-07,70.0
Trail of Bits Security Reviews,GITHUB_comments_daily,2024-08-07,9.0
Pyth Network,GITHUB_comments_daily,2024-08-07,6.0
Arbos Foundry,GITHUB_commits_daily,2024-08-07,20.0
Pyth Network,GITHUB_commits_daily,2024-08-07,2.0
Trail of Bits Security Reviews,GITHUB_forks_daily,2024-08-07,9.0
Remix IDE plugin for Arbitrum Stylus,GITHUB_repositories_daily,2024-08-07,1.0
Runtime Verification,GITHUB_repositories_daily,2024-08-07,8.0
Debid - Fairblock,GITHUB_repositories_daily,2024-08-07,1.0
Pyth Network,GITHUB_contributors_daily,2024-08-07,4.0
Trail of Bits Security Reviews,GITHUB_contributors_daily,2024-08-07,9.0
thirdweb,GITHUB_active_developers_daily,2024-08-07,2.0
Open Source Observer,GITHUB_active_developers_daily,2024-08-07,5.0
Trail of Bits Security Reviews,GITHUB_active_developers_daily,2024-08-07,3.0
Runtime Verification,GITHUB_active_developers_daily,2024-08-07,4.0
Open Source Observer,GITHUB_opened_pull_requests_daily,2024-08-07,7.0
Walnut,GITHUB_opened_pull_requests_daily,2024-08-07,2.0
Redstone Finance,GITHUB_opened_pull_requests_daily,2024-08-07,1.0
Pyth Network,GITHUB_merged_pull_requests_daily,2024-08-07,2.0
thirdweb,GITHUB_merged_pull_requests_daily,2024-08-07,8.0
Passport XYZ,GITHUB_opened_issues_daily,2024-08-07,4.0
thirdweb,GITHUB_opened_issues_daily,2024-08-07,1.0
Passport XYZ,GITHUB_closed_issues_daily,2024-08-07,2.0
thirdweb,GITHUB_comments_daily,2024-09-15,69.0
Pyth Network,GITHUB_commits_daily,2024-09-15,2.0
Runtime Verification,GITHUB_stars_daily,2024-09-15,2.0
Trail of Bits Security Reviews,GITHUB_stars_daily,2024-09-15,15.0
thirdweb,GITHUB_stars_daily,2024-09-15,1.0
Trail of Bits Security Reviews,GITHUB_repositories_daily,2024-09-15,9.0
thirdweb,GITHUB_repositories_daily,2024-09-15,2.0
Runtime Verification,GITHUB_repositories_daily,2024-09-15,1.0
Pyth Network,GITHUB_repositories_daily,2024-09-15,4.0
thirdweb,GITHUB_forks_daily,2024-09-15,2.0
thirdweb,GITHUB_opened_pull_requests_daily,2024-09-15,8.0
Trail of Bits Security Reviews,GITHUB_opened_pull_requests_daily,2024-09-15,3.0
thirdweb,GITHUB_opened_issues_daily,2024-09-15,1.0
Open Source Observer,GITHUB_closed_issues_daily,2024-09-15,2.0
Redstone Finance,GITHUB_closed_issues_daily,2024-09-15,1.0
Open Source Observer,GITHUB_forks_weekly,2024-04-15,2.0
Trail of Bits Security Reviews,GITHUB_forks_weekly,2024-04-15,9.0
Walnut,GITHUB_comments_daily,2024-04-15,2.0
thirdweb,GITHUB_comments_daily,2024-04-15,48.0
thirdweb,GITHUB_stars_daily,2024-04-15,4.0
Redstone Finance,GITHUB_stars_daily,2024-04-15,3.0
Runtime Verification,GITHUB_stars_weekly,2024-04-15,9.0
thirdweb,GITHUB_commits_daily,2024-04-15,6.0
Runtime Verification,GITHUB_releases_weekly,2024-04-15,53.0
Trail of Bits Security Reviews,GITHUB_releases_weekly,2024-04-15,3.0
thirdweb,GITHUB_releases_daily,2024-04-15,11.0
Pyth Network,GITHUB_commits_weekly,2024-04-15,57.0
Open Source Observer,GITHUB_repositories_weekly,2024-04-15,4.0
Walnut,GITHUB_repositories_daily,2024-04-15,1.0
Trail of Bits Security Reviews,GITHUB_contributors_weekly,2024-04-15,16.0
Open Source Observer,GITHUB_contributors_weekly,2024-04-15,5.0
Pyth Network,GITHUB_contributors_weekly,2024-04-15,18.0
Syndicate Protocol,GITHUB_contributors_weekly,2024-04-15,1.0
thirdweb,GITHUB_contributors_daily,2024-04-15,8.0
Pyth Network,GITHUB_active_developers_weekly,2024-04-15,14.0
Syndicate Protocol,GITHUB_active_developers_weekly,2024-04-15,1.0
Pyth Network,GITHUB_active_developers_daily,2024-04-15,4.0
Redstone Finance,GITHUB_opened_pull_requests_weekly,2024-04-15,1.0
Pyth Network,GITHUB_merged_pull_requests_weekly,2024-04-15,43.0
Walnut,GITHUB_merged_pull_requests_weekly,2024-04-15,2.0
Runtime Verification,GITHUB_merged_pull_requests_weekly,2024-04-15,63.0
Runtime Verification,GITHUB_merged_pull_requests_daily,2024-04-15,16.0
Walnut,GITHUB_opened_issues_weekly,2024-04-15,1.0
Trail of Bits Security Reviews,GITHUB_opened_issues_weekly,2024-04-15,6.0
Walnut,GITHUB_opened_issues_daily,2024-04-15,1.0
Walnut,GITHUB_closed_issues_weekly,2024-04-15,2.0
Trail of Bits Security Reviews,GITHUB_comments_daily,2024-02-04,1.0
Open Source Observer,GITHUB_comments_daily,2024-02-04,1.0
Pyth Network,GITHUB_comments_daily,2024-02-04,3.0
Trail of Bits Security Reviews,GITHUB_stars_daily,2024-02-04,13.0
Open Source Observer,GITHUB_stars_daily,2024-02-04,1.0
Walnut,GITHUB_stars_daily,2024-02-04,1.0
Runtime Verification,GITHUB_commits_daily,2024-02-04,8.0
thirdweb,GITHUB_forks_daily,2024-02-04,3.0
Debid - Fairblock,GITHUB_repositories_daily,2024-02-04,1.0
Runtime Verification,GITHUB_repositories_daily,2024-02-04,5.0
Walnut,GITHUB_repositories_daily,2024-02-04,1.0
Pyth Network,GITHUB_repositories_daily,2024-02-04,2.0
Pyth Network,GITHUB_contributors_daily,2024-02-04,2.0
Runtime Verification,GITHUB_contributors_daily,2024-02-04,3.0
Trail of Bits Security Reviews,GITHUB_contributors_daily,2024-02-04,4.0
Runtime Verification,GITHUB_opened_pull_requests_daily,2024-02-04,3.0
Open Source Observer,GITHUB_opened_pull_requests_daily,2024-02-04,1.0
Walnut,GITHUB_stars_daily,2024-01-24,1.0
thirdweb,GITHUB_stars_daily,2024-01-24,2.0
Pyth Network,GITHUB_commits_daily,2024-01-24,4.0
Open Source Observer,GITHUB_commits_daily,2024-01-24,2.0
Runtime Verification,GITHUB_commits_daily,2024-01-24,55.0
thirdweb,GITHUB_forks_daily,2024-01-24,2.0
Redstone Finance,GITHUB_repositories_daily,2024-01-24,4.0
Open Source Observer,GITHUB_repositories_daily,2024-01-24,3.0
Pyth Network,GITHUB_repositories_daily,2024-01-24,6.0
Open Source Observer,GITHUB_contributors_daily,2024-01-24,2.0
Pyth Network,GITHUB_contributors_daily,2024-01-24,7.0
Walnut,GITHUB_contributors_daily,2024-01-24,1.0
Runtime Verification,GITHUB_active_developers_daily,2024-01-24,7.0
thirdweb,GITHUB_contributors_daily,2024-01-24,6.0
Pyth Network,GITHUB_opened_pull_requests_daily,2024-01-24,6.0
Runtime Verification,GITHUB_opened_pull_requests_daily,2024-01-24,9.0
Runtime Verification,GITHUB_merged_pull_requests_daily,2024-01-24,16.0
Pyth Network,GITHUB_merged_pull_requests_daily,2024-01-24,6.0
Open Source Observer,GITHUB_merged_pull_requests_daily,2024-01-24,1.0
Trail of Bits Security Reviews,GITHUB_closed_issues_daily,2024-01-24,1.0
Passport XYZ,GITHUB_forks_weekly,2025-03-24,2.0
CodeTracer,GITHUB_forks_weekly,2025-03-24,1.0
thirdweb,GITHUB_forks_weekly,2025-03-24,17.0
Trail of Bits Security Reviews,GITHUB_forks_weekly,2025-03-24,13.0
Walnut,GITHUB_stars_weekly,2025-03-24,2.0
Passport XYZ,GITHUB_stars_weekly,2025-03-24,2.0
Open Source Observer,GITHUB_stars_weekly,2025-03-24,6.0
Debid - Fairblock,GITHUB_stars_weekly,2025-03-24,2.0
Runtime Verification,GITHUB_stars_weekly,2025-03-24,7.0
thirdweb,GITHUB_releases_daily,2025-03-24,4.0
Trail of Bits Security Reviews,GITHUB_releases_daily,2025-03-24,1.0
Pyth Network,GITHUB_releases_weekly,2025-03-24,2.0
thirdweb,GITHUB_releases_weekly,2025-03-24,13.0
Runtime Verification,GITHUB_releases_weekly,2025-03-24,4.0
Redstone Finance,GITHUB_commits_weekly,2025-03-24,32.0
Passport XYZ,GITHUB_commits_weekly,2025-03-24,8.0
Solang,GITHUB_comments_daily,2025-03-24,5.0
Runtime Verification,GITHUB_comments_daily,2025-03-24,4.0
Trail of Bits Security Reviews,GITHUB_comments_daily,2025-03-24,15.0
Redstone Finance,GITHUB_comments_daily,2025-03-24,1.0
Debid - Fairblock,GITHUB_stars_daily,2025-03-24,1.0
Trail of Bits Security Reviews,GITHUB_stars_daily,2025-03-24,9.0
Open Source Observer,GITHUB_commits_daily,2025-03-24,9.0
Open Source Observer,GITHUB_contributors_daily,2025-03-24,8.0
thirdweb,GITHUB_contributors_daily,2025-03-24,7.0
CoBuilders,GITHUB_contributors_weekly,2025-03-24,1.0
Arbos Foundry,GITHUB_contributors_weekly,2025-03-24,1.0
CodeTracer,GITHUB_active_developers_daily,2025-03-24,1.0
Runtime Verification,GITHUB_active_developers_daily,2025-03-24,4.0
Pyth Network,GITHUB_active_developers_weekly,2025-03-24,9.0
Trail of Bits Security Reviews,GITHUB_active_developers_weekly,2025-03-24,9.0
Walnut,GITHUB_active_developers_weekly,2025-03-24,2.0
Runtime Verification,GITHUB_active_developers_weekly,2025-03-24,9.0
Passport XYZ,GITHUB_active_developers_weekly,2025-03-24,2.0
Enclave,GITHUB_comments_weekly,2025-03-24,31.0
thirdweb,GITHUB_comments_weekly,2025-03-24,335.0
Walnut,GITHUB_comments_weekly,2025-03-24,25.0
Redstone Finance,GITHUB_repositories_daily,2025-03-24,2.0
Pyth Network,GITHUB_repositories_daily,2025-03-24,3.0
CoBuilders,GITHUB_repositories_weekly,2025-03-24,1.0
Redstone Finance,GITHUB_repositories_weekly,2025-03-24,5.0
Trail of Bits Security Reviews,GITHUB_forks_daily,2025-03-24,1.0
Pyth Network,GITHUB_opened_pull_requests_daily,2025-03-24,6.0
thirdweb,GITHUB_opened_pull_requests_daily,2025-03-24,18.0
Pyth Network,GITHUB_opened_pull_requests_weekly,2025-03-24,34.0
Open Source Observer,GITHUB_opened_pull_requests_weekly,2025-03-24,62.0
thirdweb,GITHUB_opened_pull_requests_weekly,2025-03-24,65.0
Trail of Bits Security Reviews,GITHUB_merged_pull_requests_daily,2025-03-24,13.0
Open Source Observer,GITHUB_merged_pull_requests_daily,2025-03-24,10.0
thirdweb,GITHUB_merged_pull_requests_daily,2025-03-24,7.0
CoBuilders,GITHUB_merged_pull_requests_weekly,2025-03-24,3.0
Passport XYZ,GITHUB_merged_pull_requests_weekly,2025-03-24,7.0
Walnut,GITHUB_opened_issues_daily,2025-03-24,1.0
Runtime Verification,GITHUB_opened_issues_daily,2025-03-24,2.0
CodeTracer,GITHUB_opened_issues_daily,2025-03-24,1.0
CodeTracer,GITHUB_opened_issues_weekly,2025-03-24,1.0
Passport XYZ,GITHUB_opened_issues_weekly,2025-03-24,3.0
Walnut,GITHUB_closed_issues_weekly,2025-03-24,6.0
Pyth Network,GITHUB_comments_daily,2024-09-22,2.0
Open Source Observer,GITHUB_comments_daily,2024-09-22,6.0
thirdweb,GITHUB_commits_daily,2024-09-22,1.0
Trail of Bits Security Reviews,GITHUB_commits_daily,2024-09-22,2.0
Runtime Verification,GITHUB_releases_daily,2024-09-22,1.0
Walnut,GITHUB_repositories_daily,2024-09-22,1.0
Pyth Network,GITHUB_repositories_daily,2024-09-22,1.0
Trail of Bits Security Reviews,GITHUB_active_developers_daily,2024-09-22,1.0
Pyth Network,GITHUB_opened_pull_requests_daily,2024-09-22,1.0
Trail of Bits Security Reviews,GITHUB_opened_pull_requests_daily,2024-09-22,5.0
Runtime Verification,GITHUB_merged_pull_requests_daily,2024-09-22,1.0
Runtime Verification,GITHUB_stars_daily,2025-01-12,1.0
thirdweb,GITHUB_stars_daily,2025-01-12,2.0
9Lives,GITHUB_commits_daily,2025-01-12,11.0
Trail of Bits Security Reviews,GITHUB_forks_daily,2025-01-12,1.0
Syndicate Protocol,GITHUB_repositories_daily,2025-01-12,1.0
Pyth Network,GITHUB_contributors_daily,2025-01-12,1.0
thirdweb,GITHUB_merged_pull_requests_daily,2025-01-12,3.0
Open Source Observer,GITHUB_opened_issues_daily,2025-01-12,1.0
Runtime Verification,GITHUB_comments_daily,2024-11-26,10.0
thirdweb,GITHUB_comments_daily,2024-11-26,105.0
Open Source Observer,GITHUB_comments_daily,2024-11-26,18.0
Enclave,GITHUB_comments_daily,2024-11-26,10.0
Passport XYZ,GITHUB_stars_daily,2024-11-26,4.0
Trail of Bits Security Reviews,GITHUB_commits_daily,2024-11-26,4.0
thirdweb,GITHUB_commits_daily,2024-11-26,15.0
Debid - Fairblock,GITHUB_commits_daily,2024-11-26,25.0
Trail of Bits Security Reviews,GITHUB_repositories_daily,2024-11-26,13.0
Pyth Network,GITHUB_repositories_daily,2024-11-26,3.0
thirdweb,GITHUB_contributors_daily,2024-11-26,9.0
Runtime Verification,GITHUB_active_developers_daily,2024-11-26,3.0
thirdweb,GITHUB_opened_pull_requests_daily,2024-11-26,13.0
Pyth Network,GITHUB_merged_pull_requests_daily,2024-11-26,3.0
Open Source Observer,GITHUB_merged_pull_requests_daily,2024-11-26,12.0
Trail of Bits Security Reviews,GITHUB_merged_pull_requests_daily,2024-11-26,4.0
Open Source Observer,GITHUB_opened_issues_daily,2024-11-26,7.0
Runtime Verification,GITHUB_commits_daily,2024-08-31,1.0
Walnut,GITHUB_repositories_daily,2024-08-31,1.0
Redstone Finance,GITHUB_repositories_daily,2024-08-31,3.0
Open Source Observer,GITHUB_repositories_daily,2024-08-31,1.0
Open Source Observer,GITHUB_opened_pull_requests_daily,2024-08-31,2.0
Open Source Observer,GITHUB_merged_pull_requests_daily,2024-08-31,4.0
Runtime Verification,GITHUB_comments_daily,2024-10-30,3.0
Trail of Bits Security Reviews,GITHUB_comments_daily,2024-10-30,6.0
Trail of Bits Security Reviews,GITHUB_stars_daily,2024-10-30,7.0
thirdweb,GITHUB_commits_daily,2024-10-30,17.0
Open Source Observer,GITHUB_commits_daily,2024-10-30,6.0
Debid - Fairblock,GITHUB_releases_daily,2024-10-30,1.0
Pyth Network,GITHUB_repositories_daily,2024-10-30,4.0
Redstone Finance,GITHUB_merged_pull_requests_daily,2024-10-30,3.0
Walnut,GITHUB_contributors_daily,2024-10-30,1.0
Pyth Network,GITHUB_contributors_daily,2024-10-30,9.0
Open Source Observer,GITHUB_contributors_daily,2024-10-30,6.0
Trail of Bits Security Reviews,GITHUB_contributors_daily,2024-10-30,5.0
Passport XYZ,GITHUB_contributors_daily,2024-10-30,1.0
Runtime Verification,GITHUB_contributors_daily,2024-10-30,6.0
Debid - Fairblock,GITHUB_contributors_daily,2024-10-30,2.0
Walnut,GITHUB_active_developers_daily,2024-10-30,1.0
Redstone Finance,GITHUB_active_developers_daily,2024-10-30,3.0
Open Source Observer,GITHUB_active_developers_daily,2024-10-30,3.0
thirdweb,GITHUB_active_developers_daily,2024-10-30,4.0
Solang,GITHUB_opened_pull_requests_daily,2024-10-30,1.0
Open Source Observer,GITHUB_opened_pull_requests_daily,2024-10-30,7.0
thirdweb,GITHUB_opened_issues_daily,2024-10-30,1.0
Open Source Observer,GITHUB_opened_issues_daily,2024-10-30,8.0
Walnut,GITHUB_comments_daily,2024-02-26,17.0
Open Source Observer,GITHUB_comments_daily,2024-02-26,18.0
Pyth Network,GITHUB_comments_daily,2024-02-26,8.0
Trail of Bits Security Reviews,GITHUB_forks_weekly,2024-02-26,17.0
Remix IDE plugin for Arbitrum Stylus,GITHUB_forks_weekly,2024-02-26,1.0
Pyth Network,GITHUB_forks_weekly,2024-02-26,6.0
Open Source Observer,GITHUB_stars_weekly,2024-02-26,5.0
Trail of Bits Security Reviews,GITHUB_commits_daily,2024-02-26,31.0
thirdweb,GITHUB_stars_daily,2024-02-26,1.0
Trail of Bits Security Reviews,GITHUB_stars_daily,2024-02-26,12.0
Pyth Network,GITHUB_releases_weekly,2024-02-26,3.0
Debid - Fairblock,GITHUB_releases_daily,2024-02-26,1.0
Runtime Verification,GITHUB_releases_daily,2024-02-26,4.0
Open Source Observer,GITHUB_commits_weekly,2024-02-26,18.0
Redstone Finance,GITHUB_comments_weekly,2024-02-26,1.0
Trail of Bits Security Reviews,GITHUB_comments_weekly,2024-02-26,50.0
Walnut,GITHUB_repositories_weekly,2024-02-26,3.0
Runtime Verification,GITHUB_repositories_daily,2024-02-26,9.0
Trail of Bits Security Reviews,GITHUB_repositories_daily,2024-02-26,17.0
Walnut,GITHUB_repositories_daily,2024-02-26,1.0
Open Source Observer,GITHUB_repositories_daily,2024-02-26,2.0
Syndicate Protocol,GITHUB_contributors_weekly,2024-02-26,1.0
Pyth Network,GITHUB_contributors_weekly,2024-02-26,10.0
Open Source Observer,GITHUB_contributors_daily,2024-02-26,2.0
Trail of Bits Security Reviews,GITHUB_contributors_daily,2024-02-26,7.0
Walnut,GITHUB_contributors_daily,2024-02-26,2.0
thirdweb,GITHUB_contributors_daily,2024-02-26,9.0
Pyth Network,GITHUB_active_developers_weekly,2024-02-26,5.0
Redstone Finance,GITHUB_active_developers_weekly,2024-02-26,3.0
Redstone Finance,GITHUB_active_developers_daily,2024-02-26,2.0
Pyth Network,GITHUB_active_developers_daily,2024-02-26,1.0
Debid - Fairblock,GITHUB_active_developers_daily,2024-02-26,1.0
Redstone Finance,GITHUB_opened_pull_requests_weekly,2024-02-26,1.0
Trail of Bits Security Reviews,GITHUB_opened_pull_requests_weekly,2024-02-26,35.0
thirdweb,GITHUB_opened_pull_requests_weekly,2024-02-26,76.0
Trail of Bits Security Reviews,GITHUB_opened_pull_requests_daily,2024-02-26,14.0
Runtime Verification,GITHUB_opened_pull_requests_daily,2024-02-26,12.0
Open Source Observer,GITHUB_opened_pull_requests_daily,2024-02-26,5.0
Runtime Verification,GITHUB_merged_pull_requests_weekly,2024-02-26,83.0
Open Source Observer,GITHUB_merged_pull_requests_weekly,2024-02-26,15.0
Open Source Observer,GITHUB_merged_pull_requests_daily,2024-02-26,3.0
thirdweb,GITHUB_merged_pull_requests_daily,2024-02-26,10.0
Walnut,GITHUB_opened_issues_daily,2024-02-26,5.0
Runtime Verification,GITHUB_opened_issues_daily,2024-02-26,6.0
Runtime Verification,GITHUB_closed_issues_weekly,2024-02-26,12.0
Open Source Observer,GITHUB_closed_issues_daily,2024-02-26,3.0
Open Source Observer,GITHUB_comments_daily,2024-06-16,5.0
Pyth Network,GITHUB_comments_daily,2024-06-16,1.0
Redstone Finance,GITHUB_forks_daily,2024-06-16,1.0
Trail of Bits Security Reviews,GITHUB_contributors_daily,2024-06-16,1.0
thirdweb,GITHUB_opened_pull_requests_daily,2024-06-16,3.0
thirdweb,GITHUB_comments_daily,2025-01-23,47.0
Debid - Fairblock,GITHUB_stars_daily,2025-01-23,1.0
Redstone Finance,GITHUB_stars_daily,2025-01-23,3.0
Passport XYZ,GITHUB_stars_daily,2025-01-23,4.0
Redstone Finance,GITHUB_commits_daily,2025-01-23,6.0
Debid - Fairblock,GITHUB_commits_daily,2025-01-23,2.0
Pyth Network,GITHUB_releases_daily,2025-01-23,1.0
Walnut,GITHUB_repositories_daily,2025-01-23,2.0
thirdweb,GITHUB_contributors_daily,2025-01-23,5.0
thirdweb,GITHUB_opened_pull_requests_daily,2025-01-23,6.0
Passport XYZ,GITHUB_opened_pull_requests_daily,2025-01-23,2.0
Open Source Observer,GITHUB_opened_pull_requests_daily,2025-01-23,3.0
Open Source Observer,GITHUB_merged_pull_requests_daily,2025-01-23,5.0
Pyth Network,GITHUB_merged_pull_requests_daily,2025-01-23,6.0
Passport XYZ,GITHUB_merged_pull_requests_daily,2025-01-23,5.0
Open Source Observer,GITHUB_opened_issues_daily,2025-01-23,7.0
Passport XYZ,GITHUB_closed_issues_daily,2025-01-23,6.0
thirdweb,GITHUB_comments_daily,2024-04-05,110.0
Walnut,GITHUB_stars_daily,2024-04-05,2.0
Redstone Finance,GITHUB_commits_daily,2024-04-05,3.0
Pyth Network,GITHUB_commits_daily,2024-04-05,5.0
Open Source Observer,GITHUB_commits_daily,2024-04-05,12.0
Runtime Verification,GITHUB_commits_daily,2024-04-05,23.0
thirdweb,GITHUB_commits_daily,2024-04-05,23.0
Pyth Network,GITHUB_repositories_daily,2024-04-05,2.0
Arbos Foundry,GITHUB_repositories_daily,2024-04-05,1.0
thirdweb,GITHUB_forks_daily,2024-04-05,3.0
Walnut,GITHUB_contributors_daily,2024-04-05,2.0
Trail of Bits Security Reviews,GITHUB_contributors_daily,2024-04-05,6.0
Trail of Bits Security Reviews,GITHUB_active_developers_daily,2024-04-05,4.0
Runtime Verification,GITHUB_active_developers_daily,2024-04-05,3.0
thirdweb,GITHUB_active_developers_daily,2024-04-05,5.0
Runtime Verification,GITHUB_opened_pull_requests_daily,2024-04-05,10.0
Open Source Observer,GITHUB_merged_pull_requests_daily,2024-04-05,10.0
Pyth Network,GITHUB_merged_pull_requests_daily,2024-04-05,5.0
Open Source Observer,GITHUB_opened_issues_daily,2024-04-05,1.0
Pyth Network,GITHUB_stars_daily,2024-05-05,3.0
Debid - Fairblock,GITHUB_forks_daily,2024-05-05,1.0
Trail of Bits Security Reviews,GITHUB_repositories_daily,2024-05-05,7.0
thirdweb,GITHUB_repositories_daily,2024-05-05,3.0
thirdweb,GITHUB_contributors_daily,2024-05-05,4.0
Trail of Bits Security Reviews,GITHUB_contributors_daily,2024-05-05,2.0
Redstone Finance,GITHUB_contributors_daily,2024-05-05,1.0
Runtime Verification,GITHUB_active_developers_daily,2024-05-05,1.0
Open Source Observer,GITHUB_active_developers_daily,2024-05-05,1.0
thirdweb,GITHUB_merged_pull_requests_daily,2024-05-05,2.0
Open Source Observer,GITHUB_opened_issues_daily,2024-05-05,10.0
Redstone Finance,GITHUB_comments_daily,2025-01-30,11.0
thirdweb,GITHUB_stars_daily,2025-01-30,18.0
Open Source Observer,GITHUB_commits_daily,2025-01-30,8.0
Trail of Bits Security Reviews,GITHUB_releases_daily,2025-01-30,2.0
Trail of Bits Security Reviews,GITHUB_repositories_daily,2025-01-30,9.0
9Lives,GITHUB_repositories_daily,2025-01-30,1.0
thirdweb,GITHUB_repositories_daily,2025-01-30,5.0
9Lives,GITHUB_contributors_daily,2025-01-30,3.0
Pyth Network,GITHUB_contributors_daily,2025-01-30,5.0
Runtime Verification,GITHUB_contributors_daily,2025-01-30,5.0
Walnut,GITHUB_active_developers_daily,2025-01-30,1.0
Redstone Finance,GITHUB_active_developers_daily,2025-01-30,3.0
Trail of Bits Security Reviews,GITHUB_active_developers_daily,2025-01-30,2.0
9Lives,GITHUB_active_developers_daily,2025-01-30,2.0
Open Source Observer,GITHUB_active_developers_daily,2025-01-30,4.0
thirdweb,GITHUB_opened_pull_requests_daily,2025-01-30,16.0
Open Source Observer,GITHUB_opened_pull_requests_daily,2025-01-30,5.0
Walnut,GITHUB_opened_pull_requests_daily,2025-01-30,1.0
Trail of Bits Security Reviews,GITHUB_merged_pull_requests_daily,2025-01-30,8.0
Open Source Observer,GITHUB_merged_pull_requests_daily,2025-01-30,8.0
Runtime Verification,GITHUB_merged_pull_requests_daily,2025-01-30,1.0
Passport XYZ,GITHUB_opened_issues_daily,2025-01-30,4.0
Walnut,GITHUB_opened_issues_daily,2025-01-30,2.0
Walnut,GITHUB_closed_issues_daily,2025-01-30,4.0
Passport XYZ,GITHUB_comments_daily,2024-09-13,4.0
Redstone Finance,GITHUB_comments_daily,2024-09-13,5.0
Runtime Verification,GITHUB_comments_daily,2024-09-13,27.0
Enclave,GITHUB_commits_daily,2024-09-13,8.0
thirdweb,GITHUB_commits_daily,2024-09-13,9.0
Pyth Network,GITHUB_commits_daily,2024-09-13,23.0
Trail of Bits Security Reviews,GITHUB_releases_daily,2024-09-13,1.0
Runtime Verification,GITHUB_releases_daily,2024-09-13,3.0
Open Source Observer,GITHUB_forks_daily,2024-09-13,1.0
Passport XYZ,GITHUB_repositories_daily,2024-09-13,4.0
thirdweb,GITHUB_repositories_daily,2024-09-13,2.0
Enclave,GITHUB_repositories_daily,2024-09-13,1.0
Trail of Bits Security Reviews,GITHUB_repositories_daily,2024-09-13,9.0
Enclave,GITHUB_active_developers_daily,2024-09-13,1.0
Pyth Network,GITHUB_active_developers_daily,2024-09-13,6.0
Runtime Verification,GITHUB_active_developers_daily,2024-09-13,2.0
Runtime Verification,GITHUB_contributors_daily,2024-09-13,6.0
Enclave,GITHUB_contributors_daily,2024-09-13,2.0
thirdweb,GITHUB_contributors_daily,2024-09-13,8.0
Enclave,GITHUB_merged_pull_requests_daily,2024-09-13,5.0
Pyth Network,GITHUB_merged_pull_requests_daily,2024-09-13,20.0
Runtime Verification,GITHUB_merged_pull_requests_daily,2024-09-13,4.0
Open Source Observer,GITHUB_merged_pull_requests_daily,2024-09-13,5.0
Redstone Finance,GITHUB_closed_issues_daily,2024-09-13,1.0
thirdweb,GITHUB_commits_daily,2024-08-10,2.0
Walnut,GITHUB_commits_daily,2024-08-10,7.0
Runtime Verification,GITHUB_active_developers_daily,2024-08-10,3.0
thirdweb,GITHUB_contributors_daily,2024-08-10,7.0
Runtime Verification,GITHUB_contributors_daily,2024-08-10,6.0
Runtime Verification,GITHUB_opened_pull_requests_daily,2024-08-10,5.0
thirdweb,GITHUB_merged_pull_requests_daily,2024-08-10,2.0
Walnut,GITHUB_merged_pull_requests_daily,2024-08-10,1.0
Redstone Finance,GITHUB_comments_daily,2024-11-14,16.0
Pyth Network,GITHUB_stars_daily,2024-11-14,2.0
Open Source Observer,GITHUB_stars_daily,2024-11-14,1.0
Passport XYZ,GITHUB_stars_daily,2024-11-14,2.0
Walnut,GITHUB_commits_daily,2024-11-14,3.0
Trail of Bits Security Reviews,GITHUB_commits_daily,2024-11-14,11.0
Pyth Network,GITHUB_commits_daily,2024-11-14,7.0
Redstone Finance,GITHUB_commits_daily,2024-11-14,5.0
Trail of Bits Security Reviews,GITHUB_forks_daily,2024-11-14,2.0
Trail of Bits Security Reviews,GITHUB_repositories_daily,2024-11-14,16.0
thirdweb,GITHUB_repositories_daily,2024-11-14,2.0
Passport XYZ,GITHUB_repositories_daily,2024-11-14,3.0
Redstone Finance,GITHUB_repositories_daily,2024-11-14,3.0
Runtime Verification,GITHUB_contributors_daily,2024-11-14,7.0
thirdweb,GITHUB_contributors_daily,2024-11-14,12.0
Trail of Bits Security Reviews,GITHUB_contributors_daily,2024-11-14,7.0
Enclave,GITHUB_contributors_daily,2024-11-14,1.0
Trail of Bits Security Reviews,GITHUB_active_developers_daily,2024-11-14,3.0
Redstone Finance,GITHUB_active_developers_daily,2024-11-14,3.0
Runtime Verification,GITHUB_active_developers_daily,2024-11-14,4.0
Passport XYZ,GITHUB_opened_pull_requests_daily,2024-11-14,12.0
Walnut,GITHUB_merged_pull_requests_daily,2024-11-14,1.0
Trail of Bits Security Reviews,GITHUB_merged_pull_requests_daily,2024-11-14,7.0
thirdweb,GITHUB_closed_issues_daily,2024-11-14,4.0
Runtime Verification,GITHUB_comments_daily,2024-01-09,25.0
Redstone Finance,GITHUB_commits_daily,2024-01-09,1.0
Runtime Verification,GITHUB_releases_daily,2024-01-09,1.0
Trail of Bits Security Reviews,GITHUB_active_developers_daily,2024-01-09,3.0
thirdweb,GITHUB_active_developers_daily,2024-01-09,7.0
thirdweb,GITHUB_opened_pull_requests_daily,2024-01-09,17.0
Pyth Network,GITHUB_opened_pull_requests_daily,2024-01-09,6.0
thirdweb,GITHUB_forks_daily,2024-01-09,1.0
Trail of Bits Security Reviews,GITHUB_forks_daily,2024-01-09,2.0
Runtime Verification,GITHUB_repositories_daily,2024-01-09,12.0
WakeUp Labs,GITHUB_repositories_daily,2024-01-09,1.0
Open Source Observer,GITHUB_merged_pull_requests_daily,2024-01-09,1.0
Pyth Network,GITHUB_merged_pull_requests_daily,2024-01-09,3.0
thirdweb,GITHUB_opened_issues_daily,2024-01-09,1.0
Runtime Verification,GITHUB_opened_issues_daily,2024-01-09,4.0
thirdweb,GITHUB_forks_weekly,2025-01-27,11.0
Passport XYZ,GITHUB_comments_daily,2025-01-27,5.0
Trail of Bits Security Reviews,GITHUB_comments_daily,2025-01-27,13.0
Runtime Verification,GITHUB_commits_daily,2025-01-27,7.0
Redstone Finance,GITHUB_commits_daily,2025-01-27,10.0
Trail of Bits Security Reviews,GITHUB_commits_daily,2025-01-27,16.0
Walnut,GITHUB_commits_daily,2025-01-27,2.0
Debid - Fairblock,GITHUB_commits_daily,2025-01-27,2.0
Redstone Finance,GITHUB_stars_weekly,2025-01-27,7.0
Passport XYZ,GITHUB_commits_weekly,2025-01-27,31.0
Redstone Finance,GITHUB_commits_weekly,2025-01-27,37.0
Moving Stylus,GITHUB_commits_weekly,2025-01-27,2.0
thirdweb,GITHUB_commits_weekly,2025-01-27,96.0
Runtime Verification,GITHUB_comments_weekly,2025-01-27,48.0
thirdweb,GITHUB_comments_weekly,2025-01-27,465.0
Trail of Bits Security Reviews,GITHUB_comments_weekly,2025-01-27,33.0
Passport XYZ,GITHUB_repositories_daily,2025-01-27,2.0
Runtime Verification,GITHUB_repositories_weekly,2025-01-27,12.0
Redstone Finance,GITHUB_repositories_weekly,2025-01-27,5.0
Redstone Finance,GITHUB_contributors_daily,2025-01-27,3.0
Open Source Observer,GITHUB_contributors_daily,2025-01-27,2.0
Solang,GITHUB_contributors_daily,2025-01-27,1.0
Debid - Fairblock,GITHUB_contributors_weekly,2025-01-27,1.0
thirdweb,GITHUB_contributors_weekly,2025-01-27,19.0
Solang,GITHUB_contributors_weekly,2025-01-27,7.0
Solang,GITHUB_active_developers_weekly,2025-01-27,1.0
Passport XYZ,GITHUB_contributors_weekly,2025-01-27,4.0
Open Source Observer,GITHUB_active_developers_daily,2025-01-27,1.0
Redstone Finance,GITHUB_active_developers_daily,2025-01-27,3.0
thirdweb,GITHUB_active_developers_daily,2025-01-27,2.0
Passport XYZ,GITHUB_opened_pull_requests_weekly,2025-01-27,14.0
thirdweb,GITHUB_opened_pull_requests_weekly,2025-01-27,89.0
Runtime Verification,GITHUB_opened_pull_requests_weekly,2025-01-27,30.0
Enclave,GITHUB_opened_pull_requests_daily,2025-01-27,1.0
Open Source Observer,GITHUB_opened_pull_requests_daily,2025-01-27,2.0
Pyth Network,GITHUB_merged_pull_requests_daily,2025-01-27,6.0
Redstone Finance,GITHUB_merged_pull_requests_daily,2025-01-27,2.0
Walnut,GITHUB_opened_issues_weekly,2025-01-27,6.0
thirdweb,GITHUB_opened_issues_weekly,2025-01-27,4.0
Open Source Observer,GITHUB_closed_issues_daily,2025-01-27,1.0
Runtime Verification,GITHUB_closed_issues_weekly,2025-01-27,7.0
Redstone Finance,GITHUB_forks_weekly,2025-02-17,3.0
Runtime Verification,GITHUB_forks_weekly,2025-02-17,4.0
Solang,GITHUB_forks_weekly,2025-02-17,3.0
thirdweb,GITHUB_forks_weekly,2025-02-17,10.0
Trail of Bits Security Reviews,GITHUB_comments_daily,2025-02-17,4.0
Walnut,GITHUB_comments_daily,2025-02-17,9.0
Redstone Finance,GITHUB_stars_daily,2025-02-17,2.0
Pyth Network,GITHUB_stars_weekly,2025-02-17,7.0
Redstone Finance,GITHUB_commits_daily,2025-02-17,16.0
Walnut,GITHUB_commits_daily,2025-02-17,25.0
Pyth Network,GITHUB_commits_daily,2025-02-17,8.0
Open Source Observer,GITHUB_commits_daily,2025-02-17,2.0
thirdweb,GITHUB_releases_daily,2025-02-17,2.0
9Lives,GITHUB_commits_weekly,2025-02-17,35.0
Pyth Network,GITHUB_commits_weekly,2025-02-17,51.0
Redstone Finance,GITHUB_commits_weekly,2025-02-17,98.0
Runtime Verification,GITHUB_comments_weekly,2025-02-17,42.0
Open Source Observer,GITHUB_comments_weekly,2025-02-17,78.0
Passport XYZ,GITHUB_repositories_weekly,2025-02-17,3.0
Sylow,GITHUB_repositories_weekly,2025-02-17,1.0
Trail of Bits Security Reviews,GITHUB_repositories_weekly,2025-02-17,43.0
9Lives,GITHUB_repositories_weekly,2025-02-17,1.0
Open Source Observer,GITHUB_repositories_weekly,2025-02-17,3.0
Walnut,GITHUB_repositories_daily,2025-02-17,3.0
thirdweb,GITHUB_repositories_daily,2025-02-17,6.0
Redstone Finance,GITHUB_contributors_daily,2025-02-17,5.0
9Lives,GITHUB_active_developers_weekly,2025-02-17,3.0
Pyth Network,GITHUB_active_developers_weekly,2025-02-17,12.0
Pyth Network,GITHUB_contributors_daily,2025-02-17,8.0
Open Source Observer,GITHUB_contributors_daily,2025-02-17,1.0
thirdweb,GITHUB_active_developers_weekly,2025-02-17,8.0
Runtime Verification,GITHUB_active_developers_weekly,2025-02-17,11.0
Redstone Finance,GITHUB_active_developers_daily,2025-02-17,3.0
Trail of Bits Security Reviews,GITHUB_active_developers_daily,2025-02-17,3.0
Open Source Observer,GITHUB_merged_pull_requests_weekly,2025-02-17,21.0
Runtime Verification,GITHUB_opened_pull_requests_daily,2025-02-17,2.0
Passport XYZ,GITHUB_opened_pull_requests_daily,2025-02-17,3.0
Redstone Finance,GITHUB_opened_pull_requests_daily,2025-02-17,2.0
Trail of Bits Security Reviews,GITHUB_opened_pull_requests_daily,2025-02-17,25.0
Redstone Finance,GITHUB_merged_pull_requests_daily,2025-02-17,2.0
Trail of Bits Security Reviews,GITHUB_merged_pull_requests_daily,2025-02-17,8.0
Runtime Verification,GITHUB_opened_issues_daily,2025-02-17,2.0
Walnut,GITHUB_closed_issues_weekly,2025-02-17,34.0
Trail of Bits Security Reviews,GITHUB_closed_issues_weekly,2025-02-17,5.0
Runtime Verification,GITHUB_closed_issues_daily,2025-02-17,4.0
Walnut,GITHUB_comments_daily,2025-03-13,1.0
Open Source Observer,GITHUB_comments_daily,2025-03-13,26.0
Pyth Network,GITHUB_comments_daily,2025-03-13,13.0
Redstone Finance,GITHUB_stars_daily,2025-03-13,1.0
Walnut,GITHUB_commits_daily,2025-03-13,3.0
Runtime Verification,GITHUB_commits_daily,2025-03-13,18.0
Sylow,GITHUB_commits_daily,2025-03-13,14.0
CodeTracer,GITHUB_forks_daily,2025-03-13,2.0
Sylow,GITHUB_repositories_daily,2025-03-13,1.0
Open Source Observer,GITHUB_repositories_daily,2025-03-13,4.0
9Lives,GITHUB_repositories_daily,2025-03-13,1.0
Runtime Verification,GITHUB_contributors_daily,2025-03-13,8.0
CodeTracer,GITHUB_contributors_daily,2025-03-13,2.0
CodeTracer,GITHUB_active_developers_daily,2025-03-13,1.0
Redstone Finance,GITHUB_active_developers_daily,2025-03-13,2.0
Trail of Bits Security Reviews,GITHUB_opened_pull_requests_daily,2025-03-13,4.0
Pyth Network,GITHUB_opened_pull_requests_daily,2025-03-13,10.0
Open Source Observer,GITHUB_opened_pull_requests_daily,2025-03-13,17.0
Walnut,GITHUB_opened_pull_requests_daily,2025-03-13,1.0
Sylow,GITHUB_opened_pull_requests_daily,2025-03-13,1.0
Runtime Verification,GITHUB_opened_issues_daily,2025-03-13,3.0
CodeTracer,GITHUB_opened_issues_daily,2025-03-13,7.0
CodeTracer,GITHUB_closed_issues_daily,2025-03-13,2.0
Runtime Verification,GITHUB_comments_daily,2024-02-25,2.0
Pyth Network,GITHUB_stars_daily,2024-02-25,1.0
Pyth Network,GITHUB_commits_daily,2024-02-25,2.0
Trail of Bits Security Reviews,GITHUB_forks_daily,2024-02-25,2.0
Runtime Verification,GITHUB_repositories_daily,2024-02-25,3.0
thirdweb,GITHUB_opened_pull_requests_daily,2024-02-25,1.0
Open Source Observer,GITHUB_opened_pull_requests_daily,2024-02-25,1.0
Trail of Bits Security Reviews,GITHUB_stars_daily,2024-08-09,31.0
Passport XYZ,GITHUB_stars_daily,2024-08-09,4.0
Pyth Network,GITHUB_commits_daily,2024-08-09,4.0
thirdweb,GITHUB_commits_daily,2024-08-09,18.0
Pyth Network,GITHUB_releases_daily,2024-08-09,1.0
Enclave,GITHUB_repositories_daily,2024-08-09,1.0
Walnut,GITHUB_repositories_daily,2024-08-09,2.0
Pyth Network,GITHUB_repositories_daily,2024-08-09,2.0
Open Source Observer,GITHUB_repositories_daily,2024-08-09,2.0
thirdweb,GITHUB_repositories_daily,2024-08-09,2.0
thirdweb,GITHUB_contributors_daily,2024-08-09,13.0
Enclave,GITHUB_contributors_daily,2024-08-09,1.0
Open Source Observer,GITHUB_contributors_daily,2024-08-09,2.0
Trail of Bits Security Reviews,GITHUB_contributors_daily,2024-08-09,7.0
Runtime Verification,GITHUB_contributors_daily,2024-08-09,12.0
Walnut,GITHUB_contributors_daily,2024-08-09,8.0
Trail of Bits Security Reviews,GITHUB_opened_pull_requests_daily,2024-08-09,7.0
Open Source Observer,GITHUB_opened_pull_requests_daily,2024-08-09,2.0
Walnut,GITHUB_merged_pull_requests_daily,2024-08-09,5.0
thirdweb,GITHUB_opened_issues_daily,2024-08-09,1.0
Passport XYZ,GITHUB_opened_issues_daily,2024-08-09,2.0
Open Source Observer,GITHUB_comments_daily,2024-03-08,12.0
Trail of Bits Security Reviews,GITHUB_comments_daily,2024-03-08,18.0
Pyth Network,GITHUB_stars_daily,2024-03-08,3.0
Open Source Observer,GITHUB_commits_daily,2024-03-08,7.0
Walnut,GITHUB_repositories_daily,2024-03-08,1.0
Debid - Fairblock,GITHUB_repositories_daily,2024-03-08,2.0
Open Source Observer,GITHUB_contributors_daily,2024-03-08,3.0
Redstone Finance,GITHUB_contributors_daily,2024-03-08,2.0
thirdweb,GITHUB_active_developers_daily,2024-03-08,6.0
Runtime Verification,GITHUB_active_developers_daily,2024-03-08,5.0
Open Source Observer,GITHUB_opened_pull_requests_daily,2024-03-08,5.0
Runtime Verification,GITHUB_opened_pull_requests_daily,2024-03-08,20.0
thirdweb,GITHUB_merged_pull_requests_daily,2024-03-08,11.0
Debid - Fairblock,GITHUB_merged_pull_requests_daily,2024-03-08,1.0
Open Source Observer,GITHUB_merged_pull_requests_daily,2024-03-08,4.0
thirdweb,GITHUB_opened_issues_daily,2024-03-08,2.0
thirdweb,GITHUB_closed_issues_daily,2024-03-08,2.0
Runtime Verification,GITHUB_closed_issues_daily,2024-03-08,3.0
thirdweb,GITHUB_comments_daily,2025-02-27,55.0
thirdweb,GITHUB_stars_daily,2025-02-27,1.0
Pyth Network,GITHUB_stars_daily,2025-02-27,3.0
thirdweb,GITHUB_commits_daily,2025-02-27,22.0
Pyth Network,GITHUB_commits_daily,2025-02-27,20.0
Runtime Verification,GITHUB_commits_daily,2025-02-27,1.0
9Lives,GITHUB_commits_daily,2025-02-27,7.0
Redstone Finance,GITHUB_commits_daily,2025-02-27,11.0
Solang,GITHUB_forks_daily,2025-02-27,1.0
Solang,GITHUB_repositories_daily,2025-02-27,1.0
thirdweb,GITHUB_repositories_daily,2025-02-27,4.0
Walnut,GITHUB_contributors_daily,2025-02-27,2.0
Runtime Verification,GITHUB_active_developers_daily,2025-02-27,1.0
Open Source Observer,GITHUB_opened_pull_requests_daily,2025-02-27,6.0
Trail of Bits Security Reviews,GITHUB_opened_pull_requests_daily,2025-02-27,2.0
Walnut,GITHUB_opened_issues_daily,2025-02-27,1.0
Passport XYZ,GITHUB_closed_issues_daily,2025-02-27,4.0
Trail of Bits Security Reviews,GITHUB_stars_daily,2024-01-13,14.0
Pyth Network,GITHUB_forks_daily,2024-01-13,2.0
Open Source Observer,GITHUB_repositories_daily,2024-01-13,2.0
Trail of Bits Security Reviews,GITHUB_contributors_daily,2024-01-13,3.0
thirdweb,GITHUB_active_developers_daily,2024-01-13,1.0
Debid - Fairblock,GITHUB_opened_pull_requests_daily,2024-01-13,1.0
Pyth Network,GITHUB_comments_daily,2024-12-03,33.0
Remix IDE plugin for Arbitrum Stylus,GITHUB_stars_daily,2024-12-03,1.0
Redstone Finance,GITHUB_commits_daily,2024-12-03,5.0
Walnut,GITHUB_commits_daily,2024-12-03,1.0
Pyth Network,GITHUB_commits_daily,2024-12-03,11.0
Debid - Fairblock,GITHUB_commits_daily,2024-12-03,7.0
Runtime Verification,GITHUB_commits_daily,2024-12-03,6.0
Pyth Network,GITHUB_forks_daily,2024-12-03,2.0
Trail of Bits Security Reviews,GITHUB_forks_daily,2024-12-03,2.0
Enclave,GITHUB_repositories_daily,2024-12-03,1.0
thirdweb,GITHUB_contributors_daily,2024-12-03,8.0
Walnut,GITHUB_contributors_daily,2024-12-03,2.0
Open Source Observer,GITHUB_opened_pull_requests_daily,2024-12-03,3.0
Pyth Network,GITHUB_opened_pull_requests_daily,2024-12-03,13.0
Walnut,GITHUB_opened_pull_requests_daily,2024-12-03,3.0
Runtime Verification,GITHUB_merged_pull_requests_daily,2024-12-03,1.0
Passport XYZ,GITHUB_merged_pull_requests_daily,2024-12-03,12.0
thirdweb,GITHUB_merged_pull_requests_daily,2024-12-03,9.0
Redstone Finance,GITHUB_active_developers_daily,2024-12-03,2.0
Open Source Observer,GITHUB_active_developers_daily,2024-12-03,4.0
Passport XYZ,GITHUB_opened_issues_daily,2024-12-03,12.0
Walnut,GITHUB_opened_issues_daily,2024-12-03,3.0
Trail of Bits Security Reviews,GITHUB_comments_daily,2024-06-29,1.0
Walnut,GITHUB_comments_daily,2024-06-29,11.0
Redstone Finance,GITHUB_commits_daily,2024-06-29,1.0
Trail of Bits Security Reviews,GITHUB_commits_daily,2024-06-29,1.0
Walnut,GITHUB_repositories_daily,2024-06-29,2.0
Runtime Verification,GITHUB_repositories_daily,2024-06-29,1.0
Pyth Network,GITHUB_repositories_daily,2024-06-29,3.0
Trail of Bits Security Reviews,GITHUB_contributors_daily,2024-06-29,2.0
Trail of Bits Security Reviews,GITHUB_active_developers_daily,2024-06-29,1.0
thirdweb,GITHUB_active_developers_daily,2024-06-29,2.0
Trail of Bits Security Reviews,GITHUB_opened_pull_requests_daily,2024-06-29,1.0
thirdweb,GITHUB_opened_pull_requests_daily,2024-06-29,3.0
Walnut,GITHUB_opened_issues_daily,2024-06-29,1.0
thirdweb,GITHUB_stars_daily,2024-01-05,2.0
Trail of Bits Security Reviews,GITHUB_commits_daily,2024-01-05,4.0
thirdweb,GITHUB_releases_daily,2024-01-05,9.0
Debid - Fairblock,GITHUB_forks_daily,2024-01-05,1.0
Trail of Bits Security Reviews,GITHUB_repositories_daily,2024-01-05,12.0
Debid - Fairblock,GITHUB_contributors_daily,2024-01-05,1.0
Trail of Bits Security Reviews,GITHUB_contributors_daily,2024-01-05,2.0
thirdweb,GITHUB_opened_pull_requests_daily,2024-01-05,14.0
Runtime Verification,GITHUB_opened_pull_requests_daily,2024-01-05,1.0
thirdweb,GITHUB_merged_pull_requests_daily,2024-01-05,12.0
thirdweb,GITHUB_comments_daily,2025-03-18,45.0
Enclave,GITHUB_comments_daily,2025-03-18,2.0
Passport XYZ,GITHUB_commits_daily,2025-03-18,32.0
Pyth Network,GITHUB_commits_daily,2025-03-18,11.0
thirdweb,GITHUB_commits_daily,2025-03-18,7.0
CodeTracer,GITHUB_commits_daily,2025-03-18,3.0
CodeTracer,GITHUB_forks_daily,2025-03-18,1.0
Trail of Bits Security Reviews,GITHUB_repositories_daily,2025-03-18,7.0
Pyth Network,GITHUB_repositories_daily,2025-03-18,3.0
thirdweb,GITHUB_contributors_daily,2025-03-18,11.0
Enclave,GITHUB_contributors_daily,2025-03-18,1.0
Pyth Network,GITHUB_contributors_daily,2025-03-18,5.0
thirdweb,GITHUB_active_developers_daily,2025-03-18,5.0
Trail of Bits Security Reviews,GITHUB_active_developers_daily,2025-03-18,1.0
Redstone Finance,GITHUB_active_developers_daily,2025-03-18,2.0
CodeTracer,GITHUB_active_developers_daily,2025-03-18,1.0
Open Source Observer,GITHUB_opened_pull_requests_daily,2025-03-18,11.0
thirdweb,GITHUB_opened_pull_requests_daily,2025-03-18,5.0
Walnut,GITHUB_opened_pull_requests_daily,2025-03-18,4.0
Walnut,GITHUB_merged_pull_requests_daily,2025-03-18,3.0
Passport XYZ,GITHUB_opened_issues_daily,2025-03-18,8.0
Solang,GITHUB_opened_issues_daily,2025-03-18,1.0
Walnut,GITHUB_opened_issues_daily,2025-03-18,1.0
thirdweb,GITHUB_opened_issues_daily,2025-03-18,1.0
Open Source Observer,GITHUB_closed_issues_daily,2025-03-18,13.0
thirdweb,GITHUB_comments_daily,2025-02-12,61.0
Open Source Observer,GITHUB_comments_daily,2025-02-12,16.0
Pyth Network,GITHUB_stars_daily,2025-02-12,8.0
Trail of Bits Security Reviews,GITHUB_commits_daily,2025-02-12,9.0
Passport XYZ,GITHUB_releases_daily,2025-02-12,2.0
Passport XYZ,GITHUB_forks_daily,2025-02-12,6.0
Redstone Finance,GITHUB_forks_daily,2025-02-12,3.0
Redstone Finance,GITHUB_repositories_daily,2025-02-12,4.0
Passport XYZ,GITHUB_contributors_daily,2025-02-12,2.0
Redstone Finance,GITHUB_contributors_daily,2025-02-12,2.0
Trail of Bits Security Reviews,GITHUB_contributors_daily,2025-02-12,10.0
Trail of Bits Security Reviews,GITHUB_active_developers_daily,2025-02-12,4.0
Passport XYZ,GITHUB_active_developers_daily,2025-02-12,1.0
Runtime Verification,GITHUB_active_developers_daily,2025-02-12,1.0
Pyth Network,GITHUB_opened_pull_requests_daily,2025-02-12,12.0
Trail of Bits Security Reviews,GITHUB_merged_pull_requests_daily,2025-02-12,7.0
Open Source Observer,GITHUB_opened_issues_daily,2025-02-12,2.0
Debid - Fairblock,GITHUB_forks_weekly,2025-01-20,2.0
Trail of Bits Security Reviews,GITHUB_forks_weekly,2025-01-20,7.0
thirdweb,GITHUB_comments_daily,2025-01-20,97.0
Passport XYZ,GITHUB_comments_daily,2025-01-20,2.0
thirdweb,GITHUB_stars_weekly,2025-01-20,9.0
thirdweb,GITHUB_stars_daily,2025-01-20,2.0
Trail of Bits Security Reviews,GITHUB_releases_weekly,2025-01-20,1.0
Redstone Finance,GITHUB_commits_daily,2025-01-20,5.0
thirdweb,GITHUB_commits_weekly,2025-01-20,70.0
Runtime Verification,GITHUB_commits_weekly,2025-01-20,36.0
Passport XYZ,GITHUB_commits_weekly,2025-01-20,13.0
Trail of Bits Security Reviews,GITHUB_commits_weekly,2025-01-20,42.0
Trail of Bits Security Reviews,GITHUB_comments_weekly,2025-01-20,24.0
Passport XYZ,GITHUB_comments_weekly,2025-01-20,26.0
Solang,GITHUB_comments_weekly,2025-01-20,1.0
Runtime Verification,GITHUB_releases_daily,2025-01-20,6.0
Pyth Network,GITHUB_releases_daily,2025-01-20,1.0
Moving Stylus,GITHUB_repositories_weekly,2025-01-20,2.0
Walnut,GITHUB_repositories_weekly,2025-01-20,3.0
Runtime Verification,GITHUB_repositories_weekly,2025-01-20,11.0
thirdweb,GITHUB_repositories_weekly,2025-01-20,8.0
Runtime Verification,GITHUB_repositories_daily,2025-01-20,5.0
Enclave,GITHUB_contributors_weekly,2025-01-20,1.0
9Lives,GITHUB_contributors_weekly,2025-01-20,3.0
Trail of Bits Security Reviews,GITHUB_active_developers_weekly,2025-01-20,10.0
Walnut,GITHUB_active_developers_weekly,2025-01-20,3.0
Passport XYZ,GITHUB_active_developers_weekly,2025-01-20,3.0
Pyth Network,GITHUB_contributors_daily,2025-01-20,9.0
Trail of Bits Security Reviews,GITHUB_contributors_daily,2025-01-20,2.0
Runtime Verification,GITHUB_contributors_daily,2025-01-20,5.0
Redstone Finance,GITHUB_active_developers_daily,2025-01-20,2.0
thirdweb,GITHUB_active_developers_daily,2025-01-20,2.0
Runtime Verification,GITHUB_active_developers_daily,2025-01-20,3.0
Walnut,GITHUB_opened_pull_requests_weekly,2025-01-20,6.0
9Lives,GITHUB_opened_pull_requests_weekly,2025-01-20,1.0
Passport XYZ,GITHUB_opened_pull_requests_weekly,2025-01-20,12.0
Debid - Fairblock,GITHUB_opened_pull_requests_weekly,2025-01-20,1.0
Open Source Observer,GITHUB_opened_pull_requests_weekly,2025-01-20,26.0
CoBuilders,GITHUB_opened_pull_requests_weekly,2025-01-20,2.0
Runtime Verification,GITHUB_opened_pull_requests_daily,2025-01-20,7.0
Trail of Bits Security Reviews,GITHUB_opened_pull_requests_daily,2025-01-20,13.0
9Lives,GITHUB_opened_pull_requests_daily,2025-01-20,1.0
Pyth Network,GITHUB_merged_pull_requests_weekly,2025-01-20,51.0
Walnut,GITHUB_merged_pull_requests_weekly,2025-01-20,2.0
Passport XYZ,GITHUB_merged_pull_requests_weekly,2025-01-20,11.0
Pyth Network,GITHUB_merged_pull_requests_daily,2025-01-20,11.0
Trail of Bits Security Reviews,GITHUB_merged_pull_requests_daily,2025-01-20,4.0
Passport XYZ,GITHUB_opened_issues_weekly,2025-01-20,26.0
thirdweb,GITHUB_opened_issues_weekly,2025-01-20,5.0
thirdweb,GITHUB_opened_issues_daily,2025-01-20,1.0
Open Source Observer,GITHUB_closed_issues_weekly,2025-01-20,26.0
Runtime Verification,GITHUB_closed_issues_daily,2025-01-20,1.0
Open Source Observer,GITHUB_closed_issues_daily,2025-01-20,1.0
Pyth Network,GITHUB_comments_daily,2024-07-21,2.0
Trail of Bits Security Reviews,GITHUB_comments_daily,2024-07-21,2.0
Runtime Verification,GITHUB_comments_daily,2024-07-21,2.0
Open Source Observer,GITHUB_commits_daily,2024-07-21,1.0
Redstone Finance,GITHUB_forks_daily,2024-07-21,1.0
Pyth Network,GITHUB_forks_daily,2024-07-21,1.0
thirdweb,GITHUB_contributors_daily,2024-07-21,3.0
Pyth Network,GITHUB_contributors_daily,2024-07-21,1.0
thirdweb,GITHUB_opened_pull_requests_daily,2024-07-21,1.0
Open Source Observer,GITHUB_merged_pull_requests_daily,2024-07-21,1.0
Runtime Verification,GITHUB_comments_daily,2024-03-06,36.0
Walnut,GITHUB_stars_daily,2024-03-06,1.0
Trail of Bits Security Reviews,GITHUB_commits_daily,2024-03-06,5.0
Arbos Foundry,GITHUB_commits_daily,2024-03-06,20.0
Open Source Observer,GITHUB_commits_daily,2024-03-06,11.0
Debid - Fairblock,GITHUB_releases_daily,2024-03-06,12.0
Open Source Observer,GITHUB_forks_daily,2024-03-06,1.0
Redstone Finance,GITHUB_repositories_daily,2024-03-06,1.0
Runtime Verification,GITHUB_contributors_daily,2024-03-06,15.0
Trail of Bits Security Reviews,GITHUB_active_developers_daily,2024-03-06,1.0
thirdweb,GITHUB_merged_pull_requests_daily,2024-03-06,18.0
Open Source Observer,GITHUB_merged_pull_requests_daily,2024-03-06,1.0
Pyth Network,GITHUB_opened_issues_daily,2024-03-06,1.0
thirdweb,GITHUB_opened_issues_daily,2024-03-06,1.0
Walnut,GITHUB_closed_issues_daily,2024-03-06,4.0
Trail of Bits Security Reviews,GITHUB_closed_issues_daily,2024-03-06,3.0
Runtime Verification,GITHUB_comments_daily,2024-10-29,9.0
Debid - Fairblock,GITHUB_commits_daily,2024-10-29,5.0
Runtime Verification,GITHUB_releases_daily,2024-10-29,4.0
Open Source Observer,GITHUB_forks_daily,2024-10-29,1.0
Redstone Finance,GITHUB_repositories_daily,2024-10-29,4.0
Passport XYZ,GITHUB_repositories_daily,2024-10-29,2.0
Runtime Verification,GITHUB_contributors_daily,2024-10-29,6.0
Trail of Bits Security Reviews,GITHUB_contributors_daily,2024-10-29,8.0
Runtime Verification,GITHUB_opened_pull_requests_daily,2024-10-29,9.0
Enclave,GITHUB_closed_issues_daily,2024-10-29,2.0
Pyth Network,GITHUB_closed_issues_daily,2024-10-29,1.0
Pyth Network,GITHUB_comments_daily,2024-08-17,9.0
thirdweb,GITHUB_stars_daily,2024-08-17,2.0
Open Source Observer,GITHUB_repositories_daily,2024-08-17,1.0
Trail of Bits Security Reviews,GITHUB_contributors_daily,2024-08-17,2.0
Open Source Observer,GITHUB_active_developers_daily,2024-08-17,2.0
Trail of Bits Security Reviews,GITHUB_opened_pull_requests_daily,2024-08-17,3.0
Runtime Verification,GITHUB_opened_pull_requests_daily,2024-08-17,1.0
Runtime Verification,GITHUB_merged_pull_requests_daily,2024-08-17,2.0
thirdweb,GITHUB_merged_pull_requests_daily,2024-08-17,8.0
Runtime Verification,GITHUB_closed_issues_daily,2024-08-17,1.0
Trail of Bits Security Reviews,GITHUB_comments_daily,2025-01-28,1.0
Passport XYZ,GITHUB_comments_daily,2025-01-28,24.0
Runtime Verification,GITHUB_comments_daily,2025-01-28,4.0
9Lives,GITHUB_commits_daily,2025-01-28,13.0
Passport XYZ,GITHUB_commits_daily,2025-01-28,11.0
Pyth Network,GITHUB_releases_daily,2025-01-28,1.0
Runtime Verification,GITHUB_repositories_daily,2025-01-28,5.0
Arbos Foundry,GITHUB_repositories_daily,2025-01-28,1.0
Redstone Finance,GITHUB_repositories_daily,2025-01-28,3.0
Pyth Network,GITHUB_contributors_daily,2025-01-28,6.0
Open Source Observer,GITHUB_contributors_daily,2025-01-28,6.0
Runtime Verification,GITHUB_active_developers_daily,2025-01-28,3.0
Runtime Verification,GITHUB_opened_pull_requests_daily,2025-01-28,4.0
Walnut,GITHUB_merged_pull_requests_daily,2025-01-28,3.0
Pyth Network,GITHUB_merged_pull_requests_daily,2025-01-28,3.0
Redstone Finance,GITHUB_merged_pull_requests_daily,2025-01-28,1.0
Trail of Bits Security Reviews,GITHUB_merged_pull_requests_daily,2025-01-28,4.0
Passport XYZ,GITHUB_opened_issues_daily,2025-01-28,8.0
thirdweb,GITHUB_forks_weekly,2024-04-29,17.0
Debid - Fairblock,GITHUB_forks_weekly,2024-04-29,1.0
Open Source Observer,GITHUB_forks_weekly,2024-04-29,2.0
Pyth Network,GITHUB_comments_daily,2024-04-29,15.0
Walnut,GITHUB_comments_daily,2024-04-29,1.0
Runtime Verification,GITHUB_stars_daily,2024-04-29,3.0
Trail of Bits Security Reviews,GITHUB_stars_weekly,2024-04-29,112.0
Trail of Bits Security Reviews,GITHUB_commits_daily,2024-04-29,16.0
Trail of Bits Security Reviews,GITHUB_releases_weekly,2024-04-29,8.0
Pyth Network,GITHUB_releases_weekly,2024-04-29,4.0
Runtime Verification,GITHUB_releases_weekly,2024-04-29,39.0
thirdweb,GITHUB_releases_daily,2024-04-29,10.0
Runtime Verification,GITHUB_releases_daily,2024-04-29,7.0
Runtime Verification,GITHUB_commits_weekly,2024-04-29,113.0
Pyth Network,GITHUB_commits_weekly,2024-04-29,40.0
Pyth Network,GITHUB_comments_weekly,2024-04-29,127.0
Trail of Bits Security Reviews,GITHUB_repositories_daily,2024-04-29,14.0
Syndicate Protocol,GITHUB_repositories_daily,2024-04-29,1.0
Walnut,GITHUB_repositories_daily,2024-04-29,1.0
Redstone Finance,GITHUB_contributors_weekly,2024-04-29,3.0
thirdweb,GITHUB_active_developers_weekly,2024-04-29,14.0
Walnut,GITHUB_active_developers_weekly,2024-04-29,2.0
Redstone Finance,GITHUB_active_developers_weekly,2024-04-29,2.0
Runtime Verification,GITHUB_contributors_daily,2024-04-29,7.0
thirdweb,GITHUB_active_developers_daily,2024-04-29,7.0
Trail of Bits Security Reviews,GITHUB_active_developers_daily,2024-04-29,4.0
thirdweb,GITHUB_opened_pull_requests_daily,2024-04-29,21.0
Pyth Network,GITHUB_opened_pull_requests_weekly,2024-04-29,48.0
Debid - Fairblock,GITHUB_opened_pull_requests_weekly,2024-04-29,2.0
Runtime Verification,GITHUB_opened_pull_requests_weekly,2024-04-29,50.0
Debid - Fairblock,GITHUB_merged_pull_requests_daily,2024-04-29,1.0
Walnut,GITHUB_merged_pull_requests_daily,2024-04-29,1.0
Trail of Bits Security Reviews,GITHUB_merged_pull_requests_daily,2024-04-29,14.0
Pyth Network,GITHUB_merged_pull_requests_weekly,2024-04-29,38.0
Pyth Network,GITHUB_opened_issues_weekly,2024-04-29,1.0
Pyth Network,GITHUB_opened_issues_daily,2024-04-29,1.0
Runtime Verification,GITHUB_opened_issues_daily,2024-04-29,2.0
thirdweb,GITHUB_closed_issues_weekly,2024-04-29,4.0
Redstone Finance,GITHUB_forks_weekly,2025-01-06,1.0
thirdweb,GITHUB_forks_weekly,2025-01-06,13.0
thirdweb,GITHUB_comments_daily,2025-01-06,91.0
Runtime Verification,GITHUB_comments_daily,2025-01-06,11.0
Walnut,GITHUB_commits_daily,2025-01-06,16.0
9Lives,GITHUB_stars_weekly,2025-01-06,1.0
Solang,GITHUB_stars_weekly,2025-01-06,2.0
Passport XYZ,GITHUB_stars_weekly,2025-01-06,10.0
Trail of Bits Security Reviews,GITHUB_stars_weekly,2025-01-06,51.0
Sylow,GITHUB_commits_weekly,2025-01-06,22.0
Runtime Verification,GITHUB_commits_weekly,2025-01-06,18.0
Passport XYZ,GITHUB_commits_weekly,2025-01-06,10.0
Syndicate Protocol,GITHUB_commits_weekly,2025-01-06,5.0
Sylow,GITHUB_comments_weekly,2025-01-06,3.0
Pyth Network,GITHUB_comments_weekly,2025-01-06,109.0
Passport XYZ,GITHUB_comments_weekly,2025-01-06,48.0
Trail of Bits Security Reviews,GITHUB_repositories_daily,2025-01-06,17.0
Redstone Finance,GITHUB_repositories_daily,2025-01-06,3.0
Pyth Network,GITHUB_repositories_weekly,2025-01-06,11.0
CoBuilders,GITHUB_repositories_weekly,2025-01-06,1.0
Syndicate Protocol,GITHUB_repositories_weekly,2025-01-06,2.0
Redstone Finance,GITHUB_repositories_weekly,2025-01-06,5.0
thirdweb,GITHUB_repositories_weekly,2025-01-06,13.0
Passport XYZ,GITHUB_contributors_daily,2025-01-06,1.0
Walnut,GITHUB_contributors_daily,2025-01-06,4.0
Redstone Finance,GITHUB_contributors_daily,2025-01-06,2.0
Syndicate Protocol,GITHUB_contributors_weekly,2025-01-06,1.0
Trail of Bits Security Reviews,GITHUB_contributors_weekly,2025-01-06,13.0
9Lives,GITHUB_contributors_weekly,2025-01-06,4.0
Moving Stylus,GITHUB_contributors_weekly,2025-01-06,1.0
Sylow,GITHUB_contributors_weekly,2025-01-06,1.0
Runtime Verification,GITHUB_contributors_weekly,2025-01-06,11.0
Redstone Finance,GITHUB_active_developers_daily,2025-01-06,1.0
Syndicate Protocol,GITHUB_active_developers_weekly,2025-01-06,1.0
Moving Stylus,GITHUB_opened_pull_requests_weekly,2025-01-06,1.0
Syndicate Protocol,GITHUB_opened_pull_requests_weekly,2025-01-06,1.0
Passport XYZ,GITHUB_opened_pull_requests_weekly,2025-01-06,18.0
Pyth Network,GITHUB_opened_pull_requests_weekly,2025-01-06,43.0
Redstone Finance,GITHUB_opened_pull_requests_weekly,2025-01-06,3.0
Redstone Finance,GITHUB_opened_pull_requests_daily,2025-01-06,1.0
Runtime Verification,GITHUB_opened_pull_requests_daily,2025-01-06,9.0
thirdweb,GITHUB_opened_pull_requests_daily,2025-01-06,11.0
Pyth Network,GITHUB_opened_pull_requests_daily,2025-01-06,4.0
Trail of Bits Security Reviews,GITHUB_opened_pull_requests_daily,2025-01-06,14.0
Runtime Verification,GITHUB_merged_pull_requests_daily,2025-01-06,4.0
Pyth Network,GITHUB_merged_pull_requests_daily,2025-01-06,7.0
Runtime Verification,GITHUB_opened_issues_daily,2025-01-06,2.0
Solang,GITHUB_opened_issues_weekly,2025-01-06,2.0
Walnut,GITHUB_closed_issues_daily,2025-01-06,3.0
Pyth Network,GITHUB_closed_issues_weekly,2025-01-06,1.0
thirdweb,GITHUB_comments_daily,2024-07-03,127.0
Open Source Observer,GITHUB_commits_daily,2024-07-03,9.0
Remix IDE plugin for Arbitrum Stylus,GITHUB_commits_daily,2024-07-03,12.0
thirdweb,GITHUB_commits_daily,2024-07-03,12.0
Passport XYZ,GITHUB_commits_daily,2024-07-03,4.0
Walnut,GITHUB_commits_daily,2024-07-03,9.0
Debid - Fairblock,GITHUB_commits_daily,2024-07-03,1.0
thirdweb,GITHUB_forks_daily,2024-07-03,1.0
Open Source Observer,GITHUB_forks_daily,2024-07-03,1.0
Remix IDE plugin for Arbitrum Stylus,GITHUB_repositories_daily,2024-07-03,1.0
Debid - Fairblock,GITHUB_repositories_daily,2024-07-03,2.0
thirdweb,GITHUB_repositories_daily,2024-07-03,3.0
Passport XYZ,GITHUB_contributors_daily,2024-07-03,1.0
Redstone Finance,GITHUB_contributors_daily,2024-07-03,3.0
Open Source Observer,GITHUB_contributors_daily,2024-07-03,4.0
thirdweb,GITHUB_contributors_daily,2024-07-03,9.0
Pyth Network,GITHUB_contributors_daily,2024-07-03,4.0
thirdweb,GITHUB_active_developers_daily,2024-07-03,4.0
Runtime Verification,GITHUB_opened_pull_requests_daily,2024-07-03,7.0
Trail of Bits Security Reviews,GITHUB_opened_pull_requests_daily,2024-07-03,7.0
Pyth Network,GITHUB_opened_pull_requests_daily,2024-07-03,2.0
Open Source Observer,GITHUB_merged_pull_requests_daily,2024-07-03,9.0
Passport XYZ,GITHUB_merged_pull_requests_daily,2024-07-03,2.0
Walnut,GITHUB_merged_pull_requests_daily,2024-07-03,1.0
Walnut,GITHUB_opened_issues_daily,2024-07-03,2.0
Trail of Bits Security Reviews,GITHUB_forks_weekly,2024-05-27,9.0
Runtime Verification,GITHUB_forks_weekly,2024-05-27,7.0
Open Source Observer,GITHUB_comments_daily,2024-05-27,31.0
Open Source Observer,GITHUB_stars_daily,2024-05-27,1.0
Trail of Bits Security Reviews,GITHUB_stars_weekly,2024-05-27,86.0
Walnut,GITHUB_stars_weekly,2024-05-27,2.0
Pyth Network,GITHUB_stars_weekly,2024-05-27,4.0
Open Source Observer,GITHUB_stars_weekly,2024-05-27,1.0
Passport XYZ,GITHUB_stars_weekly,2024-05-27,2.0
Remix IDE plugin for Arbitrum Stylus,GITHUB_commits_daily,2024-05-27,1.0
Trail of Bits Security Reviews,GITHUB_commits_daily,2024-05-27,6.0
Runtime Verification,GITHUB_releases_daily,2024-05-27,13.0
Walnut,GITHUB_commits_weekly,2024-05-27,8.0
Arbos Foundry,GITHUB_commits_weekly,2024-05-27,20.0
Remix IDE plugin for Arbitrum Stylus,GITHUB_commits_weekly,2024-05-27,1.0
Trail of Bits Security Reviews,GITHUB_comments_weekly,2024-05-27,57.0
Open Source Observer,GITHUB_forks_daily,2024-05-27,1.0
thirdweb,GITHUB_forks_daily,2024-05-27,5.0
Trail of Bits Security Reviews,GITHUB_repositories_weekly,2024-05-27,43.0
Arbos Foundry,GITHUB_repositories_weekly,2024-05-27,1.0
Redstone Finance,GITHUB_repositories_daily,2024-05-27,4.0
Open Source Observer,GITHUB_contributors_weekly,2024-05-27,13.0
Arbos Foundry,GITHUB_contributors_weekly,2024-05-27,1.0
Open Source Observer,GITHUB_contributors_daily,2024-05-27,4.0
Syndicate Protocol,GITHUB_contributors_weekly,2024-05-27,1.0
Open Source Observer,GITHUB_active_developers_daily,2024-05-27,2.0
thirdweb,GITHUB_active_developers_daily,2024-05-27,2.0
Runtime Verification,GITHUB_contributors_daily,2024-05-27,11.0
Remix IDE plugin for Arbitrum Stylus,GITHUB_contributors_daily,2024-05-27,1.0
Trail of Bits Security Reviews,GITHUB_active_developers_daily,2024-05-27,2.0
Pyth Network,GITHUB_active_developers_weekly,2024-05-27,10.0
Runtime Verification,GITHUB_active_developers_weekly,2024-05-27,9.0
Trail of Bits Security Reviews,GITHUB_active_developers_weekly,2024-05-27,5.0
Walnut,GITHUB_active_developers_weekly,2024-05-27,1.0
Walnut,GITHUB_opened_pull_requests_daily,2024-05-27,3.0
Trail of Bits Security Reviews,GITHUB_opened_pull_requests_daily,2024-05-27,10.0
Pyth Network,GITHUB_opened_pull_requests_weekly,2024-05-27,53.0
Open Source Observer,GITHUB_merged_pull_requests_weekly,2024-05-27,33.0
Walnut,GITHUB_merged_pull_requests_weekly,2024-05-27,4.0
Syndicate Protocol,GITHUB_merged_pull_requests_weekly,2024-05-27,1.0
Runtime Verification,GITHUB_merged_pull_requests_daily,2024-05-27,17.0
Trail of Bits Security Reviews,GITHUB_merged_pull_requests_daily,2024-05-27,6.0
Open Source Observer,GITHUB_opened_issues_daily,2024-05-27,7.0
Trail of Bits Security Reviews,GITHUB_opened_issues_daily,2024-05-27,2.0
Runtime Verification,GITHUB_closed_issues_weekly,2024-05-27,8.0
Runtime Verification,GITHUB_closed_issues_daily,2024-05-27,2.0
Pyth Network,GITHUB_closed_issues_daily,2024-05-27,1.0
Open Source Observer,GITHUB_closed_issues_daily,2024-05-27,11.0
thirdweb,GITHUB_comments_daily,2024-07-26,123.0
thirdweb,GITHUB_stars_daily,2024-07-26,1.0
Trail of Bits Security Reviews,GITHUB_commits_daily,2024-07-26,24.0
Open Source Observer,GITHUB_commits_daily,2024-07-26,4.0
Redstone Finance,GITHUB_commits_daily,2024-07-26,10.0
Passport XYZ,GITHUB_commits_daily,2024-07-26,22.0
thirdweb,GITHUB_forks_daily,2024-07-26,3.0
Runtime Verification,GITHUB_repositories_daily,2024-07-26,11.0
Passport XYZ,GITHUB_contributors_daily,2024-07-26,3.0
Debid - Fairblock,GITHUB_contributors_daily,2024-07-26,2.0
Trail of Bits Security Reviews,GITHUB_opened_issues_daily,2024-07-26,2.0
Trail of Bits Security Reviews,GITHUB_opened_pull_requests_daily,2024-07-26,7.0
Open Source Observer,GITHUB_merged_pull_requests_daily,2024-07-26,3.0
Walnut,GITHUB_merged_pull_requests_daily,2024-07-26,1.0
Redstone Finance,GITHUB_merged_pull_requests_daily,2024-07-26,1.0
thirdweb,GITHUB_comments_daily,2024-12-22,8.0
Trail of Bits Security Reviews,GITHUB_comments_daily,2024-12-22,2.0
Trail of Bits Security Reviews,GITHUB_commits_daily,2024-12-22,4.0
Pyth Network,GITHUB_commits_daily,2024-12-22,2.0
Trail of Bits Security Reviews,GITHUB_forks_daily,2024-12-22,2.0
Trail of Bits Security Reviews,GITHUB_repositories_daily,2024-12-22,9.0
thirdweb,GITHUB_contributors_daily,2024-12-22,2.0
thirdweb,GITHUB_opened_pull_requests_daily,2024-12-22,1.0
Enclave,GITHUB_opened_issues_daily,2024-12-22,1.0
Solang,GITHUB_forks_weekly,2024-10-21,1.0
Walnut,GITHUB_forks_weekly,2024-10-21,1.0
Open Source Observer,GITHUB_forks_weekly,2024-10-21,8.0
Pyth Network,GITHUB_forks_weekly,2024-10-21,3.0
thirdweb,GITHUB_comments_daily,2024-10-21,141.0
Debid - Fairblock,GITHUB_stars_weekly,2024-10-21,1.0
Walnut,GITHUB_stars_weekly,2024-10-21,1.0
thirdweb,GITHUB_stars_daily,2024-10-21,3.0
Runtime Verification,GITHUB_releases_weekly,2024-10-21,16.0
Pyth Network,GITHUB_commits_daily,2024-10-21,6.0
Trail of Bits Security Reviews,GITHUB_commits_daily,2024-10-21,14.0
Walnut,GITHUB_commits_weekly,2024-10-21,6.0
Trail of Bits Security Reviews,GITHUB_commits_weekly,2024-10-21,63.0
Redstone Finance,GITHUB_commits_weekly,2024-10-21,27.0
Walnut,GITHUB_comments_weekly,2024-10-21,3.0
Redstone Finance,GITHUB_comments_weekly,2024-10-21,3.0
Redstone Finance,GITHUB_repositories_weekly,2024-10-21,4.0
Passport XYZ,GITHUB_repositories_weekly,2024-10-21,5.0
Remix IDE plugin for Arbitrum Stylus,GITHUB_repositories_weekly,2024-10-21,3.0
Open Source Observer,GITHUB_repositories_weekly,2024-10-21,9.0
Runtime Verification,GITHUB_releases_daily,2024-10-21,3.0
Trail of Bits Security Reviews,GITHUB_contributors_daily,2024-10-21,7.0
Open Source Observer,GITHUB_contributors_daily,2024-10-21,4.0
Pyth Network,GITHUB_contributors_daily,2024-10-21,6.0
Pyth Network,GITHUB_active_developers_daily,2024-10-21,5.0
Trail of Bits Security Reviews,GITHUB_active_developers_daily,2024-10-21,5.0
Redstone Finance,GITHUB_active_developers_daily,2024-10-21,2.0
Debid - Fairblock,GITHUB_active_developers_daily,2024-10-21,1.0
thirdweb,GITHUB_opened_pull_requests_weekly,2024-10-21,93.0
Debid - Fairblock,GITHUB_opened_pull_requests_weekly,2024-10-21,22.0
Debid - Fairblock,GITHUB_opened_pull_requests_daily,2024-10-21,13.0
Open Source Observer,GITHUB_opened_pull_requests_daily,2024-10-21,5.0
Passport XYZ,GITHUB_opened_pull_requests_daily,2024-10-21,4.0
Solang,GITHUB_repositories_daily,2024-10-21,1.0
Walnut,GITHUB_contributors_weekly,2024-10-21,2.0
Remix IDE plugin for Arbitrum Stylus,GITHUB_contributors_weekly,2024-10-21,2.0
Runtime Verification,GITHUB_contributors_weekly,2024-10-21,13.0
Debid - Fairblock,GITHUB_active_developers_weekly,2024-10-21,4.0
Walnut,GITHUB_active_developers_weekly,2024-10-21,2.0
Trail of Bits Security Reviews,GITHUB_active_developers_weekly,2024-10-21,12.0
Runtime Verification,GITHUB_closed_issues_weekly,2024-10-21,1.0
Passport XYZ,GITHUB_closed_issues_weekly,2024-10-21,22.0
Pyth Network,GITHUB_closed_issues_weekly,2024-10-21,1.0
Passport XYZ,GITHUB_merged_pull_requests_weekly,2024-10-21,35.0
Open Source Observer,GITHUB_merged_pull_requests_weekly,2024-10-21,42.0
Open Source Observer,GITHUB_merged_pull_requests_daily,2024-10-21,5.0
Redstone Finance,GITHUB_merged_pull_requests_daily,2024-10-21,1.0
Trail of Bits Security Reviews,GITHUB_merged_pull_requests_daily,2024-10-21,12.0
Enclave,GITHUB_opened_issues_weekly,2024-10-21,3.0
Remix IDE plugin for Arbitrum Stylus,GITHUB_part_time_contributors_quarterly,2024-02-01,2.0
Open Source Observer,GITHUB_part_time_contributors_quarterly,2024-02-01,6.0
Debid - Fairblock,GITHUB_part_time_contributors_quarterly,2024-02-01,3.0
WakeUp Labs,GITHUB_active_contributors_quarterly,2024-02-01,2.0
thirdweb,GITHUB_part_time_contributors_quarterly,2024-02-01,46.0
Syndicate Protocol,GITHUB_part_time_contributors_quarterly,2024-02-01,2.0
Open Source Observer,GITHUB_new_contributors_quarterly,2024-02-01,2.0
WakeUp Labs,GITHUB_part_time_contributors_quarterly,2024-02-01,2.0
Redstone Finance,GITHUB_active_contributors_quarterly,2024-02-01,7.0
Debid - Fairblock,GITHUB_releases_biannually,2024-02-01,8.0
thirdweb,GITHUB_releases_biannually,2024-02-01,74.0
Trail of Bits Security Reviews,GITHUB_releases_quarterly,2024-02-01,3.0
Pyth Network,GITHUB_releases_quarterly,2024-02-01,14.0
Pyth Network,GITHUB_commits_biannually,2024-02-01,141.0
thirdweb,GITHUB_commits_biannually,2024-02-01,289.0
Arbos Foundry,GITHUB_commits_biannually,2024-02-01,75.0
Walnut,GITHUB_active_developers_biannually,2024-02-01,2.0
Pyth Network,GITHUB_active_developers_biannually,2024-02-01,10.0
Redstone Finance,GITHUB_active_developers_biannually,2024-02-01,5.0
Runtime Verification,GITHUB_repositories_quarterly,2024-02-01,29.0
Syndicate Protocol,GITHUB_active_developers_quarterly,2024-02-01,2.0
thirdweb,GITHUB_active_developers_quarterly,2024-02-01,20.0
Pyth Network,GITHUB_repositories_quarterly,2024-02-01,17.0
Arbos Foundry,GITHUB_active_developers_quarterly,2024-02-01,1.0
WakeUp Labs,GITHUB_active_developers_quarterly,2024-02-01,2.0
Trail of Bits Security Reviews,GITHUB_forks_monthly,2024-02-01,58.0
Walnut,GITHUB_forks_monthly,2024-02-01,6.0
thirdweb,GITHUB_forks_monthly,2024-02-01,91.0
Trail of Bits Security Reviews,GITHUB_part_time_developers_quarterly,2024-02-01,19.0
Runtime Verification,GITHUB_part_time_developers_quarterly,2024-02-01,19.0
Syndicate Protocol,GITHUB_stars_monthly,2024-02-01,4.0
Remix IDE plugin for Arbitrum Stylus,GITHUB_commits_monthly,2024-02-01,13.0
Arbos Foundry,GITHUB_commits_monthly,2024-02-01,75.0
thirdweb,GITHUB_commits_monthly,2024-02-01,289.0
Pyth Network,GITHUB_stars_quarterly,2024-02-01,63.0
Redstone Finance,GITHUB_stars_quarterly,2024-02-01,22.0
Walnut,GITHUB_stars_quarterly,2024-02-01,8.0
Debid - Fairblock,GITHUB_commits_quarterly,2024-02-01,53.0
Redstone Finance,GITHUB_forks_biannually,2024-02-01,10.0
Debid - Fairblock,GITHUB_forks_biannually,2024-02-01,8.0
Open Source Observer,GITHUB_forks_biannually,2024-02-01,2.0
Redstone Finance,GITHUB_forks_quarterly,2024-02-01,10.0
Pyth Network,GITHUB_forks_quarterly,2024-02-01,69.0
Pyth Network,GITHUB_repositories_daily,2024-02-01,4.0
Runtime Verification,GITHUB_repositories_daily,2024-02-01,8.0
Trail of Bits Security Reviews,GITHUB_repositories_biannually,2024-02-01,76.0
Debid - Fairblock,GITHUB_repositories_monthly,2024-02-01,6.0
Arbos Foundry,GITHUB_repositories_biannually,2024-02-01,2.0
Runtime Verification,GITHUB_repositories_biannually,2024-02-01,29.0
Remix IDE plugin for Arbitrum Stylus,GITHUB_contributors_monthly,2024-02-01,2.0
Syndicate Protocol,GITHUB_contributors_quarterly,2024-02-01,2.0
Trail of Bits Security Reviews,GITHUB_contributors_quarterly,2024-02-01,48.0
Pyth Network,GITHUB_contributors_biannually,2024-02-01,37.0
Open Source Observer,GITHUB_contributors_biannually,2024-02-01,6.0
Remix IDE plugin for Arbitrum Stylus,GITHUB_contributors_biannually,2024-02-01,2.0
Redstone Finance,GITHUB_contributors_quarterly,2024-02-01,7.0
Trail of Bits Security Reviews,GITHUB_contributors_daily,2024-02-01,4.0
Walnut,GITHUB_full_time_developers_monthly,2024-02-01,1.0
Runtime Verification,GITHUB_part_time_developers_monthly,2024-02-01,18.0
thirdweb,GITHUB_active_developers_monthly,2024-02-01,20.0
Trail of Bits Security Reviews,GITHUB_full_time_developers_monthly,2024-02-01,2.0
WakeUp Labs,GITHUB_active_developers_monthly,2024-02-01,2.0
Trail of Bits Security Reviews,GITHUB_active_developers_monthly,2024-02-01,19.0
WakeUp Labs,GITHUB_part_time_developers_monthly,2024-02-01,2.0
Open Source Observer,GITHUB_full_time_developers_monthly,2024-02-01,2.0
Remix IDE plugin for Arbitrum Stylus,GITHUB_part_time_developers_monthly,2024-02-01,2.0
Debid - Fairblock,GITHUB_part_time_developers_biannually,2024-02-01,2.0
Remix IDE plugin for Arbitrum Stylus,GITHUB_part_time_developers_biannually,2024-02-01,2.0
thirdweb,GITHUB_part_time_developers_biannually,2024-02-01,20.0
Pyth Network,GITHUB_part_time_developers_biannually,2024-02-01,10.0
Arbos Foundry,GITHUB_part_time_developers_biannually,2024-02-01,1.0
Runtime Verification,GITHUB_part_time_developers_biannually,2024-02-01,19.0
Redstone Finance,GITHUB_active_developers_daily,2024-02-01,1.0
Pyth Network,GITHUB_active_developers_daily,2024-02-01,4.0
thirdweb,GITHUB_full_time_contributors_monthly,2024-02-01,10.0
Remix IDE plugin for Arbitrum Stylus,GITHUB_active_contributors_monthly,2024-02-01,2.0
WakeUp Labs,GITHUB_part_time_contributors_monthly,2024-02-01,2.0
Redstone Finance,GITHUB_part_time_contributors_monthly,2024-02-01,6.0
Debid - Fairblock,GITHUB_active_contributors_monthly,2024-02-01,3.0
Open Source Observer,GITHUB_part_time_contributors_monthly,2024-02-01,3.0
Pyth Network,GITHUB_part_time_contributors_monthly,2024-02-01,30.0
Pyth Network,GITHUB_new_contributors_monthly,2024-02-01,25.0
Trail of Bits Security Reviews,GITHUB_part_time_contributors_monthly,2024-02-01,46.0
thirdweb,GITHUB_active_contributors_monthly,2024-02-01,46.0
Runtime Verification,GITHUB_full_time_contributors_monthly,2024-02-01,15.0
Runtime Verification,GITHUB_new_contributors_monthly,2024-02-01,2.0
Syndicate Protocol,GITHUB_part_time_contributors_monthly,2024-02-01,2.0
Walnut,GITHUB_active_contributors_monthly,2024-02-01,11.0
Runtime Verification,GITHUB_new_contributors_biannually,2024-02-01,2.0
Pyth Network,GITHUB_new_contributors_biannually,2024-02-01,25.0
Debid - Fairblock,GITHUB_new_contributors_biannually,2024-02-01,1.0
WakeUp Labs,GITHUB_active_contributors_biannually,2024-02-01,2.0
Walnut,GITHUB_active_contributors_biannually,2024-02-01,11.0
Trail of Bits Security Reviews,GITHUB_part_time_contributors_biannually,2024-02-01,48.0
Syndicate Protocol,GITHUB_active_contributors_biannually,2024-02-01,2.0
Debid - Fairblock,GITHUB_active_contributors_biannually,2024-02-01,3.0
Open Source Observer,GITHUB_change_in_active_developers_monthly,2024-02-01,0.0
Remix IDE plugin for Arbitrum Stylus,GITHUB_change_in_part_time_contributors_monthly,2024-02-01,0.0
Redstone Finance,GITHUB_change_in_active_developers_monthly,2024-02-01,-2.0
WakeUp Labs,GITHUB_change_in_part_time_contributors_monthly,2024-02-01,2.0
Runtime Verification,GITHUB_change_in_part_time_contributors_monthly,2024-02-01,7.0
Open Source Observer,GITHUB_change_in_part_time_contributors_monthly,2024-02-01,1.0
thirdweb,GITHUB_change_in_part_time_contributors_quarterly,2024-02-01,2.0
WakeUp Labs,GITHUB_change_in_active_developers_quarterly,2024-02-01,2.0
Syndicate Protocol,GITHUB_change_in_part_time_contributors_quarterly,2024-02-01,1.0
thirdweb,GITHUB_change_in_active_developers_quarterly,2024-02-01,2.0
Trail of Bits Security Reviews,GITHUB_change_in_part_time_contributors_quarterly,2024-02-01,3.0
Trail of Bits Security Reviews,GITHUB_change_in_active_developers_biannually,2024-02-01,4.0
Arbos Foundry,GITHUB_change_in_part_time_contributors_biannually,2024-02-01,0.0
Pyth Network,GITHUB_change_in_active_developers_biannually,2024-02-01,-18.0
Pyth Network,GITHUB_change_in_part_time_contributors_biannually,2024-02-01,-18.0
Debid - Fairblock,GITHUB_change_in_part_time_contributors_biannually,2024-02-01,12.0
Runtime Verification,GITHUB_opened_pull_requests_daily,2024-02-01,10.0
Open Source Observer,GITHUB_opened_pull_requests_daily,2024-02-01,1.0
Runtime Verification,GITHUB_opened_pull_requests_monthly,2024-02-01,348.0
Trail of Bits Security Reviews,GITHUB_opened_pull_requests_biannually,2024-02-01,220.0
Redstone Finance,GITHUB_opened_pull_requests_biannually,2024-02-01,4.0
Trail of Bits Security Reviews,GITHUB_opened_pull_requests_quarterly,2024-02-01,220.0
Walnut,GITHUB_opened_pull_requests_quarterly,2024-02-01,28.0
Redstone Finance,GITHUB_opened_pull_requests_quarterly,2024-02-01,4.0
thirdweb,GITHUB_opened_pull_requests_quarterly,2024-02-01,336.0
Runtime Verification,GITHUB_opened_pull_requests_biannually,2024-02-01,348.0
Open Source Observer,GITHUB_opened_pull_requests_quarterly,2024-02-01,85.0
Trail of Bits Security Reviews,GITHUB_merged_pull_requests_daily,2024-02-01,10.0
Walnut,GITHUB_merged_pull_requests_monthly,2024-02-01,21.0
Pyth Network,GITHUB_merged_pull_requests_monthly,2024-02-01,130.0
Trail of Bits Security Reviews,GITHUB_merged_pull_requests_monthly,2024-02-01,171.0
WakeUp Labs,GITHUB_merged_pull_requests_biannually,2024-02-01,3.0
Debid - Fairblock,GITHUB_merged_pull_requests_biannually,2024-02-01,15.0
Runtime Verification,GITHUB_merged_pull_requests_quarterly,2024-02-01,309.0
Open Source Observer,GITHUB_merged_pull_requests_quarterly,2024-02-01,81.0
Open Source Observer,GITHUB_opened_issues_monthly,2024-02-01,69.0
Pyth Network,GITHUB_opened_issues_monthly,2024-02-01,6.0
Pyth Network,GITHUB_opened_issues_biannually,2024-02-01,6.0
thirdweb,GITHUB_opened_issues_biannually,2024-02-01,12.0
Runtime Verification,GITHUB_closed_issues_monthly,2024-02-01,70.0
Open Source Observer,GITHUB_closed_issues_quarterly,2024-02-01,56.0
Pyth Network,GITHUB_closed_issues_biannually,2024-02-01,2.0
thirdweb,GITHUB_closed_issues_quarterly,2024-02-01,13.0
Runtime Verification,GITHUB_closed_issues_quarterly,2024-02-01,70.0
thirdweb,GITHUB_avg_prs_time_to_merge_quarterly,2024-02-01,0.0
Pyth Network,GITHUB_avg_prs_time_to_merge_quarterly,2024-02-01,0.0
Trail of Bits Security Reviews,GITHUB_avg_prs_time_to_merge_quarterly,2024-02-01,0.0
Trail of Bits Security Reviews,GITHUB_avg_prs_time_to_merge_biannually,2024-02-01,0.0
Runtime Verification,GITHUB_avg_time_to_first_response_quarterly,2024-02-01,1115410.7136150235
Redstone Finance,GITHUB_avg_prs_time_to_merge_biannually,2024-02-01,0.0
Redstone Finance,GITHUB_avg_time_to_first_response_quarterly,2024-02-01,11.0
thirdweb,GITHUB_avg_prs_time_to_merge_biannually,2024-02-01,0.0
WakeUp Labs,GITHUB_avg_time_to_first_response_biannually,2024-02-01,0.0
Pyth Network,GITHUB_avg_time_to_first_response_biannually,2024-02-01,3870.8513513513512
WakeUp Labs,GITHUB_churned_contributors_quarterly,2024-02-01,1.0
Pyth Network,GITHUB_change_in_new_contributors_quarterly,2024-02-01,-19.0
Syndicate Protocol,GITHUB_change_in_new_contributors_quarterly,2024-02-01,0.0
Syndicate Protocol,GITHUB_change_in_full_time_contributors_quarterly,2024-02-01,0.0
Syndicate Protocol,GITHUB_churned_contributors_quarterly,2024-02-01,0.0
Syndicate Protocol,GITHUB_change_in_active_contributors_quarterly,2024-02-01,1.0
Walnut,GITHUB_churned_contributors_quarterly,2024-02-01,-18.0
Walnut,GITHUB_change_in_full_time_contributors_quarterly,2024-02-01,0.0
Trail of Bits Security Reviews,GITHUB_change_in_new_contributors_monthly,2024-02-01,2.0
Debid - Fairblock,GITHUB_change_in_active_contributors_quarterly,2024-02-01,12.0
Debid - Fairblock,GITHUB_change_in_new_contributors_quarterly,2024-02-01,13.0
Debid - Fairblock,GITHUB_churned_contributors_quarterly,2024-02-01,11.0
thirdweb,GITHUB_churned_contributors_quarterly,2024-02-01,-14.0
Arbos Foundry,GITHUB_change_in_new_contributors_quarterly,2024-02-01,0.0
Arbos Foundry,GITHUB_change_in_active_contributors_quarterly,2024-02-01,0.0
Pyth Network,GITHUB_change_in_new_contributors_monthly,2024-02-01,-19.0
Pyth Network,GITHUB_churned_contributors_monthly,2024-02-01,-43.0
Syndicate Protocol,GITHUB_churned_contributors_monthly,2024-02-01,0.0
Syndicate Protocol,GITHUB_change_in_active_contributors_monthly,2024-02-01,1.0
Syndicate Protocol,GITHUB_change_in_new_contributors_monthly,2024-02-01,0.0
Remix IDE plugin for Arbitrum Stylus,GITHUB_change_in_full_time_contributors_quarterly,2024-02-01,0.0
Debid - Fairblock,GITHUB_change_in_active_contributors_biannually,2024-02-01,12.0
Debid - Fairblock,GITHUB_change_in_new_contributors_biannually,2024-02-01,13.0
Remix IDE plugin for Arbitrum Stylus,GITHUB_change_in_active_contributors_biannually,2024-02-01,0.0
Arbos Foundry,GITHUB_change_in_new_contributors_biannually,2024-02-01,0.0
Arbos Foundry,GITHUB_change_in_active_contributors_biannually,2024-02-01,0.0
Arbos Foundry,GITHUB_churned_contributors_monthly,2024-02-01,0.0
thirdweb,GITHUB_churned_contributors_monthly,2024-02-01,-14.0
thirdweb,GITHUB_change_in_new_contributors_monthly,2024-02-01,-2.0
Open Source Observer,GITHUB_churned_contributors_biannually,2024-02-01,-2.0
WakeUp Labs,GITHUB_change_in_new_contributors_biannually,2024-02-01,0.0
Pyth Network,GITHUB_change_in_active_contributors_biannually,2024-02-01,-18.0
Pyth Network,GITHUB_change_in_new_contributors_biannually,2024-02-01,-19.0
Syndicate Protocol,GITHUB_change_in_full_time_contributors_biannually,2024-02-01,0.0
Syndicate Protocol,GITHUB_change_in_new_contributors_biannually,2024-02-01,0.0
Syndicate Protocol,GITHUB_churned_contributors_biannually,2024-02-01,0.0
Trail of Bits Security Reviews,GITHUB_churned_contributors_biannually,2024-02-01,-15.0
Trail of Bits Security Reviews,GITHUB_change_in_active_contributors_biannually,2024-02-01,4.0
Walnut,GITHUB_change_in_active_contributors_biannually,2024-02-01,-9.0
Open Source Observer,GITHUB_comments_daily,2024-09-09,33.0
thirdweb,GITHUB_forks_weekly,2024-09-09,8.0
Open Source Observer,GITHUB_stars_weekly,2024-09-09,3.0
Walnut,GITHUB_stars_weekly,2024-09-09,1.0
Trail of Bits Security Reviews,GITHUB_commits_daily,2024-09-09,41.0
Runtime Verification,GITHUB_commits_daily,2024-09-09,26.0
Passport XYZ,GITHUB_commits_daily,2024-09-09,14.0
Passport XYZ,GITHUB_releases_weekly,2024-09-09,4.0
thirdweb,GITHUB_releases_daily,2024-09-09,3.0
Redstone Finance,GITHUB_commits_weekly,2024-09-09,37.0
Runtime Verification,GITHUB_commits_weekly,2024-09-09,99.0
Trail of Bits Security Reviews,GITHUB_commits_weekly,2024-09-09,104.0
Remix IDE plugin for Arbitrum Stylus,GITHUB_commits_weekly,2024-09-09,20.0
Runtime Verification,GITHUB_repositories_weekly,2024-09-09,18.0
Remix IDE plugin for Arbitrum Stylus,GITHUB_repositories_weekly,2024-09-09,1.0
Redstone Finance,GITHUB_repositories_weekly,2024-09-09,6.0
Pyth Network,GITHUB_repositories_weekly,2024-09-09,31.0
Trail of Bits Security Reviews,GITHUB_repositories_daily,2024-09-09,15.0
Remix IDE plugin for Arbitrum Stylus,GITHUB_contributors_weekly,2024-09-09,1.0
Pyth Network,GITHUB_contributors_weekly,2024-09-09,12.0
Redstone Finance,GITHUB_contributors_weekly,2024-09-09,7.0
Walnut,GITHUB_contributors_weekly,2024-09-09,4.0
thirdweb,GITHUB_contributors_weekly,2024-09-09,26.0
Remix IDE plugin for Arbitrum Stylus,GITHUB_active_developers_weekly,2024-09-09,1.0
Trail of Bits Security Reviews,GITHUB_active_developers_weekly,2024-09-09,16.0
Enclave,GITHUB_active_developers_weekly,2024-09-09,1.0
Passport XYZ,GITHUB_contributors_daily,2024-09-09,3.0
Sylow,GITHUB_contributors_daily,2024-09-09,1.0
Runtime Verification,GITHUB_contributors_daily,2024-09-09,11.0
Walnut,GITHUB_contributors_daily,2024-09-09,1.0
Pyth Network,GITHUB_contributors_daily,2024-09-09,8.0
Redstone Finance,GITHUB_merged_pull_requests_daily,2024-09-09,1.0
Sylow,GITHUB_active_developers_daily,2024-09-09,1.0
thirdweb,GITHUB_active_developers_daily,2024-09-09,4.0
Passport XYZ,GITHUB_opened_pull_requests_weekly,2024-09-09,29.0
thirdweb,GITHUB_opened_pull_requests_weekly,2024-09-09,151.0
Debid - Fairblock,GITHUB_opened_pull_requests_weekly,2024-09-09,2.0
Enclave,GITHUB_opened_pull_requests_weekly,2024-09-09,13.0
Runtime Verification,GITHUB_opened_issues_weekly,2024-09-09,5.0
Passport XYZ,GITHUB_closed_issues_weekly,2024-09-09,14.0
Passport XYZ,GITHUB_opened_issues_daily,2024-09-09,8.0
Runtime Verification,GITHUB_opened_issues_daily,2024-09-09,1.0
Enclave,GITHUB_closed_issues_weekly,2024-09-09,2.0
Walnut,GITHUB_closed_issues_weekly,2024-09-09,1.0
Trail of Bits Security Reviews,GITHUB_commits_daily,2024-03-10,6.0
thirdweb,GITHUB_repositories_daily,2024-03-10,2.0
Walnut,GITHUB_repositories_daily,2024-03-10,1.0
Open Source Observer,GITHUB_opened_pull_requests_daily,2024-03-10,3.0
Trail of Bits Security Reviews,GITHUB_opened_pull_requests_daily,2024-03-10,2.0
Open Source Observer,GITHUB_contributors_daily,2024-03-10,2.0
Walnut,GITHUB_active_developers_daily,2024-03-10,1.0
Open Source Observer,GITHUB_active_developers_daily,2024-03-10,2.0
thirdweb,GITHUB_opened_issues_daily,2024-03-10,1.0
Walnut,GITHUB_closed_issues_daily,2024-03-10,1.0
Redstone Finance,GITHUB_comments_daily,2024-11-05,2.0
thirdweb,GITHUB_comments_daily,2024-11-05,116.0
Solang,GITHUB_stars_daily,2024-11-05,1.0
Trail of Bits Security Reviews,GITHUB_stars_daily,2024-11-05,8.0
Trail of Bits Security Reviews,GITHUB_commits_daily,2024-11-05,6.0
Open Source Observer,GITHUB_commits_daily,2024-11-05,7.0
Sylow,GITHUB_forks_daily,2024-11-05,1.0
Open Source Observer,GITHUB_forks_daily,2024-11-05,1.0
Debid - Fairblock,GITHUB_repositories_daily,2024-11-05,1.0
thirdweb,GITHUB_repositories_daily,2024-11-05,2.0
Enclave,GITHUB_repositories_daily,2024-11-05,1.0
Solang,GITHUB_repositories_daily,2024-11-05,1.0
Sylow,GITHUB_repositories_daily,2024-11-05,1.0
Trail of Bits Security Reviews,GITHUB_active_developers_daily,2024-11-05,2.0
thirdweb,GITHUB_active_developers_daily,2024-11-05,4.0
Passport XYZ,GITHUB_active_developers_daily,2024-11-05,1.0
Pyth Network,GITHUB_contributors_daily,2024-11-05,9.0
Open Source Observer,GITHUB_merged_pull_requests_daily,2024-11-05,5.0
Passport XYZ,GITHUB_merged_pull_requests_daily,2024-11-05,2.0
Open Source Observer,GITHUB_opened_issues_daily,2024-11-05,2.0
Enclave,GITHUB_closed_issues_daily,2024-11-05,2.0
thirdweb,GITHUB_comments_daily,2024-05-15,80.0
Trail of Bits Security Reviews,GITHUB_comments_daily,2024-05-15,18.0
Trail of Bits Security Reviews,GITHUB_stars_daily,2024-05-15,10.0
thirdweb,GITHUB_stars_daily,2024-05-15,3.0
Pyth Network,GITHUB_stars_daily,2024-05-15,1.0
Trail of Bits Security Reviews,GITHUB_releases_daily,2024-05-15,4.0
Walnut,GITHUB_repositories_daily,2024-05-15,1.0
Redstone Finance,GITHUB_contributors_daily,2024-05-15,1.0
Open Source Observer,GITHUB_contributors_daily,2024-05-15,2.0
Walnut,GITHUB_contributors_daily,2024-05-15,1.0
Debid - Fairblock,GITHUB_active_developers_daily,2024-05-15,1.0
thirdweb,GITHUB_opened_pull_requests_daily,2024-05-15,22.0
Walnut,GITHUB_opened_pull_requests_daily,2024-05-15,1.0
thirdweb,GITHUB_merged_pull_requests_daily,2024-05-15,15.0
Open Source Observer,GITHUB_merged_pull_requests_daily,2024-05-15,17.0
Runtime Verification,GITHUB_merged_pull_requests_daily,2024-05-15,17.0
thirdweb,GITHUB_closed_issues_daily,2024-05-15,1.0
Open Source Observer,GITHUB_opened_issues_daily,2024-05-15,2.0
Trail of Bits Security Reviews,GITHUB_forks_weekly,2024-09-02,6.0
Enclave,GITHUB_comments_daily,2024-09-02,6.0
Trail of Bits Security Reviews,GITHUB_stars_daily,2024-09-02,10.0
Pyth Network,GITHUB_releases_weekly,2024-09-02,2.0
Runtime Verification,GITHUB_commits_daily,2024-09-02,9.0
Redstone Finance,GITHUB_commits_daily,2024-09-02,6.0
Pyth Network,GITHUB_commits_daily,2024-09-02,5.0
Enclave,GITHUB_commits_daily,2024-09-02,15.0
Runtime Verification,GITHUB_commits_weekly,2024-09-02,95.0
Walnut,GITHUB_commits_weekly,2024-09-02,26.0
Enclave,GITHUB_commits_weekly,2024-09-02,32.0
Redstone Finance,GITHUB_commits_weekly,2024-09-02,25.0
Pyth Network,GITHUB_comments_weekly,2024-09-02,217.0
thirdweb,GITHUB_comments_weekly,2024-09-02,767.0
Open Source Observer,GITHUB_comments_weekly,2024-09-02,179.0
Enclave,GITHUB_comments_weekly,2024-09-02,26.0
Runtime Verification,GITHUB_releases_daily,2024-09-02,3.0
thirdweb,GITHUB_releases_daily,2024-09-02,1.0
thirdweb,GITHUB_repositories_weekly,2024-09-02,7.0
Pyth Network,GITHUB_repositories_weekly,2024-09-02,12.0
Debid - Fairblock,GITHUB_repositories_weekly,2024-09-02,2.0
Trail of Bits Security Reviews,GITHUB_repositories_daily,2024-09-02,15.0
Remix IDE plugin for Arbitrum Stylus,GITHUB_contributors_weekly,2024-09-02,1.0
Arbos Foundry,GITHUB_contributors_weekly,2024-09-02,1.0
Open Source Observer,GITHUB_contributors_weekly,2024-09-02,14.0
Passport XYZ,GITHUB_contributors_weekly,2024-09-02,3.0
thirdweb,GITHUB_active_developers_weekly,2024-09-02,8.0
Arbos Foundry,GITHUB_active_developers_weekly,2024-09-02,1.0
WakeUp Labs,GITHUB_active_developers_weekly,2024-09-02,1.0
Redstone Finance,GITHUB_active_developers_weekly,2024-09-02,6.0
Open Source Observer,GITHUB_contributors_daily,2024-09-02,4.0
Redstone Finance,GITHUB_contributors_daily,2024-09-02,3.0
Pyth Network,GITHUB_contributors_daily,2024-09-02,5.0
Walnut,GITHUB_opened_pull_requests_weekly,2024-09-02,2.0
Enclave,GITHUB_opened_pull_requests_weekly,2024-09-02,15.0
Open Source Observer,GITHUB_opened_pull_requests_weekly,2024-09-02,46.0
Trail of Bits Security Reviews,GITHUB_opened_pull_requests_daily,2024-09-02,10.0
Walnut,GITHUB_opened_pull_requests_daily,2024-09-02,1.0
thirdweb,GITHUB_opened_pull_requests_daily,2024-09-02,13.0
Runtime Verification,GITHUB_opened_pull_requests_daily,2024-09-02,11.0
Redstone Finance,GITHUB_merged_pull_requests_weekly,2024-09-02,3.0
Syndicate Protocol,GITHUB_merged_pull_requests_weekly,2024-09-02,1.0
thirdweb,GITHUB_merged_pull_requests_daily,2024-09-02,18.0
Enclave,GITHUB_merged_pull_requests_daily,2024-09-02,2.0
Trail of Bits Security Reviews,GITHUB_merged_pull_requests_daily,2024-09-02,2.0
Runtime Verification,GITHUB_closed_issues_weekly,2024-09-02,4.0
Trail of Bits Security Reviews,GITHUB_closed_issues_weekly,2024-09-02,1.0
Pyth Network,GITHUB_comments_daily,2024-03-09,1.0
thirdweb,GITHUB_stars_daily,2024-03-09,2.0
Runtime Verification,GITHUB_commits_daily,2024-03-09,3.0
thirdweb,GITHUB_releases_daily,2024-03-09,9.0
Debid - Fairblock,GITHUB_repositories_daily,2024-03-09,1.0
thirdweb,GITHUB_repositories_daily,2024-03-09,5.0
Trail of Bits Security Reviews,GITHUB_repositories_daily,2024-03-09,4.0
thirdweb,GITHUB_contributors_daily,2024-03-09,5.0
Debid - Fairblock,GITHUB_contributors_daily,2024-03-09,1.0
Trail of Bits Security Reviews,GITHUB_contributors_daily,2024-03-09,2.0
Runtime Verification,GITHUB_contributors_daily,2024-03-09,6.0
thirdweb,GITHUB_active_developers_daily,2024-03-09,4.0
Pyth Network,GITHUB_opened_pull_requests_daily,2024-03-09,1.0
Passport XYZ,GITHUB_comments_daily,2024-05-06,2.0
Open Source Observer,GITHUB_comments_daily,2024-05-06,18.0
Trail of Bits Security Reviews,GITHUB_stars_daily,2024-05-06,11.0
Debid - Fairblock,GITHUB_commits_daily,2024-05-06,2.0
Runtime Verification,GITHUB_releases_weekly,2024-05-06,46.0
Pyth Network,GITHUB_releases_weekly,2024-05-06,5.0
Trail of Bits Security Reviews,GITHUB_releases_weekly,2024-05-06,3.0
Runtime Verification,GITHUB_releases_daily,2024-05-06,9.0
thirdweb,GITHUB_commits_weekly,2024-05-06,106.0
Redstone Finance,GITHUB_comments_weekly,2024-05-06,2.0
Open Source Observer,GITHUB_comments_weekly,2024-05-06,76.0
Debid - Fairblock,GITHUB_repositories_weekly,2024-05-06,2.0
Passport XYZ,GITHUB_repositories_weekly,2024-05-06,1.0
thirdweb,GITHUB_repositories_weekly,2024-05-06,9.0
Pyth Network,GITHUB_repositories_daily,2024-05-06,3.0
Debid - Fairblock,GITHUB_contributors_daily,2024-05-06,1.0
thirdweb,GITHUB_contributors_daily,2024-05-06,5.0
Runtime Verification,GITHUB_contributors_daily,2024-05-06,5.0
Syndicate Protocol,GITHUB_contributors_weekly,2024-05-06,1.0
Debid - Fairblock,GITHUB_contributors_weekly,2024-05-06,1.0
Passport XYZ,GITHUB_contributors_weekly,2024-05-06,1.0
Walnut,GITHUB_active_developers_weekly,2024-05-06,2.0
Pyth Network,GITHUB_opened_pull_requests_weekly,2024-05-06,39.0
thirdweb,GITHUB_opened_pull_requests_weekly,2024-05-06,116.0
Debid - Fairblock,GITHUB_opened_pull_requests_weekly,2024-05-06,1.0
Open Source Observer,GITHUB_merged_pull_requests_weekly,2024-05-06,19.0
Debid - Fairblock,GITHUB_merged_pull_requests_weekly,2024-05-06,1.0
Runtime Verification,GITHUB_merged_pull_requests_weekly,2024-05-06,52.0
Redstone Finance,GITHUB_merged_pull_requests_weekly,2024-05-06,2.0
Debid - Fairblock,GITHUB_opened_pull_requests_daily,2024-05-06,1.0
thirdweb,GITHUB_merged_pull_requests_daily,2024-05-06,12.0
Runtime Verification,GITHUB_merged_pull_requests_daily,2024-05-06,11.0
Pyth Network,GITHUB_merged_pull_requests_daily,2024-05-06,6.0
Open Source Observer,GITHUB_opened_issues_weekly,2024-05-06,19.0
Walnut,GITHUB_opened_issues_weekly,2024-05-06,1.0
Runtime Verification,GITHUB_opened_issues_daily,2024-05-06,2.0
Open Source Observer,GITHUB_opened_issues_daily,2024-05-06,5.0
Walnut,GITHUB_closed_issues_weekly,2024-05-06,2.0
Solang,GITHUB_forks_weekly,2024-11-04,2.0
thirdweb,GITHUB_forks_weekly,2024-11-04,6.0
thirdweb,GITHUB_comments_daily,2024-11-04,168.0
Open Source Observer,GITHUB_stars_daily,2024-11-04,1.0
Solang,GITHUB_stars_weekly,2024-11-04,4.0
Passport XYZ,GITHUB_stars_weekly,2024-11-04,32.0
Trail of Bits Security Reviews,GITHUB_stars_weekly,2024-11-04,67.0
Trail of Bits Security Reviews,GITHUB_releases_daily,2024-11-04,3.0
thirdweb,GITHUB_releases_daily,2024-11-04,3.0
Remix IDE plugin for Arbitrum Stylus,GITHUB_releases_daily,2024-11-04,1.0
thirdweb,GITHUB_releases_weekly,2024-11-04,9.0
Trail of Bits Security Reviews,GITHUB_releases_weekly,2024-11-04,9.0
Trail of Bits Security Reviews,GITHUB_commits_weekly,2024-11-04,66.0
Runtime Verification,GITHUB_comments_weekly,2024-11-04,26.0
Redstone Finance,GITHUB_comments_weekly,2024-11-04,3.0
Passport XYZ,GITHUB_comments_weekly,2024-11-04,14.0
Runtime Verification,GITHUB_repositories_daily,2024-11-04,2.0
Solang,GITHUB_repositories_daily,2024-11-04,1.0
Sylow,GITHUB_repositories_weekly,2024-11-04,1.0
Remix IDE plugin for Arbitrum Stylus,GITHUB_repositories_weekly,2024-11-04,1.0
Passport XYZ,GITHUB_repositories_weekly,2024-11-04,7.0
Remix IDE plugin for Arbitrum Stylus,GITHUB_contributors_daily,2024-11-04,1.0
Trail of Bits Security Reviews,GITHUB_contributors_daily,2024-11-04,5.0
Debid - Fairblock,GITHUB_contributors_daily,2024-11-04,1.0
Enclave,GITHUB_contributors_weekly,2024-11-04,1.0
Redstone Finance,GITHUB_contributors_weekly,2024-11-04,2.0
Sylow,GITHUB_contributors_weekly,2024-11-04,1.0
Remix IDE plugin for Arbitrum Stylus,GITHUB_active_developers_weekly,2024-11-04,1.0
Remix IDE plugin for Arbitrum Stylus,GITHUB_active_developers_daily,2024-11-04,1.0
Pyth Network,GITHUB_active_developers_daily,2024-11-04,3.0
Debid - Fairblock,GITHUB_opened_pull_requests_weekly,2024-11-04,5.0
Pyth Network,GITHUB_opened_pull_requests_weekly,2024-11-04,39.0
Trail of Bits Security Reviews,GITHUB_opened_pull_requests_weekly,2024-11-04,50.0
Open Source Observer,GITHUB_opened_pull_requests_daily,2024-11-04,6.0
thirdweb,GITHUB_opened_pull_requests_daily,2024-11-04,22.0
Trail of Bits Security Reviews,GITHUB_merged_pull_requests_weekly,2024-11-04,40.0
Runtime Verification,GITHUB_merged_pull_requests_weekly,2024-11-04,9.0
Redstone Finance,GITHUB_merged_pull_requests_weekly,2024-11-04,3.0
Passport XYZ,GITHUB_merged_pull_requests_weekly,2024-11-04,18.0
Pyth Network,GITHUB_merged_pull_requests_daily,2024-11-04,5.0
Open Source Observer,GITHUB_opened_issues_weekly,2024-11-04,10.0
Redstone Finance,GITHUB_closed_issues_daily,2024-11-04,2.0
Open Source Observer,GITHUB_closed_issues_daily,2024-11-04,2.0
Trail of Bits Security Reviews,GITHUB_closed_issues_daily,2024-11-04,1.0
Enclave,GITHUB_closed_issues_daily,2024-11-04,1.0
Redstone Finance,GITHUB_closed_issues_weekly,2024-11-04,2.0
Open Source Observer,GITHUB_closed_issues_weekly,2024-11-04,5.0
thirdweb,GITHUB_comments_daily,2025-02-04,48.0
Moving Stylus,GITHUB_comments_daily,2025-02-04,4.0
Pyth Network,GITHUB_comments_daily,2025-02-04,25.0
Redstone Finance,GITHUB_comments_daily,2025-02-04,3.0
Open Source Observer,GITHUB_stars_daily,2025-02-04,1.0
Pyth Network,GITHUB_forks_daily,2025-02-04,1.0
Walnut,GITHUB_repositories_daily,2025-02-04,3.0
Open Source Observer,GITHUB_repositories_daily,2025-02-04,3.0
Moving Stylus,GITHUB_repositories_daily,2025-02-04,1.0
Redstone Finance,GITHUB_repositories_daily,2025-02-04,4.0
9Lives,GITHUB_contributors_daily,2025-02-04,1.0
Pyth Network,GITHUB_contributors_daily,2025-02-04,4.0
thirdweb,GITHUB_contributors_daily,2025-02-04,9.0
Moving Stylus,GITHUB_contributors_daily,2025-02-04,2.0
Redstone Finance,GITHUB_opened_pull_requests_daily,2025-02-04,3.0
Walnut,GITHUB_opened_pull_requests_daily,2025-02-04,1.0
Open Source Observer,GITHUB_opened_pull_requests_daily,2025-02-04,7.0
thirdweb,GITHUB_opened_pull_requests_daily,2025-02-04,10.0
Passport XYZ,GITHUB_opened_issues_daily,2025-02-04,8.0
thirdweb,GITHUB_opened_issues_daily,2025-02-04,1.0
thirdweb,GITHUB_closed_issues_daily,2025-02-04,1.0
Walnut,GITHUB_closed_issues_daily,2025-02-04,2.0
Open Source Observer,GITHUB_comments_daily,2024-10-28,9.0
Passport XYZ,GITHUB_stars_daily,2024-10-28,10.0
thirdweb,GITHUB_stars_weekly,2024-10-28,12.0
Pyth Network,GITHUB_stars_weekly,2024-10-28,6.0
Open Source Observer,GITHUB_stars_weekly,2024-10-28,1.0
Runtime Verification,GITHUB_stars_weekly,2024-10-28,7.0
Debid - Fairblock,GITHUB_commits_daily,2024-10-28,2.0
Pyth Network,GITHUB_commits_daily,2024-10-28,7.0
Redstone Finance,GITHUB_commits_daily,2024-10-28,5.0
Runtime Verification,GITHUB_releases_weekly,2024-10-28,15.0
Walnut,GITHUB_commits_weekly,2024-10-28,45.0
Redstone Finance,GITHUB_commits_weekly,2024-10-28,21.0
Remix IDE plugin for Arbitrum Stylus,GITHUB_commits_weekly,2024-10-28,6.0
Passport XYZ,GITHUB_commits_weekly,2024-10-28,12.0
thirdweb,GITHUB_commits_weekly,2024-10-28,91.0
Solang,GITHUB_comments_weekly,2024-10-28,1.0
Passport XYZ,GITHUB_comments_weekly,2024-10-28,22.0
Trail of Bits Security Reviews,GITHUB_comments_weekly,2024-10-28,38.0
Redstone Finance,GITHUB_comments_weekly,2024-10-28,8.0
Passport XYZ,GITHUB_repositories_weekly,2024-10-28,3.0
Enclave,GITHUB_repositories_weekly,2024-10-28,1.0
Debid - Fairblock,GITHUB_repositories_weekly,2024-10-28,5.0
thirdweb,GITHUB_repositories_weekly,2024-10-28,8.0
Trail of Bits Security Reviews,GITHUB_repositories_daily,2024-10-28,16.0
Redstone Finance,GITHUB_repositories_daily,2024-10-28,4.0
Pyth Network,GITHUB_repositories_daily,2024-10-28,5.0
thirdweb,GITHUB_contributors_weekly,2024-10-28,22.0
Remix IDE plugin for Arbitrum Stylus,GITHUB_contributors_weekly,2024-10-28,2.0
Runtime Verification,GITHUB_contributors_weekly,2024-10-28,12.0
Trail of Bits Security Reviews,GITHUB_contributors_daily,2024-10-28,7.0
Open Source Observer,GITHUB_contributors_daily,2024-10-28,4.0
Runtime Verification,GITHUB_contributors_daily,2024-10-28,4.0
thirdweb,GITHUB_contributors_daily,2024-10-28,13.0
Pyth Network,GITHUB_active_developers_weekly,2024-10-28,9.0
Trail of Bits Security Reviews,GITHUB_active_developers_daily,2024-10-28,6.0
Enclave,GITHUB_opened_pull_requests_weekly,2024-10-28,6.0
Trail of Bits Security Reviews,GITHUB_opened_pull_requests_weekly,2024-10-28,40.0
Solang,GITHUB_opened_pull_requests_weekly,2024-10-28,1.0
Passport XYZ,GITHUB_opened_pull_requests_weekly,2024-10-28,20.0
thirdweb,GITHUB_merged_pull_requests_weekly,2024-10-28,86.0
Runtime Verification,GITHUB_merged_pull_requests_weekly,2024-10-28,22.0
Redstone Finance,GITHUB_opened_pull_requests_daily,2024-10-28,2.0
Pyth Network,GITHUB_opened_pull_requests_daily,2024-10-28,4.0
thirdweb,GITHUB_opened_pull_requests_daily,2024-10-28,27.0
Debid - Fairblock,GITHUB_opened_pull_requests_daily,2024-10-28,1.0
Pyth Network,GITHUB_merged_pull_requests_daily,2024-10-28,7.0
Trail of Bits Security Reviews,GITHUB_merged_pull_requests_daily,2024-10-28,23.0
Debid - Fairblock,GITHUB_merged_pull_requests_daily,2024-10-28,2.0
Enclave,GITHUB_opened_issues_weekly,2024-10-28,8.0
Passport XYZ,GITHUB_opened_issues_weekly,2024-10-28,6.0
Trail of Bits Security Reviews,GITHUB_closed_issues_weekly,2024-10-28,4.0
thirdweb,GITHUB_closed_issues_daily,2024-10-28,3.0
Pyth Network,GITHUB_comments_daily,2024-10-11,9.0
Enclave,GITHUB_comments_daily,2024-10-11,3.0
Trail of Bits Security Reviews,GITHUB_stars_daily,2024-10-11,19.0
Open Source Observer,GITHUB_stars_daily,2024-10-11,1.0
Pyth Network,GITHUB_commits_daily,2024-10-11,11.0
Open Source Observer,GITHUB_commits_daily,2024-10-11,6.0
thirdweb,GITHUB_releases_daily,2024-10-11,2.0
Runtime Verification,GITHUB_releases_daily,2024-10-11,3.0
Trail of Bits Security Reviews,GITHUB_repositories_daily,2024-10-11,8.0
Arbos Foundry,GITHUB_repositories_daily,2024-10-11,1.0
thirdweb,GITHUB_repositories_daily,2024-10-11,4.0
Pyth Network,GITHUB_repositories_daily,2024-10-11,3.0
Arbos Foundry,GITHUB_contributors_daily,2024-10-11,1.0
Debid - Fairblock,GITHUB_contributors_daily,2024-10-11,1.0
Pyth Network,GITHUB_contributors_daily,2024-10-11,6.0
Redstone Finance,GITHUB_contributors_daily,2024-10-11,2.0
Open Source Observer,GITHUB_contributors_daily,2024-10-11,4.0
Trail of Bits Security Reviews,GITHUB_contributors_daily,2024-10-11,5.0
thirdweb,GITHUB_active_developers_daily,2024-10-11,5.0
Arbos Foundry,GITHUB_active_developers_daily,2024-10-11,1.0
Open Source Observer,GITHUB_active_developers_daily,2024-10-11,2.0
Passport XYZ,GITHUB_opened_pull_requests_daily,2024-10-11,8.0
Enclave,GITHUB_opened_pull_requests_daily,2024-10-11,1.0
Debid - Fairblock,GITHUB_merged_pull_requests_daily,2024-10-11,1.0
thirdweb,GITHUB_comments_daily,2024-08-27,109.0
Open Source Observer,GITHUB_comments_daily,2024-08-27,15.0
Runtime Verification,GITHUB_stars_daily,2024-08-27,2.0
thirdweb,GITHUB_forks_daily,2024-08-27,4.0
Open Source Observer,GITHUB_repositories_daily,2024-08-27,2.0
thirdweb,GITHUB_repositories_daily,2024-08-27,5.0
Trail of Bits Security Reviews,GITHUB_repositories_daily,2024-08-27,16.0
Passport XYZ,GITHUB_repositories_daily,2024-08-27,2.0
Walnut,GITHUB_contributors_daily,2024-08-27,2.0
Trail of Bits Security Reviews,GITHUB_contributors_daily,2024-08-27,9.0
Passport XYZ,GITHUB_contributors_daily,2024-08-27,3.0
Redstone Finance,GITHUB_contributors_daily,2024-08-27,1.0
Pyth Network,GITHUB_active_developers_daily,2024-08-27,5.0
Open Source Observer,GITHUB_merged_pull_requests_daily,2024-08-27,2.0
Runtime Verification,GITHUB_merged_pull_requests_daily,2024-08-27,6.0
Walnut,GITHUB_opened_issues_daily,2024-08-27,2.0
Passport XYZ,GITHUB_closed_issues_daily,2024-08-27,10.0
Trail of Bits Security Reviews,GITHUB_stars_daily,2024-07-20,14.0
Open Source Observer,GITHUB_stars_daily,2024-07-20,1.0
Redstone Finance,GITHUB_stars_daily,2024-07-20,2.0
thirdweb,GITHUB_commits_daily,2024-07-20,7.0
Runtime Verification,GITHUB_commits_daily,2024-07-20,4.0
thirdweb,GITHUB_releases_daily,2024-07-20,2.0
Open Source Observer,GITHUB_forks_daily,2024-07-20,1.0
Open Source Observer,GITHUB_repositories_daily,2024-07-20,2.0
Trail of Bits Security Reviews,GITHUB_repositories_daily,2024-07-20,9.0
Runtime Verification,GITHUB_repositories_daily,2024-07-20,3.0
Runtime Verification,GITHUB_contributors_daily,2024-07-20,3.0
Open Source Observer,GITHUB_contributors_daily,2024-07-20,2.0
Open Source Observer,GITHUB_opened_pull_requests_daily,2024-07-20,2.0
Open Source Observer,GITHUB_merged_pull_requests_daily,2024-07-20,1.0
Runtime Verification,GITHUB_merged_pull_requests_daily,2024-07-20,2.0
Trail of Bits Security Reviews,GITHUB_closed_issues_daily,2024-07-20,2.0
Passport XYZ,GITHUB_comments_daily,2025-02-05,9.0
Runtime Verification,GITHUB_stars_daily,2025-02-05,1.0
thirdweb,GITHUB_commits_daily,2025-02-05,10.0
Runtime Verification,GITHUB_commits_daily,2025-02-05,6.0
thirdweb,GITHUB_repositories_daily,2025-02-05,3.0
Redstone Finance,GITHUB_repositories_daily,2025-02-05,3.0
Pyth Network,GITHUB_contributors_daily,2025-02-05,7.0
Trail of Bits Security Reviews,GITHUB_active_developers_daily,2025-02-05,4.0
Runtime Verification,GITHUB_opened_pull_requests_daily,2025-02-05,4.0
Walnut,GITHUB_opened_pull_requests_daily,2025-02-05,7.0
Pyth Network,GITHUB_merged_pull_requests_daily,2025-02-05,7.0
Trail of Bits Security Reviews,GITHUB_opened_issues_daily,2025-02-05,1.0
Passport XYZ,GITHUB_opened_issues_daily,2025-02-05,6.0
Open Source Observer,GITHUB_closed_issues_daily,2025-02-05,4.0
Open Source Observer,GITHUB_comments_daily,2024-10-31,21.0
Pyth Network,GITHUB_comments_daily,2024-10-31,17.0
Debid - Fairblock,GITHUB_comments_daily,2024-10-31,3.0
Trail of Bits Security Reviews,GITHUB_stars_daily,2024-10-31,18.0
thirdweb,GITHUB_commits_daily,2024-10-31,7.0
Remix IDE plugin for Arbitrum Stylus,GITHUB_commits_daily,2024-10-31,1.0
Open Source Observer,GITHUB_commits_daily,2024-10-31,26.0
Runtime Verification,GITHUB_commits_daily,2024-10-31,8.0
thirdweb,GITHUB_releases_daily,2024-10-31,5.0
Walnut,GITHUB_repositories_daily,2024-10-31,1.0
Remix IDE plugin for Arbitrum Stylus,GITHUB_repositories_daily,2024-10-31,1.0
Redstone Finance,GITHUB_repositories_daily,2024-10-31,2.0
Enclave,GITHUB_contributors_daily,2024-10-31,2.0
Runtime Verification,GITHUB_contributors_daily,2024-10-31,4.0
Open Source Observer,GITHUB_contributors_daily,2024-10-31,7.0
Walnut,GITHUB_active_developers_daily,2024-10-31,1.0
Passport XYZ,GITHUB_active_developers_daily,2024-10-31,1.0
Runtime Verification,GITHUB_active_developers_daily,2024-10-31,2.0
Remix IDE plugin for Arbitrum Stylus,GITHUB_active_developers_daily,2024-10-31,1.0
Debid - Fairblock,GITHUB_opened_pull_requests_daily,2024-10-31,1.0
Trail of Bits Security Reviews,GITHUB_opened_pull_requests_daily,2024-10-31,8.0
Open Source Observer,GITHUB_merged_pull_requests_daily,2024-10-31,9.0
Enclave,GITHUB_merged_pull_requests_daily,2024-10-31,2.0
Enclave,GITHUB_opened_issues_daily,2024-10-31,1.0
Open Source Observer,GITHUB_opened_issues_daily,2024-10-31,2.0
Open Source Observer,GITHUB_closed_issues_daily,2024-10-31,3.0
Pyth Network,GITHUB_comments_daily,2024-11-03,4.0
Enclave,GITHUB_comments_daily,2024-11-03,17.0
Open Source Observer,GITHUB_repositories_daily,2024-11-03,3.0
Redstone Finance,GITHUB_repositories_daily,2024-11-03,1.0
Redstone Finance,GITHUB_active_developers_daily,2024-11-03,1.0
Trail of Bits Security Reviews,GITHUB_opened_pull_requests_daily,2024-11-03,5.0
thirdweb,GITHUB_closed_issues_daily,2024-11-03,1.0
thirdweb,GITHUB_comments_daily,2025-01-09,41.0
Open Source Observer,GITHUB_comments_daily,2025-01-09,15.0
Pyth Network,GITHUB_comments_daily,2025-01-09,10.0
Open Source Observer,GITHUB_stars_daily,2025-01-09,1.0
Solang,GITHUB_stars_daily,2025-01-09,1.0
thirdweb,GITHUB_stars_daily,2025-01-09,5.0
Open Source Observer,GITHUB_commits_daily,2025-01-09,3.0
Redstone Finance,GITHUB_commits_daily,2025-01-09,4.0
Sylow,GITHUB_commits_daily,2025-01-09,20.0
Runtime Verification,GITHUB_forks_daily,2025-01-09,1.0
Pyth Network,GITHUB_repositories_daily,2025-01-09,6.0
Walnut,GITHUB_repositories_daily,2025-01-09,6.0
Sylow,GITHUB_repositories_daily,2025-01-09,1.0
9Lives,GITHUB_repositories_daily,2025-01-09,1.0
thirdweb,GITHUB_releases_daily,2025-01-09,2.0
Solang,GITHUB_contributors_daily,2025-01-09,1.0
thirdweb,GITHUB_contributors_daily,2025-01-09,9.0
Trail of Bits Security Reviews,GITHUB_contributors_daily,2025-01-09,1.0
Open Source Observer,GITHUB_contributors_daily,2025-01-09,3.0
Redstone Finance,GITHUB_contributors_daily,2025-01-09,1.0
Sylow,GITHUB_contributors_daily,2025-01-09,1.0
Runtime Verification,GITHUB_contributors_daily,2025-01-09,3.0
Sylow,GITHUB_active_developers_daily,2025-01-09,1.0
Walnut,GITHUB_opened_pull_requests_daily,2025-01-09,3.0
Trail of Bits Security Reviews,GITHUB_merged_pull_requests_daily,2025-01-09,1.0
Walnut,GITHUB_comments_daily,2024-04-23,3.0
thirdweb,GITHUB_comments_daily,2024-04-23,74.0
Arbos Foundry,GITHUB_commits_daily,2024-04-23,20.0
Open Source Observer,GITHUB_commits_daily,2024-04-23,3.0
Runtime Verification,GITHUB_commits_daily,2024-04-23,8.0
Open Source Observer,GITHUB_repositories_daily,2024-04-23,2.0
Arbos Foundry,GITHUB_contributors_daily,2024-04-23,1.0
Open Source Observer,GITHUB_active_developers_daily,2024-04-23,1.0
Trail of Bits Security Reviews,GITHUB_active_developers_daily,2024-04-23,3.0
Pyth Network,GITHUB_active_developers_daily,2024-04-23,5.0
Redstone Finance,GITHUB_active_developers_daily,2024-04-23,1.0
Walnut,GITHUB_active_developers_daily,2024-04-23,1.0
Walnut,GITHUB_opened_pull_requests_daily,2024-04-23,2.0
Trail of Bits Security Reviews,GITHUB_merged_pull_requests_daily,2024-04-23,5.0
Runtime Verification,GITHUB_opened_issues_daily,2024-04-23,3.0
Open Source Observer,GITHUB_closed_issues_daily,2024-04-23,3.0
Pyth Network,GITHUB_closed_issues_daily,2024-04-23,1.0
thirdweb,GITHUB_comments_daily,2024-01-20,4.0
thirdweb,GITHUB_stars_daily,2024-01-20,3.0
Debid - Fairblock,GITHUB_stars_daily,2024-01-20,1.0
thirdweb,GITHUB_commits_daily,2024-01-20,2.0
Runtime Verification,GITHUB_commits_daily,2024-01-20,2.0
thirdweb,GITHUB_forks_daily,2024-01-20,4.0
Runtime Verification,GITHUB_repositories_daily,2024-01-20,4.0
Debid - Fairblock,GITHUB_repositories_daily,2024-01-20,1.0
thirdweb,GITHUB_contributors_daily,2024-01-20,3.0
Trail of Bits Security Reviews,GITHUB_active_developers_daily,2024-01-20,2.0
Runtime Verification,GITHUB_opened_pull_requests_daily,2024-01-20,1.0
Trail of Bits Security Reviews,GITHUB_opened_pull_requests_daily,2024-01-20,4.0
Trail of Bits Security Reviews,GITHUB_merged_pull_requests_daily,2024-01-20,6.0
Redstone Finance,GITHUB_stars_daily,2024-05-11,4.0
Trail of Bits Security Reviews,GITHUB_stars_daily,2024-05-11,10.0
Redstone Finance,GITHUB_commits_daily,2024-05-11,1.0
thirdweb,GITHUB_releases_daily,2024-05-11,8.0
Trail of Bits Security Reviews,GITHUB_contributors_daily,2024-05-11,1.0
Pyth Network,GITHUB_contributors_daily,2024-05-11,1.0
Open Source Observer,GITHUB_contributors_daily,2024-05-11,3.0
thirdweb,GITHUB_contributors_daily,2024-05-11,6.0
Trail of Bits Security Reviews,GITHUB_active_developers_daily,2024-05-11,1.0
Open Source Observer,GITHUB_merged_pull_requests_daily,2024-05-11,1.0
Solang,GITHUB_new_contributors_quarterly,2024-09-01,2.0
Trail of Bits Security Reviews,GITHUB_new_contributors_quarterly,2024-09-01,16.0
Pyth Network,GITHUB_part_time_contributors_quarterly,2024-09-01,17.0
Passport XYZ,GITHUB_new_contributors_quarterly,2024-09-01,7.0
thirdweb,GITHUB_active_contributors_quarterly,2024-09-01,50.0
Sylow,GITHUB_part_time_contributors_quarterly,2024-09-01,2.0
WakeUp Labs,GITHUB_part_time_contributors_quarterly,2024-09-01,2.0
Sylow,GITHUB_active_contributors_quarterly,2024-09-01,2.0
Passport XYZ,GITHUB_active_contributors_quarterly,2024-09-01,7.0
Redstone Finance,GITHUB_releases_biannually,2024-09-01,3.0
thirdweb,GITHUB_releases_quarterly,2024-09-01,46.0
Trail of Bits Security Reviews,GITHUB_releases_quarterly,2024-09-01,23.0
Enclave,GITHUB_commits_biannually,2024-09-01,94.0
Open Source Observer,GITHUB_commits_biannually,2024-09-01,218.0
Pyth Network,GITHUB_commits_biannually,2024-09-01,244.0
Trail of Bits Security Reviews,GITHUB_commits_biannually,2024-09-01,277.0
Runtime Verification,GITHUB_commits_biannually,2024-09-01,336.0
Syndicate Protocol,GITHUB_commits_biannually,2024-09-01,1.0
Walnut,GITHUB_active_developers_biannually,2024-09-01,4.0
Trail of Bits Security Reviews,GITHUB_active_developers_biannually,2024-09-01,20.0
Pyth Network,GITHUB_active_developers_biannually,2024-09-01,13.0
thirdweb,GITHUB_active_developers_biannually,2024-09-01,12.0
Remix IDE plugin for Arbitrum Stylus,GITHUB_repositories_quarterly,2024-09-01,2.0
Passport XYZ,GITHUB_repositories_quarterly,2024-09-01,13.0
Syndicate Protocol,GITHUB_repositories_quarterly,2024-09-01,1.0
Walnut,GITHUB_repositories_quarterly,2024-09-01,7.0
thirdweb,GITHUB_active_developers_quarterly,2024-09-01,12.0
Enclave,GITHUB_active_developers_quarterly,2024-09-01,3.0
Solang,GITHUB_active_developers_quarterly,2024-09-01,1.0
Open Source Observer,GITHUB_forks_monthly,2024-09-01,17.0
Trail of Bits Security Reviews,GITHUB_forks_monthly,2024-09-01,35.0
Solang,GITHUB_forks_monthly,2024-09-01,1.0
Passport XYZ,GITHUB_part_time_developers_quarterly,2024-09-01,6.0
Walnut,GITHUB_part_time_developers_quarterly,2024-09-01,4.0
Runtime Verification,GITHUB_part_time_developers_quarterly,2024-09-01,16.0
Enclave,GITHUB_part_time_developers_quarterly,2024-09-01,3.0
WakeUp Labs,GITHUB_part_time_developers_quarterly,2024-09-01,1.0
Trail of Bits Security Reviews,GITHUB_part_time_developers_quarterly,2024-09-01,20.0
Syndicate Protocol,GITHUB_part_time_developers_quarterly,2024-09-01,1.0
Sylow,GITHUB_stars_biannually,2024-09-01,16.0
Solang,GITHUB_stars_biannually,2024-09-01,2.0
Open Source Observer,GITHUB_stars_biannually,2024-09-01,13.0
Trail of Bits Security Reviews,GITHUB_stars_biannually,2024-09-01,335.0
thirdweb,GITHUB_comments_daily,2024-09-01,66.0
Pyth Network,GITHUB_comments_daily,2024-09-01,3.0
Runtime Verification,GITHUB_stars_monthly,2024-09-01,16.0
Enclave,GITHUB_stars_monthly,2024-09-01,3.0
Pyth Network,GITHUB_stars_monthly,2024-09-01,57.0
Trail of Bits Security Reviews,GITHUB_stars_monthly,2024-09-01,335.0
Debid - Fairblock,GITHUB_commits_monthly,2024-09-01,32.0
Runtime Verification,GITHUB_comments_monthly,2024-09-01,421.0
Redstone Finance,GITHUB_comments_monthly,2024-09-01,78.0
Sylow,GITHUB_commits_monthly,2024-09-01,1.0
Solang,GITHUB_comments_monthly,2024-09-01,4.0
Open Source Observer,GITHUB_comments_monthly,2024-09-01,502.0
Enclave,GITHUB_stars_quarterly,2024-09-01,3.0
thirdweb,GITHUB_stars_quarterly,2024-09-01,43.0
Redstone Finance,GITHUB_releases_monthly,2024-09-01,3.0
Trail of Bits Security Reviews,GITHUB_releases_monthly,2024-09-01,23.0
Pyth Network,GITHUB_commits_quarterly,2024-09-01,244.0
Remix IDE plugin for Arbitrum Stylus,GITHUB_commits_quarterly,2024-09-01,33.0
Runtime Verification,GITHUB_commits_quarterly,2024-09-01,336.0
Trail of Bits Security Reviews,GITHUB_commits_quarterly,2024-09-01,277.0
Walnut,GITHUB_forks_biannually,2024-09-01,1.0
Pyth Network,GITHUB_forks_biannually,2024-09-01,42.0
Open Source Observer,GITHUB_forks_biannually,2024-09-01,17.0
Open Source Observer,GITHUB_forks_quarterly,2024-09-01,17.0
Passport XYZ,GITHUB_forks_quarterly,2024-09-01,9.0
Debid - Fairblock,GITHUB_forks_quarterly,2024-09-01,1.0
Solang,GITHUB_forks_quarterly,2024-09-01,1.0
Solang,GITHUB_forks_biannually,2024-09-01,1.0
Debid - Fairblock,GITHUB_forks_biannually,2024-09-01,1.0
thirdweb,GITHUB_repositories_monthly,2024-09-01,15.0
Open Source Observer,GITHUB_repositories_monthly,2024-09-01,7.0
Remix IDE plugin for Arbitrum Stylus,GITHUB_repositories_monthly,2024-09-01,2.0
Enclave,GITHUB_repositories_monthly,2024-09-01,1.0
Sylow,GITHUB_repositories_monthly,2024-09-01,1.0
Passport XYZ,GITHUB_repositories_monthly,2024-09-01,13.0
Arbos Foundry,GITHUB_repositories_monthly,2024-09-01,1.0
Walnut,GITHUB_repositories_biannually,2024-09-01,7.0
Runtime Verification,GITHUB_repositories_biannually,2024-09-01,33.0
Remix IDE plugin for Arbitrum Stylus,GITHUB_repositories_biannually,2024-09-01,2.0
Debid - Fairblock,GITHUB_repositories_biannually,2024-09-01,5.0
Open Source Observer,GITHUB_contributors_monthly,2024-09-01,24.0
Syndicate Protocol,GITHUB_contributors_monthly,2024-09-01,1.0
Trail of Bits Security Reviews,GITHUB_contributors_monthly,2024-09-01,40.0
Pyth Network,GITHUB_contributors_monthly,2024-09-01,17.0
Runtime Verification,GITHUB_contributors_monthly,2024-09-01,29.0
Debid - Fairblock,GITHUB_contributors_monthly,2024-09-01,3.0
Redstone Finance,GITHUB_contributors_monthly,2024-09-01,12.0
Trail of Bits Security Reviews,GITHUB_contributors_quarterly,2024-09-01,40.0
Solang,GITHUB_contributors_quarterly,2024-09-01,2.0
Passport XYZ,GITHUB_contributors_biannually,2024-09-01,7.0
Arbos Foundry,GITHUB_contributors_biannually,2024-09-01,2.0
Syndicate Protocol,GITHUB_contributors_biannually,2024-09-01,1.0
Runtime Verification,GITHUB_contributors_quarterly,2024-09-01,29.0
Sylow,GITHUB_contributors_quarterly,2024-09-01,2.0
Runtime Verification,GITHUB_contributors_biannually,2024-09-01,29.0
Enclave,GITHUB_active_developers_monthly,2024-09-01,3.0
Remix IDE plugin for Arbitrum Stylus,GITHUB_part_time_developers_monthly,2024-09-01,2.0
Trail of Bits Security Reviews,GITHUB_full_time_developers_monthly,2024-09-01,2.0
WakeUp Labs,GITHUB_active_developers_monthly,2024-09-01,1.0
Walnut,GITHUB_part_time_developers_monthly,2024-09-01,4.0
Pyth Network,GITHUB_contributors_quarterly,2024-09-01,17.0
Passport XYZ,GITHUB_active_developers_monthly,2024-09-01,6.0
Redstone Finance,GITHUB_active_developers_monthly,2024-09-01,8.0
Solang,GITHUB_part_time_developers_monthly,2024-09-01,1.0
Arbos Foundry,GITHUB_part_time_developers_monthly,2024-09-01,1.0
Passport XYZ,GITHUB_part_time_developers_biannually,2024-09-01,6.0
Enclave,GITHUB_part_time_developers_biannually,2024-09-01,3.0
Sylow,GITHUB_part_time_developers_biannually,2024-09-01,1.0
WakeUp Labs,GITHUB_part_time_developers_biannually,2024-09-01,1.0
thirdweb,GITHUB_part_time_contributors_biannually,2024-09-01,50.0
Passport XYZ,GITHUB_active_contributors_biannually,2024-09-01,7.0
Enclave,GITHUB_new_contributors_biannually,2024-09-01,4.0
Syndicate Protocol,GITHUB_part_time_contributors_biannually,2024-09-01,1.0
thirdweb,GITHUB_active_contributors_biannually,2024-09-01,50.0
Passport XYZ,GITHUB_part_time_contributors_biannually,2024-09-01,7.0
Redstone Finance,GITHUB_new_contributors_biannually,2024-09-01,6.0
Trail of Bits Security Reviews,GITHUB_active_contributors_biannually,2024-09-01,40.0
WakeUp Labs,GITHUB_part_time_contributors_biannually,2024-09-01,2.0
Trail of Bits Security Reviews,GITHUB_active_contributors_monthly,2024-09-01,40.0
Pyth Network,GITHUB_new_contributors_monthly,2024-09-01,9.0
Open Source Observer,GITHUB_active_contributors_monthly,2024-09-01,24.0
Open Source Observer,GITHUB_new_contributors_monthly,2024-09-01,19.0
Runtime Verification,GITHUB_full_time_contributors_monthly,2024-09-01,6.0
Runtime Verification,GITHUB_new_contributors_monthly,2024-09-01,3.0
Trail of Bits Security Reviews,GITHUB_full_time_contributors_monthly,2024-09-01,2.0
Enclave,GITHUB_part_time_contributors_monthly,2024-09-01,2.0
thirdweb,GITHUB_active_contributors_monthly,2024-09-01,50.0
Runtime Verification,GITHUB_part_time_contributors_monthly,2024-09-01,23.0
Solang,GITHUB_new_contributors_monthly,2024-09-01,2.0
Pyth Network,GITHUB_full_time_contributors_monthly,2024-09-01,8.0
WakeUp Labs,GITHUB_active_contributors_monthly,2024-09-01,2.0
Solang,GITHUB_part_time_contributors_monthly,2024-09-01,2.0
Sylow,GITHUB_part_time_contributors_biannually,2024-09-01,2.0
Trail of Bits Security Reviews,GITHUB_new_contributors_biannually,2024-09-01,16.0
Passport XYZ,GITHUB_change_in_full_time_contributors_monthly,2024-09-01,-3.0
Remix IDE plugin for Arbitrum Stylus,GITHUB_change_in_active_developers_monthly,2024-09-01,0.0
Runtime Verification,GITHUB_change_in_part_time_contributors_monthly,2024-09-01,4.0
Pyth Network,GITHUB_change_in_part_time_contributors_quarterly,2024-09-01,8.0
Enclave,GITHUB_change_in_part_time_contributors_monthly,2024-09-01,2.0
thirdweb,GITHUB_change_in_active_developers_monthly,2024-09-01,1.0
Solang,GITHUB_change_in_part_time_contributors_monthly,2024-09-01,
Trail of Bits Security Reviews,GITHUB_change_in_part_time_contributors_monthly,2024-09-01,6.0
Enclave,GITHUB_change_in_full_time_contributors_monthly,2024-09-01,
Walnut,GITHUB_change_in_part_time_contributors_monthly,2024-09-01,12.0
Redstone Finance,GITHUB_change_in_full_time_contributors_monthly,2024-09-01,0.0
Runtime Verification,GITHUB_change_in_part_time_contributors_quarterly,2024-09-01,4.0
Enclave,GITHUB_change_in_part_time_contributors_quarterly,2024-09-01,0.0
Solang,GITHUB_change_in_active_developers_quarterly,2024-09-01,
Sylow,GITHUB_change_in_part_time_contributors_quarterly,2024-09-01,
Solang,GITHUB_change_in_part_time_contributors_quarterly,2024-09-01,
Pyth Network,GITHUB_change_in_active_developers_quarterly,2024-09-01,8.0
Remix IDE plugin for Arbitrum Stylus,GITHUB_change_in_active_developers_biannually,2024-09-01,0.0
Runtime Verification,GITHUB_change_in_active_developers_quarterly,2024-09-01,4.0
Open Source Observer,GITHUB_change_in_active_developers_quarterly,2024-09-01,-8.0
Sylow,GITHUB_change_in_part_time_contributors_biannually,2024-09-01,
Open Source Observer,GITHUB_change_in_active_developers_biannually,2024-09-01,-8.0
Pyth Network,GITHUB_change_in_active_developers_biannually,2024-09-01,8.0
Walnut,GITHUB_change_in_active_developers_biannually,2024-09-01,13.0
Remix IDE plugin for Arbitrum Stylus,GITHUB_opened_pull_requests_monthly,2024-09-01,1.0
thirdweb,GITHUB_opened_pull_requests_monthly,2024-09-01,576.0
Walnut,GITHUB_opened_pull_requests_monthly,2024-09-01,11.0
Solang,GITHUB_opened_pull_requests_monthly,2024-09-01,1.0
thirdweb,GITHUB_opened_pull_requests_quarterly,2024-09-01,576.0
Redstone Finance,GITHUB_opened_pull_requests_biannually,2024-09-01,49.0
thirdweb,GITHUB_opened_pull_requests_biannually,2024-09-01,576.0
Arbos Foundry,GITHUB_opened_pull_requests_biannually,2024-09-01,1.0
Open Source Observer,GITHUB_opened_pull_requests_biannually,2024-09-01,130.0
Sylow,GITHUB_opened_pull_requests_quarterly,2024-09-01,1.0
Open Source Observer,GITHUB_opened_pull_requests_daily,2024-09-01,1.0
thirdweb,GITHUB_opened_pull_requests_daily,2024-09-01,8.0
Open Source Observer,GITHUB_merged_pull_requests_monthly,2024-09-01,121.0
Remix IDE plugin for Arbitrum Stylus,GITHUB_merged_pull_requests_monthly,2024-09-01,1.0
WakeUp Labs,GITHUB_merged_pull_requests_monthly,2024-09-01,2.0
Runtime Verification,GITHUB_merged_pull_requests_biannually,2024-09-01,139.0
Syndicate Protocol,GITHUB_merged_pull_requests_biannually,2024-09-01,1.0
Pyth Network,GITHUB_merged_pull_requests_biannually,2024-09-01,190.0
thirdweb,GITHUB_merged_pull_requests_biannually,2024-09-01,500.0
Remix IDE plugin for Arbitrum Stylus,GITHUB_merged_pull_requests_quarterly,2024-09-01,1.0
Debid - Fairblock,GITHUB_merged_pull_requests_quarterly,2024-09-01,3.0
Open Source Observer,GITHUB_merged_pull_requests_quarterly,2024-09-01,121.0
WakeUp Labs,GITHUB_merged_pull_requests_quarterly,2024-09-01,2.0
Walnut,GITHUB_merged_pull_requests_quarterly,2024-09-01,13.0
thirdweb,GITHUB_merged_pull_requests_daily,2024-09-01,3.0
Trail of Bits Security Reviews,GITHUB_merged_pull_requests_daily,2024-09-01,1.0
Open Source Observer,GITHUB_opened_issues_daily,2024-09-01,1.0
Sylow,GITHUB_opened_issues_monthly,2024-09-01,1.0
thirdweb,GITHUB_opened_issues_monthly,2024-09-01,16.0
Walnut,GITHUB_opened_issues_monthly,2024-09-01,2.0
Enclave,GITHUB_opened_issues_quarterly,2024-09-01,25.0
Enclave,GITHUB_opened_issues_biannually,2024-09-01,25.0
Redstone Finance,GITHUB_closed_issues_monthly,2024-09-01,2.0
Open Source Observer,GITHUB_closed_issues_biannually,2024-09-01,98.0
Passport XYZ,GITHUB_avg_prs_time_to_merge_quarterly,2024-09-01,0.0
Open Source Observer,GITHUB_avg_prs_time_to_merge_quarterly,2024-09-01,0.0
Trail of Bits Security Reviews,GITHUB_avg_prs_time_to_merge_biannually,2024-09-01,0.0
Sylow,GITHUB_avg_time_to_first_response_quarterly,2024-09-01,2380223.0
Runtime Verification,GITHUB_avg_time_to_first_response_quarterly,2024-09-01,132596.70186335404
Sylow,GITHUB_avg_prs_time_to_merge_biannually,2024-09-01,0.0
WakeUp Labs,GITHUB_avg_prs_time_to_merge_biannually,2024-09-01,0.0
Pyth Network,GITHUB_avg_prs_time_to_merge_biannually,2024-09-01,0.0
Sylow,GITHUB_avg_time_to_first_response_biannually,2024-09-01,2380223.0
Walnut,GITHUB_avg_time_to_first_response_biannually,2024-09-01,53429.4
Remix IDE plugin for Arbitrum Stylus,GITHUB_avg_prs_time_to_merge_biannually,2024-09-01,0.0
Open Source Observer,GITHUB_avg_time_to_first_response_quarterly,2024-09-01,1169046.1779661018
Remix IDE plugin for Arbitrum Stylus,GITHUB_change_in_active_contributors_biannually,2024-09-01,0.0
Debid - Fairblock,GITHUB_churned_contributors_monthly,2024-09-01,12.0
thirdweb,GITHUB_change_in_active_contributors_monthly,2024-09-01,1.0
thirdweb,GITHUB_change_in_new_contributors_monthly,2024-09-01,5.0
Open Source Observer,GITHUB_change_in_active_contributors_monthly,2024-09-01,-8.0
Sylow,GITHUB_change_in_active_contributors_monthly,2024-09-01,
Trail of Bits Security Reviews,GITHUB_churned_contributors_monthly,2024-09-01,-7.0
Redstone Finance,GITHUB_change_in_active_contributors_monthly,2024-09-01,-1.0
Walnut,GITHUB_change_in_full_time_contributors_monthly,2024-09-01,1.0
Solang,GITHUB_change_in_active_contributors_monthly,2024-09-01,
Solang,GITHUB_change_in_new_contributors_monthly,2024-09-01,
Open Source Observer,GITHUB_change_in_full_time_contributors_quarterly,2024-09-01,0.0
Sylow,GITHUB_change_in_full_time_contributors_quarterly,2024-09-01,
Arbos Foundry,GITHUB_change_in_new_contributors_biannually,2024-09-01,0.0
WakeUp Labs,GITHUB_churned_contributors_biannually,2024-09-01,-2.0
Passport XYZ,GITHUB_change_in_new_contributors_biannually,2024-09-01,4.0
Passport XYZ,GITHUB_change_in_full_time_contributors_biannually,2024-09-01,0.0
Passport XYZ,GITHUB_churned_contributors_biannually,2024-09-01,-3.0
Passport XYZ,GITHUB_change_in_active_contributors_biannually,2024-09-01,4.0
Syndicate Protocol,GITHUB_change_in_new_contributors_biannually,2024-09-01,0.0
Syndicate Protocol,GITHUB_churned_contributors_biannually,2024-09-01,0.0
Debid - Fairblock,GITHUB_change_in_new_contributors_quarterly,2024-09-01,13.0
thirdweb,GITHUB_change_in_new_contributors_quarterly,2024-09-01,5.0
thirdweb,GITHUB_change_in_full_time_contributors_quarterly,2024-09-01,0.0
WakeUp Labs,GITHUB_change_in_active_contributors_monthly,2024-09-01,-1.0
WakeUp Labs,GITHUB_change_in_new_contributors_monthly,2024-09-01,0.0
Syndicate Protocol,GITHUB_change_in_new_contributors_monthly,2024-09-01,0.0
Passport XYZ,GITHUB_churned_contributors_monthly,2024-09-01,-3.0
Passport XYZ,GITHUB_change_in_new_contributors_monthly,2024-09-01,4.0
WakeUp Labs,GITHUB_change_in_new_contributors_quarterly,2024-09-01,0.0
Pyth Network,GITHUB_change_in_full_time_contributors_quarterly,2024-09-01,0.0
Syndicate Protocol,GITHUB_change_in_new_contributors_quarterly,2024-09-01,0.0
Syndicate Protocol,GITHUB_change_in_full_time_contributors_quarterly,2024-09-01,0.0
Open Source Observer,GITHUB_churned_contributors_quarterly,2024-09-01,-27.0
Enclave,GITHUB_churned_contributors_biannually,2024-09-01,-4.0
Enclave,GITHUB_change_in_active_contributors_biannually,2024-09-01,0.0
Redstone Finance,GITHUB_change_in_new_contributors_biannually,2024-09-01,0.0
Walnut,GITHUB_change_in_new_contributors_biannually,2024-09-01,13.0
Trail of Bits Security Reviews,GITHUB_change_in_full_time_contributors_biannually,2024-09-01,0.0
Open Source Observer,GITHUB_change_in_active_contributors_biannually,2024-09-01,-8.0
Solang,GITHUB_change_in_new_contributors_biannually,2024-09-01,
Debid - Fairblock,GITHUB_change_in_new_contributors_biannually,2024-09-01,13.0
thirdweb,GITHUB_change_in_active_contributors_biannually,2024-09-01,1.0
Walnut,GITHUB_change_in_active_contributors_quarterly,2024-09-01,13.0
Redstone Finance,GITHUB_change_in_full_time_contributors_quarterly,2024-09-01,0.0
Runtime Verification,GITHUB_comments_daily,2024-11-24,1.0
Passport XYZ,GITHUB_stars_daily,2024-11-24,4.0
Passport XYZ,GITHUB_repositories_daily,2024-11-24,1.0
Walnut,GITHUB_repositories_daily,2024-11-24,1.0
Trail of Bits Security Reviews,GITHUB_active_developers_daily,2024-11-24,1.0
Trail of Bits Security Reviews,GITHUB_contributors_daily,2024-11-24,2.0
Open Source Observer,GITHUB_contributors_daily,2024-11-24,1.0
Runtime Verification,GITHUB_contributors_daily,2024-11-24,2.0
Walnut,GITHUB_contributors_daily,2024-11-24,1.0
Runtime Verification,GITHUB_opened_pull_requests_daily,2024-11-24,2.0
Walnut,GITHUB_merged_pull_requests_daily,2024-11-24,1.0
Trail of Bits Security Reviews,GITHUB_stars_daily,2025-01-17,8.0
9Lives,GITHUB_commits_daily,2025-01-17,5.0
thirdweb,GITHUB_commits_daily,2025-01-17,11.0
Redstone Finance,GITHUB_commits_daily,2025-01-17,4.0
Pyth Network,GITHUB_commits_daily,2025-01-17,11.0
Trail of Bits Security Reviews,GITHUB_commits_daily,2025-01-17,27.0
Runtime Verification,GITHUB_releases_daily,2025-01-17,6.0
Trail of Bits Security Reviews,GITHUB_repositories_daily,2025-01-17,12.0
Passport XYZ,GITHUB_repositories_daily,2025-01-17,1.0
Open Source Observer,GITHUB_repositories_daily,2025-01-17,3.0
Runtime Verification,GITHUB_repositories_daily,2025-01-17,8.0
Redstone Finance,GITHUB_contributors_daily,2025-01-17,2.0
Trail of Bits Security Reviews,GITHUB_active_developers_daily,2025-01-17,5.0
Open Source Observer,GITHUB_active_developers_daily,2025-01-17,4.0
Pyth Network,GITHUB_active_developers_daily,2025-01-17,7.0
Passport XYZ,GITHUB_opened_pull_requests_daily,2025-01-17,2.0
Open Source Observer,GITHUB_opened_pull_requests_daily,2025-01-17,17.0
Pyth Network,GITHUB_opened_pull_requests_daily,2025-01-17,8.0
Trail of Bits Security Reviews,GITHUB_merged_pull_requests_daily,2025-01-17,6.0
Open Source Observer,GITHUB_merged_pull_requests_daily,2025-01-17,13.0
Open Source Observer,GITHUB_opened_issues_daily,2025-01-17,5.0
thirdweb,GITHUB_closed_issues_daily,2025-01-17,2.0
Open Source Observer,GITHUB_comments_daily,2024-07-07,3.0
Runtime Verification,GITHUB_comments_daily,2024-07-07,1.0
thirdweb,GITHUB_comments_daily,2024-07-07,3.0
Trail of Bits Security Reviews,GITHUB_stars_daily,2024-07-07,10.0
thirdweb,GITHUB_forks_daily,2024-07-07,2.0
Runtime Verification,GITHUB_forks_daily,2024-07-07,1.0
Walnut,GITHUB_contributors_daily,2024-07-07,2.0
Trail of Bits Security Reviews,GITHUB_contributors_daily,2024-07-07,2.0
Runtime Verification,GITHUB_active_developers_daily,2024-07-07,2.0
Runtime Verification,GITHUB_opened_pull_requests_daily,2024-07-07,1.0
thirdweb,GITHUB_closed_issues_daily,2024-07-07,2.0
Runtime Verification,GITHUB_closed_issues_daily,2024-07-07,2.0
Runtime Verification,GITHUB_comments_daily,2024-02-20,41.0
Walnut,GITHUB_comments_daily,2024-02-20,1.0
Runtime Verification,GITHUB_commits_daily,2024-02-20,31.0
Trail of Bits Security Reviews,GITHUB_commits_daily,2024-02-20,14.0
Runtime Verification,GITHUB_releases_daily,2024-02-20,9.0
Pyth Network,GITHUB_forks_daily,2024-02-20,9.0
Pyth Network,GITHUB_repositories_daily,2024-02-20,8.0
Debid - Fairblock,GITHUB_repositories_daily,2024-02-20,1.0
Walnut,GITHUB_contributors_daily,2024-02-20,2.0
thirdweb,GITHUB_active_developers_daily,2024-02-20,4.0
Pyth Network,GITHUB_active_developers_daily,2024-02-20,3.0
Syndicate Protocol,GITHUB_active_developers_daily,2024-02-20,1.0
Pyth Network,GITHUB_opened_pull_requests_daily,2024-02-20,12.0
Debid - Fairblock,GITHUB_merged_pull_requests_daily,2024-02-20,3.0
thirdweb,GITHUB_merged_pull_requests_daily,2024-02-20,6.0
Walnut,GITHUB_merged_pull_requests_daily,2024-02-20,1.0
CodeTracer,GITHUB_comments_daily,2025-03-20,2.0
Passport XYZ,GITHUB_comments_daily,2025-03-20,6.0
Open Source Observer,GITHUB_comments_daily,2025-03-20,21.0
Walnut,GITHUB_stars_daily,2025-03-20,1.0
thirdweb,GITHUB_stars_daily,2025-03-20,3.0
Open Source Observer,GITHUB_commits_daily,2025-03-20,9.0
Pyth Network,GITHUB_commits_daily,2025-03-20,9.0
Passport XYZ,GITHUB_repositories_daily,2025-03-20,2.0
Open Source Observer,GITHUB_repositories_daily,2025-03-20,2.0
Pyth Network,GITHUB_repositories_daily,2025-03-20,3.0
thirdweb,GITHUB_repositories_daily,2025-03-20,5.0
9Lives,GITHUB_contributors_daily,2025-03-20,2.0
Debid - Fairblock,GITHUB_contributors_daily,2025-03-20,1.0
Enclave,GITHUB_contributors_daily,2025-03-20,2.0
CodeTracer,GITHUB_contributors_daily,2025-03-20,3.0
Runtime Verification,GITHUB_contributors_daily,2025-03-20,7.0
Redstone Finance,GITHUB_contributors_daily,2025-03-20,3.0
Pyth Network,GITHUB_active_developers_daily,2025-03-20,5.0
Redstone Finance,GITHUB_active_developers_daily,2025-03-20,3.0
9Lives,GITHUB_active_developers_daily,2025-03-20,2.0
Redstone Finance,GITHUB_opened_pull_requests_daily,2025-03-20,1.0
Runtime Verification,GITHUB_opened_pull_requests_daily,2025-03-20,7.0
CodeTracer,GITHUB_opened_pull_requests_daily,2025-03-20,3.0
Open Source Observer,GITHUB_merged_pull_requests_daily,2025-03-20,10.0
Debid - Fairblock,GITHUB_new_contributors_quarterly,2024-05-01,1.0
Walnut,GITHUB_active_contributors_quarterly,2024-05-01,11.0
Arbos Foundry,GITHUB_active_contributors_quarterly,2024-05-01,1.0
WakeUp Labs,GITHUB_part_time_contributors_quarterly,2024-05-01,1.0
Passport XYZ,GITHUB_new_contributors_quarterly,2024-05-01,2.0
WakeUp Labs,GITHUB_new_contributors_quarterly,2024-05-01,1.0
Runtime Verification,GITHUB_active_contributors_quarterly,2024-05-01,32.0
Syndicate Protocol,GITHUB_releases_biannually,2024-05-01,2.0
Remix IDE plugin for Arbitrum Stylus,GITHUB_releases_biannually,2024-05-01,1.0
Debid - Fairblock,GITHUB_releases_biannually,2024-05-01,10.0
Syndicate Protocol,GITHUB_releases_quarterly,2024-05-01,2.0
Remix IDE plugin for Arbitrum Stylus,GITHUB_releases_quarterly,2024-05-01,1.0
Debid - Fairblock,GITHUB_commits_biannually,2024-05-01,68.0
Arbos Foundry,GITHUB_commits_biannually,2024-05-01,20.0
Walnut,GITHUB_commits_biannually,2024-05-01,72.0
thirdweb,GITHUB_commits_biannually,2024-05-01,381.0
Runtime Verification,GITHUB_comments_daily,2024-05-01,37.0
Trail of Bits Security Reviews,GITHUB_comments_daily,2024-05-01,4.0
Arbos Foundry,GITHUB_active_developers_biannually,2024-05-01,1.0
Debid - Fairblock,GITHUB_repositories_quarterly,2024-05-01,4.0
Remix IDE plugin for Arbitrum Stylus,GITHUB_active_developers_quarterly,2024-05-01,1.0
Walnut,GITHUB_active_developers_quarterly,2024-05-01,2.0
Passport XYZ,GITHUB_active_developers_quarterly,2024-05-01,1.0
Pyth Network,GITHUB_forks_monthly,2024-05-01,21.0
Redstone Finance,GITHUB_forks_monthly,2024-05-01,40.0
WakeUp Labs,GITHUB_part_time_developers_quarterly,2024-05-01,1.0
Trail of Bits Security Reviews,GITHUB_stars_biannually,2024-05-01,381.0
Trail of Bits Security Reviews,GITHUB_part_time_developers_quarterly,2024-05-01,20.0
Open Source Observer,GITHUB_part_time_developers_quarterly,2024-05-01,12.0
Pyth Network,GITHUB_part_time_developers_quarterly,2024-05-01,16.0
thirdweb,GITHUB_commits_monthly,2024-05-01,381.0
Syndicate Protocol,GITHUB_commits_monthly,2024-05-01,8.0
Pyth Network,GITHUB_commits_monthly,2024-05-01,160.0
Passport XYZ,GITHUB_stars_quarterly,2024-05-01,6.0
thirdweb,GITHUB_stars_quarterly,2024-05-01,73.0
Open Source Observer,GITHUB_stars_quarterly,2024-05-01,7.0
Runtime Verification,GITHUB_commits_daily,2024-05-01,27.0
Trail of Bits Security Reviews,GITHUB_releases_monthly,2024-05-01,15.0
Debid - Fairblock,GITHUB_releases_monthly,2024-05-01,10.0
Runtime Verification,GITHUB_releases_daily,2024-05-01,13.0
thirdweb,GITHUB_commits_quarterly,2024-05-01,381.0
Remix IDE plugin for Arbitrum Stylus,GITHUB_commits_quarterly,2024-05-01,2.0
Debid - Fairblock,GITHUB_commits_quarterly,2024-05-01,68.0
Walnut,GITHUB_commits_quarterly,2024-05-01,72.0
Walnut,GITHUB_forks_quarterly,2024-05-01,20.0
thirdweb,GITHUB_forks_biannually,2024-05-01,60.0
Pyth Network,GITHUB_forks_daily,2024-05-01,3.0
Trail of Bits Security Reviews,GITHUB_repositories_daily,2024-05-01,13.0
Pyth Network,GITHUB_repositories_daily,2024-05-01,4.0
Passport XYZ,GITHUB_repositories_biannually,2024-05-01,1.0
thirdweb,GITHUB_repositories_biannually,2024-05-01,21.0
Remix IDE plugin for Arbitrum Stylus,GITHUB_repositories_biannually,2024-05-01,1.0
Syndicate Protocol,GITHUB_repositories_biannually,2024-05-01,2.0
Passport XYZ,GITHUB_repositories_monthly,2024-05-01,1.0
Arbos Foundry,GITHUB_repositories_monthly,2024-05-01,1.0
Runtime Verification,GITHUB_repositories_biannually,2024-05-01,35.0
WakeUp Labs,GITHUB_contributors_monthly,2024-05-01,1.0
Redstone Finance,GITHUB_contributors_monthly,2024-05-01,7.0
Debid - Fairblock,GITHUB_contributors_monthly,2024-05-01,4.0
Open Source Observer,GITHUB_contributors_monthly,2024-05-01,28.0
Passport XYZ,GITHUB_contributors_quarterly,2024-05-01,2.0
Remix IDE plugin for Arbitrum Stylus,GITHUB_contributors_biannually,2024-05-01,1.0
Arbos Foundry,GITHUB_contributors_biannually,2024-05-01,1.0
Redstone Finance,GITHUB_contributors_biannually,2024-05-01,7.0
Walnut,GITHUB_contributors_biannually,2024-05-01,11.0
Runtime Verification,GITHUB_contributors_quarterly,2024-05-01,32.0
Debid - Fairblock,GITHUB_contributors_quarterly,2024-05-01,4.0
Arbos Foundry,GITHUB_contributors_quarterly,2024-05-01,1.0
Trail of Bits Security Reviews,GITHUB_contributors_biannually,2024-05-01,46.0
Syndicate Protocol,GITHUB_contributors_biannually,2024-05-01,2.0
WakeUp Labs,GITHUB_contributors_biannually,2024-05-01,1.0
Passport XYZ,GITHUB_contributors_biannually,2024-05-01,2.0
Pyth Network,GITHUB_contributors_daily,2024-05-01,5.0
Runtime Verification,GITHUB_contributors_daily,2024-05-01,11.0
Syndicate Protocol,GITHUB_active_developers_monthly,2024-05-01,2.0
Pyth Network,GITHUB_active_developers_monthly,2024-05-01,16.0
Passport XYZ,GITHUB_active_developers_monthly,2024-05-01,1.0
Runtime Verification,GITHUB_active_developers_monthly,2024-05-01,16.0
Arbos Foundry,GITHUB_part_time_developers_monthly,2024-05-01,1.0
Trail of Bits Security Reviews,GITHUB_part_time_developers_monthly,2024-05-01,18.0
thirdweb,GITHUB_full_time_developers_monthly,2024-05-01,5.0
Remix IDE plugin for Arbitrum Stylus,GITHUB_part_time_developers_monthly,2024-05-01,1.0
Trail of Bits Security Reviews,GITHUB_full_time_developers_monthly,2024-05-01,2.0
Pyth Network,GITHUB_full_time_developers_monthly,2024-05-01,4.0
thirdweb,GITHUB_active_developers_monthly,2024-05-01,25.0
Redstone Finance,GITHUB_part_time_developers_monthly,2024-05-01,4.0
Remix IDE plugin for Arbitrum Stylus,GITHUB_part_time_developers_biannually,2024-05-01,1.0
thirdweb,GITHUB_part_time_developers_biannually,2024-05-01,25.0
thirdweb,GITHUB_active_developers_daily,2024-05-01,3.0
Passport XYZ,GITHUB_part_time_contributors_monthly,2024-05-01,2.0
Debid - Fairblock,GITHUB_new_contributors_monthly,2024-05-01,1.0
thirdweb,GITHUB_full_time_contributors_monthly,2024-05-01,11.0
Trail of Bits Security Reviews,GITHUB_full_time_contributors_monthly,2024-05-01,2.0
thirdweb,GITHUB_new_contributors_monthly,2024-05-01,23.0
Arbos Foundry,GITHUB_active_contributors_monthly,2024-05-01,1.0
Runtime Verification,GITHUB_part_time_contributors_monthly,2024-05-01,21.0
Pyth Network,GITHUB_full_time_contributors_monthly,2024-05-01,7.0
Runtime Verification,GITHUB_active_contributors_monthly,2024-05-01,32.0
Walnut,GITHUB_active_contributors_monthly,2024-05-01,11.0
Walnut,GITHUB_active_contributors_biannually,2024-05-01,11.0
WakeUp Labs,GITHUB_new_contributors_biannually,2024-05-01,1.0
Debid - Fairblock,GITHUB_part_time_contributors_biannually,2024-05-01,4.0
Syndicate Protocol,GITHUB_active_contributors_biannually,2024-05-01,2.0
Passport XYZ,GITHUB_active_contributors_biannually,2024-05-01,2.0
Walnut,GITHUB_part_time_contributors_biannually,2024-05-01,11.0
WakeUp Labs,GITHUB_part_time_contributors_biannually,2024-05-01,1.0
Open Source Observer,GITHUB_new_contributors_biannually,2024-05-01,23.0
Redstone Finance,GITHUB_new_contributors_biannually,2024-05-01,2.0
thirdweb,GITHUB_active_contributors_biannually,2024-05-01,46.0
Trail of Bits Security Reviews,GITHUB_change_in_active_developers_monthly,2024-05-01,0.0
Walnut,GITHUB_change_in_active_developers_monthly,2024-05-01,-4.0
Arbos Foundry,GITHUB_change_in_part_time_contributors_monthly,2024-05-01,1.0
Walnut,GITHUB_change_in_part_time_contributors_monthly,2024-05-01,-5.0
Redstone Finance,GITHUB_change_in_full_time_contributors_monthly,2024-05-01,0.0
Passport XYZ,GITHUB_change_in_part_time_contributors_monthly,2024-05-01,
Runtime Verification,GITHUB_change_in_part_time_contributors_monthly,2024-05-01,8.0
Passport XYZ,GITHUB_change_in_active_developers_monthly,2024-05-01,
Open Source Observer,GITHUB_change_in_active_developers_monthly,2024-05-01,-19.0
Passport XYZ,GITHUB_change_in_active_developers_quarterly,2024-05-01,
Open Source Observer,GITHUB_change_in_active_developers_quarterly,2024-05-01,-19.0
Open Source Observer,GITHUB_change_in_active_developers_biannually,2024-05-01,-19.0
Remix IDE plugin for Arbitrum Stylus,GITHUB_change_in_part_time_contributors_biannually,2024-05-01,0.0
Arbos Foundry,GITHUB_change_in_part_time_contributors_biannually,2024-05-01,1.0
Debid - Fairblock,GITHUB_change_in_part_time_contributors_biannually,2024-05-01,0.0
Syndicate Protocol,GITHUB_change_in_active_developers_quarterly,2024-05-01,0.0
Debid - Fairblock,GITHUB_change_in_part_time_contributors_quarterly,2024-05-01,0.0
Open Source Observer,GITHUB_change_in_part_time_contributors_biannually,2024-05-01,-19.0
Passport XYZ,GITHUB_change_in_part_time_contributors_quarterly,2024-05-01,
Runtime Verification,GITHUB_change_in_part_time_contributors_quarterly,2024-05-01,8.0
Walnut,GITHUB_change_in_active_developers_quarterly,2024-05-01,-4.0
Walnut,GITHUB_change_in_part_time_contributors_quarterly,2024-05-01,-4.0
Passport XYZ,GITHUB_change_in_part_time_contributors_biannually,2024-05-01,
Syndicate Protocol,GITHUB_opened_pull_requests_daily,2024-05-01,1.0
Walnut,GITHUB_opened_pull_requests_daily,2024-05-01,1.0
thirdweb,GITHUB_opened_pull_requests_daily,2024-05-01,9.0
Pyth Network,GITHUB_opened_pull_requests_daily,2024-05-01,7.0
Trail of Bits Security Reviews,GITHUB_opened_pull_requests_monthly,2024-05-01,233.0
Runtime Verification,GITHUB_opened_pull_requests_monthly,2024-05-01,290.0
Syndicate Protocol,GITHUB_opened_pull_requests_quarterly,2024-05-01,6.0
Passport XYZ,GITHUB_opened_pull_requests_quarterly,2024-05-01,18.0
Walnut,GITHUB_opened_pull_requests_quarterly,2024-05-01,22.0
Passport XYZ,GITHUB_opened_pull_requests_biannually,2024-05-01,18.0
Runtime Verification,GITHUB_opened_pull_requests_biannually,2024-05-01,290.0
Walnut,GITHUB_merged_pull_requests_daily,2024-05-01,1.0
Trail of Bits Security Reviews,GITHUB_merged_pull_requests_daily,2024-05-01,5.0
Runtime Verification,GITHUB_merged_pull_requests_daily,2024-05-01,14.0
thirdweb,GITHUB_merged_pull_requests_daily,2024-05-01,9.0
Walnut,GITHUB_merged_pull_requests_monthly,2024-05-01,15.0
Trail of Bits Security Reviews,GITHUB_merged_pull_requests_monthly,2024-05-01,196.0
thirdweb,GITHUB_merged_pull_requests_monthly,2024-05-01,378.0
Open Source Observer,GITHUB_merged_pull_requests_monthly,2024-05-01,161.0
Walnut,GITHUB_merged_pull_requests_biannually,2024-05-01,15.0
Debid - Fairblock,GITHUB_merged_pull_requests_biannually,2024-05-01,5.0
Passport XYZ,GITHUB_merged_pull_requests_biannually,2024-05-01,10.0
Redstone Finance,GITHUB_opened_issues_monthly,2024-05-01,2.0
thirdweb,GITHUB_opened_issues_monthly,2024-05-01,24.0
Open Source Observer,GITHUB_opened_issues_quarterly,2024-05-01,96.0
thirdweb,GITHUB_opened_issues_quarterly,2024-05-01,24.0
Walnut,GITHUB_opened_issues_quarterly,2024-05-01,17.0
Walnut,GITHUB_opened_issues_daily,2024-05-01,1.0
thirdweb,GITHUB_closed_issues_monthly,2024-05-01,35.0
Trail of Bits Security Reviews,GITHUB_closed_issues_monthly,2024-05-01,37.0
Redstone Finance,GITHUB_closed_issues_quarterly,2024-05-01,2.0
Walnut,GITHUB_closed_issues_biannually,2024-05-01,10.0
Runtime Verification,GITHUB_closed_issues_daily,2024-05-01,4.0
Walnut,GITHUB_closed_issues_daily,2024-05-01,1.0
Walnut,GITHUB_avg_prs_time_to_merge_quarterly,2024-05-01,0.0
Open Source Observer,GITHUB_avg_prs_time_to_merge_quarterly,2024-05-01,0.0
Passport XYZ,GITHUB_avg_prs_time_to_merge_quarterly,2024-05-01,0.0
Pyth Network,GITHUB_avg_time_to_first_response_quarterly,2024-05-01,71989.27403846153
Walnut,GITHUB_avg_time_to_first_response_quarterly,2024-05-01,57952.59459459459
Open Source Observer,GITHUB_avg_time_to_first_response_quarterly,2024-05-01,194828.13709677418
thirdweb,GITHUB_avg_time_to_first_response_quarterly,2024-05-01,1206034.9641025641
Pyth Network,GITHUB_avg_prs_time_to_merge_biannually,2024-05-01,0.0
thirdweb,GITHUB_avg_prs_time_to_merge_biannually,2024-05-01,0.0
Runtime Verification,GITHUB_avg_time_to_first_response_biannually,2024-05-01,1035037.2823529412
Open Source Observer,GITHUB_avg_time_to_first_response_biannually,2024-05-01,194828.13709677418
Passport XYZ,GITHUB_avg_time_to_first_response_biannually,2024-05-01,5.625
Runtime Verification,GITHUB_change_in_active_contributors_monthly,2024-05-01,8.0
Open Source Observer,GITHUB_change_in_full_time_contributors_quarterly,2024-05-01,0.0
Debid - Fairblock,GITHUB_change_in_new_contributors_quarterly,2024-05-01,0.0
thirdweb,GITHUB_change_in_new_contributors_quarterly,2024-05-01,-2.0
Runtime Verification,GITHUB_change_in_active_contributors_quarterly,2024-05-01,8.0
Runtime Verification,GITHUB_change_in_full_time_contributors_quarterly,2024-05-01,0.0
Passport XYZ,GITHUB_churned_contributors_monthly,2024-05-01,
Passport XYZ,GITHUB_change_in_full_time_contributors_monthly,2024-05-01,
Passport XYZ,GITHUB_change_in_new_contributors_monthly,2024-05-01,
Walnut,GITHUB_churned_contributors_monthly,2024-05-01,-13.0
Trail of Bits Security Reviews,GITHUB_churned_contributors_monthly,2024-05-01,-22.0
Trail of Bits Security Reviews,GITHUB_change_in_active_contributors_monthly,2024-05-01,0.0
Redstone Finance,GITHUB_change_in_new_contributors_monthly,2024-05-01,1.0
Walnut,GITHUB_change_in_active_contributors_monthly,2024-05-01,-4.0
WakeUp Labs,GITHUB_change_in_active_contributors_quarterly,2024-05-01,0.0
WakeUp Labs,GITHUB_change_in_new_contributors_quarterly,2024-05-01,0.0
WakeUp Labs,GITHUB_change_in_full_time_contributors_quarterly,2024-05-01,0.0
Pyth Network,GITHUB_change_in_full_time_contributors_quarterly,2024-05-01,0.0
Pyth Network,GITHUB_change_in_active_contributors_quarterly,2024-05-01,8.0
Pyth Network,GITHUB_churned_contributors_quarterly,2024-05-01,-4.0
Pyth Network,GITHUB_change_in_new_contributors_quarterly,2024-05-01,7.0
Trail of Bits Security Reviews,GITHUB_change_in_new_contributors_quarterly,2024-05-01,-4.0
Redstone Finance,GITHUB_churned_contributors_quarterly,2024-05-01,-1.0
Redstone Finance,GITHUB_change_in_full_time_contributors_quarterly,2024-05-01,0.0
Trail of Bits Security Reviews,GITHUB_change_in_full_time_contributors_quarterly,2024-05-01,0.0
Arbos Foundry,GITHUB_change_in_active_contributors_monthly,2024-05-01,1.0
Debid - Fairblock,GITHUB_change_in_new_contributors_monthly,2024-05-01,0.0
thirdweb,GITHUB_change_in_active_contributors_monthly,2024-05-01,-1.0
thirdweb,GITHUB_change_in_new_contributors_monthly,2024-05-01,-2.0
Remix IDE plugin for Arbitrum Stylus,GITHUB_churned_contributors_quarterly,2024-05-01,0.0
Remix IDE plugin for Arbitrum Stylus,GITHUB_change_in_full_time_contributors_quarterly,2024-05-01,0.0
Arbos Foundry,GITHUB_churned_contributors_quarterly,2024-05-01,1.0
Arbos Foundry,GITHUB_change_in_full_time_contributors_quarterly,2024-05-01,0.0
Arbos Foundry,GITHUB_change_in_new_contributors_quarterly,2024-05-01,0.0
WakeUp Labs,GITHUB_change_in_new_contributors_biannually,2024-05-01,0.0
WakeUp Labs,GITHUB_churned_contributors_biannually,2024-05-01,-1.0
WakeUp Labs,GITHUB_change_in_active_contributors_biannually,2024-05-01,0.0
Pyth Network,GITHUB_change_in_active_contributors_biannually,2024-05-01,8.0
Passport XYZ,GITHUB_change_in_full_time_contributors_biannually,2024-05-01,
Trail of Bits Security Reviews,GITHUB_change_in_active_contributors_biannually,2024-05-01,0.0
Walnut,GITHUB_change_in_full_time_contributors_biannually,2024-05-01,0.0
Walnut,GITHUB_change_in_active_contributors_biannually,2024-05-01,-4.0
Remix IDE plugin for Arbitrum Stylus,GITHUB_change_in_new_contributors_monthly,2024-05-01,0.0
Remix IDE plugin for Arbitrum Stylus,GITHUB_change_in_full_time_contributors_monthly,2024-05-01,0.0
Debid - Fairblock,GITHUB_change_in_full_time_contributors_biannually,2024-05-01,0.0
Runtime Verification,GITHUB_churned_contributors_biannually,2024-05-01,6.0
Open Source Observer,GITHUB_change_in_active_contributors_biannually,2024-05-01,-19.0
Open Source Observer,GITHUB_change_in_full_time_contributors_biannually,2024-05-01,0.0
Remix IDE plugin for Arbitrum Stylus,GITHUB_change_in_active_contributors_biannually,2024-05-01,0.0
Arbos Foundry,GITHUB_change_in_full_time_contributors_biannually,2024-05-01,0.0
Arbos Foundry,GITHUB_change_in_active_contributors_biannually,2024-05-01,1.0
Pyth Network,GITHUB_forks_weekly,2024-03-04,11.0
Redstone Finance,GITHUB_comments_daily,2024-03-04,1.0
thirdweb,GITHUB_comments_daily,2024-03-04,60.0
Open Source Observer,GITHUB_comments_daily,2024-03-04,2.0
Debid - Fairblock,GITHUB_stars_weekly,2024-03-04,6.0
Redstone Finance,GITHUB_stars_weekly,2024-03-04,10.0
Runtime Verification,GITHUB_stars_weekly,2024-03-04,4.0
Walnut,GITHUB_stars_weekly,2024-03-04,1.0
thirdweb,GITHUB_stars_weekly,2024-03-04,9.0
thirdweb,GITHUB_commits_daily,2024-03-04,4.0
thirdweb,GITHUB_releases_weekly,2024-03-04,43.0
Runtime Verification,GITHUB_releases_weekly,2024-03-04,40.0
Trail of Bits Security Reviews,GITHUB_comments_weekly,2024-03-04,98.0
Walnut,GITHUB_comments_weekly,2024-03-04,19.0
Redstone Finance,GITHUB_commits_weekly,2024-03-04,27.0
Pyth Network,GITHUB_commits_weekly,2024-03-04,21.0
Trail of Bits Security Reviews,GITHUB_commits_weekly,2024-03-04,77.0
Syndicate Protocol,GITHUB_repositories_weekly,2024-03-04,2.0
thirdweb,GITHUB_repositories_daily,2024-03-04,3.0
Redstone Finance,GITHUB_repositories_daily,2024-03-04,3.0
Debid - Fairblock,GITHUB_repositories_daily,2024-03-04,1.0
Arbos Foundry,GITHUB_contributors_weekly,2024-03-04,1.0
Syndicate Protocol,GITHUB_contributors_weekly,2024-03-04,2.0
Redstone Finance,GITHUB_contributors_weekly,2024-03-04,3.0
Runtime Verification,GITHUB_contributors_weekly,2024-03-04,26.0
Open Source Observer,GITHUB_active_developers_weekly,2024-03-04,3.0
Pyth Network,GITHUB_active_developers_weekly,2024-03-04,7.0
Runtime Verification,GITHUB_contributors_daily,2024-03-04,17.0
Trail of Bits Security Reviews,GITHUB_contributors_daily,2024-03-04,7.0
Pyth Network,GITHUB_contributors_daily,2024-03-04,2.0
thirdweb,GITHUB_active_developers_daily,2024-03-04,3.0
Trail of Bits Security Reviews,GITHUB_merged_pull_requests_daily,2024-03-04,9.0
Walnut,GITHUB_merged_pull_requests_daily,2024-03-04,1.0
Runtime Verification,GITHUB_merged_pull_requests_daily,2024-03-04,14.0
thirdweb,GITHUB_merged_pull_requests_daily,2024-03-04,7.0
Trail of Bits Security Reviews,GITHUB_merged_pull_requests_weekly,2024-03-04,30.0
Pyth Network,GITHUB_opened_issues_weekly,2024-03-04,2.0
Runtime Verification,GITHUB_closed_issues_weekly,2024-03-04,21.0
Trail of Bits Security Reviews,GITHUB_closed_issues_daily,2024-03-04,2.0
Runtime Verification,GITHUB_closed_issues_daily,2024-03-04,3.0
Walnut,GITHUB_comments_daily,2024-03-19,35.0
Trail of Bits Security Reviews,GITHUB_stars_daily,2024-03-19,29.0
Trail of Bits Security Reviews,GITHUB_commits_daily,2024-03-19,13.0
Open Source Observer,GITHUB_commits_daily,2024-03-19,17.0
Redstone Finance,GITHUB_commits_daily,2024-03-19,6.0
thirdweb,GITHUB_releases_daily,2024-03-19,1.0
Pyth Network,GITHUB_forks_daily,2024-03-19,2.0
Open Source Observer,GITHUB_forks_daily,2024-03-19,1.0
Runtime Verification,GITHUB_forks_daily,2024-03-19,1.0
Trail of Bits Security Reviews,GITHUB_repositories_daily,2024-03-19,14.0
Pyth Network,GITHUB_active_developers_daily,2024-03-19,2.0
thirdweb,GITHUB_active_developers_daily,2024-03-19,9.0
Runtime Verification,GITHUB_opened_pull_requests_daily,2024-03-19,17.0
Trail of Bits Security Reviews,GITHUB_merged_pull_requests_daily,2024-03-19,11.0
Runtime Verification,GITHUB_merged_pull_requests_daily,2024-03-19,14.0
Trail of Bits Security Reviews,GITHUB_opened_issues_daily,2024-03-19,8.0
Open Source Observer,GITHUB_closed_issues_daily,2024-03-19,6.0
thirdweb,GITHUB_closed_issues_daily,2024-03-19,3.0
Redstone Finance,GITHUB_stars_daily,2025-01-25,1.0
Trail of Bits Security Reviews,GITHUB_stars_daily,2025-01-25,4.0
Walnut,GITHUB_commits_daily,2025-01-25,3.0
Open Source Observer,GITHUB_commits_daily,2025-01-25,4.0
thirdweb,GITHUB_forks_daily,2025-01-25,1.0
Runtime Verification,GITHUB_repositories_daily,2025-01-25,2.0
Passport XYZ,GITHUB_repositories_daily,2025-01-25,1.0
Solang,GITHUB_repositories_daily,2025-01-25,1.0
Open Source Observer,GITHUB_repositories_daily,2025-01-25,2.0
Pyth Network,GITHUB_repositories_daily,2025-01-25,2.0
9Lives,GITHUB_contributors_daily,2025-01-25,1.0
Pyth Network,GITHUB_contributors_daily,2025-01-25,2.0
thirdweb,GITHUB_comments_daily,2024-10-05,21.0
Trail of Bits Security Reviews,GITHUB_repositories_daily,2024-10-05,6.0
Solang,GITHUB_repositories_daily,2024-10-05,1.0
Pyth Network,GITHUB_contributors_daily,2024-10-05,1.0
Trail of Bits Security Reviews,GITHUB_contributors_daily,2024-10-05,1.0
thirdweb,GITHUB_opened_pull_requests_daily,2024-10-05,5.0
Pyth Network,GITHUB_opened_pull_requests_daily,2024-10-05,1.0
thirdweb,GITHUB_merged_pull_requests_daily,2024-10-05,4.0
Open Source Observer,GITHUB_comments_daily,2024-12-12,11.0
Passport XYZ,GITHUB_comments_daily,2024-12-12,2.0
Enclave,GITHUB_comments_daily,2024-12-12,2.0
Syndicate Protocol,GITHUB_stars_daily,2024-12-12,2.0
Runtime Verification,GITHUB_commits_daily,2024-12-12,6.0
Redstone Finance,GITHUB_commits_daily,2024-12-12,1.0
Walnut,GITHUB_commits_daily,2024-12-12,1.0
Open Source Observer,GITHUB_commits_daily,2024-12-12,8.0
thirdweb,GITHUB_forks_daily,2024-12-12,1.0
Redstone Finance,GITHUB_repositories_daily,2024-12-12,2.0
thirdweb,GITHUB_active_developers_daily,2024-12-12,7.0
Redstone Finance,GITHUB_active_developers_daily,2024-12-12,1.0
Passport XYZ,GITHUB_contributors_daily,2024-12-12,3.0
Redstone Finance,GITHUB_contributors_daily,2024-12-12,2.0
Enclave,GITHUB_opened_pull_requests_daily,2024-12-12,1.0
Walnut,GITHUB_merged_pull_requests_daily,2024-12-12,1.0
Passport XYZ,GITHUB_opened_issues_daily,2024-12-12,4.0
Trail of Bits Security Reviews,GITHUB_comments_daily,2024-12-15,2.0
thirdweb,GITHUB_stars_daily,2024-12-15,3.0
Trail of Bits Security Reviews,GITHUB_commits_daily,2024-12-15,2.0
Walnut,GITHUB_commits_daily,2024-12-15,4.0
Solang,GITHUB_commits_daily,2024-12-15,1.0
Trail of Bits Security Reviews,GITHUB_repositories_daily,2024-12-15,13.0
Open Source Observer,GITHUB_repositories_daily,2024-12-15,1.0
thirdweb,GITHUB_opened_pull_requests_daily,2024-12-15,1.0
thirdweb,GITHUB_active_developers_daily,2024-12-15,1.0
Walnut,GITHUB_contributors_daily,2024-12-15,1.0
Trail of Bits Security Reviews,GITHUB_contributors_daily,2024-12-15,3.0
Ember,GITHUB_contributors_daily,2024-12-15,1.0
thirdweb,GITHUB_contributors_daily,2024-12-15,2.0
Pyth Network,GITHUB_comments_daily,2025-02-21,6.0
Walnut,GITHUB_comments_daily,2025-02-21,18.0
thirdweb,GITHUB_comments_daily,2025-02-21,48.0
Open Source Observer,GITHUB_commits_daily,2025-02-21,4.0
Pyth Network,GITHUB_commits_daily,2025-02-21,4.0
9Lives,GITHUB_commits_daily,2025-02-21,10.0
Trail of Bits Security Reviews,GITHUB_commits_daily,2025-02-21,12.0
Trail of Bits Security Reviews,GITHUB_releases_daily,2025-02-21,1.0
Solang,GITHUB_forks_daily,2025-02-21,1.0
9Lives,GITHUB_repositories_daily,2025-02-21,1.0
Runtime Verification,GITHUB_repositories_daily,2025-02-21,10.0
Redstone Finance,GITHUB_repositories_daily,2025-02-21,4.0
thirdweb,GITHUB_contributors_daily,2025-02-21,4.0
9Lives,GITHUB_contributors_daily,2025-02-21,1.0
Pyth Network,GITHUB_opened_pull_requests_daily,2025-02-21,4.0
Walnut,GITHUB_opened_pull_requests_daily,2025-02-21,3.0
Trail of Bits Security Reviews,GITHUB_opened_pull_requests_daily,2025-02-21,10.0
Open Source Observer,GITHUB_merged_pull_requests_daily,2025-02-21,4.0
Open Source Observer,GITHUB_opened_issues_daily,2025-02-21,2.0
Trail of Bits Security Reviews,GITHUB_closed_issues_daily,2025-02-21,1.0
Moving Stylus,GITHUB_comments_daily,2025-01-29,2.0
Open Source Observer,GITHUB_comments_daily,2025-01-29,34.0
Trail of Bits Security Reviews,GITHUB_stars_daily,2025-01-29,11.0
Walnut,GITHUB_commits_daily,2025-01-29,10.0
9Lives,GITHUB_commits_daily,2025-01-29,11.0
Runtime Verification,GITHUB_releases_daily,2025-01-29,4.0
thirdweb,GITHUB_releases_daily,2025-01-29,9.0
Moving Stylus,GITHUB_repositories_daily,2025-01-29,2.0
Open Source Observer,GITHUB_contributors_daily,2025-01-29,5.0
Pyth Network,GITHUB_contributors_daily,2025-01-29,6.0
9Lives,GITHUB_contributors_daily,2025-01-29,3.0
Redstone Finance,GITHUB_contributors_daily,2025-01-29,3.0
Walnut,GITHUB_active_developers_daily,2025-01-29,1.0
Runtime Verification,GITHUB_active_developers_daily,2025-01-29,1.0
Trail of Bits Security Reviews,GITHUB_active_developers_daily,2025-01-29,3.0
9Lives,GITHUB_active_developers_daily,2025-01-29,2.0
9Lives,GITHUB_opened_pull_requests_daily,2025-01-29,1.0
Moving Stylus,GITHUB_merged_pull_requests_daily,2025-01-29,2.0
9Lives,GITHUB_merged_pull_requests_daily,2025-01-29,1.0
Passport XYZ,GITHUB_opened_issues_daily,2025-01-29,6.0
Runtime Verification,GITHUB_opened_issues_daily,2025-01-29,1.0
Open Source Observer,GITHUB_closed_issues_daily,2025-01-29,6.0
Runtime Verification,GITHUB_closed_issues_daily,2025-01-29,1.0
Passport XYZ,GITHUB_comments_daily,2025-01-22,10.0
Trail of Bits Security Reviews,GITHUB_stars_daily,2025-01-22,4.0
Passport XYZ,GITHUB_stars_daily,2025-01-22,4.0
Redstone Finance,GITHUB_stars_daily,2025-01-22,1.0
Redstone Finance,GITHUB_commits_daily,2025-01-22,6.0
Pyth Network,GITHUB_releases_daily,2025-01-22,3.0
thirdweb,GITHUB_releases_daily,2025-01-22,2.0
Trail of Bits Security Reviews,GITHUB_forks_daily,2025-01-22,1.0
Solang,GITHUB_forks_daily,2025-01-22,1.0
thirdweb,GITHUB_forks_daily,2025-01-22,3.0
9Lives,GITHUB_repositories_daily,2025-01-22,1.0
thirdweb,GITHUB_repositories_daily,2025-01-22,4.0
Runtime Verification,GITHUB_repositories_daily,2025-01-22,6.0
Redstone Finance,GITHUB_repositories_daily,2025-01-22,2.0
Runtime Verification,GITHUB_contributors_daily,2025-01-22,8.0
Passport XYZ,GITHUB_opened_pull_requests_daily,2025-01-22,6.0
Runtime Verification,GITHUB_opened_pull_requests_daily,2025-01-22,7.0
Pyth Network,GITHUB_merged_pull_requests_daily,2025-01-22,14.0
Open Source Observer,GITHUB_merged_pull_requests_daily,2025-01-22,2.0
Passport XYZ,GITHUB_merged_pull_requests_daily,2025-01-22,4.0
thirdweb,GITHUB_closed_issues_daily,2025-01-22,2.0
Open Source Observer,GITHUB_closed_issues_daily,2025-01-22,4.0
Open Source Observer,GITHUB_comments_daily,2024-07-15,28.0
Runtime Verification,GITHUB_comments_daily,2024-07-15,16.0
Runtime Verification,GITHUB_stars_daily,2024-07-15,1.0
Redstone Finance,GITHUB_stars_weekly,2024-07-15,3.0
Debid - Fairblock,GITHUB_commits_weekly,2024-07-15,21.0
Enclave,GITHUB_commits_weekly,2024-07-15,2.0
Runtime Verification,GITHUB_commits_weekly,2024-07-15,137.0
Pyth Network,GITHUB_comments_weekly,2024-07-15,68.0
Debid - Fairblock,GITHUB_repositories_weekly,2024-07-15,3.0
Redstone Finance,GITHUB_repositories_weekly,2024-07-15,8.0
Passport XYZ,GITHUB_repositories_weekly,2024-07-15,3.0
Pyth Network,GITHUB_repositories_weekly,2024-07-15,12.0
Walnut,GITHUB_repositories_weekly,2024-07-15,3.0
Trail of Bits Security Reviews,GITHUB_repositories_daily,2024-07-15,19.0
thirdweb,GITHUB_active_developers_weekly,2024-07-15,10.0
Debid - Fairblock,GITHUB_active_developers_weekly,2024-07-15,2.0
Arbos Foundry,GITHUB_active_developers_weekly,2024-07-15,1.0
Trail of Bits Security Reviews,GITHUB_contributors_daily,2024-07-15,6.0
Trail of Bits Security Reviews,GITHUB_opened_pull_requests_daily,2024-07-15,21.0
Open Source Observer,GITHUB_opened_pull_requests_daily,2024-07-15,8.0
Passport XYZ,GITHUB_opened_pull_requests_daily,2024-07-15,2.0
Pyth Network,GITHUB_merged_pull_requests_daily,2024-07-15,4.0
Trail of Bits Security Reviews,GITHUB_merged_pull_requests_daily,2024-07-15,8.0
Trail of Bits Security Reviews,GITHUB_merged_pull_requests_weekly,2024-07-15,34.0
thirdweb,GITHUB_opened_issues_weekly,2024-07-15,4.0
Redstone Finance,GITHUB_opened_issues_weekly,2024-07-15,1.0
Pyth Network,GITHUB_opened_issues_weekly,2024-07-15,1.0
Walnut,GITHUB_opened_issues_weekly,2024-07-15,3.0
Runtime Verification,GITHUB_opened_issues_daily,2024-07-15,3.0
Walnut,GITHUB_closed_issues_weekly,2024-07-15,2.0
Pyth Network,GITHUB_closed_issues_weekly,2024-07-15,2.0
Open Source Observer,GITHUB_closed_issues_daily,2024-07-15,4.0
thirdweb,GITHUB_comments_daily,2024-11-19,81.0
Runtime Verification,GITHUB_comments_daily,2024-11-19,4.0
Redstone Finance,GITHUB_comments_daily,2024-11-19,3.0
Runtime Verification,GITHUB_releases_daily,2024-11-19,2.0
Passport XYZ,GITHUB_stars_daily,2024-11-19,2.0
Open Source Observer,GITHUB_commits_daily,2024-11-19,2.0
Pyth Network,GITHUB_commits_daily,2024-11-19,9.0
Runtime Verification,GITHUB_forks_daily,2024-11-19,1.0
Trail of Bits Security Reviews,GITHUB_repositories_daily,2024-11-19,18.0
Runtime Verification,GITHUB_repositories_daily,2024-11-19,6.0
Pyth Network,GITHUB_contributors_daily,2024-11-19,8.0
Passport XYZ,GITHUB_contributors_daily,2024-11-19,4.0
Redstone Finance,GITHUB_opened_pull_requests_daily,2024-11-19,4.0
Open Source Observer,GITHUB_opened_pull_requests_daily,2024-11-19,3.0
Pyth Network,GITHUB_opened_pull_requests_daily,2024-11-19,6.0
Walnut,GITHUB_merged_pull_requests_daily,2024-11-19,1.0
Trail of Bits Security Reviews,GITHUB_opened_issues_daily,2024-11-19,1.0
thirdweb,GITHUB_opened_issues_daily,2024-11-19,1.0
Trail of Bits Security Reviews,GITHUB_commits_daily,2024-05-09,4.0
thirdweb,GITHUB_commits_daily,2024-05-09,39.0
Redstone Finance,GITHUB_commits_daily,2024-05-09,8.0
Pyth Network,GITHUB_commits_daily,2024-05-09,6.0
thirdweb,GITHUB_releases_daily,2024-05-09,1.0
Runtime Verification,GITHUB_releases_daily,2024-05-09,14.0
Open Source Observer,GITHUB_repositories_daily,2024-05-09,2.0
thirdweb,GITHUB_repositories_daily,2024-05-09,6.0
Walnut,GITHUB_repositories_daily,2024-05-09,1.0
Open Source Observer,GITHUB_contributors_daily,2024-05-09,3.0
Passport XYZ,GITHUB_contributors_daily,2024-05-09,1.0
thirdweb,GITHUB_contributors_daily,2024-05-09,13.0
Trail of Bits Security Reviews,GITHUB_active_developers_daily,2024-05-09,2.0
Runtime Verification,GITHUB_active_developers_daily,2024-05-09,2.0
Open Source Observer,GITHUB_opened_pull_requests_daily,2024-05-09,8.0
Walnut,GITHUB_opened_pull_requests_daily,2024-05-09,1.0
thirdweb,GITHUB_opened_pull_requests_daily,2024-05-09,18.0
thirdweb,GITHUB_merged_pull_requests_daily,2024-05-09,21.0
Pyth Network,GITHUB_merged_pull_requests_daily,2024-05-09,5.0
Open Source Observer,GITHUB_merged_pull_requests_daily,2024-05-09,7.0
Trail of Bits Security Reviews,GITHUB_opened_issues_daily,2024-05-09,3.0
Runtime Verification,GITHUB_stars_daily,2024-10-20,2.0
Trail of Bits Security Reviews,GITHUB_forks_daily,2024-10-20,1.0
Pyth Network,GITHUB_repositories_daily,2024-10-20,1.0
Runtime Verification,GITHUB_repositories_daily,2024-10-20,2.0
Debid - Fairblock,GITHUB_contributors_daily,2024-10-20,5.0
Open Source Observer,GITHUB_forks_weekly,2024-08-26,3.0
Passport XYZ,GITHUB_forks_weekly,2024-08-26,4.0
Runtime Verification,GITHUB_forks_weekly,2024-08-26,2.0
Enclave,GITHUB_comments_daily,2024-08-26,5.0
Pyth Network,GITHUB_comments_daily,2024-08-26,47.0
Open Source Observer,GITHUB_comments_daily,2024-08-26,14.0
Redstone Finance,GITHUB_stars_weekly,2024-08-26,4.0
Runtime Verification,GITHUB_stars_weekly,2024-08-26,7.0
Enclave,GITHUB_stars_weekly,2024-08-26,1.0
thirdweb,GITHUB_stars_weekly,2024-08-26,9.0
Debid - Fairblock,GITHUB_stars_weekly,2024-08-26,1.0
thirdweb,GITHUB_stars_daily,2024-08-26,1.0
Redstone Finance,GITHUB_stars_daily,2024-08-26,1.0
Runtime Verification,GITHUB_releases_weekly,2024-08-26,31.0
Walnut,GITHUB_commits_weekly,2024-08-26,9.0
Redstone Finance,GITHUB_commits_weekly,2024-08-26,35.0
Debid - Fairblock,GITHUB_commits_weekly,2024-08-26,20.0
Trail of Bits Security Reviews,GITHUB_commits_weekly,2024-08-26,116.0
Passport XYZ,GITHUB_commits_weekly,2024-08-26,42.0
Walnut,GITHUB_comments_weekly,2024-08-26,12.0
Open Source Observer,GITHUB_comments_weekly,2024-08-26,91.0
Pyth Network,GITHUB_releases_daily,2024-08-26,1.0
Runtime Verification,GITHUB_releases_daily,2024-08-26,5.0
Open Source Observer,GITHUB_repositories_weekly,2024-08-26,5.0
Redstone Finance,GITHUB_repositories_weekly,2024-08-26,7.0
Pyth Network,GITHUB_forks_daily,2024-08-26,1.0
Trail of Bits Security Reviews,GITHUB_repositories_daily,2024-08-26,16.0
Enclave,GITHUB_repositories_daily,2024-08-26,1.0
Runtime Verification,GITHUB_repositories_daily,2024-08-26,12.0
Pyth Network,GITHUB_repositories_daily,2024-08-26,3.0
Pyth Network,GITHUB_contributors_weekly,2024-08-26,14.0
Debid - Fairblock,GITHUB_contributors_weekly,2024-08-26,1.0
Redstone Finance,GITHUB_contributors_weekly,2024-08-26,5.0
Trail of Bits Security Reviews,GITHUB_contributors_weekly,2024-08-26,20.0
Redstone Finance,GITHUB_contributors_daily,2024-08-26,2.0
Passport XYZ,GITHUB_contributors_daily,2024-08-26,1.0
Runtime Verification,GITHUB_active_developers_daily,2024-08-26,2.0
Pyth Network,GITHUB_opened_pull_requests_weekly,2024-08-26,44.0
Redstone Finance,GITHUB_opened_pull_requests_weekly,2024-08-26,3.0
thirdweb,GITHUB_opened_pull_requests_weekly,2024-08-26,85.0
Passport XYZ,GITHUB_opened_pull_requests_weekly,2024-08-26,32.0
Walnut,GITHUB_opened_pull_requests_weekly,2024-08-26,8.0
Pyth Network,GITHUB_opened_pull_requests_daily,2024-08-26,4.0
Runtime Verification,GITHUB_opened_pull_requests_daily,2024-08-26,7.0
thirdweb,GITHUB_opened_pull_requests_daily,2024-08-26,11.0
Pyth Network,GITHUB_merged_pull_requests_weekly,2024-08-26,42.0
Enclave,GITHUB_merged_pull_requests_weekly,2024-08-26,15.0
Walnut,GITHUB_merged_pull_requests_weekly,2024-08-26,8.0
Passport XYZ,GITHUB_merged_pull_requests_daily,2024-08-26,2.0
Enclave,GITHUB_merged_pull_requests_daily,2024-08-26,3.0
thirdweb,GITHUB_opened_issues_daily,2024-08-26,1.0
Runtime Verification,GITHUB_opened_issues_daily,2024-08-26,1.0
Enclave,GITHUB_closed_issues_weekly,2024-08-26,1.0
Runtime Verification,GITHUB_comments_daily,2024-05-26,1.0
Open Source Observer,GITHUB_repositories_daily,2024-05-26,2.0
Redstone Finance,GITHUB_repositories_daily,2024-05-26,3.0
Runtime Verification,GITHUB_repositories_daily,2024-05-26,1.0
Open Source Observer,GITHUB_contributors_daily,2024-05-26,1.0
Trail of Bits Security Reviews,GITHUB_contributors_daily,2024-05-26,1.0
Trail of Bits Security Reviews,GITHUB_active_developers_daily,2024-05-26,1.0
Open Source Observer,GITHUB_active_developers_daily,2024-05-26,1.0
Trail of Bits Security Reviews,GITHUB_merged_pull_requests_daily,2024-05-26,2.0
thirdweb,GITHUB_merged_pull_requests_daily,2024-05-26,2.0
thirdweb,GITHUB_closed_issues_daily,2024-05-26,1.0
CodeTracer,GITHUB_stars_daily,2025-03-04,7.0
Trail of Bits Security Reviews,GITHUB_stars_daily,2025-03-04,7.0
Walnut,GITHUB_commits_daily,2025-03-04,2.0
Runtime Verification,GITHUB_forks_daily,2025-03-04,1.0
Pyth Network,GITHUB_forks_daily,2025-03-04,2.0
Open Source Observer,GITHUB_repositories_daily,2025-03-04,3.0
Passport XYZ,GITHUB_repositories_daily,2025-03-04,2.0
CodeTracer,GITHUB_repositories_daily,2025-03-04,1.0
Walnut,GITHUB_active_developers_daily,2025-03-04,1.0
Passport XYZ,GITHUB_active_developers_daily,2025-03-04,3.0
Walnut,GITHUB_contributors_daily,2025-03-04,3.0
thirdweb,GITHUB_contributors_daily,2025-03-04,8.0
Trail of Bits Security Reviews,GITHUB_opened_pull_requests_daily,2025-03-04,4.0
CodeTracer,GITHUB_opened_pull_requests_daily,2025-03-04,1.0
Passport XYZ,GITHUB_merged_pull_requests_daily,2025-03-04,14.0
Open Source Observer,GITHUB_merged_pull_requests_daily,2025-03-04,8.0
Open Source Observer,GITHUB_opened_issues_daily,2025-03-04,10.0
Walnut,GITHUB_closed_issues_daily,2025-03-04,6.0
Passport XYZ,GITHUB_closed_issues_daily,2025-03-04,8.0
Runtime Verification,GITHUB_closed_issues_daily,2025-03-04,1.0
Redstone Finance,GITHUB_opened_pull_requests_over_all_time,2025-04-14,1422.0
Syndicate Protocol,GITHUB_active_developers_over_all_time,2025-04-14,7.0
Runtime Verification,GITHUB_active_developers_over_all_time,2025-04-14,93.0
Solang,GITHUB_closed_issues_over_all_time,2025-04-14,6.0
Open Source Observer,GITHUB_closed_issues_over_all_time,2025-04-14,1264.0
Passport XYZ,GITHUB_stars_over_all_time,2025-04-14,251.0
thirdweb,GITHUB_stars_over_all_time,2025-04-14,2625.0
Syndicate Protocol,GITHUB_stars_over_all_time,2025-04-14,21.0
Debid - Fairblock,GITHUB_merged_pull_requests_over_all_time,2025-04-14,172.0
Pyth Network,GITHUB_merged_pull_requests_over_all_time,2025-04-14,4049.0
CoBuilders,GITHUB_merged_pull_requests_over_all_time,2025-04-14,9.0
Solang,GITHUB_merged_pull_requests_over_all_time,2025-04-14,18.0
Arbos Foundry,GITHUB_active_developers_over_all_time,2025-04-14,1.0
Debid - Fairblock,GITHUB_active_developers_over_all_time,2025-04-14,9.0
Open Source Observer,GITHUB_avg_time_to_first_response_over_all_time,2025-04-14,816601.6756104105
Sylow,GITHUB_opened_pull_requests_over_all_time,2025-04-14,4.0
Arbos Foundry,GITHUB_opened_pull_requests_over_all_time,2025-04-14,13.0
Passport XYZ,GITHUB_active_developers_over_all_time,2025-04-14,8.0
Walnut,GITHUB_opened_issues_over_all_time,2025-04-14,255.0
Redstone Finance,GITHUB_opened_issues_over_all_time,2025-04-14,363.0
Trail of Bits Security Reviews,GITHUB_opened_issues_over_all_time,2025-04-14,80267.0
Runtime Verification,GITHUB_closed_issues_over_all_time,2025-04-14,2221.0
Syndicate Protocol,GITHUB_releases_over_all_time,2025-04-14,24.0
Remix IDE plugin for Arbitrum Stylus,GITHUB_releases_over_all_time,2025-04-14,19.0
Sylow,GITHUB_active_developers_over_all_time,2025-04-14,2.0
Solang,GITHUB_opened_issues_over_all_time,2025-04-14,67.0
Pyth Network,GITHUB_releases_over_all_time,2025-04-14,634.0
Remix IDE plugin for Arbitrum Stylus,GITHUB_stars_over_all_time,2025-04-14,10.0
9Lives,GITHUB_stars_over_all_time,2025-04-14,5.0
Moving Stylus,GITHUB_stars_over_all_time,2025-04-14,13.0
Redstone Finance,GITHUB_closed_issues_over_all_time,2025-04-14,267.0
Passport XYZ,GITHUB_closed_issues_over_all_time,2025-04-14,247.0
thirdweb,GITHUB_releases_over_all_time,2025-04-14,3011.0
Runtime Verification,GITHUB_releases_over_all_time,2025-04-14,3266.0
Moving Stylus,GITHUB_merged_pull_requests_over_all_time,2025-04-14,24.0
Open Source Observer,GITHUB_active_developers_over_all_time,2025-04-14,102.0
Remix IDE plugin for Arbitrum Stylus,GITHUB_active_developers_over_all_time,2025-04-14,10.0
Moving Stylus,GITHUB_opened_issues_over_all_time,2025-04-14,3.0
Sylow,GITHUB_opened_issues_over_all_time,2025-04-14,2.0
thirdweb,GITHUB_contributors_over_all_time,2025-04-14,628.0
Arbos Foundry,GITHUB_contributors_over_all_time,2025-04-14,3.0
StylusPort,GITHUB_contributors_over_all_time,2025-04-14,1.0
CodeTracer,GITHUB_contributors_over_all_time,2025-04-14,8.0
9Lives,GITHUB_contributors_over_all_time,2025-04-14,5.0
Moving Stylus,GITHUB_contributors_over_all_time,2025-04-14,11.0
Trail of Bits Security Reviews,GITHUB_contributors_over_all_time,2025-04-14,2250.0
Walnut,GITHUB_contributors_over_all_time,2025-04-14,37.0
Runtime Verification,GITHUB_comments_over_all_time,2025-04-14,24702.0
Moving Stylus,GITHUB_comments_over_all_time,2025-04-14,6.0
Sylow,GITHUB_comments_over_all_time,2025-04-14,12.0
Debid - Fairblock,GITHUB_comments_over_all_time,2025-04-14,122.0
Remix IDE plugin for Arbitrum Stylus,GITHUB_comments_over_all_time,2025-04-14,19.0
Pyth Network,GITHUB_comments_over_all_time,2025-04-14,13269.0
thirdweb,GITHUB_comments_over_all_time,2025-04-14,44967.0
WakeUp Labs,GITHUB_avg_prs_time_to_merge_over_all_time,2025-04-14,0.0
Solang,GITHUB_avg_prs_time_to_merge_over_all_time,2025-04-14,0.0
Enclave,GITHUB_commits_over_all_time,2025-04-14,263.0
Walnut,GITHUB_commits_over_all_time,2025-04-14,1558.0
Arbos Foundry,GITHUB_commits_over_all_time,2025-04-14,745.0
Open Source Observer,GITHUB_commits_over_all_time,2025-04-14,3036.0
Redstone Finance,GITHUB_commits_over_all_time,2025-04-14,5130.0
Walnut,GITHUB_avg_prs_time_to_merge_over_all_time,2025-04-14,0.0
Redstone Finance,GITHUB_forks_over_all_time,2025-04-14,351.0
Remix IDE plugin for Arbitrum Stylus,GITHUB_forks_over_all_time,2025-04-14,9.0
thirdweb,GITHUB_avg_prs_time_to_merge_over_all_time,2025-04-14,0.0
Sylow,GITHUB_forks_over_all_time,2025-04-14,2.0
CoBuilders,GITHUB_repositories_over_all_time,2025-04-14,3.0
Sylow,GITHUB_repositories_over_all_time,2025-04-14,1.0
Runtime Verification,GITHUB_repositories_over_all_time,2025-04-14,173.0
CodeTracer,GITHUB_repositories_over_all_time,2025-04-14,1.0
StylusPort,GITHUB_repositories_over_all_time,2025-04-14,1.0
thirdweb,GITHUB_comments_daily,2024-11-23,43.0
Open Source Observer,GITHUB_comments_daily,2024-11-23,3.0
Trail of Bits Security Reviews,GITHUB_stars_daily,2024-11-23,17.0
Sylow,GITHUB_stars_daily,2024-11-23,1.0
thirdweb,GITHUB_active_developers_daily,2024-11-23,2.0
Trail of Bits Security Reviews,GITHUB_opened_pull_requests_daily,2024-11-23,2.0
thirdweb,GITHUB_opened_pull_requests_daily,2024-11-23,6.0
Runtime Verification,GITHUB_forks_weekly,2024-02-19,1.0
thirdweb,GITHUB_forks_weekly,2024-02-19,14.0
Debid - Fairblock,GITHUB_forks_weekly,2024-02-19,1.0
Pyth Network,GITHUB_comments_daily,2024-02-19,22.0
Trail of Bits Security Reviews,GITHUB_comments_daily,2024-02-19,6.0
Pyth Network,GITHUB_stars_daily,2024-02-19,1.0
Trail of Bits Security Reviews,GITHUB_stars_daily,2024-02-19,11.0
thirdweb,GITHUB_stars_daily,2024-02-19,1.0
thirdweb,GITHUB_stars_weekly,2024-02-19,9.0
Walnut,GITHUB_commits_daily,2024-02-19,2.0
Pyth Network,GITHUB_commits_daily,2024-02-19,2.0
Syndicate Protocol,GITHUB_commits_weekly,2024-02-19,20.0
Pyth Network,GITHUB_commits_weekly,2024-02-19,42.0
Walnut,GITHUB_commits_weekly,2024-02-19,24.0
Runtime Verification,GITHUB_commits_weekly,2024-02-19,152.0
Walnut,GITHUB_comments_weekly,2024-02-19,15.0
Pyth Network,GITHUB_forks_daily,2024-02-19,6.0
thirdweb,GITHUB_forks_daily,2024-02-19,3.0
Runtime Verification,GITHUB_repositories_weekly,2024-02-19,17.0
Open Source Observer,GITHUB_repositories_weekly,2024-02-19,3.0
Trail of Bits Security Reviews,GITHUB_repositories_weekly,2024-02-19,39.0
Walnut,GITHUB_repositories_daily,2024-02-19,1.0
Trail of Bits Security Reviews,GITHUB_repositories_daily,2024-02-19,13.0
Debid - Fairblock,GITHUB_contributors_weekly,2024-02-19,2.0
Walnut,GITHUB_contributors_daily,2024-02-19,3.0
Trail of Bits Security Reviews,GITHUB_active_developers_weekly,2024-02-19,7.0
Runtime Verification,GITHUB_active_developers_weekly,2024-02-19,7.0
Open Source Observer,GITHUB_active_developers_weekly,2024-02-19,3.0
Pyth Network,GITHUB_active_developers_weekly,2024-02-19,8.0
thirdweb,GITHUB_active_developers_daily,2024-02-19,2.0
Open Source Observer,GITHUB_active_developers_daily,2024-02-19,2.0
Walnut,GITHUB_active_developers_daily,2024-02-19,1.0
Open Source Observer,GITHUB_opened_pull_requests_weekly,2024-02-19,19.0
Runtime Verification,GITHUB_opened_pull_requests_weekly,2024-02-19,113.0
Trail of Bits Security Reviews,GITHUB_opened_pull_requests_weekly,2024-02-19,59.0
Pyth Network,GITHUB_opened_pull_requests_weekly,2024-02-19,43.0
thirdweb,GITHUB_merged_pull_requests_weekly,2024-02-19,70.0
Redstone Finance,GITHUB_merged_pull_requests_weekly,2024-02-19,1.0
Trail of Bits Security Reviews,GITHUB_merged_pull_requests_weekly,2024-02-19,46.0
Open Source Observer,GITHUB_opened_pull_requests_daily,2024-02-19,3.0
Trail of Bits Security Reviews,GITHUB_merged_pull_requests_daily,2024-02-19,15.0
Trail of Bits Security Reviews,GITHUB_opened_issues_weekly,2024-02-19,4.0
Walnut,GITHUB_opened_issues_weekly,2024-02-19,3.0
Trail of Bits Security Reviews,GITHUB_opened_issues_daily,2024-02-19,1.0
Runtime Verification,GITHUB_closed_issues_daily,2024-02-19,2.0
Open Source Observer,GITHUB_closed_issues_weekly,2024-02-19,9.0
Redstone Finance,GITHUB_stars_daily,2024-10-26,2.0
Pyth Network,GITHUB_stars_daily,2024-10-26,2.0
Trail of Bits Security Reviews,GITHUB_commits_daily,2024-10-26,5.0
Passport XYZ,GITHUB_forks_daily,2024-10-26,2.0
Trail of Bits Security Reviews,GITHUB_forks_daily,2024-10-26,2.0
Open Source Observer,GITHUB_repositories_daily,2024-10-26,2.0
Passport XYZ,GITHUB_repositories_daily,2024-10-26,2.0
Pyth Network,GITHUB_contributors_daily,2024-10-26,2.0
Open Source Observer,GITHUB_opened_pull_requests_daily,2024-10-26,2.0
Trail of Bits Security Reviews,GITHUB_opened_pull_requests_daily,2024-10-26,8.0
Trail of Bits Security Reviews,GITHUB_active_contributors_quarterly,2025-01-01,41.0
Arbos Foundry,GITHUB_active_contributors_quarterly,2025-01-01,1.0
Debid - Fairblock,GITHUB_new_contributors_quarterly,2025-01-01,1.0
9Lives,GITHUB_new_contributors_quarterly,2025-01-01,4.0
Solang,GITHUB_new_contributors_quarterly,2025-01-01,4.0
Runtime Verification,GITHUB_active_contributors_quarterly,2025-01-01,25.0
Moving Stylus,GITHUB_part_time_contributors_quarterly,2025-01-01,4.0
thirdweb,GITHUB_active_contributors_quarterly,2025-01-01,41.0
Trail of Bits Security Reviews,GITHUB_part_time_contributors_quarterly,2025-01-01,41.0
thirdweb,GITHUB_releases_biannually,2025-01-01,51.0
Passport XYZ,GITHUB_releases_quarterly,2025-01-01,22.0
thirdweb,GITHUB_releases_quarterly,2025-01-01,51.0
Moving Stylus,GITHUB_commits_biannually,2025-01-01,42.0
Open Source Observer,GITHUB_active_developers_biannually,2025-01-01,9.0
9Lives,GITHUB_active_developers_biannually,2025-01-01,3.0
Pyth Network,GITHUB_active_developers_biannually,2025-01-01,19.0
Enclave,GITHUB_active_developers_biannually,2025-01-01,1.0
Arbos Foundry,GITHUB_active_developers_biannually,2025-01-01,1.0
Pyth Network,GITHUB_comments_daily,2025-01-01,1.0
9Lives,GITHUB_repositories_quarterly,2025-01-01,1.0
thirdweb,GITHUB_repositories_quarterly,2025-01-01,22.0
Walnut,GITHUB_repositories_quarterly,2025-01-01,9.0
Pyth Network,GITHUB_repositories_quarterly,2025-01-01,15.0
Runtime Verification,GITHUB_active_developers_quarterly,2025-01-01,13.0
Open Source Observer,GITHUB_active_developers_quarterly,2025-01-01,9.0
Debid - Fairblock,GITHUB_active_developers_quarterly,2025-01-01,3.0
thirdweb,GITHUB_forks_monthly,2025-01-01,60.0
Pyth Network,GITHUB_forks_monthly,2025-01-01,16.0
Runtime Verification,GITHUB_forks_monthly,2025-01-01,6.0
Moving Stylus,GITHUB_part_time_developers_quarterly,2025-01-01,3.0
Open Source Observer,GITHUB_part_time_developers_quarterly,2025-01-01,9.0
Passport XYZ,GITHUB_part_time_developers_quarterly,2025-01-01,4.0
Enclave,GITHUB_part_time_developers_quarterly,2025-01-01,1.0
Runtime Verification,GITHUB_stars_biannually,2025-01-01,20.0
Pyth Network,GITHUB_stars_monthly,2025-01-01,24.0
Debid - Fairblock,GITHUB_stars_monthly,2025-01-01,2.0
Syndicate Protocol,GITHUB_stars_monthly,2025-01-01,3.0
Enclave,GITHUB_stars_monthly,2025-01-01,2.0
Open Source Observer,GITHUB_stars_daily,2025-01-01,1.0
Trail of Bits Security Reviews,GITHUB_stars_daily,2025-01-01,8.0
Moving Stylus,GITHUB_commits_monthly,2025-01-01,42.0
Syndicate Protocol,GITHUB_commits_monthly,2025-01-01,5.0
Redstone Finance,GITHUB_comments_monthly,2025-01-01,103.0
Pyth Network,GITHUB_comments_monthly,2025-01-01,688.0
Solang,GITHUB_stars_quarterly,2025-01-01,7.0
thirdweb,GITHUB_stars_quarterly,2025-01-01,69.0
thirdweb,GITHUB_comments_monthly,2025-01-01,1761.0
Pyth Network,GITHUB_commits_daily,2025-01-01,2.0
Pyth Network,GITHUB_commits_quarterly,2025-01-01,201.0
Trail of Bits Security Reviews,GITHUB_commits_quarterly,2025-01-01,285.0
Open Source Observer,GITHUB_commits_quarterly,2025-01-01,232.0
Walnut,GITHUB_commits_quarterly,2025-01-01,160.0
thirdweb,GITHUB_forks_quarterly,2025-01-01,60.0
Debid - Fairblock,GITHUB_forks_quarterly,2025-01-01,4.0
Pyth Network,GITHUB_repositories_daily,2025-01-01,1.0
Runtime Verification,GITHUB_repositories_daily,2025-01-01,1.0
Walnut,GITHUB_repositories_daily,2025-01-01,1.0
Trail of Bits Security Reviews,GITHUB_repositories_daily,2025-01-01,6.0
thirdweb,GITHUB_repositories_biannually,2025-01-01,22.0
Runtime Verification,GITHUB_repositories_monthly,2025-01-01,26.0
Syndicate Protocol,GITHUB_repositories_monthly,2025-01-01,2.0
Redstone Finance,GITHUB_repositories_biannually,2025-01-01,10.0
Moving Stylus,GITHUB_repositories_biannually,2025-01-01,3.0
9Lives,GITHUB_repositories_monthly,2025-01-01,1.0
Enclave,GITHUB_repositories_monthly,2025-01-01,1.0
Solang,GITHUB_repositories_biannually,2025-01-01,1.0
Enclave,GITHUB_repositories_biannually,2025-01-01,1.0
Arbos Foundry,GITHUB_repositories_biannually,2025-01-01,1.0
Walnut,GITHUB_repositories_biannually,2025-01-01,9.0
CoBuilders,GITHUB_contributors_monthly,2025-01-01,1.0
Passport XYZ,GITHUB_contributors_monthly,2025-01-01,6.0
Solang,GITHUB_contributors_quarterly,2025-01-01,4.0
Pyth Network,GITHUB_contributors_quarterly,2025-01-01,29.0
Open Source Observer,GITHUB_contributors_quarterly,2025-01-01,15.0
Redstone Finance,GITHUB_contributors_biannually,2025-01-01,11.0
Pyth Network,GITHUB_contributors_biannually,2025-01-01,29.0
CoBuilders,GITHUB_contributors_biannually,2025-01-01,1.0
Syndicate Protocol,GITHUB_active_developers_monthly,2025-01-01,1.0
Pyth Network,GITHUB_active_developers_monthly,2025-01-01,19.0
Passport XYZ,GITHUB_active_developers_monthly,2025-01-01,4.0
Walnut,GITHUB_active_developers_monthly,2025-01-01,7.0
Sylow,GITHUB_active_developers_monthly,2025-01-01,1.0
Sylow,GITHUB_part_time_developers_monthly,2025-01-01,1.0
Enclave,GITHUB_part_time_developers_monthly,2025-01-01,1.0
Pyth Network,GITHUB_full_time_developers_monthly,2025-01-01,3.0
Debid - Fairblock,GITHUB_part_time_developers_monthly,2025-01-01,3.0
Walnut,GITHUB_part_time_developers_monthly,2025-01-01,7.0
Arbos Foundry,GITHUB_part_time_developers_monthly,2025-01-01,1.0
Open Source Observer,GITHUB_contributors_daily,2025-01-01,2.0
Pyth Network,GITHUB_contributors_daily,2025-01-01,1.0
Trail of Bits Security Reviews,GITHUB_contributors_daily,2025-01-01,4.0
Pyth Network,GITHUB_part_time_developers_biannually,2025-01-01,19.0
Enclave,GITHUB_part_time_developers_biannually,2025-01-01,1.0
9Lives,GITHUB_part_time_developers_biannually,2025-01-01,3.0
Trail of Bits Security Reviews,GITHUB_part_time_developers_biannually,2025-01-01,21.0
Passport XYZ,GITHUB_full_time_contributors_monthly,2025-01-01,3.0
9Lives,GITHUB_new_contributors_monthly,2025-01-01,4.0
Debid - Fairblock,GITHUB_new_contributors_monthly,2025-01-01,1.0
Syndicate Protocol,GITHUB_part_time_contributors_monthly,2025-01-01,1.0
Redstone Finance,GITHUB_new_contributors_monthly,2025-01-01,1.0
Solang,GITHUB_part_time_contributors_monthly,2025-01-01,4.0
Redstone Finance,GITHUB_part_time_contributors_monthly,2025-01-01,10.0
Open Source Observer,GITHUB_full_time_contributors_monthly,2025-01-01,5.0
Arbos Foundry,GITHUB_active_contributors_monthly,2025-01-01,1.0
Open Source Observer,GITHUB_part_time_contributors_monthly,2025-01-01,10.0
Debid - Fairblock,GITHUB_part_time_contributors_monthly,2025-01-01,5.0
Pyth Network,GITHUB_part_time_contributors_monthly,2025-01-01,22.0
Pyth Network,GITHUB_active_contributors_monthly,2025-01-01,29.0
Redstone Finance,GITHUB_full_time_contributors_monthly,2025-01-01,1.0
9Lives,GITHUB_active_contributors_monthly,2025-01-01,4.0
Runtime Verification,GITHUB_part_time_contributors_biannually,2025-01-01,25.0
9Lives,GITHUB_part_time_contributors_biannually,2025-01-01,4.0
9Lives,GITHUB_active_contributors_biannually,2025-01-01,4.0
Open Source Observer,GITHUB_new_contributors_biannually,2025-01-01,1.0
Debid - Fairblock,GITHUB_part_time_contributors_biannually,2025-01-01,5.0
9Lives,GITHUB_new_contributors_biannually,2025-01-01,4.0
Enclave,GITHUB_active_contributors_biannually,2025-01-01,2.0
Passport XYZ,GITHUB_part_time_contributors_biannually,2025-01-01,6.0
Trail of Bits Security Reviews,GITHUB_active_contributors_biannually,2025-01-01,41.0
CoBuilders,GITHUB_active_contributors_biannually,2025-01-01,1.0
Redstone Finance,GITHUB_part_time_contributors_biannually,2025-01-01,11.0
CoBuilders,GITHUB_part_time_contributors_biannually,2025-01-01,1.0
Open Source Observer,GITHUB_active_developers_daily,2025-01-01,1.0
CoBuilders,GITHUB_change_in_part_time_contributors_monthly,2025-01-01,0.0
thirdweb,GITHUB_change_in_active_developers_monthly,2025-01-01,11.0
9Lives,GITHUB_change_in_active_developers_monthly,2025-01-01,
CoBuilders,GITHUB_change_in_active_developers_monthly,2025-01-01,0.0
Trail of Bits Security Reviews,GITHUB_change_in_part_time_contributors_monthly,2025-01-01,11.0
Trail of Bits Security Reviews,GITHUB_change_in_active_developers_quarterly,2025-01-01,13.0
Solang,GITHUB_change_in_part_time_contributors_quarterly,2025-01-01,0.0
Syndicate Protocol,GITHUB_change_in_active_developers_biannually,2025-01-01,0.0
9Lives,GITHUB_change_in_active_developers_biannually,2025-01-01,
Sylow,GITHUB_change_in_active_developers_biannually,2025-01-01,0.0
Solang,GITHUB_change_in_part_time_contributors_biannually,2025-01-01,0.0
CoBuilders,GITHUB_change_in_active_developers_biannually,2025-01-01,0.0
Runtime Verification,GITHUB_change_in_part_time_contributors_biannually,2025-01-01,3.0
Pyth Network,GITHUB_change_in_active_developers_monthly,2025-01-01,3.0
9Lives,GITHUB_change_in_part_time_contributors_monthly,2025-01-01,
Open Source Observer,GITHUB_change_in_part_time_contributors_biannually,2025-01-01,-3.0
Arbos Foundry,GITHUB_change_in_active_developers_biannually,2025-01-01,1.0
Walnut,GITHUB_change_in_full_time_contributors_monthly,2025-01-01,-1.0
Trail of Bits Security Reviews,GITHUB_change_in_active_developers_monthly,2025-01-01,13.0
Runtime Verification,GITHUB_change_in_active_developers_monthly,2025-01-01,3.0
Redstone Finance,GITHUB_change_in_active_developers_quarterly,2025-01-01,-2.0
9Lives,GITHUB_change_in_part_time_contributors_quarterly,2025-01-01,
Runtime Verification,GITHUB_change_in_part_time_contributors_quarterly,2025-01-01,3.0
Trail of Bits Security Reviews,GITHUB_change_in_active_developers_biannually,2025-01-01,13.0
Solang,GITHUB_change_in_active_developers_biannually,2025-01-01,0.0
Sylow,GITHUB_change_in_active_developers_quarterly,2025-01-01,0.0
Syndicate Protocol,GITHUB_opened_pull_requests_monthly,2025-01-01,1.0
9Lives,GITHUB_opened_pull_requests_monthly,2025-01-01,3.0
Open Source Observer,GITHUB_opened_pull_requests_daily,2025-01-01,1.0
9Lives,GITHUB_opened_pull_requests_biannually,2025-01-01,3.0
thirdweb,GITHUB_opened_pull_requests_quarterly,2025-01-01,267.0
Passport XYZ,GITHUB_opened_pull_requests_biannually,2025-01-01,54.0
Debid - Fairblock,GITHUB_opened_pull_requests_biannually,2025-01-01,3.0
Pyth Network,GITHUB_opened_pull_requests_biannually,2025-01-01,197.0
Enclave,GITHUB_opened_pull_requests_quarterly,2025-01-01,3.0
Runtime Verification,GITHUB_opened_pull_requests_quarterly,2025-01-01,101.0
Pyth Network,GITHUB_merged_pull_requests_daily,2025-01-01,1.0
thirdweb,GITHUB_merged_pull_requests_daily,2025-01-01,2.0
Trail of Bits Security Reviews,GITHUB_merged_pull_requests_daily,2025-01-01,1.0
Passport XYZ,GITHUB_merged_pull_requests_quarterly,2025-01-01,55.0
thirdweb,GITHUB_merged_pull_requests_quarterly,2025-01-01,238.0
Trail of Bits Security Reviews,GITHUB_merged_pull_requests_biannually,2025-01-01,137.0
Trail of Bits Security Reviews,GITHUB_opened_issues_quarterly,2025-01-01,21.0
Solang,GITHUB_opened_issues_quarterly,2025-01-01,14.0
Walnut,GITHUB_opened_issues_quarterly,2025-01-01,24.0
Passport XYZ,GITHUB_opened_issues_monthly,2025-01-01,96.0
Enclave,GITHUB_opened_issues_monthly,2025-01-01,3.0
Solang,GITHUB_opened_issues_monthly,2025-01-01,14.0
Solang,GITHUB_opened_issues_biannually,2025-01-01,14.0
Trail of Bits Security Reviews,GITHUB_opened_issues_biannually,2025-01-01,21.0
Passport XYZ,GITHUB_closed_issues_quarterly,2025-01-01,48.0
Enclave,GITHUB_closed_issues_quarterly,2025-01-01,11.0
thirdweb,GITHUB_closed_issues_quarterly,2025-01-01,17.0
Passport XYZ,GITHUB_closed_issues_biannually,2025-01-01,48.0
Solang,GITHUB_closed_issues_biannually,2025-01-01,2.0
Trail of Bits Security Reviews,GITHUB_avg_prs_time_to_merge_quarterly,2025-01-01,0.0
Moving Stylus,GITHUB_avg_prs_time_to_merge_quarterly,2025-01-01,0.0
Open Source Observer,GITHUB_closed_issues_quarterly,2025-01-01,85.0
Pyth Network,GITHUB_avg_time_to_first_response_quarterly,2025-01-01,261785.84422110554
Enclave,GITHUB_avg_prs_time_to_merge_biannually,2025-01-01,0.0
thirdweb,GITHUB_avg_time_to_first_response_quarterly,2025-01-01,8889.02564102564
Runtime Verification,GITHUB_avg_prs_time_to_merge_biannually,2025-01-01,0.0
Runtime Verification,GITHUB_avg_time_to_first_response_quarterly,2025-01-01,418279.6
Trail of Bits Security Reviews,GITHUB_avg_time_to_first_response_biannually,2025-01-01,925529.218579235
Open Source Observer,GITHUB_closed_issues_monthly,2025-01-01,85.0
Pyth Network,GITHUB_closed_issues_monthly,2025-01-01,1.0
Arbos Foundry,GITHUB_change_in_new_contributors_biannually,2025-01-01,0.0
Sylow,GITHUB_change_in_new_contributors_biannually,2025-01-01,1.0
Debid - Fairblock,GITHUB_churned_contributors_biannually,2025-01-01,-1.0
Open Source Observer,GITHUB_churned_contributors_monthly,2025-01-01,-4.0
CoBuilders,GITHUB_change_in_new_contributors_biannually,2025-01-01,1.0
Pyth Network,GITHUB_change_in_active_contributors_biannually,2025-01-01,3.0
Passport XYZ,GITHUB_change_in_full_time_contributors_biannually,2025-01-01,0.0
Syndicate Protocol,GITHUB_churned_contributors_biannually,2025-01-01,-1.0
Passport XYZ,GITHUB_change_in_new_contributors_biannually,2025-01-01,6.0
Syndicate Protocol,GITHUB_change_in_new_contributors_biannually,2025-01-01,0.0
Syndicate Protocol,GITHUB_change_in_full_time_contributors_biannually,2025-01-01,0.0
9Lives,GITHUB_change_in_active_contributors_biannually,2025-01-01,
9Lives,GITHUB_change_in_new_contributors_biannually,2025-01-01,
Arbos Foundry,GITHUB_churned_contributors_monthly,2025-01-01,1.0
Walnut,GITHUB_change_in_active_contributors_quarterly,2025-01-01,-1.0
Redstone Finance,GITHUB_change_in_active_contributors_quarterly,2025-01-01,-2.0
Trail of Bits Security Reviews,GITHUB_churned_contributors_quarterly,2025-01-01,3.0
Trail of Bits Security Reviews,GITHUB_change_in_new_contributors_quarterly,2025-01-01,21.0
Trail of Bits Security Reviews,GITHUB_change_in_active_contributors_quarterly,2025-01-01,13.0
Walnut,GITHUB_change_in_full_time_contributors_quarterly,2025-01-01,0.0
Walnut,GITHUB_churned_contributors_quarterly,2025-01-01,-1.0
thirdweb,GITHUB_change_in_active_contributors_quarterly,2025-01-01,11.0
thirdweb,GITHUB_churned_contributors_quarterly,2025-01-01,0.0
Runtime Verification,GITHUB_churned_contributors_quarterly,2025-01-01,2.0
Debid - Fairblock,GITHUB_change_in_full_time_contributors_monthly,2025-01-01,0.0
thirdweb,GITHUB_change_in_new_contributors_monthly,2025-01-01,27.0
Sylow,GITHUB_change_in_new_contributors_quarterly,2025-01-01,1.0
Solang,GITHUB_change_in_active_contributors_biannually,2025-01-01,0.0
Open Source Observer,GITHUB_change_in_active_contributors_biannually,2025-01-01,-3.0
Open Source Observer,GITHUB_change_in_new_contributors_biannually,2025-01-01,8.0
CoBuilders,GITHUB_change_in_active_contributors_monthly,2025-01-01,0.0
Syndicate Protocol,GITHUB_change_in_active_contributors_monthly,2025-01-01,0.0
Syndicate Protocol,GITHUB_change_in_new_contributors_monthly,2025-01-01,0.0
Passport XYZ,GITHUB_change_in_active_contributors_monthly,2025-01-01,0.0
Passport XYZ,GITHUB_change_in_new_contributors_monthly,2025-01-01,6.0
Solang,GITHUB_change_in_new_contributors_quarterly,2025-01-01,0.0
Open Source Observer,GITHUB_churned_contributors_quarterly,2025-01-01,-4.0
Walnut,GITHUB_change_in_active_contributors_monthly,2025-01-01,-1.0
Walnut,GITHUB_change_in_full_time_contributors_monthly,2025-01-01,-2.0
Redstone Finance,GITHUB_change_in_active_contributors_monthly,2025-01-01,-2.0
Walnut,GITHUB_change_in_new_contributors_biannually,2025-01-01,5.0
Redstone Finance,GITHUB_change_in_full_time_contributors_biannually,2025-01-01,0.0
CoBuilders,GITHUB_churned_contributors_quarterly,2025-01-01,0.0
Passport XYZ,GITHUB_churned_contributors_quarterly,2025-01-01,0.0
Syndicate Protocol,GITHUB_churned_contributors_quarterly,2025-01-01,-1.0
Passport XYZ,GITHUB_change_in_full_time_contributors_quarterly,2025-01-01,0.0
Syndicate Protocol,GITHUB_change_in_new_contributors_quarterly,2025-01-01,0.0
9Lives,GITHUB_churned_contributors_quarterly,2025-01-01,
9Lives,GITHUB_change_in_active_contributors_quarterly,2025-01-01,
Moving Stylus,GITHUB_change_in_active_contributors_quarterly,2025-01-01,-2.0
Enclave,GITHUB_change_in_new_contributors_quarterly,2025-01-01,2.0
thirdweb,GITHUB_change_in_active_contributors_biannually,2025-01-01,11.0
Runtime Verification,GITHUB_change_in_new_contributors_biannually,2025-01-01,10.0
Runtime Verification,GITHUB_change_in_active_contributors_biannually,2025-01-01,3.0
Pyth Network,GITHUB_stars_daily,2024-02-11,4.0
Runtime Verification,GITHUB_stars_daily,2024-02-11,1.0
Runtime Verification,GITHUB_commits_daily,2024-02-11,1.0
Pyth Network,GITHUB_repositories_daily,2024-02-11,2.0
thirdweb,GITHUB_repositories_daily,2024-02-11,3.0
Trail of Bits Security Reviews,GITHUB_repositories_daily,2024-02-11,7.0
Trail of Bits Security Reviews,GITHUB_contributors_daily,2024-02-11,1.0
Pyth Network,GITHUB_comments_daily,2025-01-13,43.0
Trail of Bits Security Reviews,GITHUB_comments_daily,2025-01-13,10.0
Walnut,GITHUB_comments_daily,2025-01-13,1.0
Passport XYZ,GITHUB_stars_weekly,2025-01-13,12.0
Passport XYZ,GITHUB_stars_daily,2025-01-13,2.0
Trail of Bits Security Reviews,GITHUB_stars_daily,2025-01-13,7.0
Runtime Verification,GITHUB_releases_weekly,2025-01-13,21.0
Runtime Verification,GITHUB_commits_daily,2025-01-13,28.0
Debid - Fairblock,GITHUB_commits_weekly,2025-01-13,13.0
Runtime Verification,GITHUB_commits_weekly,2025-01-13,60.0
Redstone Finance,GITHUB_commits_weekly,2025-01-13,32.0
Passport XYZ,GITHUB_commits_weekly,2025-01-13,16.0
Passport XYZ,GITHUB_comments_weekly,2025-01-13,20.0
Trail of Bits Security Reviews,GITHUB_commits_weekly,2025-01-13,99.0
thirdweb,GITHUB_comments_weekly,2025-01-13,401.0
Pyth Network,GITHUB_releases_daily,2025-01-13,3.0
Runtime Verification,GITHUB_releases_daily,2025-01-13,4.0
Sylow,GITHUB_repositories_weekly,2025-01-13,1.0
Pyth Network,GITHUB_forks_daily,2025-01-13,1.0
CoBuilders,GITHUB_repositories_daily,2025-01-13,1.0
Runtime Verification,GITHUB_contributors_weekly,2025-01-13,15.0
Pyth Network,GITHUB_contributors_weekly,2025-01-13,19.0
Open Source Observer,GITHUB_contributors_weekly,2025-01-13,9.0
Redstone Finance,GITHUB_contributors_weekly,2025-01-13,7.0
Solang,GITHUB_contributors_weekly,2025-01-13,2.0
Open Source Observer,GITHUB_active_developers_weekly,2025-01-13,8.0
9Lives,GITHUB_active_developers_weekly,2025-01-13,2.0
Moving Stylus,GITHUB_active_developers_weekly,2025-01-13,1.0
Passport XYZ,GITHUB_active_developers_weekly,2025-01-13,3.0
Redstone Finance,GITHUB_contributors_daily,2025-01-13,4.0
thirdweb,GITHUB_active_developers_daily,2025-01-13,1.0
Open Source Observer,GITHUB_active_developers_daily,2025-01-13,3.0
Open Source Observer,GITHUB_opened_pull_requests_weekly,2025-01-13,52.0
Moving Stylus,GITHUB_opened_pull_requests_weekly,2025-01-13,1.0
Walnut,GITHUB_opened_pull_requests_daily,2025-01-13,3.0
Open Source Observer,GITHUB_opened_pull_requests_daily,2025-01-13,3.0
CoBuilders,GITHUB_opened_pull_requests_daily,2025-01-13,1.0
Passport XYZ,GITHUB_opened_pull_requests_daily,2025-01-13,2.0
Trail of Bits Security Reviews,GITHUB_merged_pull_requests_weekly,2025-01-13,56.0
Walnut,GITHUB_merged_pull_requests_weekly,2025-01-13,9.0
Pyth Network,GITHUB_merged_pull_requests_weekly,2025-01-13,52.0
Open Source Observer,GITHUB_merged_pull_requests_daily,2025-01-13,2.0
Redstone Finance,GITHUB_merged_pull_requests_daily,2025-01-13,4.0
Runtime Verification,GITHUB_opened_issues_weekly,2025-01-13,6.0
Solang,GITHUB_opened_issues_weekly,2025-01-13,1.0
Trail of Bits Security Reviews,GITHUB_opened_issues_weekly,2025-01-13,9.0
thirdweb,GITHUB_opened_issues_weekly,2025-01-13,4.0
Open Source Observer,GITHUB_opened_issues_weekly,2025-01-13,42.0
Trail of Bits Security Reviews,GITHUB_opened_issues_daily,2025-01-13,3.0
Runtime Verification,GITHUB_opened_issues_daily,2025-01-13,3.0
Open Source Observer,GITHUB_closed_issues_weekly,2025-01-13,24.0
Solang,GITHUB_closed_issues_weekly,2025-01-13,1.0
Runtime Verification,GITHUB_closed_issues_daily,2025-01-13,1.0
Trail of Bits Security Reviews,GITHUB_stars_daily,2024-06-02,6.0
Redstone Finance,GITHUB_stars_daily,2024-06-02,1.0
Redstone Finance,GITHUB_repositories_daily,2024-06-02,1.0
Open Source Observer,GITHUB_repositories_daily,2024-06-02,1.0
Trail of Bits Security Reviews,GITHUB_contributors_daily,2024-06-02,1.0
Pyth Network,GITHUB_contributors_daily,2024-06-02,1.0
Open Source Observer,GITHUB_active_developers_daily,2024-06-02,3.0
thirdweb,GITHUB_opened_pull_requests_daily,2024-06-02,1.0
Open Source Observer,GITHUB_merged_pull_requests_daily,2024-06-02,4.0
Redstone Finance,GITHUB_comments_daily,2024-04-11,2.0
Pyth Network,GITHUB_comments_daily,2024-04-11,47.0
Walnut,GITHUB_stars_daily,2024-04-11,1.0
thirdweb,GITHUB_stars_daily,2024-04-11,2.0
Pyth Network,GITHUB_commits_daily,2024-04-11,13.0
thirdweb,GITHUB_releases_daily,2024-04-11,13.0
Walnut,GITHUB_forks_daily,2024-04-11,1.0
Trail of Bits Security Reviews,GITHUB_active_developers_daily,2024-04-11,2.0
Syndicate Protocol,GITHUB_active_developers_daily,2024-04-11,1.0
Runtime Verification,GITHUB_active_developers_daily,2024-04-11,2.0
Walnut,GITHUB_contributors_daily,2024-04-11,3.0
Redstone Finance,GITHUB_contributors_daily,2024-04-11,5.0
Syndicate Protocol,GITHUB_opened_pull_requests_daily,2024-04-11,2.0
Open Source Observer,GITHUB_opened_pull_requests_daily,2024-04-11,1.0
Syndicate Protocol,GITHUB_merged_pull_requests_daily,2024-04-11,1.0
Pyth Network,GITHUB_merged_pull_requests_daily,2024-04-11,14.0
thirdweb,GITHUB_merged_pull_requests_daily,2024-04-11,21.0
Debid - Fairblock,GITHUB_releases_daily,2024-10-22,1.0
Redstone Finance,GITHUB_repositories_daily,2024-10-22,1.0
Remix IDE plugin for Arbitrum Stylus,GITHUB_repositories_daily,2024-10-22,1.0
Open Source Observer,GITHUB_contributors_daily,2024-10-22,6.0
Redstone Finance,GITHUB_contributors_daily,2024-10-22,1.0
Trail of Bits Security Reviews,GITHUB_contributors_daily,2024-10-22,7.0
Enclave,GITHUB_opened_pull_requests_daily,2024-10-22,1.0
Debid - Fairblock,GITHUB_opened_pull_requests_daily,2024-10-22,5.0
Open Source Observer,GITHUB_opened_pull_requests_daily,2024-10-22,4.0
Remix IDE plugin for Arbitrum Stylus,GITHUB_merged_pull_requests_daily,2024-10-22,1.0
Walnut,GITHUB_merged_pull_requests_daily,2024-10-22,1.0
Runtime Verification,GITHUB_merged_pull_requests_daily,2024-10-22,2.0
thirdweb,GITHUB_merged_pull_requests_daily,2024-10-22,11.0
Runtime Verification,GITHUB_opened_issues_daily,2024-10-22,1.0
Pyth Network,GITHUB_comments_daily,2024-10-23,12.0
Runtime Verification,GITHUB_comments_daily,2024-10-23,16.0
Passport XYZ,GITHUB_commits_daily,2024-10-23,2.0
thirdweb,GITHUB_forks_daily,2024-10-23,1.0
Trail of Bits Security Reviews,GITHUB_repositories_daily,2024-10-23,10.0
Open Source Observer,GITHUB_repositories_daily,2024-10-23,4.0
Runtime Verification,GITHUB_repositories_daily,2024-10-23,14.0
Runtime Verification,GITHUB_contributors_daily,2024-10-23,6.0
Enclave,GITHUB_contributors_daily,2024-10-23,1.0
Pyth Network,GITHUB_contributors_daily,2024-10-23,2.0
Passport XYZ,GITHUB_active_developers_daily,2024-10-23,1.0
thirdweb,GITHUB_active_developers_daily,2024-10-23,3.0
Open Source Observer,GITHUB_active_developers_daily,2024-10-23,7.0
Trail of Bits Security Reviews,GITHUB_opened_pull_requests_daily,2024-10-23,7.0
thirdweb,GITHUB_merged_pull_requests_daily,2024-10-23,15.0
Passport XYZ,GITHUB_opened_issues_daily,2024-10-23,6.0
Runtime Verification,GITHUB_opened_issues_daily,2024-10-23,1.0
Pyth Network,GITHUB_forks_weekly,2024-03-25,3.0
Redstone Finance,GITHUB_forks_weekly,2024-03-25,5.0
Trail of Bits Security Reviews,GITHUB_comments_daily,2024-03-25,10.0
thirdweb,GITHUB_stars_daily,2024-03-25,5.0
Redstone Finance,GITHUB_stars_daily,2024-03-25,3.0
Runtime Verification,GITHUB_commits_daily,2024-03-25,44.0
Pyth Network,GITHUB_commits_daily,2024-03-25,2.0
Open Source Observer,GITHUB_commits_daily,2024-03-25,2.0
Redstone Finance,GITHUB_stars_weekly,2024-03-25,10.0
Trail of Bits Security Reviews,GITHUB_stars_weekly,2024-03-25,130.0
Trail of Bits Security Reviews,GITHUB_releases_weekly,2024-03-25,2.0
Pyth Network,GITHUB_commits_weekly,2024-03-25,57.0
Walnut,GITHUB_commits_weekly,2024-03-25,55.0
Pyth Network,GITHUB_comments_weekly,2024-03-25,129.0
Runtime Verification,GITHUB_comments_weekly,2024-03-25,267.0
Walnut,GITHUB_repositories_daily,2024-03-25,3.0
Runtime Verification,GITHUB_repositories_daily,2024-03-25,10.0
Trail of Bits Security Reviews,GITHUB_repositories_daily,2024-03-25,19.0
Open Source Observer,GITHUB_repositories_daily,2024-03-25,1.0
Open Source Observer,GITHUB_repositories_weekly,2024-03-25,3.0
Pyth Network,GITHUB_contributors_daily,2024-03-25,4.0
Redstone Finance,GITHUB_contributors_weekly,2024-03-25,6.0
Open Source Observer,GITHUB_contributors_weekly,2024-03-25,6.0
Trail of Bits Security Reviews,GITHUB_contributors_weekly,2024-03-25,18.0
Open Source Observer,GITHUB_active_developers_weekly,2024-03-25,2.0
Runtime Verification,GITHUB_active_developers_weekly,2024-03-25,9.0
Walnut,GITHUB_active_developers_weekly,2024-03-25,2.0
thirdweb,GITHUB_active_developers_weekly,2024-03-25,14.0
Redstone Finance,GITHUB_active_developers_daily,2024-03-25,2.0
Trail of Bits Security Reviews,GITHUB_active_developers_daily,2024-03-25,4.0
thirdweb,GITHUB_opened_pull_requests_weekly,2024-03-25,126.0
Pyth Network,GITHUB_opened_pull_requests_daily,2024-03-25,2.0
Trail of Bits Security Reviews,GITHUB_opened_pull_requests_daily,2024-03-25,21.0
thirdweb,GITHUB_merged_pull_requests_weekly,2024-03-25,101.0
Pyth Network,GITHUB_merged_pull_requests_weekly,2024-03-25,27.0
Pyth Network,GITHUB_merged_pull_requests_daily,2024-03-25,2.0
Walnut,GITHUB_merged_pull_requests_daily,2024-03-25,2.0
Runtime Verification,GITHUB_opened_issues_daily,2024-03-25,4.0
Runtime Verification,GITHUB_opened_issues_weekly,2024-03-25,22.0
Open Source Observer,GITHUB_closed_issues_weekly,2024-03-25,31.0
Enclave,GITHUB_comments_daily,2024-10-03,50.0
Redstone Finance,GITHUB_comments_daily,2024-10-03,11.0
Redstone Finance,GITHUB_stars_daily,2024-10-03,1.0
thirdweb,GITHUB_stars_daily,2024-10-03,4.0
Trail of Bits Security Reviews,GITHUB_stars_daily,2024-10-03,13.0
Trail of Bits Security Reviews,GITHUB_commits_daily,2024-10-03,27.0
Passport XYZ,GITHUB_commits_daily,2024-10-03,2.0
Runtime Verification,GITHUB_releases_daily,2024-10-03,4.0
thirdweb,GITHUB_releases_daily,2024-10-03,4.0
Redstone Finance,GITHUB_forks_daily,2024-10-03,1.0
thirdweb,GITHUB_repositories_daily,2024-10-03,4.0
Open Source Observer,GITHUB_active_developers_daily,2024-10-03,3.0
Pyth Network,GITHUB_opened_pull_requests_daily,2024-10-03,6.0
Redstone Finance,GITHUB_merged_pull_requests_daily,2024-10-03,1.0
Open Source Observer,GITHUB_merged_pull_requests_daily,2024-10-03,2.0
thirdweb,GITHUB_merged_pull_requests_daily,2024-10-03,23.0
Passport XYZ,GITHUB_closed_issues_daily,2024-10-03,2.0
Trail of Bits Security Reviews,GITHUB_closed_issues_daily,2024-10-03,2.0
9Lives,GITHUB_opened_pull_requests_daily,2025-04-06,1.0
Trail of Bits Security Reviews,GITHUB_contributors_daily,2025-04-06,1.0
9Lives,GITHUB_active_developers_daily,2025-04-06,1.0
Pyth Network,GITHUB_active_developers_daily,2025-04-06,1.0
Runtime Verification,GITHUB_commits_daily,2024-04-06,6.0
Redstone Finance,GITHUB_commits_daily,2024-04-06,1.0
thirdweb,GITHUB_active_developers_daily,2024-04-06,4.0
Redstone Finance,GITHUB_repositories_daily,2024-04-06,1.0
Walnut,GITHUB_repositories_daily,2024-04-06,1.0
thirdweb,GITHUB_contributors_daily,2024-04-06,5.0
thirdweb,GITHUB_closed_issues_daily,2024-04-06,1.0
Trail of Bits Security Reviews,GITHUB_merged_pull_requests_daily,2024-04-06,2.0
Walnut,GITHUB_comments_daily,2024-12-13,2.0
Open Source Observer,GITHUB_stars_daily,2024-12-13,2.0
Moving Stylus,GITHUB_commits_daily,2024-12-13,8.0
Pyth Network,GITHUB_releases_daily,2024-12-13,2.0
thirdweb,GITHUB_forks_daily,2024-12-13,2.0
Pyth Network,GITHUB_forks_daily,2024-12-13,1.0
thirdweb,GITHUB_repositories_daily,2024-12-13,6.0
Walnut,GITHUB_repositories_daily,2024-12-13,1.0
Arbos Foundry,GITHUB_repositories_daily,2024-12-13,1.0
Redstone Finance,GITHUB_contributors_daily,2024-12-13,3.0
Walnut,GITHUB_contributors_daily,2024-12-13,3.0
Moving Stylus,GITHUB_contributors_daily,2024-12-13,1.0
Open Source Observer,GITHUB_active_developers_daily,2024-12-13,3.0
Trail of Bits Security Reviews,GITHUB_active_developers_daily,2024-12-13,1.0
Walnut,GITHUB_active_developers_daily,2024-12-13,1.0
Runtime Verification,GITHUB_active_developers_daily,2024-12-13,2.0
Moving Stylus,GITHUB_opened_pull_requests_daily,2024-12-13,1.0
Pyth Network,GITHUB_opened_pull_requests_daily,2024-12-13,7.0
thirdweb,GITHUB_opened_pull_requests_daily,2024-12-13,21.0
Walnut,GITHUB_opened_pull_requests_daily,2024-12-13,1.0
Pyth Network,GITHUB_merged_pull_requests_daily,2024-12-13,4.0
Redstone Finance,GITHUB_merged_pull_requests_daily,2024-12-13,1.0
Walnut,GITHUB_merged_pull_requests_daily,2024-12-13,2.0
Enclave,GITHUB_closed_issues_daily,2024-12-13,1.0
Runtime Verification,GITHUB_stars_daily,2024-07-27,1.0
Trail of Bits Security Reviews,GITHUB_forks_daily,2024-07-27,1.0
Trail of Bits Security Reviews,GITHUB_contributors_daily,2024-07-27,4.0
Redstone Finance,GITHUB_contributors_daily,2024-07-27,2.0
thirdweb,GITHUB_active_developers_daily,2024-07-27,7.0
Open Source Observer,GITHUB_opened_pull_requests_daily,2024-07-27,2.0
Trail of Bits Security Reviews,GITHUB_opened_pull_requests_daily,2024-07-27,6.0
Solang,GITHUB_stars_daily,2025-02-22,1.0
Passport XYZ,GITHUB_stars_daily,2025-02-22,4.0
Trail of Bits Security Reviews,GITHUB_repositories_daily,2025-02-22,12.0
Open Source Observer,GITHUB_repositories_daily,2025-02-22,2.0
thirdweb,GITHUB_active_developers_daily,2025-02-22,1.0
Redstone Finance,GITHUB_comments_daily,2024-07-31,2.0
thirdweb,GITHUB_comments_daily,2024-07-31,66.0
Runtime Verification,GITHUB_commits_daily,2024-07-31,13.0
Pyth Network,GITHUB_forks_daily,2024-07-31,2.0
Trail of Bits Security Reviews,GITHUB_repositories_daily,2024-07-31,22.0
Passport XYZ,GITHUB_repositories_daily,2024-07-31,2.0
Open Source Observer,GITHUB_repositories_daily,2024-07-31,1.0
Runtime Verification,GITHUB_repositories_daily,2024-07-31,7.0
Redstone Finance,GITHUB_contributors_daily,2024-07-31,2.0
Runtime Verification,GITHUB_contributors_daily,2024-07-31,10.0
Passport XYZ,GITHUB_active_developers_daily,2024-07-31,2.0
Runtime Verification,GITHUB_active_developers_daily,2024-07-31,4.0
Walnut,GITHUB_opened_pull_requests_daily,2024-07-31,3.0
Trail of Bits Security Reviews,GITHUB_opened_pull_requests_daily,2024-07-31,9.0
Runtime Verification,GITHUB_opened_pull_requests_daily,2024-07-31,4.0
Debid - Fairblock,GITHUB_opened_pull_requests_daily,2024-07-31,14.0
Passport XYZ,GITHUB_opened_pull_requests_daily,2024-07-31,6.0
Passport XYZ,GITHUB_closed_issues_daily,2024-07-31,4.0
Open Source Observer,GITHUB_closed_issues_daily,2024-07-31,5.0
Runtime Verification,GITHUB_comments_daily,2024-06-12,35.0
Open Source Observer,GITHUB_comments_daily,2024-06-12,16.0
Walnut,GITHUB_stars_daily,2024-06-12,3.0
Trail of Bits Security Reviews,GITHUB_stars_daily,2024-06-12,14.0
Syndicate Protocol,GITHUB_contributors_daily,2024-06-12,1.0
thirdweb,GITHUB_active_developers_daily,2024-06-12,6.0
Trail of Bits Security Reviews,GITHUB_active_developers_daily,2024-06-12,5.0
Runtime Verification,GITHUB_active_developers_daily,2024-06-12,6.0
Trail of Bits Security Reviews,GITHUB_opened_pull_requests_daily,2024-06-12,5.0
Open Source Observer,GITHUB_opened_pull_requests_daily,2024-06-12,8.0
Syndicate Protocol,GITHUB_opened_pull_requests_daily,2024-06-12,1.0
Runtime Verification,GITHUB_merged_pull_requests_daily,2024-06-12,16.0
Pyth Network,GITHUB_merged_pull_requests_daily,2024-06-12,6.0
Syndicate Protocol,GITHUB_merged_pull_requests_daily,2024-06-12,1.0
Open Source Observer,GITHUB_opened_issues_daily,2024-06-12,8.0
Enclave,GITHUB_comments_daily,2024-11-12,7.0
Pyth Network,GITHUB_stars_daily,2024-11-12,1.0
Runtime Verification,GITHUB_stars_daily,2024-11-12,2.0
Runtime Verification,GITHUB_commits_daily,2024-11-12,1.0
Trail of Bits Security Reviews,GITHUB_forks_daily,2024-11-12,2.0
thirdweb,GITHUB_forks_daily,2024-11-12,5.0
Trail of Bits Security Reviews,GITHUB_repositories_daily,2024-11-12,12.0
Redstone Finance,GITHUB_repositories_daily,2024-11-12,3.0
Open Source Observer,GITHUB_repositories_daily,2024-11-12,2.0
Remix IDE plugin for Arbitrum Stylus,GITHUB_repositories_daily,2024-11-12,1.0
Remix IDE plugin for Arbitrum Stylus,GITHUB_contributors_daily,2024-11-12,2.0
Open Source Observer,GITHUB_active_developers_daily,2024-11-12,1.0
Open Source Observer,GITHUB_opened_pull_requests_daily,2024-11-12,1.0
Runtime Verification,GITHUB_merged_pull_requests_daily,2024-11-12,2.0
thirdweb,GITHUB_opened_issues_daily,2024-11-12,1.0
thirdweb,GITHUB_closed_issues_daily,2024-11-12,1.0
Passport XYZ,GITHUB_closed_issues_daily,2024-11-12,2.0
Walnut,GITHUB_comments_daily,2024-06-30,3.0
Pyth Network,GITHUB_stars_daily,2024-06-30,1.0
thirdweb,GITHUB_stars_daily,2024-06-30,2.0
Runtime Verification,GITHUB_commits_daily,2024-06-30,2.0
Open Source Observer,GITHUB_commits_daily,2024-06-30,9.0
Redstone Finance,GITHUB_commits_daily,2024-06-30,1.0
thirdweb,GITHUB_forks_daily,2024-06-30,7.0
Pyth Network,GITHUB_forks_daily,2024-06-30,2.0
Runtime Verification,GITHUB_repositories_daily,2024-06-30,3.0
Pyth Network,GITHUB_repositories_daily,2024-06-30,1.0
Open Source Observer,GITHUB_repositories_daily,2024-06-30,2.0
Runtime Verification,GITHUB_opened_pull_requests_daily,2024-06-30,1.0
Open Source Observer,GITHUB_merged_pull_requests_daily,2024-06-30,6.0
Open Source Observer,GITHUB_closed_issues_daily,2024-06-30,1.0
Trail of Bits Security Reviews,GITHUB_commits_daily,2024-03-29,2.0
thirdweb,GITHUB_commits_daily,2024-03-29,26.0
Pyth Network,GITHUB_commits_daily,2024-03-29,2.0
Redstone Finance,GITHUB_commits_daily,2024-03-29,3.0
thirdweb,GITHUB_stars_daily,2024-03-29,2.0
thirdweb,GITHUB_releases_daily,2024-03-29,39.0
Syndicate Protocol,GITHUB_forks_daily,2024-03-29,1.0
Pyth Network,GITHUB_forks_daily,2024-03-29,1.0
thirdweb,GITHUB_forks_daily,2024-03-29,6.0
Pyth Network,GITHUB_repositories_daily,2024-03-29,5.0
thirdweb,GITHUB_active_developers_daily,2024-03-29,8.0
Pyth Network,GITHUB_active_developers_daily,2024-03-29,2.0
Runtime Verification,GITHUB_contributors_daily,2024-03-29,6.0
Open Source Observer,GITHUB_contributors_daily,2024-03-29,2.0
Redstone Finance,GITHUB_contributors_daily,2024-03-29,1.0
Runtime Verification,GITHUB_opened_pull_requests_daily,2024-03-29,2.0
Pyth Network,GITHUB_merged_pull_requests_daily,2024-03-29,2.0
Runtime Verification,GITHUB_merged_pull_requests_daily,2024-03-29,2.0
Runtime Verification,GITHUB_opened_issues_daily,2024-03-29,3.0
thirdweb,GITHUB_comments_daily,2024-09-11,154.0
Pyth Network,GITHUB_comments_daily,2024-09-11,44.0
Redstone Finance,GITHUB_comments_daily,2024-09-11,2.0
Redstone Finance,GITHUB_commits_daily,2024-09-11,6.0
Pyth Network,GITHUB_releases_daily,2024-09-11,4.0
Open Source Observer,GITHUB_repositories_daily,2024-09-11,3.0
Remix IDE plugin for Arbitrum Stylus,GITHUB_contributors_daily,2024-09-11,1.0
Passport XYZ,GITHUB_contributors_daily,2024-09-11,4.0
Trail of Bits Security Reviews,GITHUB_opened_pull_requests_daily,2024-09-11,4.0
Enclave,GITHUB_merged_pull_requests_daily,2024-09-11,2.0
Redstone Finance,GITHUB_merged_pull_requests_daily,2024-09-11,2.0
Open Source Observer,GITHUB_merged_pull_requests_daily,2024-09-11,4.0
Trail of Bits Security Reviews,GITHUB_merged_pull_requests_daily,2024-09-11,8.0
Open Source Observer,GITHUB_closed_issues_daily,2024-09-11,2.0
thirdweb,GITHUB_comments_daily,2024-07-16,152.0
Runtime Verification,GITHUB_stars_daily,2024-07-16,2.0
Pyth Network,GITHUB_stars_daily,2024-07-16,2.0
thirdweb,GITHUB_stars_daily,2024-07-16,3.0
Trail of Bits Security Reviews,GITHUB_commits_daily,2024-07-16,5.0
Pyth Network,GITHUB_commits_daily,2024-07-16,1.0
Runtime Verification,GITHUB_releases_daily,2024-07-16,12.0
Trail of Bits Security Reviews,GITHUB_repositories_daily,2024-07-16,14.0
Redstone Finance,GITHUB_repositories_daily,2024-07-16,2.0
Runtime Verification,GITHUB_repositories_daily,2024-07-16,12.0
thirdweb,GITHUB_contributors_daily,2024-07-16,13.0
Runtime Verification,GITHUB_contributors_daily,2024-07-16,13.0
Trail of Bits Security Reviews,GITHUB_active_developers_daily,2024-07-16,2.0
Walnut,GITHUB_opened_pull_requests_daily,2024-07-16,1.0
Runtime Verification,GITHUB_opened_issues_daily,2024-07-16,5.0
Open Source Observer,GITHUB_closed_issues_daily,2024-07-16,4.0
Open Source Observer,GITHUB_active_contributors_quarterly,2024-07-01,15.0
Debid - Fairblock,GITHUB_active_contributors_quarterly,2024-07-01,18.0
Arbos Foundry,GITHUB_part_time_contributors_quarterly,2024-07-01,1.0
Remix IDE plugin for Arbitrum Stylus,GITHUB_new_contributors_quarterly,2024-07-01,1.0
Debid - Fairblock,GITHUB_part_time_contributors_quarterly,2024-07-01,18.0
Redstone Finance,GITHUB_new_contributors_quarterly,2024-07-01,4.0
Remix IDE plugin for Arbitrum Stylus,GITHUB_releases_biannually,2024-07-01,3.0
Runtime Verification,GITHUB_forks_weekly,2024-07-01,4.0
Redstone Finance,GITHUB_releases_quarterly,2024-07-01,2.0
thirdweb,GITHUB_releases_quarterly,2024-07-01,26.0
Trail of Bits Security Reviews,GITHUB_commits_biannually,2024-07-01,431.0
Runtime Verification,GITHUB_commits_biannually,2024-07-01,610.0
Arbos Foundry,GITHUB_commits_biannually,2024-07-01,20.0
Redstone Finance,GITHUB_commits_biannually,2024-07-01,141.0
Open Source Observer,GITHUB_commits_biannually,2024-07-01,133.0
Remix IDE plugin for Arbitrum Stylus,GITHUB_active_developers_biannually,2024-07-01,1.0
Passport XYZ,GITHUB_repositories_quarterly,2024-07-01,8.0
Open Source Observer,GITHUB_repositories_quarterly,2024-07-01,3.0
Remix IDE plugin for Arbitrum Stylus,GITHUB_repositories_quarterly,2024-07-01,2.0
Enclave,GITHUB_active_developers_quarterly,2024-07-01,1.0
Passport XYZ,GITHUB_active_developers_quarterly,2024-07-01,5.0
Remix IDE plugin for Arbitrum Stylus,GITHUB_active_developers_quarterly,2024-07-01,1.0
thirdweb,GITHUB_active_developers_quarterly,2024-07-01,18.0
Pyth Network,GITHUB_active_developers_quarterly,2024-07-01,13.0
Pyth Network,GITHUB_forks_monthly,2024-07-01,22.0
Open Source Observer,GITHUB_part_time_developers_quarterly,2024-07-01,9.0
Walnut,GITHUB_part_time_developers_quarterly,2024-07-01,3.0
thirdweb,GITHUB_stars_biannually,2024-07-01,60.0
Trail of Bits Security Reviews,GITHUB_stars_biannually,2024-07-01,366.0
Arbos Foundry,GITHUB_part_time_developers_quarterly,2024-07-01,1.0
Pyth Network,GITHUB_stars_monthly,2024-07-01,29.0
Redstone Finance,GITHUB_stars_monthly,2024-07-01,10.0
Walnut,GITHUB_stars_monthly,2024-07-01,4.0
Passport XYZ,GITHUB_stars_monthly,2024-07-01,2.0
Trail of Bits Security Reviews,GITHUB_stars_daily,2024-07-01,8.0
thirdweb,GITHUB_stars_monthly,2024-07-01,60.0
Redstone Finance,GITHUB_stars_weekly,2024-07-01,4.0
Passport XYZ,GITHUB_commits_monthly,2024-07-01,166.0
Runtime Verification,GITHUB_commits_monthly,2024-07-01,610.0
Passport XYZ,GITHUB_comments_monthly,2024-07-01,44.0
Walnut,GITHUB_comments_monthly,2024-07-01,164.0
Open Source Observer,GITHUB_comments_monthly,2024-07-01,328.0
Passport XYZ,GITHUB_stars_quarterly,2024-07-01,2.0
Runtime Verification,GITHUB_stars_quarterly,2024-07-01,34.0
Runtime Verification,GITHUB_releases_daily,2024-07-01,4.0
thirdweb,GITHUB_releases_monthly,2024-07-01,26.0
Trail of Bits Security Reviews,GITHUB_releases_monthly,2024-07-01,12.0
Debid - Fairblock,GITHUB_commits_weekly,2024-07-01,6.0
Trail of Bits Security Reviews,GITHUB_commits_weekly,2024-07-01,94.0
Remix IDE plugin for Arbitrum Stylus,GITHUB_commits_weekly,2024-07-01,12.0
Pyth Network,GITHUB_commits_weekly,2024-07-01,13.0
Runtime Verification,GITHUB_commits_weekly,2024-07-01,87.0
Open Source Observer,GITHUB_comments_weekly,2024-07-01,54.0
Runtime Verification,GITHUB_comments_weekly,2024-07-01,59.0
Remix IDE plugin for Arbitrum Stylus,GITHUB_commits_quarterly,2024-07-01,16.0
thirdweb,GITHUB_commits_quarterly,2024-07-01,362.0
Debid - Fairblock,GITHUB_commits_quarterly,2024-07-01,64.0
Pyth Network,GITHUB_comments_weekly,2024-07-01,98.0
Trail of Bits Security Reviews,GITHUB_forks_quarterly,2024-07-01,56.0
Passport XYZ,GITHUB_forks_quarterly,2024-07-01,1.0
Walnut,GITHUB_forks_biannually,2024-07-01,4.0
Redstone Finance,GITHUB_forks_biannually,2024-07-01,11.0
thirdweb,GITHUB_forks_daily,2024-07-01,4.0
Runtime Verification,GITHUB_forks_daily,2024-07-01,1.0
Pyth Network,GITHUB_repositories_weekly,2024-07-01,9.0
Debid - Fairblock,GITHUB_repositories_weekly,2024-07-01,4.0
Walnut,GITHUB_repositories_weekly,2024-07-01,3.0
Runtime Verification,GITHUB_repositories_weekly,2024-07-01,19.0
Open Source Observer,GITHUB_repositories_daily,2024-07-01,2.0
Passport XYZ,GITHUB_repositories_monthly,2024-07-01,8.0
Enclave,GITHUB_repositories_monthly,2024-07-01,1.0
thirdweb,GITHUB_repositories_monthly,2024-07-01,17.0
Runtime Verification,GITHUB_repositories_biannually,2024-07-01,30.0
Open Source Observer,GITHUB_contributors_weekly,2024-07-01,6.0
Remix IDE plugin for Arbitrum Stylus,GITHUB_contributors_weekly,2024-07-01,1.0
Trail of Bits Security Reviews,GITHUB_contributors_weekly,2024-07-01,20.0
Arbos Foundry,GITHUB_contributors_monthly,2024-07-01,1.0
Runtime Verification,GITHUB_contributors_monthly,2024-07-01,39.0
Trail of Bits Security Reviews,GITHUB_contributors_daily,2024-07-01,9.0
Trail of Bits Security Reviews,GITHUB_contributors_biannually,2024-07-01,49.0
Remix IDE plugin for Arbitrum Stylus,GITHUB_contributors_biannually,2024-07-01,2.0
Open Source Observer,GITHUB_contributors_quarterly,2024-07-01,15.0
Runtime Verification,GITHUB_active_developers_weekly,2024-07-01,8.0
Remix IDE plugin for Arbitrum Stylus,GITHUB_active_developers_weekly,2024-07-01,1.0
Pyth Network,GITHUB_active_developers_weekly,2024-07-01,8.0
thirdweb,GITHUB_active_developers_daily,2024-07-01,6.0
Passport XYZ,GITHUB_active_developers_monthly,2024-07-01,5.0
Redstone Finance,GITHUB_active_developers_monthly,2024-07-01,5.0
thirdweb,GITHUB_active_developers_monthly,2024-07-01,18.0
Runtime Verification,GITHUB_part_time_developers_monthly,2024-07-01,15.0
Runtime Verification,GITHUB_active_developers_monthly,2024-07-01,17.0
Pyth Network,GITHUB_active_developers_monthly,2024-07-01,13.0
thirdweb,GITHUB_part_time_developers_monthly,2024-07-01,14.0
Redstone Finance,GITHUB_full_time_developers_monthly,2024-07-01,2.0
thirdweb,GITHUB_full_time_developers_monthly,2024-07-01,4.0
Enclave,GITHUB_active_contributors_monthly,2024-07-01,1.0
Trail of Bits Security Reviews,GITHUB_full_time_contributors_monthly,2024-07-01,5.0
thirdweb,GITHUB_part_time_contributors_monthly,2024-07-01,30.0
Open Source Observer,GITHUB_active_contributors_monthly,2024-07-01,15.0
Remix IDE plugin for Arbitrum Stylus,GITHUB_part_time_contributors_monthly,2024-07-01,2.0
Arbos Foundry,GITHUB_part_time_contributors_monthly,2024-07-01,1.0
Passport XYZ,GITHUB_active_contributors_monthly,2024-07-01,6.0
thirdweb,GITHUB_new_contributors_monthly,2024-07-01,22.0
Debid - Fairblock,GITHUB_new_contributors_monthly,2024-07-01,15.0
Walnut,GITHUB_new_contributors_monthly,2024-07-01,9.0
Trail of Bits Security Reviews,GITHUB_part_time_contributors_monthly,2024-07-01,44.0
Debid - Fairblock,GITHUB_part_time_contributors_biannually,2024-07-01,18.0
Passport XYZ,GITHUB_active_contributors_biannually,2024-07-01,6.0
Runtime Verification,GITHUB_part_time_contributors_biannually,2024-07-01,39.0
Redstone Finance,GITHUB_active_contributors_biannually,2024-07-01,9.0
Walnut,GITHUB_active_contributors_biannually,2024-07-01,11.0
Remix IDE plugin for Arbitrum Stylus,GITHUB_active_contributors_biannually,2024-07-01,2.0
Redstone Finance,GITHUB_new_contributors_biannually,2024-07-01,4.0
thirdweb,GITHUB_part_time_contributors_biannually,2024-07-01,40.0
Trail of Bits Security Reviews,GITHUB_active_contributors_biannually,2024-07-01,49.0
thirdweb,GITHUB_active_contributors_biannually,2024-07-01,40.0
Open Source Observer,GITHUB_new_contributors_biannually,2024-07-01,10.0
Runtime Verification,GITHUB_new_contributors_biannually,2024-07-01,9.0
Passport XYZ,GITHUB_part_time_contributors_biannually,2024-07-01,6.0
Walnut,GITHUB_new_contributors_biannually,2024-07-01,9.0
Remix IDE plugin for Arbitrum Stylus,GITHUB_change_in_part_time_contributors_monthly,2024-07-01,1.0
Arbos Foundry,GITHUB_change_in_active_developers_monthly,2024-07-01,0.0
thirdweb,GITHUB_change_in_full_time_contributors_monthly,2024-07-01,1.0
Trail of Bits Security Reviews,GITHUB_change_in_part_time_contributors_monthly,2024-07-01,-10.0
Pyth Network,GITHUB_change_in_active_developers_monthly,2024-07-01,5.0
Enclave,GITHUB_change_in_active_developers_monthly,2024-07-01,2.0
Remix IDE plugin for Arbitrum Stylus,GITHUB_change_in_active_developers_quarterly,2024-07-01,1.0
Open Source Observer,GITHUB_change_in_part_time_contributors_quarterly,2024-07-01,33.0
Arbos Foundry,GITHUB_change_in_active_developers_biannually,2024-07-01,0.0
Runtime Verification,GITHUB_change_in_part_time_contributors_quarterly,2024-07-01,-6.0
Remix IDE plugin for Arbitrum Stylus,GITHUB_change_in_part_time_contributors_quarterly,2024-07-01,1.0
Arbos Foundry,GITHUB_change_in_active_developers_quarterly,2024-07-01,0.0
Walnut,GITHUB_change_in_part_time_contributors_quarterly,2024-07-01,11.0
Trail of Bits Security Reviews,GITHUB_change_in_part_time_contributors_quarterly,2024-07-01,-8.0
Pyth Network,GITHUB_change_in_part_time_contributors_quarterly,2024-07-01,5.0
thirdweb,GITHUB_change_in_part_time_contributors_biannually,2024-07-01,15.0
Trail of Bits Security Reviews,GITHUB_change_in_part_time_contributors_biannually,2024-07-01,-8.0
Open Source Observer,GITHUB_change_in_active_developers_biannually,2024-07-01,33.0
Passport XYZ,GITHUB_opened_pull_requests_weekly,2024-07-01,2.0
Trail of Bits Security Reviews,GITHUB_opened_pull_requests_weekly,2024-07-01,73.0
Pyth Network,GITHUB_opened_pull_requests_weekly,2024-07-01,16.0
Open Source Observer,GITHUB_opened_pull_requests_weekly,2024-07-01,17.0
Trail of Bits Security Reviews,GITHUB_opened_pull_requests_monthly,2024-07-01,278.0
Passport XYZ,GITHUB_opened_pull_requests_monthly,2024-07-01,50.0
Redstone Finance,GITHUB_opened_pull_requests_biannually,2024-07-01,8.0
Redstone Finance,GITHUB_opened_pull_requests_quarterly,2024-07-01,8.0
Debid - Fairblock,GITHUB_opened_pull_requests_biannually,2024-07-01,27.0
thirdweb,GITHUB_opened_pull_requests_biannually,2024-07-01,389.0
Pyth Network,GITHUB_opened_pull_requests_quarterly,2024-07-01,136.0
Open Source Observer,GITHUB_merged_pull_requests_weekly,2024-07-01,17.0
Pyth Network,GITHUB_merged_pull_requests_weekly,2024-07-01,14.0
thirdweb,GITHUB_opened_pull_requests_daily,2024-07-01,15.0
Trail of Bits Security Reviews,GITHUB_opened_pull_requests_daily,2024-07-01,22.0
Walnut,GITHUB_merged_pull_requests_monthly,2024-07-01,23.0
Passport XYZ,GITHUB_merged_pull_requests_monthly,2024-07-01,49.0
Open Source Observer,GITHUB_merged_pull_requests_monthly,2024-07-01,102.0
Trail of Bits Security Reviews,GITHUB_merged_pull_requests_quarterly,2024-07-01,207.0
Pyth Network,GITHUB_merged_pull_requests_quarterly,2024-07-01,99.0
thirdweb,GITHUB_merged_pull_requests_quarterly,2024-07-01,344.0
Trail of Bits Security Reviews,GITHUB_merged_pull_requests_biannually,2024-07-01,207.0
Pyth Network,GITHUB_merged_pull_requests_biannually,2024-07-01,99.0
Open Source Observer,GITHUB_merged_pull_requests_daily,2024-07-01,3.0
Open Source Observer,GITHUB_opened_issues_weekly,2024-07-01,9.0
thirdweb,GITHUB_opened_issues_monthly,2024-07-01,13.0
Redstone Finance,GITHUB_opened_issues_monthly,2024-07-01,4.0
Pyth Network,GITHUB_opened_issues_quarterly,2024-07-01,6.0
Pyth Network,GITHUB_opened_issues_biannually,2024-07-01,6.0
Open Source Observer,GITHUB_closed_issues_weekly,2024-07-01,15.0
thirdweb,GITHUB_closed_issues_weekly,2024-07-01,2.0
Runtime Verification,GITHUB_closed_issues_weekly,2024-07-01,6.0
Runtime Verification,GITHUB_closed_issues_monthly,2024-07-01,77.0
Walnut,GITHUB_closed_issues_monthly,2024-07-01,9.0
Open Source Observer,GITHUB_closed_issues_monthly,2024-07-01,65.0
Redstone Finance,GITHUB_closed_issues_monthly,2024-07-01,1.0
Open Source Observer,GITHUB_closed_issues_quarterly,2024-07-01,65.0
Trail of Bits Security Reviews,GITHUB_closed_issues_biannually,2024-07-01,27.0
Runtime Verification,GITHUB_closed_issues_biannually,2024-07-01,77.0
Passport XYZ,GITHUB_closed_issues_quarterly,2024-07-01,6.0
Trail of Bits Security Reviews,GITHUB_closed_issues_quarterly,2024-07-01,27.0
Redstone Finance,GITHUB_closed_issues_quarterly,2024-07-01,1.0
Runtime Verification,GITHUB_avg_prs_time_to_merge_quarterly,2024-07-01,0.0
Redstone Finance,GITHUB_avg_prs_time_to_merge_quarterly,2024-07-01,0.0
Remix IDE plugin for Arbitrum Stylus,GITHUB_avg_prs_time_to_merge_quarterly,2024-07-01,0.0
Open Source Observer,GITHUB_avg_prs_time_to_merge_quarterly,2024-07-01,0.0
Trail of Bits Security Reviews,GITHUB_avg_prs_time_to_merge_quarterly,2024-07-01,0.0
Pyth Network,GITHUB_avg_time_to_first_response_quarterly,2024-07-01,50493.18461538461
Passport XYZ,GITHUB_avg_time_to_first_response_quarterly,2024-07-01,9128.763636363636
Remix IDE plugin for Arbitrum Stylus,GITHUB_avg_prs_time_to_merge_biannually,2024-07-01,0.0
Walnut,GITHUB_avg_time_to_first_response_quarterly,2024-07-01,2712.4
Runtime Verification,GITHUB_avg_time_to_first_response_quarterly,2024-07-01,3420317.364431487
Runtime Verification,GITHUB_avg_prs_time_to_merge_biannually,2024-07-01,0.0
Trail of Bits Security Reviews,GITHUB_avg_time_to_first_response_biannually,2024-07-01,1126829.3964497042
Pyth Network,GITHUB_avg_time_to_first_response_biannually,2024-07-01,50493.18461538461
Walnut,GITHUB_avg_time_to_first_response_biannually,2024-07-01,2712.4
Open Source Observer,GITHUB_change_in_active_contributors_monthly,2024-07-01,33.0
Arbos Foundry,GITHUB_change_in_full_time_contributors_monthly,2024-07-01,0.0
Arbos Foundry,GITHUB_change_in_new_contributors_monthly,2024-07-01,0.0
Arbos Foundry,GITHUB_churned_contributors_monthly,2024-07-01,0.0
Arbos Foundry,GITHUB_change_in_active_contributors_monthly,2024-07-01,0.0
Trail of Bits Security Reviews,GITHUB_change_in_new_contributors_quarterly,2024-07-01,-6.0
Redstone Finance,GITHUB_change_in_full_time_contributors_quarterly,2024-07-01,0.0
Passport XYZ,GITHUB_churned_contributors_quarterly,2024-07-01,-7.0
Enclave,GITHUB_change_in_full_time_contributors_monthly,2024-07-01,0.0
Enclave,GITHUB_change_in_new_contributors_monthly,2024-07-01,2.0
Trail of Bits Security Reviews,GITHUB_churned_contributors_monthly,2024-07-01,-29.0
thirdweb,GITHUB_change_in_full_time_contributors_biannually,2024-07-01,0.0
Pyth Network,GITHUB_churned_contributors_biannually,2024-07-01,-16.0
Passport XYZ,GITHUB_change_in_full_time_contributors_biannually,2024-07-01,0.0
Passport XYZ,GITHUB_change_in_active_contributors_biannually,2024-07-01,-1.0
Remix IDE plugin for Arbitrum Stylus,GITHUB_change_in_new_contributors_biannually,2024-07-01,0.0
Enclave,GITHUB_churned_contributors_biannually,2024-07-01,1.0
Trail of Bits Security Reviews,GITHUB_churned_contributors_biannually,2024-07-01,-29.0
Trail of Bits Security Reviews,GITHUB_change_in_active_contributors_biannually,2024-07-01,-8.0
Redstone Finance,GITHUB_change_in_new_contributors_biannually,2024-07-01,-4.0
Redstone Finance,GITHUB_change_in_active_contributors_biannually,2024-07-01,-5.0
Redstone Finance,GITHUB_change_in_full_time_contributors_biannually,2024-07-01,0.0
Remix IDE plugin for Arbitrum Stylus,GITHUB_change_in_new_contributors_quarterly,2024-07-01,0.0
Remix IDE plugin for Arbitrum Stylus,GITHUB_churned_contributors_quarterly,2024-07-01,0.0
Debid - Fairblock,GITHUB_churned_contributors_quarterly,2024-07-01,-29.0
Debid - Fairblock,GITHUB_change_in_full_time_contributors_monthly,2024-07-01,0.0
Debid - Fairblock,GITHUB_change_in_new_contributors_monthly,2024-07-01,-14.0
Remix IDE plugin for Arbitrum Stylus,GITHUB_change_in_full_time_contributors_monthly,2024-07-01,0.0
Arbos Foundry,GITHUB_change_in_new_contributors_quarterly,2024-07-01,0.0
Open Source Observer,GITHUB_change_in_new_contributors_biannually,2024-07-01,32.0
Arbos Foundry,GITHUB_change_in_new_contributors_biannually,2024-07-01,0.0
Arbos Foundry,GITHUB_churned_contributors_biannually,2024-07-01,0.0
thirdweb,GITHUB_comments_daily,2024-11-21,55.0
Redstone Finance,GITHUB_comments_daily,2024-11-21,1.0
Runtime Verification,GITHUB_comments_daily,2024-11-21,20.0
Trail of Bits Security Reviews,GITHUB_comments_daily,2024-11-21,7.0
thirdweb,GITHUB_commits_daily,2024-11-21,4.0
Redstone Finance,GITHUB_commits_daily,2024-11-21,5.0
Open Source Observer,GITHUB_commits_daily,2024-11-21,5.0
thirdweb,GITHUB_stars_daily,2024-11-21,2.0
Trail of Bits Security Reviews,GITHUB_forks_daily,2024-11-21,1.0
Open Source Observer,GITHUB_repositories_daily,2024-11-21,4.0
Open Source Observer,GITHUB_active_developers_daily,2024-11-21,2.0
Pyth Network,GITHUB_opened_pull_requests_daily,2024-11-21,11.0
Redstone Finance,GITHUB_opened_pull_requests_daily,2024-11-21,1.0
Open Source Observer,GITHUB_merged_pull_requests_daily,2024-11-21,5.0
Trail of Bits Security Reviews,GITHUB_merged_pull_requests_daily,2024-11-21,2.0
thirdweb,GITHUB_opened_issues_daily,2024-11-21,1.0
Trail of Bits Security Reviews,GITHUB_closed_issues_daily,2024-11-21,1.0
Open Source Observer,GITHUB_closed_issues_daily,2024-11-21,2.0
Trail of Bits Security Reviews,GITHUB_comments_daily,2024-08-25,5.0
thirdweb,GITHUB_stars_daily,2024-08-25,2.0
Runtime Verification,GITHUB_repositories_daily,2024-08-25,5.0
Runtime Verification,GITHUB_contributors_daily,2024-08-25,4.0
Redstone Finance,GITHUB_contributors_daily,2024-08-25,1.0
thirdweb,GITHUB_contributors_daily,2024-08-25,1.0
Runtime Verification,GITHUB_opened_pull_requests_daily,2024-08-25,1.0
Redstone Finance,GITHUB_opened_pull_requests_daily,2024-08-25,1.0
Open Source Observer,GITHUB_merged_pull_requests_daily,2024-08-25,6.0
Enclave,GITHUB_comments_daily,2025-03-21,5.0
Open Source Observer,GITHUB_comments_daily,2025-03-21,28.0
CodeTracer,GITHUB_comments_daily,2025-03-21,1.0
thirdweb,GITHUB_comments_daily,2025-03-21,29.0
Runtime Verification,GITHUB_comments_daily,2025-03-21,8.0
Passport XYZ,GITHUB_commits_daily,2025-03-21,2.0
Open Source Observer,GITHUB_repositories_daily,2025-03-21,3.0
Passport XYZ,GITHUB_repositories_daily,2025-03-21,3.0
CodeTracer,GITHUB_repositories_daily,2025-03-21,1.0
Trail of Bits Security Reviews,GITHUB_contributors_daily,2025-03-21,1.0
Redstone Finance,GITHUB_contributors_daily,2025-03-21,1.0
9Lives,GITHUB_contributors_daily,2025-03-21,2.0
Pyth Network,GITHUB_contributors_daily,2025-03-21,8.0
Walnut,GITHUB_contributors_daily,2025-03-21,3.0
thirdweb,GITHUB_active_developers_daily,2025-03-21,2.0
Runtime Verification,GITHUB_active_developers_daily,2025-03-21,1.0
Walnut,GITHUB_opened_pull_requests_daily,2025-03-21,2.0
Trail of Bits Security Reviews,GITHUB_opened_pull_requests_daily,2025-03-21,2.0
Trail of Bits Security Reviews,GITHUB_merged_pull_requests_daily,2025-03-21,1.0
Pyth Network,GITHUB_merged_pull_requests_daily,2025-03-21,3.0
Runtime Verification,GITHUB_merged_pull_requests_daily,2025-03-21,4.0
thirdweb,GITHUB_comments_daily,2024-07-11,107.0
Trail of Bits Security Reviews,GITHUB_forks_daily,2024-07-11,1.0
Trail of Bits Security Reviews,GITHUB_repositories_daily,2024-07-11,14.0
Redstone Finance,GITHUB_contributors_daily,2024-07-11,1.0
Trail of Bits Security Reviews,GITHUB_active_developers_daily,2024-07-11,6.0
Runtime Verification,GITHUB_opened_pull_requests_daily,2024-07-11,9.0
Pyth Network,GITHUB_merged_pull_requests_daily,2024-07-11,4.0
Trail of Bits Security Reviews,GITHUB_opened_issues_daily,2024-07-11,3.0
Trail of Bits Security Reviews,GITHUB_closed_issues_daily,2024-07-11,2.0
thirdweb,GITHUB_comments_daily,2024-02-29,37.0
Open Source Observer,GITHUB_stars_daily,2024-02-29,2.0
thirdweb,GITHUB_stars_daily,2024-02-29,5.0
Trail of Bits Security Reviews,GITHUB_stars_daily,2024-02-29,21.0
Pyth Network,GITHUB_commits_daily,2024-02-29,6.0
Runtime Verification,GITHUB_releases_daily,2024-02-29,9.0
Debid - Fairblock,GITHUB_forks_daily,2024-02-29,1.0
Redstone Finance,GITHUB_active_developers_daily,2024-02-29,3.0
Pyth Network,GITHUB_active_developers_daily,2024-02-29,4.0
Runtime Verification,GITHUB_contributors_daily,2024-02-29,11.0
thirdweb,GITHUB_contributors_daily,2024-02-29,11.0
Pyth Network,GITHUB_contributors_daily,2024-02-29,5.0
Open Source Observer,GITHUB_opened_pull_requests_daily,2024-02-29,2.0
Runtime Verification,GITHUB_opened_pull_requests_daily,2024-02-29,10.0
Pyth Network,GITHUB_opened_pull_requests_daily,2024-02-29,9.0
Runtime Verification,GITHUB_merged_pull_requests_daily,2024-02-29,17.0
Runtime Verification,GITHUB_opened_issues_daily,2024-02-29,5.0
Walnut,GITHUB_opened_issues_daily,2024-02-29,1.0
Pyth Network,GITHUB_comments_daily,2024-05-10,13.0
Open Source Observer,GITHUB_commits_daily,2024-05-10,3.0
Runtime Verification,GITHUB_commits_daily,2024-05-10,25.0
thirdweb,GITHUB_releases_daily,2024-05-10,20.0
Walnut,GITHUB_forks_daily,2024-05-10,1.0
Redstone Finance,GITHUB_repositories_daily,2024-05-10,4.0
Open Source Observer,GITHUB_repositories_daily,2024-05-10,1.0
thirdweb,GITHUB_repositories_daily,2024-05-10,8.0
Walnut,GITHUB_contributors_daily,2024-05-10,1.0
Trail of Bits Security Reviews,GITHUB_contributors_daily,2024-05-10,5.0
thirdweb,GITHUB_opened_pull_requests_daily,2024-05-10,34.0
Runtime Verification,GITHUB_opened_pull_requests_daily,2024-05-10,5.0
thirdweb,GITHUB_merged_pull_requests_daily,2024-05-10,27.0
Open Source Observer,GITHUB_merged_pull_requests_daily,2024-05-10,3.0
thirdweb,GITHUB_opened_issues_daily,2024-05-10,3.0
Trail of Bits Security Reviews,GITHUB_closed_issues_daily,2024-05-10,2.0
Walnut,GITHUB_closed_issues_daily,2024-05-10,1.0
Open Source Observer,GITHUB_comments_daily,2024-02-12,7.0
Trail of Bits Security Reviews,GITHUB_comments_daily,2024-02-12,13.0
Runtime Verification,GITHUB_comments_daily,2024-02-12,10.0
Pyth Network,GITHUB_stars_daily,2024-02-12,4.0
thirdweb,GITHUB_stars_weekly,2024-02-12,17.0
Debid - Fairblock,GITHUB_stars_weekly,2024-02-12,1.0
Pyth Network,GITHUB_stars_weekly,2024-02-12,20.0
Redstone Finance,GITHUB_stars_weekly,2024-02-12,6.0
Walnut,GITHUB_stars_weekly,2024-02-12,2.0
Debid - Fairblock,GITHUB_commits_daily,2024-02-12,1.0
Open Source Observer,GITHUB_commits_daily,2024-02-12,5.0
Redstone Finance,GITHUB_commits_daily,2024-02-12,4.0
Trail of Bits Security Reviews,GITHUB_commits_daily,2024-02-12,7.0
Pyth Network,GITHUB_commits_weekly,2024-02-12,33.0
Debid - Fairblock,GITHUB_commits_weekly,2024-02-12,3.0
Redstone Finance,GITHUB_commits_weekly,2024-02-12,22.0
Remix IDE plugin for Arbitrum Stylus,GITHUB_commits_weekly,2024-02-12,1.0
Debid - Fairblock,GITHUB_comments_weekly,2024-02-12,7.0
Pyth Network,GITHUB_forks_daily,2024-02-12,3.0
Walnut,GITHUB_repositories_weekly,2024-02-12,1.0
Syndicate Protocol,GITHUB_repositories_weekly,2024-02-12,1.0
Runtime Verification,GITHUB_repositories_weekly,2024-02-12,18.0
thirdweb,GITHUB_repositories_weekly,2024-02-12,33.0
Trail of Bits Security Reviews,GITHUB_contributors_weekly,2024-02-12,11.0
Redstone Finance,GITHUB_contributors_weekly,2024-02-12,3.0
Trail of Bits Security Reviews,GITHUB_contributors_daily,2024-02-12,6.0
thirdweb,GITHUB_active_developers_weekly,2024-02-12,14.0
Open Source Observer,GITHUB_active_developers_weekly,2024-02-12,3.0
Pyth Network,GITHUB_active_developers_weekly,2024-02-12,6.0
Arbos Foundry,GITHUB_active_developers_daily,2024-02-12,1.0
Runtime Verification,GITHUB_active_developers_daily,2024-02-12,2.0
Debid - Fairblock,GITHUB_active_developers_daily,2024-02-12,1.0
Runtime Verification,GITHUB_opened_pull_requests_weekly,2024-02-12,72.0
Walnut,GITHUB_opened_pull_requests_weekly,2024-02-12,10.0
Trail of Bits Security Reviews,GITHUB_opened_pull_requests_weekly,2024-02-12,41.0
Pyth Network,GITHUB_merged_pull_requests_weekly,2024-02-12,36.0
Open Source Observer,GITHUB_merged_pull_requests_weekly,2024-02-12,33.0
thirdweb,GITHUB_merged_pull_requests_weekly,2024-02-12,63.0
Pyth Network,GITHUB_merged_pull_requests_daily,2024-02-12,3.0
Runtime Verification,GITHUB_merged_pull_requests_daily,2024-02-12,7.0
Trail of Bits Security Reviews,GITHUB_merged_pull_requests_daily,2024-02-12,3.0
Open Source Observer,GITHUB_opened_issues_weekly,2024-02-12,17.0
Walnut,GITHUB_opened_issues_daily,2024-02-12,3.0
Pyth Network,GITHUB_closed_issues_weekly,2024-02-12,2.0
Trail of Bits Security Reviews,GITHUB_comments_daily,2024-12-29,6.0
Enclave,GITHUB_stars_daily,2024-12-29,1.0
Passport XYZ,GITHUB_stars_daily,2024-12-29,2.0
Trail of Bits Security Reviews,GITHUB_commits_daily,2024-12-29,6.0
Runtime Verification,GITHUB_commits_daily,2024-12-29,5.0
Pyth Network,GITHUB_forks_daily,2024-12-29,2.0
thirdweb,GITHUB_repositories_daily,2024-12-29,5.0
Passport XYZ,GITHUB_repositories_daily,2024-12-29,1.0
Solang,GITHUB_repositories_daily,2024-12-29,1.0
Enclave,GITHUB_repositories_daily,2024-12-29,1.0
Redstone Finance,GITHUB_repositories_daily,2024-12-29,1.0
Trail of Bits Security Reviews,GITHUB_merged_pull_requests_daily,2024-12-29,6.0
thirdweb,GITHUB_merged_pull_requests_daily,2024-12-29,1.0
thirdweb,GITHUB_contributors_daily,2024-12-29,3.0
Enclave,GITHUB_contributors_daily,2024-12-29,1.0
Runtime Verification,GITHUB_active_developers_daily,2024-12-29,2.0
Open Source Observer,GITHUB_active_developers_daily,2024-12-29,1.0
Redstone Finance,GITHUB_opened_pull_requests_daily,2024-12-29,1.0
Trail of Bits Security Reviews,GITHUB_closed_issues_daily,2024-12-29,1.0
Open Source Observer,GITHUB_comments_daily,2024-11-30,4.0
Trail of Bits Security Reviews,GITHUB_commits_daily,2024-11-30,10.0
Runtime Verification,GITHUB_forks_daily,2024-11-30,1.0
Pyth Network,GITHUB_forks_daily,2024-11-30,1.0
Runtime Verification,GITHUB_repositories_daily,2024-11-30,2.0
Trail of Bits Security Reviews,GITHUB_active_developers_daily,2024-11-30,2.0
Enclave,GITHUB_merged_pull_requests_daily,2024-11-30,1.0
Trail of Bits Security Reviews,GITHUB_merged_pull_requests_daily,2024-11-30,10.0
thirdweb,GITHUB_opened_pull_requests_daily,2024-11-30,1.0
Pyth Network,GITHUB_opened_pull_requests_daily,2024-11-30,2.0
Open Source Observer,GITHUB_opened_issues_daily,2024-11-30,1.0
Solang,GITHUB_opened_issues_daily,2024-11-30,2.0
thirdweb,GITHUB_comments_daily,2024-06-06,33.0
Trail of Bits Security Reviews,GITHUB_stars_daily,2024-06-06,8.0
Trail of Bits Security Reviews,GITHUB_commits_daily,2024-06-06,12.0
Runtime Verification,GITHUB_commits_daily,2024-06-06,28.0
Runtime Verification,GITHUB_forks_daily,2024-06-06,1.0
Pyth Network,GITHUB_repositories_daily,2024-06-06,5.0
Redstone Finance,GITHUB_repositories_daily,2024-06-06,1.0
Runtime Verification,GITHUB_repositories_daily,2024-06-06,8.0
Redstone Finance,GITHUB_contributors_daily,2024-06-06,1.0
Trail of Bits Security Reviews,GITHUB_active_developers_daily,2024-06-06,2.0
Pyth Network,GITHUB_merged_pull_requests_daily,2024-06-06,12.0
Open Source Observer,GITHUB_closed_issues_daily,2024-06-06,1.0
thirdweb,GITHUB_comments_daily,2024-02-03,3.0
Trail of Bits Security Reviews,GITHUB_comments_daily,2024-02-03,2.0
Trail of Bits Security Reviews,GITHUB_commits_daily,2024-02-03,3.0
Trail of Bits Security Reviews,GITHUB_opened_pull_requests_daily,2024-02-03,3.0
Remix IDE plugin for Arbitrum Stylus,GITHUB_comments_daily,2024-10-27,1.0
Trail of Bits Security Reviews,GITHUB_stars_daily,2024-10-27,11.0
Trail of Bits Security Reviews,GITHUB_commits_daily,2024-10-27,1.0
Pyth Network,GITHUB_commits_daily,2024-10-27,1.0
Pyth Network,GITHUB_forks_daily,2024-10-27,2.0
Trail of Bits Security Reviews,GITHUB_forks_daily,2024-10-27,1.0
Passport XYZ,GITHUB_forks_daily,2024-10-27,2.0
Open Source Observer,GITHUB_repositories_daily,2024-10-27,3.0
Pyth Network,GITHUB_contributors_daily,2024-10-27,1.0
Debid - Fairblock,GITHUB_active_developers_daily,2024-10-27,1.0
Pyth Network,GITHUB_opened_pull_requests_daily,2024-10-27,2.0
Pyth Network,GITHUB_merged_pull_requests_daily,2024-10-27,1.0
Debid - Fairblock,GITHUB_merged_pull_requests_daily,2024-10-27,1.0
Passport XYZ,GITHUB_comments_daily,2024-09-05,2.0
Walnut,GITHUB_comments_daily,2024-09-05,1.0
Passport XYZ,GITHUB_commits_daily,2024-09-05,2.0
Open Source Observer,GITHUB_commits_daily,2024-09-05,13.0
Runtime Verification,GITHUB_forks_daily,2024-09-05,2.0
Passport XYZ,GITHUB_repositories_daily,2024-09-05,1.0
Pyth Network,GITHUB_repositories_daily,2024-09-05,3.0
Trail of Bits Security Reviews,GITHUB_active_developers_daily,2024-09-05,2.0
Passport XYZ,GITHUB_active_developers_daily,2024-09-05,1.0
Remix IDE plugin for Arbitrum Stylus,GITHUB_active_developers_daily,2024-09-05,1.0
Enclave,GITHUB_merged_pull_requests_daily,2024-09-05,2.0
Syndicate Protocol,GITHUB_merged_pull_requests_daily,2024-09-05,1.0
Trail of Bits Security Reviews,GITHUB_closed_issues_daily,2024-09-05,1.0
Open Source Observer,GITHUB_closed_issues_daily,2024-09-05,6.0
thirdweb,GITHUB_comments_daily,2024-11-15,109.0
Enclave,GITHUB_stars_daily,2024-11-15,1.0
Trail of Bits Security Reviews,GITHUB_commits_daily,2024-11-15,5.0
Passport XYZ,GITHUB_releases_daily,2024-11-15,2.0
Enclave,GITHUB_repositories_daily,2024-11-15,1.0
Redstone Finance,GITHUB_repositories_daily,2024-11-15,1.0
Walnut,GITHUB_contributors_daily,2024-11-15,2.0
Redstone Finance,GITHUB_contributors_daily,2024-11-15,1.0
Open Source Observer,GITHUB_active_developers_daily,2024-11-15,1.0
Trail of Bits Security Reviews,GITHUB_active_developers_daily,2024-11-15,4.0
Runtime Verification,GITHUB_opened_pull_requests_daily,2024-11-15,3.0
Walnut,GITHUB_opened_pull_requests_daily,2024-11-15,1.0
Trail of Bits Security Reviews,GITHUB_opened_pull_requests_daily,2024-11-15,4.0
Trail of Bits Security Reviews,GITHUB_merged_pull_requests_daily,2024-11-15,3.0
Walnut,GITHUB_merged_pull_requests_daily,2024-11-15,1.0
Trail of Bits Security Reviews,GITHUB_opened_issues_daily,2024-11-15,2.0
Passport XYZ,GITHUB_closed_issues_daily,2024-11-15,4.0
Runtime Verification,GITHUB_comments_daily,2024-04-25,45.0
thirdweb,GITHUB_commits_daily,2024-04-25,21.0
Open Source Observer,GITHUB_commits_daily,2024-04-25,4.0
Runtime Verification,GITHUB_commits_daily,2024-04-25,18.0
Trail of Bits Security Reviews,GITHUB_forks_daily,2024-04-25,5.0
Pyth Network,GITHUB_forks_daily,2024-04-25,1.0
Runtime Verification,GITHUB_repositories_daily,2024-04-25,8.0
Pyth Network,GITHUB_repositories_daily,2024-04-25,7.0
Pyth Network,GITHUB_contributors_daily,2024-04-25,12.0
thirdweb,GITHUB_opened_pull_requests_daily,2024-04-25,21.0
Runtime Verification,GITHUB_opened_pull_requests_daily,2024-04-25,10.0
Open Source Observer,GITHUB_opened_pull_requests_daily,2024-04-25,6.0
Open Source Observer,GITHUB_merged_pull_requests_daily,2024-04-25,4.0
thirdweb,GITHUB_merged_pull_requests_daily,2024-04-25,22.0
Syndicate Protocol,GITHUB_merged_pull_requests_daily,2024-04-25,1.0
Walnut,GITHUB_forks_weekly,2025-03-31,1.0
Trail of Bits Security Reviews,GITHUB_forks_weekly,2025-03-31,16.0
Pyth Network,GITHUB_forks_weekly,2025-03-31,3.0
thirdweb,GITHUB_comments_daily,2025-03-31,76.0
Pyth Network,GITHUB_comments_daily,2025-03-31,19.0
Sylow,GITHUB_stars_daily,2025-03-31,1.0
Solang,GITHUB_stars_daily,2025-03-31,1.0
Walnut,GITHUB_comments_daily,2025-03-31,1.0
thirdweb,GITHUB_commits_daily,2025-03-31,9.0
CodeTracer,GITHUB_commits_daily,2025-03-31,8.0
Trail of Bits Security Reviews,GITHUB_stars_weekly,2025-03-31,64.0
Redstone Finance,GITHUB_stars_weekly,2025-03-31,1.0
thirdweb,GITHUB_releases_weekly,2025-03-31,14.0
Trail of Bits Security Reviews,GITHUB_releases_weekly,2025-03-31,2.0
CodeTracer,GITHUB_commits_weekly,2025-03-31,9.0
Redstone Finance,GITHUB_commits_weekly,2025-03-31,41.0
Remix IDE plugin for Arbitrum Stylus,GITHUB_commits_weekly,2025-03-31,7.0
Open Source Observer,GITHUB_commits_weekly,2025-03-31,61.0
Passport XYZ,GITHUB_commits_weekly,2025-03-31,30.0
Walnut,GITHUB_commits_weekly,2025-03-31,47.0
9Lives,GITHUB_commits_weekly,2025-03-31,2.0
Walnut,GITHUB_comments_weekly,2025-03-31,5.0
Passport XYZ,GITHUB_comments_weekly,2025-03-31,20.0
thirdweb,GITHUB_comments_weekly,2025-03-31,425.0
Passport XYZ,GITHUB_repositories_daily,2025-03-31,3.0
Trail of Bits Security Reviews,GITHUB_repositories_daily,2025-03-31,16.0
Walnut,GITHUB_repositories_daily,2025-03-31,3.0
Solang,GITHUB_repositories_daily,2025-03-31,1.0
thirdweb,GITHUB_repositories_daily,2025-03-31,2.0
thirdweb,GITHUB_repositories_weekly,2025-03-31,9.0
Remix IDE plugin for Arbitrum Stylus,GITHUB_repositories_weekly,2025-03-31,1.0
Moving Stylus,GITHUB_repositories_weekly,2025-03-31,2.0
CoBuilders,GITHUB_repositories_weekly,2025-03-31,1.0
Passport XYZ,GITHUB_repositories_weekly,2025-03-31,7.0
Open Source Observer,GITHUB_forks_daily,2025-03-31,1.0
Walnut,GITHUB_contributors_daily,2025-03-31,3.0
Redstone Finance,GITHUB_contributors_daily,2025-03-31,1.0
Trail of Bits Security Reviews,GITHUB_contributors_daily,2025-03-31,10.0
Trail of Bits Security Reviews,GITHUB_contributors_weekly,2025-03-31,30.0
Remix IDE plugin for Arbitrum Stylus,GITHUB_contributors_weekly,2025-03-31,1.0
thirdweb,GITHUB_active_developers_daily,2025-03-31,3.0
Moving Stylus,GITHUB_active_developers_daily,2025-03-31,1.0
Walnut,GITHUB_active_developers_daily,2025-03-31,1.0
StylusPort,GITHUB_active_developers_weekly,2025-03-31,1.0
Trail of Bits Security Reviews,GITHUB_active_developers_weekly,2025-03-31,14.0
Walnut,GITHUB_active_developers_weekly,2025-03-31,3.0
Open Source Observer,GITHUB_active_developers_weekly,2025-03-31,6.0
Pyth Network,GITHUB_active_developers_weekly,2025-03-31,13.0
CodeTracer,GITHUB_active_developers_weekly,2025-03-31,1.0
thirdweb,GITHUB_active_developers_weekly,2025-03-31,9.0
Open Source Observer,GITHUB_opened_pull_requests_daily,2025-03-31,3.0
CodeTracer,GITHUB_opened_pull_requests_daily,2025-03-31,1.0
Trail of Bits Security Reviews,GITHUB_opened_pull_requests_weekly,2025-03-31,60.0
Walnut,GITHUB_opened_pull_requests_weekly,2025-03-31,7.0
Pyth Network,GITHUB_opened_pull_requests_weekly,2025-03-31,48.0
Remix IDE plugin for Arbitrum Stylus,GITHUB_opened_pull_requests_weekly,2025-03-31,2.0
Open Source Observer,GITHUB_opened_pull_requests_weekly,2025-03-31,37.0
Open Source Observer,GITHUB_merged_pull_requests_daily,2025-03-31,5.0
9Lives,GITHUB_merged_pull_requests_weekly,2025-03-31,3.0
Trail of Bits Security Reviews,GITHUB_merged_pull_requests_weekly,2025-03-31,35.0
Runtime Verification,GITHUB_opened_issues_weekly,2025-03-31,10.0
Pyth Network,GITHUB_opened_issues_weekly,2025-03-31,1.0
Passport XYZ,GITHUB_closed_issues_daily,2025-03-31,4.0
Passport XYZ,GITHUB_closed_issues_weekly,2025-03-31,9.0
Trail of Bits Security Reviews,GITHUB_closed_issues_weekly,2025-03-31,5.0
Open Source Observer,GITHUB_closed_issues_weekly,2025-03-31,26.0
Redstone Finance,GITHUB_comments_daily,2024-11-20,2.0
Trail of Bits Security Reviews,GITHUB_commits_daily,2024-11-20,7.0
Pyth Network,GITHUB_commits_daily,2024-11-20,6.0
Passport XYZ,GITHUB_repositories_daily,2024-11-20,3.0
Pyth Network,GITHUB_repositories_daily,2024-11-20,3.0
thirdweb,GITHUB_merged_pull_requests_daily,2024-11-20,8.0
Remix IDE plugin for Arbitrum Stylus,GITHUB_merged_pull_requests_daily,2024-11-20,3.0
Trail of Bits Security Reviews,GITHUB_merged_pull_requests_daily,2024-11-20,4.0
Remix IDE plugin for Arbitrum Stylus,GITHUB_contributors_daily,2024-11-20,1.0
Pyth Network,GITHUB_contributors_daily,2024-11-20,7.0
Passport XYZ,GITHUB_active_developers_daily,2024-11-20,1.0
Debid - Fairblock,GITHUB_active_developers_daily,2024-11-20,2.0
Redstone Finance,GITHUB_active_developers_daily,2024-11-20,2.0
Runtime Verification,GITHUB_opened_pull_requests_daily,2024-11-20,6.0
Open Source Observer,GITHUB_opened_pull_requests_daily,2024-11-20,4.0
Passport XYZ,GITHUB_opened_pull_requests_daily,2024-11-20,3.0
Trail of Bits Security Reviews,GITHUB_opened_pull_requests_daily,2024-11-20,2.0
thirdweb,GITHUB_opened_issues_daily,2024-11-20,2.0
Passport XYZ,GITHUB_opened_issues_daily,2024-11-20,2.0
Open Source Observer,GITHUB_opened_issues_daily,2024-11-20,8.0
Open Source Observer,GITHUB_closed_issues_daily,2024-11-20,1.0
Trail of Bits Security Reviews,GITHUB_comments_daily,2025-04-03,39.0
Runtime Verification,GITHUB_comments_daily,2025-04-03,10.0
thirdweb,GITHUB_comments_daily,2025-04-03,76.0
Walnut,GITHUB_commits_daily,2025-04-03,13.0
Redstone Finance,GITHUB_commits_daily,2025-04-03,7.0
thirdweb,GITHUB_commits_daily,2025-04-03,11.0
Runtime Verification,GITHUB_commits_daily,2025-04-03,11.0
Trail of Bits Security Reviews,GITHUB_repositories_daily,2025-04-03,20.0
Passport XYZ,GITHUB_repositories_daily,2025-04-03,4.0
Redstone Finance,GITHUB_repositories_daily,2025-04-03,2.0
Open Source Observer,GITHUB_forks_daily,2025-04-03,1.0
Debid - Fairblock,GITHUB_forks_daily,2025-04-03,4.0
Passport XYZ,GITHUB_contributors_daily,2025-04-03,2.0
thirdweb,GITHUB_contributors_daily,2025-04-03,7.0
Walnut,GITHUB_active_developers_daily,2025-04-03,2.0
Trail of Bits Security Reviews,GITHUB_active_developers_daily,2025-04-03,7.0
StylusPort,GITHUB_active_developers_daily,2025-04-03,1.0
Open Source Observer,GITHUB_opened_pull_requests_daily,2025-04-03,6.0
Runtime Verification,GITHUB_merged_pull_requests_daily,2025-04-03,6.0
Open Source Observer,GITHUB_merged_pull_requests_daily,2025-04-03,5.0
Pyth Network,GITHUB_merged_pull_requests_daily,2025-04-03,7.0
thirdweb,GITHUB_merged_pull_requests_daily,2025-04-03,10.0
Passport XYZ,GITHUB_opened_issues_daily,2025-04-03,3.0
Trail of Bits Security Reviews,GITHUB_closed_issues_daily,2025-04-03,2.0
Pyth Network,GITHUB_comments_daily,2024-02-10,1.0
thirdweb,GITHUB_comments_daily,2024-02-10,23.0
Trail of Bits Security Reviews,GITHUB_stars_daily,2024-02-10,11.0
Open Source Observer,GITHUB_repositories_daily,2024-02-10,2.0
Pyth Network,GITHUB_repositories_daily,2024-02-10,2.0
Runtime Verification,GITHUB_repositories_daily,2024-02-10,4.0
Runtime Verification,GITHUB_merged_pull_requests_daily,2024-02-10,1.0
Trail of Bits Security Reviews,GITHUB_opened_issues_daily,2024-02-10,2.0
thirdweb,GITHUB_closed_issues_daily,2024-02-10,1.0
thirdweb,GITHUB_comments_daily,2024-12-24,26.0
Walnut,GITHUB_comments_daily,2024-12-24,8.0
Trail of Bits Security Reviews,GITHUB_comments_daily,2024-12-24,1.0
Passport XYZ,GITHUB_stars_daily,2024-12-24,4.0
Debid - Fairblock,GITHUB_commits_daily,2024-12-24,1.0
thirdweb,GITHUB_commits_daily,2024-12-24,1.0
Open Source Observer,GITHUB_forks_daily,2024-12-24,1.0
thirdweb,GITHUB_repositories_daily,2024-12-24,2.0
Passport XYZ,GITHUB_repositories_daily,2024-12-24,1.0
Open Source Observer,GITHUB_repositories_daily,2024-12-24,3.0
Trail of Bits Security Reviews,GITHUB_contributors_daily,2024-12-24,2.0
Open Source Observer,GITHUB_contributors_daily,2024-12-24,4.0
Debid - Fairblock,GITHUB_active_developers_daily,2024-12-24,1.0
Moving Stylus,GITHUB_opened_pull_requests_daily,2024-12-24,1.0
Walnut,GITHUB_opened_pull_requests_daily,2024-12-24,1.0
Runtime Verification,GITHUB_opened_pull_requests_daily,2024-12-24,2.0
Pyth Network,GITHUB_opened_pull_requests_daily,2024-12-24,1.0
Runtime Verification,GITHUB_stars_weekly,2024-12-30,4.0
thirdweb,GITHUB_stars_weekly,2024-12-30,6.0
Open Source Observer,GITHUB_stars_weekly,2024-12-30,4.0
Trail of Bits Security Reviews,GITHUB_commits_daily,2024-12-30,4.0
Pyth Network,GITHUB_commits_daily,2024-12-30,11.0
Pyth Network,GITHUB_releases_weekly,2024-12-30,2.0
Trail of Bits Security Reviews,GITHUB_releases_weekly,2024-12-30,1.0
Open Source Observer,GITHUB_commits_weekly,2024-12-30,8.0
Redstone Finance,GITHUB_commits_weekly,2024-12-30,31.0
thirdweb,GITHUB_commits_weekly,2024-12-30,35.0
Walnut,GITHUB_comments_weekly,2024-12-30,15.0
Moving Stylus,GITHUB_repositories_weekly,2024-12-30,1.0
Solang,GITHUB_forks_daily,2024-12-30,2.0
Redstone Finance,GITHUB_repositories_daily,2024-12-30,2.0
Trail of Bits Security Reviews,GITHUB_repositories_daily,2024-12-30,10.0
Runtime Verification,GITHUB_contributors_weekly,2024-12-30,3.0
Redstone Finance,GITHUB_contributors_weekly,2024-12-30,6.0
Passport XYZ,GITHUB_contributors_weekly,2024-12-30,2.0
Walnut,GITHUB_active_developers_weekly,2024-12-30,4.0
Pyth Network,GITHUB_active_developers_weekly,2024-12-30,5.0
Runtime Verification,GITHUB_active_developers_weekly,2024-12-30,1.0
thirdweb,GITHUB_active_developers_weekly,2024-12-30,5.0
Enclave,GITHUB_contributors_daily,2024-12-30,2.0
Open Source Observer,GITHUB_contributors_daily,2024-12-30,1.0
Trail of Bits Security Reviews,GITHUB_active_developers_daily,2024-12-30,3.0
Open Source Observer,GITHUB_opened_pull_requests_daily,2024-12-30,1.0
Pyth Network,GITHUB_opened_pull_requests_daily,2024-12-30,3.0
Enclave,GITHUB_opened_pull_requests_daily,2024-12-30,5.0
Trail of Bits Security Reviews,GITHUB_opened_pull_requests_daily,2024-12-30,11.0
Trail of Bits Security Reviews,GITHUB_opened_pull_requests_weekly,2024-12-30,23.0
Redstone Finance,GITHUB_opened_pull_requests_weekly,2024-12-30,3.0
Moving Stylus,GITHUB_opened_pull_requests_weekly,2024-12-30,1.0
Pyth Network,GITHUB_opened_pull_requests_weekly,2024-12-30,15.0
Open Source Observer,GITHUB_merged_pull_requests_daily,2024-12-30,1.0
Trail of Bits Security Reviews,GITHUB_merged_pull_requests_daily,2024-12-30,3.0
Enclave,GITHUB_merged_pull_requests_weekly,2024-12-30,11.0
Walnut,GITHUB_merged_pull_requests_weekly,2024-12-30,4.0
Runtime Verification,GITHUB_opened_issues_weekly,2024-12-30,1.0
Enclave,GITHUB_opened_issues_weekly,2024-12-30,5.0
thirdweb,GITHUB_closed_issues_weekly,2024-12-30,2.0
Open Source Observer,GITHUB_closed_issues_weekly,2024-12-30,6.0
Enclave,GITHUB_closed_issues_weekly,2024-12-30,11.0
thirdweb,GITHUB_comments_daily,2024-04-17,77.0
thirdweb,GITHUB_stars_daily,2024-04-17,2.0
Trail of Bits Security Reviews,GITHUB_forks_daily,2024-04-17,1.0
thirdweb,GITHUB_repositories_daily,2024-04-17,8.0
Runtime Verification,GITHUB_repositories_daily,2024-04-17,11.0
Trail of Bits Security Reviews,GITHUB_repositories_daily,2024-04-17,8.0
Pyth Network,GITHUB_merged_pull_requests_daily,2024-04-17,12.0
Redstone Finance,GITHUB_active_developers_daily,2024-04-17,2.0
Open Source Observer,GITHUB_contributors_daily,2024-04-17,3.0
thirdweb,GITHUB_contributors_daily,2024-04-17,13.0
Trail of Bits Security Reviews,GITHUB_opened_issues_daily,2024-04-17,4.0
Open Source Observer,GITHUB_closed_issues_daily,2024-04-17,1.0
Trail of Bits Security Reviews,GITHUB_comments_daily,2024-08-22,14.0
Open Source Observer,GITHUB_commits_daily,2024-08-22,3.0
Pyth Network,GITHUB_commits_daily,2024-08-22,4.0
Runtime Verification,GITHUB_commits_daily,2024-08-22,28.0
Walnut,GITHUB_repositories_daily,2024-08-22,1.0
Redstone Finance,GITHUB_repositories_daily,2024-08-22,3.0
thirdweb,GITHUB_repositories_daily,2024-08-22,2.0
Runtime Verification,GITHUB_repositories_daily,2024-08-22,8.0
Redstone Finance,GITHUB_contributors_daily,2024-08-22,5.0
Enclave,GITHUB_contributors_daily,2024-08-22,1.0
Passport XYZ,GITHUB_contributors_daily,2024-08-22,5.0
thirdweb,GITHUB_active_developers_daily,2024-08-22,3.0
Redstone Finance,GITHUB_active_developers_daily,2024-08-22,3.0
Walnut,GITHUB_active_developers_daily,2024-08-22,1.0
Open Source Observer,GITHUB_opened_pull_requests_daily,2024-08-22,5.0
Redstone Finance,GITHUB_opened_pull_requests_daily,2024-08-22,1.0
Runtime Verification,GITHUB_opened_pull_requests_daily,2024-08-22,10.0
Enclave,GITHUB_merged_pull_requests_daily,2024-08-22,3.0
Trail of Bits Security Reviews,GITHUB_merged_pull_requests_daily,2024-08-22,1.0
Runtime Verification,GITHUB_closed_issues_daily,2024-08-22,2.0
CodeTracer,GITHUB_part_time_contributors_quarterly,2025-03-01,7.0
Solang,GITHUB_part_time_contributors_quarterly,2025-03-01,5.0
Passport XYZ,GITHUB_active_contributors_quarterly,2025-03-01,6.0
Runtime Verification,GITHUB_new_contributors_quarterly,2025-03-01,3.0
Passport XYZ,GITHUB_part_time_contributors_quarterly,2025-03-01,6.0
Runtime Verification,GITHUB_active_contributors_quarterly,2025-03-01,27.0
Enclave,GITHUB_part_time_contributors_quarterly,2025-03-01,5.0
Debid - Fairblock,GITHUB_part_time_contributors_quarterly,2025-03-01,4.0
CoBuilders,GITHUB_part_time_contributors_quarterly,2025-03-01,1.0
9Lives,GITHUB_part_time_contributors_quarterly,2025-03-01,5.0
Solang,GITHUB_active_contributors_quarterly,2025-03-01,5.0
Debid - Fairblock,GITHUB_active_contributors_quarterly,2025-03-01,4.0
Sylow,GITHUB_active_contributors_quarterly,2025-03-01,3.0
thirdweb,GITHUB_releases_quarterly,2025-03-01,49.0
CodeTracer,GITHUB_releases_quarterly,2025-03-01,7.0
Walnut,GITHUB_commits_biannually,2025-03-01,159.0
Enclave,GITHUB_commits_biannually,2025-03-01,1.0
Passport XYZ,GITHUB_commits_biannually,2025-03-01,122.0
Debid - Fairblock,GITHUB_commits_biannually,2025-03-01,8.0
Open Source Observer,GITHUB_commits_biannually,2025-03-01,287.0
Trail of Bits Security Reviews,GITHUB_commits_biannually,2025-03-01,274.0
Redstone Finance,GITHUB_commits_biannually,2025-03-01,196.0
Solang,GITHUB_commits_biannually,2025-03-01,2.0
Solang,GITHUB_active_developers_biannually,2025-03-01,1.0
Sylow,GITHUB_active_developers_biannually,2025-03-01,1.0
thirdweb,GITHUB_active_developers_biannually,2025-03-01,12.0
Trail of Bits Security Reviews,GITHUB_active_developers_biannually,2025-03-01,18.0
Trail of Bits Security Reviews,GITHUB_repositories_quarterly,2025-03-01,72.0
CodeTracer,GITHUB_repositories_quarterly,2025-03-01,1.0
Arbos Foundry,GITHUB_repositories_quarterly,2025-03-01,1.0
Moving Stylus,GITHUB_repositories_quarterly,2025-03-01,2.0
CoBuilders,GITHUB_repositories_quarterly,2025-03-01,2.0
Redstone Finance,GITHUB_repositories_quarterly,2025-03-01,9.0
Enclave,GITHUB_active_developers_quarterly,2025-03-01,1.0
Pyth Network,GITHUB_active_developers_quarterly,2025-03-01,16.0
Open Source Observer,GITHUB_active_developers_quarterly,2025-03-01,13.0
Runtime Verification,GITHUB_active_developers_quarterly,2025-03-01,16.0
Open Source Observer,GITHUB_forks_monthly,2025-03-01,14.0
Trail of Bits Security Reviews,GITHUB_stars_biannually,2025-03-01,239.0
Enclave,GITHUB_stars_biannually,2025-03-01,1.0
Sylow,GITHUB_stars_biannually,2025-03-01,6.0
Pyth Network,GITHUB_stars_biannually,2025-03-01,14.0
Open Source Observer,GITHUB_stars_biannually,2025-03-01,15.0
Arbos Foundry,GITHUB_part_time_developers_quarterly,2025-03-01,1.0
Remix IDE plugin for Arbitrum Stylus,GITHUB_part_time_developers_quarterly,2025-03-01,1.0
Passport XYZ,GITHUB_part_time_developers_quarterly,2025-03-01,3.0
Walnut,GITHUB_comments_daily,2025-03-01,4.0
Runtime Verification,GITHUB_stars_monthly,2025-03-01,31.0
thirdweb,GITHUB_stars_daily,2025-03-01,2.0
thirdweb,GITHUB_commits_daily,2025-03-01,7.0
Redstone Finance,GITHUB_stars_quarterly,2025-03-01,12.0
Debid - Fairblock,GITHUB_comments_monthly,2025-03-01,1.0
Sylow,GITHUB_comments_monthly,2025-03-01,5.0
Runtime Verification,GITHUB_comments_monthly,2025-03-01,176.0
Redstone Finance,GITHUB_commits_monthly,2025-03-01,196.0
Solang,GITHUB_commits_monthly,2025-03-01,2.0
Runtime Verification,GITHUB_commits_monthly,2025-03-01,167.0
Sylow,GITHUB_commits_monthly,2025-03-01,14.0
Enclave,GITHUB_stars_quarterly,2025-03-01,1.0
9Lives,GITHUB_stars_quarterly,2025-03-01,2.0
CodeTracer,GITHUB_comments_monthly,2025-03-01,59.0
thirdweb,GITHUB_releases_monthly,2025-03-01,49.0
Runtime Verification,GITHUB_commits_quarterly,2025-03-01,167.0
Solang,GITHUB_commits_quarterly,2025-03-01,2.0
Enclave,GITHUB_commits_quarterly,2025-03-01,1.0
Remix IDE plugin for Arbitrum Stylus,GITHUB_commits_quarterly,2025-03-01,1.0
Open Source Observer,GITHUB_commits_quarterly,2025-03-01,287.0
Redstone Finance,GITHUB_forks_biannually,2025-03-01,4.0
Trail of Bits Security Reviews,GITHUB_forks_quarterly,2025-03-01,32.0
Remix IDE plugin for Arbitrum Stylus,GITHUB_forks_biannually,2025-03-01,2.0
Open Source Observer,GITHUB_forks_biannually,2025-03-01,14.0
Pyth Network,GITHUB_forks_quarterly,2025-03-01,20.0
Debid - Fairblock,GITHUB_forks_biannually,2025-03-01,1.0
Open Source Observer,GITHUB_forks_daily,2025-03-01,1.0
Trail of Bits Security Reviews,GITHUB_repositories_daily,2025-03-01,3.0
Runtime Verification,GITHUB_repositories_daily,2025-03-01,2.0
Runtime Verification,GITHUB_repositories_biannually,2025-03-01,30.0
Passport XYZ,GITHUB_repositories_monthly,2025-03-01,5.0
Enclave,GITHUB_repositories_monthly,2025-03-01,1.0
9Lives,GITHUB_repositories_monthly,2025-03-01,1.0
Pyth Network,GITHUB_repositories_monthly,2025-03-01,16.0
thirdweb,GITHUB_repositories_biannually,2025-03-01,15.0
Solang,GITHUB_repositories_monthly,2025-03-01,1.0
Redstone Finance,GITHUB_repositories_monthly,2025-03-01,9.0
CoBuilders,GITHUB_repositories_monthly,2025-03-01,2.0
Passport XYZ,GITHUB_repositories_biannually,2025-03-01,5.0
9Lives,GITHUB_repositories_biannually,2025-03-01,1.0
Sylow,GITHUB_contributors_monthly,2025-03-01,3.0
Debid - Fairblock,GITHUB_contributors_monthly,2025-03-01,4.0
Pyth Network,GITHUB_contributors_monthly,2025-03-01,34.0
9Lives,GITHUB_contributors_monthly,2025-03-01,5.0
CodeTracer,GITHUB_contributors_daily,2025-03-01,1.0
thirdweb,GITHUB_contributors_daily,2025-03-01,6.0
Solang,GITHUB_contributors_quarterly,2025-03-01,5.0
Redstone Finance,GITHUB_contributors_quarterly,2025-03-01,11.0
CoBuilders,GITHUB_contributors_quarterly,2025-03-01,1.0
9Lives,GITHUB_contributors_quarterly,2025-03-01,5.0
Open Source Observer,GITHUB_contributors_biannually,2025-03-01,19.0
Walnut,GITHUB_contributors_biannually,2025-03-01,12.0
thirdweb,GITHUB_contributors_quarterly,2025-03-01,39.0
Pyth Network,GITHUB_contributors_quarterly,2025-03-01,34.0
Sylow,GITHUB_contributors_biannually,2025-03-01,3.0
Passport XYZ,GITHUB_contributors_biannually,2025-03-01,6.0
Debid - Fairblock,GITHUB_active_developers_monthly,2025-03-01,2.0
thirdweb,GITHUB_active_developers_monthly,2025-03-01,12.0
Enclave,GITHUB_active_developers_monthly,2025-03-01,1.0
thirdweb,GITHUB_active_developers_daily,2025-03-01,2.0
Solang,GITHUB_active_developers_monthly,2025-03-01,1.0
Passport XYZ,GITHUB_active_developers_monthly,2025-03-01,3.0
Runtime Verification,GITHUB_full_time_developers_monthly,2025-03-01,2.0
Open Source Observer,GITHUB_full_time_developers_monthly,2025-03-01,4.0
Redstone Finance,GITHUB_full_time_developers_monthly,2025-03-01,1.0
CodeTracer,GITHUB_part_time_developers_monthly,2025-03-01,5.0
9Lives,GITHUB_full_time_developers_monthly,2025-03-01,1.0
Walnut,GITHUB_part_time_developers_monthly,2025-03-01,4.0
Passport XYZ,GITHUB_part_time_developers_biannually,2025-03-01,3.0
9Lives,GITHUB_part_time_developers_biannually,2025-03-01,3.0
Remix IDE plugin for Arbitrum Stylus,GITHUB_part_time_developers_biannually,2025-03-01,1.0
CodeTracer,GITHUB_part_time_developers_biannually,2025-03-01,5.0
Debid - Fairblock,GITHUB_part_time_developers_biannually,2025-03-01,2.0
Pyth Network,GITHUB_full_time_contributors_monthly,2025-03-01,7.0
CoBuilders,GITHUB_new_contributors_monthly,2025-03-01,1.0
Redstone Finance,GITHUB_part_time_contributors_monthly,2025-03-01,10.0
Walnut,GITHUB_active_contributors_monthly,2025-03-01,12.0
CodeTracer,GITHUB_full_time_contributors_monthly,2025-03-01,1.0
Trail of Bits Security Reviews,GITHUB_part_time_contributors_monthly,2025-03-01,39.0
CodeTracer,GITHUB_active_contributors_monthly,2025-03-01,7.0
Runtime Verification,GITHUB_new_contributors_biannually,2025-03-01,3.0
Moving Stylus,GITHUB_part_time_contributors_monthly,2025-03-01,1.0
thirdweb,GITHUB_active_contributors_monthly,2025-03-01,39.0
Open Source Observer,GITHUB_active_contributors_monthly,2025-03-01,19.0
Trail of Bits Security Reviews,GITHUB_new_contributors_monthly,2025-03-01,19.0
Arbos Foundry,GITHUB_part_time_contributors_monthly,2025-03-01,1.0
Redstone Finance,GITHUB_full_time_contributors_monthly,2025-03-01,1.0
9Lives,GITHUB_active_contributors_monthly,2025-03-01,5.0
Enclave,GITHUB_active_contributors_monthly,2025-03-01,5.0
Runtime Verification,GITHUB_full_time_contributors_monthly,2025-03-01,3.0
Arbos Foundry,GITHUB_active_contributors_monthly,2025-03-01,1.0
CodeTracer,GITHUB_part_time_contributors_biannually,2025-03-01,7.0
thirdweb,GITHUB_new_contributors_biannually,2025-03-01,19.0
Debid - Fairblock,GITHUB_part_time_contributors_biannually,2025-03-01,4.0
Remix IDE plugin for Arbitrum Stylus,GITHUB_part_time_contributors_biannually,2025-03-01,1.0
Arbos Foundry,GITHUB_active_contributors_biannually,2025-03-01,1.0
Enclave,GITHUB_active_contributors_biannually,2025-03-01,5.0
Walnut,GITHUB_active_contributors_biannually,2025-03-01,12.0
CoBuilders,GITHUB_part_time_contributors_biannually,2025-03-01,1.0
Debid - Fairblock,GITHUB_active_contributors_biannually,2025-03-01,4.0
Pyth Network,GITHUB_part_time_contributors_biannually,2025-03-01,34.0
9Lives,GITHUB_new_contributors_biannually,2025-03-01,5.0
Trail of Bits Security Reviews,GITHUB_part_time_contributors_biannually,2025-03-01,41.0
Open Source Observer,GITHUB_new_contributors_biannually,2025-03-01,10.0
Walnut,GITHUB_change_in_full_time_contributors_monthly,2025-03-01,1.0
9Lives,GITHUB_change_in_full_time_contributors_monthly,2025-03-01,0.0
Solang,GITHUB_change_in_active_developers_quarterly,2025-03-01,7.0
CoBuilders,GITHUB_change_in_part_time_contributors_monthly,2025-03-01,0.0
Redstone Finance,GITHUB_change_in_active_developers_monthly,2025-03-01,6.0
CodeTracer,GITHUB_change_in_part_time_contributors_monthly,2025-03-01,0.0
thirdweb,GITHUB_change_in_part_time_contributors_monthly,2025-03-01,7.0
CoBuilders,GITHUB_change_in_active_developers_monthly,2025-03-01,0.0
Open Source Observer,GITHUB_change_in_part_time_contributors_biannually,2025-03-01,11.0
Walnut,GITHUB_change_in_part_time_contributors_biannually,2025-03-01,-3.0
Pyth Network,GITHUB_change_in_part_time_contributors_biannually,2025-03-01,-3.0
CoBuilders,GITHUB_change_in_active_developers_biannually,2025-03-01,0.0
Moving Stylus,GITHUB_change_in_active_developers_biannually,2025-03-01,1.0
Runtime Verification,GITHUB_change_in_part_time_contributors_biannually,2025-03-01,-3.0
Enclave,GITHUB_change_in_part_time_contributors_biannually,2025-03-01,-4.0
9Lives,GITHUB_change_in_active_developers_biannually,2025-03-01,-1.0
Enclave,GITHUB_change_in_active_developers_biannually,2025-03-01,-4.0
CodeTracer,GITHUB_change_in_active_developers_biannually,2025-03-01,-1.0
Open Source Observer,GITHUB_change_in_part_time_contributors_monthly,2025-03-01,11.0
Redstone Finance,GITHUB_change_in_part_time_contributors_monthly,2025-03-01,3.0
Open Source Observer,GITHUB_change_in_active_developers_quarterly,2025-03-01,11.0
CodeTracer,GITHUB_change_in_part_time_contributors_quarterly,2025-03-01,-1.0
Remix IDE plugin for Arbitrum Stylus,GITHUB_change_in_active_developers_quarterly,2025-03-01,1.0
Solang,GITHUB_opened_pull_requests_monthly,2025-03-01,8.0
Trail of Bits Security Reviews,GITHUB_opened_pull_requests_monthly,2025-03-01,180.0
thirdweb,GITHUB_opened_pull_requests_monthly,2025-03-01,234.0
Debid - Fairblock,GITHUB_opened_pull_requests_monthly,2025-03-01,2.0
Passport XYZ,GITHUB_opened_pull_requests_monthly,2025-03-01,74.0
9Lives,GITHUB_opened_pull_requests_monthly,2025-03-01,4.0
Open Source Observer,GITHUB_opened_pull_requests_monthly,2025-03-01,214.0
Open Source Observer,GITHUB_change_in_active_developers_monthly,2025-03-01,11.0
Arbos Foundry,GITHUB_change_in_active_developers_monthly,2025-03-01,0.0
Trail of Bits Security Reviews,GITHUB_change_in_part_time_contributors_monthly,2025-03-01,6.0
9Lives,GITHUB_change_in_part_time_contributors_monthly,2025-03-01,-1.0
Trail of Bits Security Reviews,GITHUB_change_in_active_developers_biannually,2025-03-01,7.0
Passport XYZ,GITHUB_change_in_part_time_contributors_biannually,2025-03-01,1.0
Open Source Observer,GITHUB_opened_pull_requests_quarterly,2025-03-01,214.0
Pyth Network,GITHUB_opened_pull_requests_biannually,2025-03-01,171.0
Passport XYZ,GITHUB_opened_pull_requests_biannually,2025-03-01,74.0
CodeTracer,GITHUB_opened_pull_requests_quarterly,2025-03-01,21.0
Solang,GITHUB_opened_pull_requests_quarterly,2025-03-01,8.0
Runtime Verification,GITHUB_opened_pull_requests_quarterly,2025-03-01,131.0
CoBuilders,GITHUB_opened_pull_requests_quarterly,2025-03-01,6.0
Sylow,GITHUB_opened_pull_requests_quarterly,2025-03-01,1.0
9Lives,GITHUB_opened_pull_requests_quarterly,2025-03-01,4.0
Passport XYZ,GITHUB_opened_pull_requests_quarterly,2025-03-01,74.0
Runtime Verification,GITHUB_change_in_part_time_contributors_monthly,2025-03-01,-4.0
Passport XYZ,GITHUB_change_in_part_time_contributors_monthly,2025-03-01,2.0
Pyth Network,GITHUB_change_in_part_time_contributors_quarterly,2025-03-01,-3.0
Arbos Foundry,GITHUB_change_in_part_time_contributors_quarterly,2025-03-01,0.0
Walnut,GITHUB_change_in_part_time_contributors_quarterly,2025-03-01,-3.0
Walnut,GITHUB_opened_pull_requests_daily,2025-03-01,4.0
thirdweb,GITHUB_opened_pull_requests_daily,2025-03-01,10.0
CodeTracer,GITHUB_merged_pull_requests_monthly,2025-03-01,20.0
CoBuilders,GITHUB_merged_pull_requests_monthly,2025-03-01,6.0
Pyth Network,GITHUB_merged_pull_requests_monthly,2025-03-01,156.0
Open Source Observer,GITHUB_merged_pull_requests_monthly,2025-03-01,191.0
Redstone Finance,GITHUB_merged_pull_requests_monthly,2025-03-01,19.0
CodeTracer,GITHUB_merged_pull_requests_quarterly,2025-03-01,20.0
Enclave,GITHUB_merged_pull_requests_quarterly,2025-03-01,3.0
Remix IDE plugin for Arbitrum Stylus,GITHUB_merged_pull_requests_quarterly,2025-03-01,1.0
Debid - Fairblock,GITHUB_merged_pull_requests_quarterly,2025-03-01,3.0
Walnut,GITHUB_merged_pull_requests_quarterly,2025-03-01,65.0
Open Source Observer,GITHUB_merged_pull_requests_quarterly,2025-03-01,191.0
Trail of Bits Security Reviews,GITHUB_merged_pull_requests_biannually,2025-03-01,152.0
Solang,GITHUB_merged_pull_requests_biannually,2025-03-01,2.0
Walnut,GITHUB_merged_pull_requests_biannually,2025-03-01,65.0
Enclave,GITHUB_merged_pull_requests_biannually,2025-03-01,3.0
Open Source Observer,GITHUB_opened_issues_daily,2025-03-01,1.0
Enclave,GITHUB_opened_issues_monthly,2025-03-01,45.0
Passport XYZ,GITHUB_opened_issues_monthly,2025-03-01,60.0
Runtime Verification,GITHUB_opened_issues_monthly,2025-03-01,38.0
Runtime Verification,GITHUB_opened_issues_quarterly,2025-03-01,38.0
Walnut,GITHUB_opened_issues_quarterly,2025-03-01,22.0
Solang,GITHUB_opened_issues_quarterly,2025-03-01,20.0
9Lives,GITHUB_opened_issues_monthly,2025-03-01,1.0
Solang,GITHUB_opened_issues_monthly,2025-03-01,20.0
thirdweb,GITHUB_opened_issues_monthly,2025-03-01,10.0
Solang,GITHUB_opened_issues_biannually,2025-03-01,20.0
Runtime Verification,GITHUB_opened_issues_biannually,2025-03-01,38.0
Passport XYZ,GITHUB_closed_issues_monthly,2025-03-01,62.0
Runtime Verification,GITHUB_closed_issues_monthly,2025-03-01,15.0
Pyth Network,GITHUB_closed_issues_monthly,2025-03-01,2.0
Enclave,GITHUB_closed_issues_monthly,2025-03-01,12.0
thirdweb,GITHUB_closed_issues_quarterly,2025-03-01,10.0
Passport XYZ,GITHUB_closed_issues_quarterly,2025-03-01,62.0
Enclave,GITHUB_closed_issues_quarterly,2025-03-01,12.0
Walnut,GITHUB_closed_issues_biannually,2025-03-01,39.0
Enclave,GITHUB_closed_issues_biannually,2025-03-01,12.0
Trail of Bits Security Reviews,GITHUB_closed_issues_biannually,2025-03-01,18.0
Walnut,GITHUB_avg_prs_time_to_merge_quarterly,2025-03-01,0.0
Trail of Bits Security Reviews,GITHUB_avg_prs_time_to_merge_quarterly,2025-03-01,0.0
Passport XYZ,GITHUB_avg_prs_time_to_merge_quarterly,2025-03-01,0.0
Solang,GITHUB_avg_prs_time_to_merge_quarterly,2025-03-01,0.0
thirdweb,GITHUB_avg_time_to_first_response_quarterly,2025-03-01,12626.59090909091
Solang,GITHUB_avg_time_to_first_response_quarterly,2025-03-01,38510.0
Walnut,GITHUB_avg_time_to_first_response_biannually,2025-03-01,662286.9166666666
Enclave,GITHUB_avg_time_to_first_response_biannually,2025-03-01,1931293.08
CodeTracer,GITHUB_change_in_new_contributors_quarterly,2025-03-01,-1.0
CodeTracer,GITHUB_change_in_full_time_contributors_quarterly,2025-03-01,0.0
thirdweb,GITHUB_change_in_full_time_contributors_quarterly,2025-03-01,0.0
Runtime Verification,GITHUB_change_in_active_contributors_quarterly,2025-03-01,-3.0
Runtime Verification,GITHUB_change_in_new_contributors_quarterly,2025-03-01,-1.0
Open Source Observer,GITHUB_change_in_new_contributors_monthly,2025-03-01,7.0
Remix IDE plugin for Arbitrum Stylus,GITHUB_churned_contributors_monthly,2025-03-01,1.0
Remix IDE plugin for Arbitrum Stylus,GITHUB_change_in_full_time_contributors_monthly,2025-03-01,0.0
Pyth Network,GITHUB_churned_contributors_monthly,2025-03-01,-17.0
Passport XYZ,GITHUB_change_in_new_contributors_monthly,2025-03-01,1.0
Trail of Bits Security Reviews,GITHUB_change_in_active_contributors_monthly,2025-03-01,7.0
Remix IDE plugin for Arbitrum Stylus,GITHUB_change_in_active_contributors_quarterly,2025-03-01,1.0
Remix IDE plugin for Arbitrum Stylus,GITHUB_change_in_full_time_contributors_quarterly,2025-03-01,0.0
Remix IDE plugin for Arbitrum Stylus,GITHUB_change_in_new_contributors_quarterly,2025-03-01,2.0
Arbos Foundry,GITHUB_change_in_new_contributors_quarterly,2025-03-01,0.0
Debid - Fairblock,GITHUB_change_in_full_time_contributors_monthly,2025-03-01,0.0
thirdweb,GITHUB_churned_contributors_monthly,2025-03-01,-11.0
Runtime Verification,GITHUB_change_in_active_contributors_monthly,2025-03-01,-3.0
Sylow,GITHUB_change_in_active_contributors_monthly,2025-03-01,-2.0
Sylow,GITHUB_change_in_full_time_contributors_monthly,2025-03-01,0.0
Sylow,GITHUB_change_in_new_contributors_monthly,2025-03-01,0.0
Sylow,GITHUB_churned_contributors_monthly,2025-03-01,-2.0
Remix IDE plugin for Arbitrum Stylus,GITHUB_change_in_new_contributors_biannually,2025-03-01,2.0
Open Source Observer,GITHUB_change_in_active_contributors_biannually,2025-03-01,11.0
CoBuilders,GITHUB_churned_contributors_quarterly,2025-03-01,-1.0
9Lives,GITHUB_churned_contributors_quarterly,2025-03-01,-6.0
Enclave,GITHUB_churned_contributors_quarterly,2025-03-01,-6.0
Open Source Observer,GITHUB_change_in_full_time_contributors_quarterly,2025-03-01,0.0
Arbos Foundry,GITHUB_change_in_full_time_contributors_quarterly,2025-03-01,0.0
Arbos Foundry,GITHUB_change_in_full_time_contributors_biannually,2025-03-01,0.0
Sylow,GITHUB_change_in_new_contributors_biannually,2025-03-01,0.0
Sylow,GITHUB_change_in_full_time_contributors_biannually,2025-03-01,0.0
Debid - Fairblock,GITHUB_change_in_active_contributors_biannually,2025-03-01,-2.0
Solang,GITHUB_change_in_new_contributors_quarterly,2025-03-01,4.0
Open Source Observer,GITHUB_change_in_new_contributors_quarterly,2025-03-01,7.0
thirdweb,GITHUB_change_in_new_contributors_biannually,2025-03-01,4.0
Redstone Finance,GITHUB_churned_contributors_quarterly,2025-03-01,5.0
Trail of Bits Security Reviews,GITHUB_change_in_full_time_contributors_quarterly,2025-03-01,0.0
Walnut,GITHUB_change_in_full_time_contributors_quarterly,2025-03-01,0.0
Redstone Finance,GITHUB_change_in_new_contributors_quarterly,2025-03-01,3.0
Trail of Bits Security Reviews,GITHUB_churned_contributors_quarterly,2025-03-01,-12.0
CoBuilders,GITHUB_change_in_new_contributors_biannually,2025-03-01,-1.0
Pyth Network,GITHUB_change_in_new_contributors_biannually,2025-03-01,-3.0
Pyth Network,GITHUB_churned_contributors_biannually,2025-03-01,-17.0
Passport XYZ,GITHUB_churned_contributors_biannually,2025-03-01,0.0
Passport XYZ,GITHUB_change_in_new_contributors_biannually,2025-03-01,1.0
Enclave,GITHUB_churned_contributors_biannually,2025-03-01,-6.0
Moving Stylus,GITHUB_change_in_new_contributors_biannually,2025-03-01,1.0
Enclave,GITHUB_change_in_new_contributors_biannually,2025-03-01,-2.0
Walnut,GITHUB_churned_contributors_biannually,2025-03-01,-8.0
Walnut,GITHUB_change_in_full_time_contributors_biannually,2025-03-01,0.0
Redstone Finance,GITHUB_change_in_active_contributors_biannually,2025-03-01,6.0
Open Source Observer,GITHUB_comments_daily,2024-11-27,4.0
Runtime Verification,GITHUB_comments_daily,2024-11-27,8.0
Enclave,GITHUB_comments_daily,2024-11-27,2.0
Trail of Bits Security Reviews,GITHUB_comments_daily,2024-11-27,6.0
Sylow,GITHUB_stars_daily,2024-11-27,1.0
Pyth Network,GITHUB_stars_daily,2024-11-27,2.0
Passport XYZ,GITHUB_stars_daily,2024-11-27,2.0
Open Source Observer,GITHUB_commits_daily,2024-11-27,2.0
thirdweb,GITHUB_commits_daily,2024-11-27,3.0
Runtime Verification,GITHUB_commits_daily,2024-11-27,22.0
Passport XYZ,GITHUB_commits_daily,2024-11-27,4.0
Redstone Finance,GITHUB_commits_daily,2024-11-27,8.0
Trail of Bits Security Reviews,GITHUB_forks_daily,2024-11-27,1.0
Pyth Network,GITHUB_forks_daily,2024-11-27,3.0
Solang,GITHUB_forks_daily,2024-11-27,1.0
Redstone Finance,GITHUB_repositories_daily,2024-11-27,5.0
Passport XYZ,GITHUB_contributors_daily,2024-11-27,1.0
Redstone Finance,GITHUB_contributors_daily,2024-11-27,2.0
Runtime Verification,GITHUB_active_developers_daily,2024-11-27,1.0
Open Source Observer,GITHUB_active_developers_daily,2024-11-27,1.0
Passport XYZ,GITHUB_opened_pull_requests_daily,2024-11-27,4.0
thirdweb,GITHUB_opened_pull_requests_daily,2024-11-27,5.0
Enclave,GITHUB_merged_pull_requests_daily,2024-11-27,1.0
Solang,GITHUB_merged_pull_requests_daily,2024-11-27,1.0
Passport XYZ,GITHUB_merged_pull_requests_daily,2024-11-27,4.0
Open Source Observer,GITHUB_opened_issues_daily,2024-11-27,3.0
Trail of Bits Security Reviews,GITHUB_opened_issues_daily,2024-11-27,2.0
Open Source Observer,GITHUB_comments_daily,2024-04-30,26.0
Pyth Network,GITHUB_commits_daily,2024-04-30,12.0
Trail of Bits Security Reviews,GITHUB_commits_daily,2024-04-30,14.0
thirdweb,GITHUB_releases_daily,2024-04-30,1.0
Trail of Bits Security Reviews,GITHUB_releases_daily,2024-04-30,2.0
Pyth Network,GITHUB_forks_daily,2024-04-30,4.0
Redstone Finance,GITHUB_repositories_daily,2024-04-30,1.0
thirdweb,GITHUB_repositories_daily,2024-04-30,8.0
Trail of Bits Security Reviews,GITHUB_contributors_daily,2024-04-30,8.0
Debid - Fairblock,GITHUB_contributors_daily,2024-04-30,1.0
Open Source Observer,GITHUB_contributors_daily,2024-04-30,3.0
Pyth Network,GITHUB_contributors_daily,2024-04-30,8.0
Trail of Bits Security Reviews,GITHUB_active_developers_daily,2024-04-30,4.0
Pyth Network,GITHUB_opened_pull_requests_daily,2024-04-30,8.0
Pyth Network,GITHUB_merged_pull_requests_daily,2024-04-30,10.0
Open Source Observer,GITHUB_merged_pull_requests_daily,2024-04-30,10.0
Syndicate Protocol,GITHUB_merged_pull_requests_daily,2024-04-30,1.0
Runtime Verification,GITHUB_closed_issues_daily,2024-04-30,4.0
Runtime Verification,GITHUB_comments_daily,2024-04-26,50.0
Redstone Finance,GITHUB_stars_daily,2024-04-26,5.0
Trail of Bits Security Reviews,GITHUB_stars_daily,2024-04-26,25.0
Debid - Fairblock,GITHUB_releases_daily,2024-04-26,1.0
Pyth Network,GITHUB_commits_daily,2024-04-26,3.0
Redstone Finance,GITHUB_repositories_daily,2024-04-26,7.0
Open Source Observer,GITHUB_contributors_daily,2024-04-26,4.0
thirdweb,GITHUB_opened_pull_requests_daily,2024-04-26,18.0
Trail of Bits Security Reviews,GITHUB_opened_pull_requests_daily,2024-04-26,4.0
Runtime Verification,GITHUB_opened_pull_requests_daily,2024-04-26,17.0
Trail of Bits Security Reviews,GITHUB_merged_pull_requests_daily,2024-04-26,2.0
Runtime Verification,GITHUB_merged_pull_requests_daily,2024-04-26,12.0
Runtime Verification,GITHUB_opened_issues_daily,2024-04-26,4.0
thirdweb,GITHUB_comments_daily,2025-02-26,88.0
thirdweb,GITHUB_commits_daily,2025-02-26,16.0
Redstone Finance,GITHUB_commits_daily,2025-02-26,13.0
thirdweb,GITHUB_releases_daily,2025-02-26,2.0
Open Source Observer,GITHUB_stars_daily,2025-02-26,2.0
Pyth Network,GITHUB_stars_daily,2025-02-26,1.0
thirdweb,GITHUB_stars_daily,2025-02-26,1.0
Trail of Bits Security Reviews,GITHUB_stars_daily,2025-02-26,7.0
Redstone Finance,GITHUB_forks_daily,2025-02-26,2.0
Runtime Verification,GITHUB_repositories_daily,2025-02-26,3.0
Open Source Observer,GITHUB_repositories_daily,2025-02-26,3.0
Walnut,GITHUB_repositories_daily,2025-02-26,1.0
Runtime Verification,GITHUB_contributors_daily,2025-02-26,5.0
Walnut,GITHUB_contributors_daily,2025-02-26,1.0
Redstone Finance,GITHUB_contributors_daily,2025-02-26,5.0
thirdweb,GITHUB_active_developers_daily,2025-02-26,6.0
Runtime Verification,GITHUB_active_developers_daily,2025-02-26,4.0
CodeTracer,GITHUB_active_developers_daily,2025-02-26,3.0
Passport XYZ,GITHUB_active_developers_daily,2025-02-26,2.0
thirdweb,GITHUB_opened_pull_requests_daily,2025-02-26,16.0
Open Source Observer,GITHUB_opened_pull_requests_daily,2025-02-26,18.0
Pyth Network,GITHUB_opened_pull_requests_daily,2025-02-26,6.0
Runtime Verification,GITHUB_opened_issues_daily,2025-02-26,1.0
Open Source Observer,GITHUB_opened_issues_daily,2025-02-26,2.0
CodeTracer,GITHUB_closed_issues_daily,2025-02-26,2.0
Debid - Fairblock,GITHUB_comments_daily,2024-09-17,1.0
Runtime Verification,GITHUB_comments_daily,2024-09-17,17.0
Open Source Observer,GITHUB_comments_daily,2024-09-17,5.0
thirdweb,GITHUB_commits_daily,2024-09-17,19.0
Passport XYZ,GITHUB_commits_daily,2024-09-17,25.0
Runtime Verification,GITHUB_commits_daily,2024-09-17,10.0
Pyth Network,GITHUB_commits_daily,2024-09-17,13.0
Runtime Verification,GITHUB_forks_daily,2024-09-17,1.0
Redstone Finance,GITHUB_repositories_daily,2024-09-17,4.0
thirdweb,GITHUB_repositories_daily,2024-09-17,2.0
Trail of Bits Security Reviews,GITHUB_repositories_daily,2024-09-17,8.0
Enclave,GITHUB_repositories_daily,2024-09-17,1.0
thirdweb,GITHUB_contributors_daily,2024-09-17,11.0
Open Source Observer,GITHUB_contributors_daily,2024-09-17,3.0
Pyth Network,GITHUB_opened_pull_requests_daily,2024-09-17,8.0
Open Source Observer,GITHUB_opened_pull_requests_daily,2024-09-17,1.0
Runtime Verification,GITHUB_merged_pull_requests_daily,2024-09-17,5.0
Open Source Observer,GITHUB_merged_pull_requests_daily,2024-09-17,2.0
Redstone Finance,GITHUB_merged_pull_requests_daily,2024-09-17,6.0
Open Source Observer,GITHUB_closed_issues_daily,2024-09-17,2.0
Passport XYZ,GITHUB_closed_issues_daily,2024-09-17,6.0
Trail of Bits Security Reviews,GITHUB_commits_daily,2025-01-14,14.0
Passport XYZ,GITHUB_commits_daily,2025-01-14,2.0
Pyth Network,GITHUB_commits_daily,2025-01-14,6.0
Open Source Observer,GITHUB_commits_daily,2025-01-14,7.0
Passport XYZ,GITHUB_repositories_daily,2025-01-14,2.0
9Lives,GITHUB_repositories_daily,2025-01-14,1.0
Pyth Network,GITHUB_repositories_daily,2025-01-14,3.0
thirdweb,GITHUB_forks_daily,2025-01-14,3.0
Solang,GITHUB_repositories_daily,2025-01-14,1.0
Debid - Fairblock,GITHUB_repositories_daily,2025-01-14,1.0
thirdweb,GITHUB_contributors_daily,2025-01-14,13.0
Solang,GITHUB_contributors_daily,2025-01-14,1.0
9Lives,GITHUB_contributors_daily,2025-01-14,2.0
Redstone Finance,GITHUB_active_developers_daily,2025-01-14,2.0
Passport XYZ,GITHUB_active_developers_daily,2025-01-14,1.0
Debid - Fairblock,GITHUB_active_developers_daily,2025-01-14,1.0
Runtime Verification,GITHUB_active_developers_daily,2025-01-14,3.0
thirdweb,GITHUB_opened_pull_requests_daily,2025-01-14,9.0
Pyth Network,GITHUB_opened_pull_requests_daily,2025-01-14,5.0
Runtime Verification,GITHUB_opened_pull_requests_daily,2025-01-14,6.0
Redstone Finance,GITHUB_merged_pull_requests_daily,2025-01-14,1.0
Pyth Network,GITHUB_merged_pull_requests_daily,2025-01-14,4.0
Open Source Observer,GITHUB_merged_pull_requests_daily,2025-01-14,7.0
thirdweb,GITHUB_merged_pull_requests_daily,2025-01-14,12.0
Passport XYZ,GITHUB_opened_issues_daily,2025-01-14,4.0
thirdweb,GITHUB_stars_daily,2024-09-24,2.0
Open Source Observer,GITHUB_forks_daily,2024-09-24,1.0
Sylow,GITHUB_repositories_daily,2024-09-24,1.0
Redstone Finance,GITHUB_repositories_daily,2024-09-24,4.0
Open Source Observer,GITHUB_repositories_daily,2024-09-24,4.0
thirdweb,GITHUB_contributors_daily,2024-09-24,10.0
Passport XYZ,GITHUB_contributors_daily,2024-09-24,3.0
Pyth Network,GITHUB_active_developers_daily,2024-09-24,4.0
Open Source Observer,GITHUB_active_developers_daily,2024-09-24,3.0
Trail of Bits Security Reviews,GITHUB_active_developers_daily,2024-09-24,3.0
Enclave,GITHUB_opened_pull_requests_daily,2024-09-24,1.0
thirdweb,GITHUB_merged_pull_requests_daily,2024-09-24,9.0
Passport XYZ,GITHUB_opened_issues_daily,2024-09-24,4.0
Passport XYZ,GITHUB_closed_issues_daily,2024-09-24,2.0
Open Source Observer,GITHUB_forks_weekly,2025-02-24,7.0
Walnut,GITHUB_comments_daily,2025-02-24,1.0
Solang,GITHUB_comments_daily,2025-02-24,1.0
Passport XYZ,GITHUB_stars_weekly,2025-02-24,16.0
Pyth Network,GITHUB_stars_weekly,2025-02-24,4.0
9Lives,GITHUB_stars_weekly,2025-02-24,1.0
Open Source Observer,GITHUB_stars_weekly,2025-02-24,5.0
thirdweb,GITHUB_stars_weekly,2025-02-24,9.0
9Lives,GITHUB_commits_daily,2025-02-24,5.0
Pyth Network,GITHUB_commits_daily,2025-02-24,5.0
Walnut,GITHUB_commits_weekly,2025-02-24,30.0
Open Source Observer,GITHUB_commits_weekly,2025-02-24,69.0
Solang,GITHUB_comments_weekly,2025-02-24,3.0
9Lives,GITHUB_repositories_weekly,2025-02-24,1.0
Open Source Observer,GITHUB_repositories_weekly,2025-02-24,6.0
Pyth Network,GITHUB_repositories_weekly,2025-02-24,9.0
Runtime Verification,GITHUB_repositories_weekly,2025-02-24,13.0
Passport XYZ,GITHUB_repositories_weekly,2025-02-24,4.0
thirdweb,GITHUB_repositories_weekly,2025-02-24,11.0
Debid - Fairblock,GITHUB_repositories_daily,2025-02-24,1.0
thirdweb,GITHUB_repositories_daily,2025-02-24,4.0
Open Source Observer,GITHUB_repositories_daily,2025-02-24,4.0
Redstone Finance,GITHUB_repositories_daily,2025-02-24,3.0
Solang,GITHUB_repositories_daily,2025-02-24,1.0
Trail of Bits Security Reviews,GITHUB_repositories_daily,2025-02-24,19.0
Pyth Network,GITHUB_contributors_weekly,2025-02-24,19.0
Runtime Verification,GITHUB_contributors_weekly,2025-02-24,12.0
Trail of Bits Security Reviews,GITHUB_contributors_weekly,2025-02-24,10.0
Runtime Verification,GITHUB_contributors_daily,2025-02-24,4.0
9Lives,GITHUB_contributors_daily,2025-02-24,1.0
Walnut,GITHUB_contributors_daily,2025-02-24,2.0
Runtime Verification,GITHUB_active_developers_weekly,2025-02-24,7.0
Trail of Bits Security Reviews,GITHUB_active_developers_weekly,2025-02-24,4.0
CodeTracer,GITHUB_active_developers_weekly,2025-02-24,4.0
9Lives,GITHUB_active_developers_daily,2025-02-24,1.0
Redstone Finance,GITHUB_active_developers_daily,2025-02-24,2.0
Walnut,GITHUB_active_developers_daily,2025-02-24,1.0
Trail of Bits Security Reviews,GITHUB_active_developers_daily,2025-02-24,3.0
Pyth Network,GITHUB_opened_pull_requests_weekly,2025-02-24,44.0
Open Source Observer,GITHUB_opened_pull_requests_weekly,2025-02-24,48.0
Redstone Finance,GITHUB_opened_pull_requests_weekly,2025-02-24,4.0
Trail of Bits Security Reviews,GITHUB_opened_pull_requests_daily,2025-02-24,13.0
Pyth Network,GITHUB_merged_pull_requests_daily,2025-02-24,4.0
Runtime Verification,GITHUB_opened_issues_weekly,2025-02-24,4.0
Trail of Bits Security Reviews,GITHUB_opened_issues_weekly,2025-02-24,1.0
Runtime Verification,GITHUB_closed_issues_weekly,2025-02-24,2.0
thirdweb,GITHUB_forks_weekly,2024-01-15,13.0
Open Source Observer,GITHUB_forks_weekly,2024-01-15,2.0
Open Source Observer,GITHUB_comments_daily,2024-01-15,1.0
thirdweb,GITHUB_stars_weekly,2024-01-15,14.0
Redstone Finance,GITHUB_stars_weekly,2024-01-15,4.0
WakeUp Labs,GITHUB_commits_daily,2024-01-15,4.0
Runtime Verification,GITHUB_commits_daily,2024-01-15,9.0
Trail of Bits Security Reviews,GITHUB_commits_weekly,2024-01-15,79.0
Trail of Bits Security Reviews,GITHUB_stars_daily,2024-01-15,18.0
Open Source Observer,GITHUB_contributors_weekly,2024-01-15,4.0
Trail of Bits Security Reviews,GITHUB_contributors_weekly,2024-01-15,21.0
Debid - Fairblock,GITHUB_contributors_daily,2024-01-15,1.0
Runtime Verification,GITHUB_active_developers_weekly,2024-01-15,9.0
Redstone Finance,GITHUB_active_developers_weekly,2024-01-15,3.0
Debid - Fairblock,GITHUB_active_developers_weekly,2024-01-15,1.0
Open Source Observer,GITHUB_active_developers_weekly,2024-01-15,4.0
thirdweb,GITHUB_comments_weekly,2024-01-15,123.0
Trail of Bits Security Reviews,GITHUB_forks_daily,2024-01-15,1.0
Trail of Bits Security Reviews,GITHUB_repositories_weekly,2024-01-15,38.0
Remix IDE plugin for Arbitrum Stylus,GITHUB_repositories_weekly,2024-01-15,1.0
Runtime Verification,GITHUB_repositories_weekly,2024-01-15,20.0
Pyth Network,GITHUB_repositories_weekly,2024-01-15,9.0
Debid - Fairblock,GITHUB_repositories_daily,2024-01-15,1.0
Pyth Network,GITHUB_active_developers_daily,2024-01-15,1.0
Runtime Verification,GITHUB_merged_pull_requests_weekly,2024-01-15,69.0
Runtime Verification,GITHUB_opened_pull_requests_daily,2024-01-15,7.0
Runtime Verification,GITHUB_opened_issues_weekly,2024-01-15,28.0
Open Source Observer,GITHUB_opened_issues_daily,2024-01-15,1.0
Pyth Network,GITHUB_opened_issues_daily,2024-01-15,1.0
Open Source Observer,GITHUB_closed_issues_weekly,2024-01-15,14.0
Open Source Observer,GITHUB_closed_issues_daily,2024-01-15,1.0
thirdweb,GITHUB_comments_daily,2025-01-31,86.0
Trail of Bits Security Reviews,GITHUB_comments_daily,2025-01-31,8.0
thirdweb,GITHUB_stars_daily,2025-01-31,3.0
Runtime Verification,GITHUB_commits_daily,2025-01-31,4.0
Redstone Finance,GITHUB_commits_daily,2025-01-31,11.0
Runtime Verification,GITHUB_active_developers_daily,2025-01-31,4.0
Trail of Bits Security Reviews,GITHUB_repositories_daily,2025-01-31,10.0
9Lives,GITHUB_repositories_daily,2025-01-31,1.0
Trail of Bits Security Reviews,GITHUB_opened_pull_requests_daily,2025-01-31,3.0
Walnut,GITHUB_merged_pull_requests_daily,2025-01-31,4.0
Runtime Verification,GITHUB_opened_issues_daily,2025-01-31,2.0
Walnut,GITHUB_closed_issues_daily,2025-01-31,1.0
Debid - Fairblock,GITHUB_forks_weekly,2024-07-29,8.0
Runtime Verification,GITHUB_forks_weekly,2024-07-29,2.0
Open Source Observer,GITHUB_stars_weekly,2024-07-29,3.0
Trail of Bits Security Reviews,GITHUB_commits_daily,2024-07-29,15.0
Passport XYZ,GITHUB_commits_daily,2024-07-29,6.0
Open Source Observer,GITHUB_commits_daily,2024-07-29,5.0
Pyth Network,GITHUB_commits_daily,2024-07-29,6.0
Trail of Bits Security Reviews,GITHUB_releases_weekly,2024-07-29,3.0
thirdweb,GITHUB_releases_weekly,2024-07-29,13.0
Passport XYZ,GITHUB_releases_weekly,2024-07-29,2.0
Pyth Network,GITHUB_releases_daily,2024-07-29,1.0
Runtime Verification,GITHUB_commits_weekly,2024-07-29,125.0
Open Source Observer,GITHUB_commits_weekly,2024-07-29,26.0
thirdweb,GITHUB_commits_weekly,2024-07-29,93.0
Debid - Fairblock,GITHUB_comments_weekly,2024-07-29,1.0
Walnut,GITHUB_comments_weekly,2024-07-29,251.0
Redstone Finance,GITHUB_comments_weekly,2024-07-29,5.0
Trail of Bits Security Reviews,GITHUB_repositories_weekly,2024-07-29,44.0
Runtime Verification,GITHUB_repositories_weekly,2024-07-29,18.0
Debid - Fairblock,GITHUB_repositories_weekly,2024-07-29,2.0
thirdweb,GITHUB_repositories_weekly,2024-07-29,9.0
Trail of Bits Security Reviews,GITHUB_forks_daily,2024-07-29,1.0
Redstone Finance,GITHUB_repositories_weekly,2024-07-29,7.0
Open Source Observer,GITHUB_repositories_daily,2024-07-29,1.0
Pyth Network,GITHUB_repositories_daily,2024-07-29,6.0
Redstone Finance,GITHUB_repositories_daily,2024-07-29,2.0
Debid - Fairblock,GITHUB_repositories_daily,2024-07-29,2.0
Trail of Bits Security Reviews,GITHUB_contributors_weekly,2024-07-29,24.0
Runtime Verification,GITHUB_contributors_weekly,2024-07-29,22.0
Passport XYZ,GITHUB_contributors_weekly,2024-07-29,5.0
Pyth Network,GITHUB_contributors_daily,2024-07-29,6.0
Redstone Finance,GITHUB_active_developers_daily,2024-07-29,1.0
Trail of Bits Security Reviews,GITHUB_active_developers_daily,2024-07-29,4.0
Open Source Observer,GITHUB_active_developers_daily,2024-07-29,2.0
thirdweb,GITHUB_active_developers_daily,2024-07-29,6.0
Runtime Verification,GITHUB_active_developers_daily,2024-07-29,3.0
Debid - Fairblock,GITHUB_active_developers_weekly,2024-07-29,1.0
Passport XYZ,GITHUB_active_developers_weekly,2024-07-29,5.0
Walnut,GITHUB_opened_pull_requests_daily,2024-07-29,1.0
Debid - Fairblock,GITHUB_opened_pull_requests_weekly,2024-07-29,21.0
Runtime Verification,GITHUB_merged_pull_requests_daily,2024-07-29,15.0
Pyth Network,GITHUB_merged_pull_requests_weekly,2024-07-29,27.0
Walnut,GITHUB_opened_issues_daily,2024-07-29,12.0
Trail of Bits Security Reviews,GITHUB_closed_issues_weekly,2024-07-29,3.0
Open Source Observer,GITHUB_closed_issues_daily,2024-07-29,2.0
Trail of Bits Security Reviews,GITHUB_comments_daily,2024-03-30,1.0
Runtime Verification,GITHUB_comments_daily,2024-03-30,3.0
Trail of Bits Security Reviews,GITHUB_stars_daily,2024-03-30,19.0
Pyth Network,GITHUB_stars_daily,2024-03-30,1.0
thirdweb,GITHUB_forks_daily,2024-03-30,6.0
Trail of Bits Security Reviews,GITHUB_repositories_daily,2024-03-30,10.0
Open Source Observer,GITHUB_repositories_daily,2024-03-30,1.0
Runtime Verification,GITHUB_repositories_daily,2024-03-30,2.0
Runtime Verification,GITHUB_contributors_daily,2024-03-30,2.0
thirdweb,GITHUB_active_developers_daily,2024-03-30,5.0
Open Source Observer,GITHUB_active_developers_daily,2024-03-30,1.0
Runtime Verification,GITHUB_opened_pull_requests_daily,2024-03-30,1.0
Runtime Verification,GITHUB_opened_issues_daily,2024-03-30,1.0
Open Source Observer,GITHUB_closed_issues_daily,2024-03-30,1.0
Pyth Network,GITHUB_comments_daily,2024-09-20,25.0
Trail of Bits Security Reviews,GITHUB_comments_daily,2024-09-20,31.0
Walnut,GITHUB_comments_daily,2024-09-20,1.0
Trail of Bits Security Reviews,GITHUB_stars_daily,2024-09-20,15.0
Walnut,GITHUB_commits_daily,2024-09-20,4.0
Enclave,GITHUB_repositories_daily,2024-09-20,1.0
Sylow,GITHUB_repositories_daily,2024-09-20,1.0
Debid - Fairblock,GITHUB_repositories_daily,2024-09-20,1.0
Open Source Observer,GITHUB_repositories_daily,2024-09-20,3.0
Walnut,GITHUB_repositories_daily,2024-09-20,1.0
Enclave,GITHUB_contributors_daily,2024-09-20,3.0
Walnut,GITHUB_active_developers_daily,2024-09-20,1.0
Debid - Fairblock,GITHUB_active_developers_daily,2024-09-20,1.0
thirdweb,GITHUB_opened_pull_requests_daily,2024-09-20,18.0
thirdweb,GITHUB_merged_pull_requests_daily,2024-09-20,20.0
Runtime Verification,GITHUB_merged_pull_requests_daily,2024-09-20,2.0
Trail of Bits Security Reviews,GITHUB_opened_issues_daily,2024-09-20,1.0
Passport XYZ,GITHUB_closed_issues_daily,2024-09-20,6.0
Trail of Bits Security Reviews,GITHUB_closed_issues_daily,2024-09-20,3.0
thirdweb,GITHUB_comments_daily,2024-09-29,23.0
Trail of Bits Security Reviews,GITHUB_releases_daily,2024-09-29,1.0
thirdweb,GITHUB_commits_daily,2024-09-29,1.0
thirdweb,GITHUB_forks_daily,2024-09-29,4.0
Trail of Bits Security Reviews,GITHUB_forks_daily,2024-09-29,1.0
Passport XYZ,GITHUB_repositories_daily,2024-09-29,1.0
Open Source Observer,GITHUB_repositories_daily,2024-09-29,2.0
Trail of Bits Security Reviews,GITHUB_repositories_daily,2024-09-29,6.0
thirdweb,GITHUB_repositories_daily,2024-09-29,3.0
Passport XYZ,GITHUB_contributors_daily,2024-09-29,1.0
Trail of Bits Security Reviews,GITHUB_contributors_daily,2024-09-29,3.0
thirdweb,GITHUB_active_developers_daily,2024-09-29,1.0
thirdweb,GITHUB_opened_pull_requests_daily,2024-09-29,2.0
Trail of Bits Security Reviews,GITHUB_opened_pull_requests_daily,2024-09-29,1.0
Sylow,GITHUB_opened_issues_daily,2024-09-29,1.0
thirdweb,GITHUB_closed_issues_daily,2024-09-29,3.0
Runtime Verification,GITHUB_closed_issues_daily,2024-09-29,1.0
Runtime Verification,GITHUB_forks_weekly,2024-06-03,4.0
Trail of Bits Security Reviews,GITHUB_stars_weekly,2024-06-03,63.0
thirdweb,GITHUB_stars_weekly,2024-06-03,15.0
Pyth Network,GITHUB_stars_weekly,2024-06-03,5.0
Runtime Verification,GITHUB_stars_weekly,2024-06-03,16.0
Runtime Verification,GITHUB_releases_weekly,2024-06-03,59.0
Pyth Network,GITHUB_releases_weekly,2024-06-03,4.0
Redstone Finance,GITHUB_commits_daily,2024-06-03,3.0
Runtime Verification,GITHUB_commits_weekly,2024-06-03,149.0
Passport XYZ,GITHUB_comments_weekly,2024-06-03,16.0
Trail of Bits Security Reviews,GITHUB_comments_weekly,2024-06-03,51.0
Open Source Observer,GITHUB_repositories_weekly,2024-06-03,3.0
Redstone Finance,GITHUB_repositories_weekly,2024-06-03,10.0
Open Source Observer,GITHUB_repositories_daily,2024-06-03,3.0
Pyth Network,GITHUB_repositories_daily,2024-06-03,4.0
Trail of Bits Security Reviews,GITHUB_repositories_daily,2024-06-03,13.0
Redstone Finance,GITHUB_repositories_daily,2024-06-03,1.0
Runtime Verification,GITHUB_contributors_weekly,2024-06-03,22.0
Enclave,GITHUB_contributors_weekly,2024-06-03,2.0
Passport XYZ,GITHUB_contributors_weekly,2024-06-03,3.0
thirdweb,GITHUB_contributors_weekly,2024-06-03,20.0
Redstone Finance,GITHUB_contributors_weekly,2024-06-03,3.0
Trail of Bits Security Reviews,GITHUB_contributors_weekly,2024-06-03,15.0
Passport XYZ,GITHUB_active_developers_weekly,2024-06-03,1.0
Walnut,GITHUB_contributors_daily,2024-06-03,6.0
Enclave,GITHUB_contributors_daily,2024-06-03,1.0
Redstone Finance,GITHUB_active_developers_daily,2024-06-03,1.0
thirdweb,GITHUB_active_developers_daily,2024-06-03,6.0
Trail of Bits Security Reviews,GITHUB_active_developers_daily,2024-06-03,4.0
Runtime Verification,GITHUB_opened_pull_requests_weekly,2024-06-03,72.0
Open Source Observer,GITHUB_opened_pull_requests_weekly,2024-06-03,76.0
Enclave,GITHUB_opened_pull_requests_weekly,2024-06-03,2.0
thirdweb,GITHUB_opened_pull_requests_weekly,2024-06-03,71.0
Walnut,GITHUB_opened_pull_requests_weekly,2024-06-03,2.0
Trail of Bits Security Reviews,GITHUB_opened_pull_requests_daily,2024-06-03,16.0
Runtime Verification,GITHUB_merged_pull_requests_weekly,2024-06-03,77.0
thirdweb,GITHUB_merged_pull_requests_weekly,2024-06-03,54.0
Trail of Bits Security Reviews,GITHUB_opened_issues_weekly,2024-06-03,8.0
Runtime Verification,GITHUB_opened_issues_weekly,2024-06-03,9.0
thirdweb,GITHUB_opened_issues_daily,2024-06-03,1.0
Runtime Verification,GITHUB_opened_issues_daily,2024-06-03,1.0
Open Source Observer,GITHUB_closed_issues_weekly,2024-06-03,31.0
Walnut,GITHUB_closed_issues_weekly,2024-06-03,13.0
Passport XYZ,GITHUB_closed_issues_weekly,2024-06-03,2.0
Open Source Observer,GITHUB_closed_issues_daily,2024-06-03,5.0
Trail of Bits Security Reviews,GITHUB_closed_issues_daily,2024-06-03,2.0
Trail of Bits Security Reviews,GITHUB_releases_daily,2025-04-09,1.0
Passport XYZ,GITHUB_releases_daily,2025-04-09,1.0
Pyth Network,GITHUB_releases_daily,2025-04-09,2.0
Trail of Bits Security Reviews,GITHUB_comments_daily,2025-04-09,22.0
CodeTracer,GITHUB_stars_daily,2025-04-09,1.0
thirdweb,GITHUB_comments_daily,2025-04-09,46.0
Passport XYZ,GITHUB_commits_daily,2025-04-09,3.0
Redstone Finance,GITHUB_repositories_daily,2025-04-09,2.0
Enclave,GITHUB_repositories_daily,2025-04-09,1.0
CodeTracer,GITHUB_repositories_daily,2025-04-09,1.0
Solang,GITHUB_repositories_daily,2025-04-09,1.0
Walnut,GITHUB_repositories_daily,2025-04-09,3.0
Trail of Bits Security Reviews,GITHUB_forks_daily,2025-04-09,2.0
Solang,GITHUB_contributors_daily,2025-04-09,1.0
Walnut,GITHUB_contributors_daily,2025-04-09,4.0
Open Source Observer,GITHUB_contributors_daily,2025-04-09,1.0
9Lives,GITHUB_contributors_daily,2025-04-09,2.0
Enclave,GITHUB_contributors_daily,2025-04-09,3.0
thirdweb,GITHUB_opened_pull_requests_daily,2025-04-09,10.0
Walnut,GITHUB_opened_pull_requests_daily,2025-04-09,1.0
Trail of Bits Security Reviews,GITHUB_opened_pull_requests_daily,2025-04-09,5.0
Redstone Finance,GITHUB_opened_pull_requests_daily,2025-04-09,1.0
Trail of Bits Security Reviews,GITHUB_merged_pull_requests_daily,2025-04-09,5.0
Passport XYZ,GITHUB_merged_pull_requests_daily,2025-04-09,3.0
Walnut,GITHUB_merged_pull_requests_daily,2025-04-09,2.0
Enclave,GITHUB_closed_issues_daily,2025-04-09,3.0
Passport XYZ,GITHUB_closed_issues_daily,2025-04-09,3.0
Open Source Observer,GITHUB_comments_daily,2024-08-20,4.0
thirdweb,GITHUB_comments_daily,2024-08-20,227.0
thirdweb,GITHUB_commits_daily,2024-08-20,30.0
Trail of Bits Security Reviews,GITHUB_stars_daily,2024-08-20,13.0
thirdweb,GITHUB_stars_daily,2024-08-20,2.0
Trail of Bits Security Reviews,GITHUB_releases_daily,2024-08-20,4.0
Trail of Bits Security Reviews,GITHUB_forks_daily,2024-08-20,2.0
Runtime Verification,GITHUB_repositories_daily,2024-08-20,15.0
Redstone Finance,GITHUB_repositories_daily,2024-08-20,3.0
Open Source Observer,GITHUB_contributors_daily,2024-08-20,1.0
Pyth Network,GITHUB_active_developers_daily,2024-08-20,3.0
Walnut,GITHUB_active_developers_daily,2024-08-20,1.0
Enclave,GITHUB_opened_pull_requests_daily,2024-08-20,1.0
Open Source Observer,GITHUB_merged_pull_requests_daily,2024-08-20,2.0
Passport XYZ,GITHUB_opened_issues_daily,2024-08-20,8.0
Trail of Bits Security Reviews,GITHUB_opened_issues_daily,2024-08-20,3.0
Passport XYZ,GITHUB_closed_issues_daily,2024-08-20,2.0
Runtime Verification,GITHUB_closed_issues_daily,2024-08-20,2.0
Runtime Verification,GITHUB_new_contributors_quarterly,2025-02-01,2.0
Passport XYZ,GITHUB_active_contributors_quarterly,2025-02-01,7.0
Trail of Bits Security Reviews,GITHUB_new_contributors_quarterly,2025-02-01,19.0
Moving Stylus,GITHUB_part_time_contributors_quarterly,2025-02-01,2.0
Walnut,GITHUB_active_contributors_quarterly,2025-02-01,9.0
Open Source Observer,GITHUB_part_time_contributors_quarterly,2025-02-01,30.0
Solang,GITHUB_part_time_contributors_quarterly,2025-02-01,12.0
Pyth Network,GITHUB_new_contributors_quarterly,2025-02-01,11.0
thirdweb,GITHUB_part_time_contributors_quarterly,2025-02-01,47.0
Walnut,GITHUB_part_time_contributors_quarterly,2025-02-01,9.0
Runtime Verification,GITHUB_releases_biannually,2025-02-01,34.0
Trail of Bits Security Reviews,GITHUB_releases_biannually,2025-02-01,7.0
Pyth Network,GITHUB_releases_biannually,2025-02-01,18.0
Trail of Bits Security Reviews,GITHUB_releases_quarterly,2025-02-01,7.0
CodeTracer,GITHUB_commits_biannually,2025-02-01,19.0
Passport XYZ,GITHUB_commits_biannually,2025-02-01,124.0
Solang,GITHUB_commits_biannually,2025-02-01,10.0
Open Source Observer,GITHUB_active_developers_biannually,2025-02-01,24.0
Redstone Finance,GITHUB_repositories_quarterly,2025-02-01,9.0
9Lives,GITHUB_repositories_quarterly,2025-02-01,1.0
Pyth Network,GITHUB_active_developers_quarterly,2025-02-01,16.0
Open Source Observer,GITHUB_active_developers_quarterly,2025-02-01,24.0
Runtime Verification,GITHUB_active_developers_quarterly,2025-02-01,16.0
Redstone Finance,GITHUB_part_time_developers_quarterly,2025-02-01,13.0
CodeTracer,GITHUB_part_time_developers_quarterly,2025-02-01,4.0
Open Source Observer,GITHUB_part_time_developers_quarterly,2025-02-01,24.0
Moving Stylus,GITHUB_part_time_developers_quarterly,2025-02-01,2.0
Pyth Network,GITHUB_stars_biannually,2025-02-01,27.0
Open Source Observer,GITHUB_stars_biannually,2025-02-01,16.0
Runtime Verification,GITHUB_stars_biannually,2025-02-01,24.0
Sylow,GITHUB_stars_biannually,2025-02-01,4.0
Solang,GITHUB_stars_monthly,2025-02-01,13.0
Redstone Finance,GITHUB_stars_monthly,2025-02-01,21.0
thirdweb,GITHUB_stars_monthly,2025-02-01,48.0
Open Source Observer,GITHUB_stars_monthly,2025-02-01,16.0
thirdweb,GITHUB_commits_daily,2025-02-01,6.0
Passport XYZ,GITHUB_commits_monthly,2025-02-01,124.0
Open Source Observer,GITHUB_commits_monthly,2025-02-01,161.0
9Lives,GITHUB_commits_monthly,2025-02-01,128.0
Solang,GITHUB_commits_monthly,2025-02-01,10.0
Solang,GITHUB_stars_quarterly,2025-02-01,13.0
Open Source Observer,GITHUB_stars_quarterly,2025-02-01,16.0
Pyth Network,GITHUB_stars_quarterly,2025-02-01,27.0
Runtime Verification,GITHUB_comments_monthly,2025-02-01,180.0
Trail of Bits Security Reviews,GITHUB_comments_monthly,2025-02-01,162.0
Open Source Observer,GITHUB_comments_monthly,2025-02-01,462.0
Pyth Network,GITHUB_comments_monthly,2025-02-01,470.0
Walnut,GITHUB_comments_monthly,2025-02-01,195.0
Runtime Verification,GITHUB_releases_daily,2025-02-01,1.0
Runtime Verification,GITHUB_commits_quarterly,2025-02-01,137.0
Passport XYZ,GITHUB_commits_quarterly,2025-02-01,124.0
9Lives,GITHUB_commits_quarterly,2025-02-01,128.0
Pyth Network,GITHUB_commits_quarterly,2025-02-01,208.0
Remix IDE plugin for Arbitrum Stylus,GITHUB_forks_quarterly,2025-02-01,1.0
Runtime Verification,GITHUB_forks_biannually,2025-02-01,10.0
Solang,GITHUB_forks_biannually,2025-02-01,5.0
Trail of Bits Security Reviews,GITHUB_repositories_daily,2025-02-01,8.0
Open Source Observer,GITHUB_repositories_biannually,2025-02-01,5.0
thirdweb,GITHUB_repositories_biannually,2025-02-01,18.0
Runtime Verification,GITHUB_repositories_biannually,2025-02-01,29.0
Solang,GITHUB_repositories_monthly,2025-02-01,1.0
Remix IDE plugin for Arbitrum Stylus,GITHUB_repositories_monthly,2025-02-01,1.0
Debid - Fairblock,GITHUB_contributors_monthly,2025-02-01,2.0
CodeTracer,GITHUB_contributors_monthly,2025-02-01,6.0
Runtime Verification,GITHUB_active_developers_daily,2025-02-01,2.0
Trail of Bits Security Reviews,GITHUB_contributors_quarterly,2025-02-01,48.0
Open Source Observer,GITHUB_contributors_quarterly,2025-02-01,30.0
Open Source Observer,GITHUB_contributors_biannually,2025-02-01,30.0
Walnut,GITHUB_contributors_biannually,2025-02-01,9.0
CodeTracer,GITHUB_contributors_quarterly,2025-02-01,6.0
9Lives,GITHUB_contributors_quarterly,2025-02-01,4.0
thirdweb,GITHUB_active_developers_monthly,2025-02-01,12.0
Pyth Network,GITHUB_active_developers_monthly,2025-02-01,16.0
9Lives,GITHUB_active_developers_monthly,2025-02-01,3.0
Moving Stylus,GITHUB_active_developers_monthly,2025-02-01,2.0
Runtime Verification,GITHUB_active_developers_monthly,2025-02-01,16.0
Open Source Observer,GITHUB_part_time_developers_monthly,2025-02-01,20.0
Trail of Bits Security Reviews,GITHUB_full_time_developers_monthly,2025-02-01,3.0
thirdweb,GITHUB_part_time_developers_monthly,2025-02-01,10.0
Redstone Finance,GITHUB_full_time_developers_monthly,2025-02-01,3.0
CodeTracer,GITHUB_part_time_developers_monthly,2025-02-01,4.0
Passport XYZ,GITHUB_part_time_developers_monthly,2025-02-01,4.0
Trail of Bits Security Reviews,GITHUB_part_time_developers_monthly,2025-02-01,13.0
Walnut,GITHUB_part_time_developers_biannually,2025-02-01,5.0
thirdweb,GITHUB_part_time_developers_biannually,2025-02-01,12.0
Redstone Finance,GITHUB_part_time_developers_biannually,2025-02-01,13.0
Runtime Verification,GITHUB_part_time_developers_biannually,2025-02-01,16.0
Pyth Network,GITHUB_part_time_developers_biannually,2025-02-01,16.0
Solang,GITHUB_part_time_developers_biannually,2025-02-01,2.0
Passport XYZ,GITHUB_active_contributors_biannually,2025-02-01,7.0
Walnut,GITHUB_new_contributors_biannually,2025-02-01,1.0
Redstone Finance,GITHUB_new_contributors_monthly,2025-02-01,4.0
Solang,GITHUB_part_time_contributors_monthly,2025-02-01,12.0
Open Source Observer,GITHUB_part_time_developers_biannually,2025-02-01,24.0
Trail of Bits Security Reviews,GITHUB_active_contributors_monthly,2025-02-01,48.0
thirdweb,GITHUB_part_time_contributors_monthly,2025-02-01,38.0
Walnut,GITHUB_new_contributors_monthly,2025-02-01,1.0
Open Source Observer,GITHUB_active_contributors_monthly,2025-02-01,30.0
Moving Stylus,GITHUB_active_contributors_monthly,2025-02-01,2.0
Passport XYZ,GITHUB_full_time_contributors_monthly,2025-02-01,2.0
9Lives,GITHUB_new_contributors_monthly,2025-02-01,4.0
Debid - Fairblock,GITHUB_active_contributors_monthly,2025-02-01,2.0
CodeTracer,GITHUB_part_time_contributors_monthly,2025-02-01,6.0
Solang,GITHUB_active_contributors_biannually,2025-02-01,12.0
Pyth Network,GITHUB_active_contributors_biannually,2025-02-01,31.0
9Lives,GITHUB_active_contributors_biannually,2025-02-01,4.0
thirdweb,GITHUB_new_contributors_biannually,2025-02-01,23.0
Moving Stylus,GITHUB_part_time_contributors_biannually,2025-02-01,2.0
Passport XYZ,GITHUB_new_contributors_biannually,2025-02-01,2.0
Redstone Finance,GITHUB_new_contributors_biannually,2025-02-01,4.0
CodeTracer,GITHUB_active_contributors_biannually,2025-02-01,6.0
Open Source Observer,GITHUB_part_time_contributors_monthly,2025-02-01,25.0
Walnut,GITHUB_full_time_contributors_monthly,2025-02-01,4.0
Passport XYZ,GITHUB_active_contributors_monthly,2025-02-01,7.0
Passport XYZ,GITHUB_part_time_contributors_monthly,2025-02-01,5.0
Walnut,GITHUB_part_time_contributors_biannually,2025-02-01,9.0
Runtime Verification,GITHUB_active_contributors_biannually,2025-02-01,24.0
CodeTracer,GITHUB_new_contributors_biannually,2025-02-01,6.0
9Lives,GITHUB_part_time_contributors_biannually,2025-02-01,4.0
Trail of Bits Security Reviews,GITHUB_active_contributors_biannually,2025-02-01,48.0
Open Source Observer,GITHUB_active_contributors_biannually,2025-02-01,30.0
thirdweb,GITHUB_part_time_contributors_biannually,2025-02-01,47.0
Open Source Observer,GITHUB_change_in_part_time_contributors_biannually,2025-02-01,-15.0
thirdweb,GITHUB_change_in_active_developers_biannually,2025-02-01,-6.0
Pyth Network,GITHUB_change_in_part_time_contributors_biannually,2025-02-01,-2.0
Debid - Fairblock,GITHUB_change_in_active_developers_quarterly,2025-02-01,3.0
Solang,GITHUB_change_in_part_time_contributors_quarterly,2025-02-01,-8.0
Redstone Finance,GITHUB_change_in_part_time_contributors_quarterly,2025-02-01,-6.0
Pyth Network,GITHUB_change_in_active_developers_quarterly,2025-02-01,-2.0
Trail of Bits Security Reviews,GITHUB_change_in_part_time_contributors_quarterly,2025-02-01,-7.0
Passport XYZ,GITHUB_change_in_part_time_contributors_monthly,2025-02-01,-2.0
Walnut,GITHUB_change_in_full_time_contributors_monthly,2025-02-01,-2.0
Open Source Observer,GITHUB_change_in_full_time_contributors_monthly,2025-02-01,0.0
CodeTracer,GITHUB_change_in_part_time_contributors_monthly,2025-02-01,
Walnut,GITHUB_change_in_active_developers_monthly,2025-02-01,-1.0
thirdweb,GITHUB_change_in_active_developers_monthly,2025-02-01,-6.0
thirdweb,GITHUB_change_in_part_time_contributors_monthly,2025-02-01,-4.0
Passport XYZ,GITHUB_change_in_part_time_contributors_quarterly,2025-02-01,-1.0
Open Source Observer,GITHUB_change_in_part_time_contributors_monthly,2025-02-01,-15.0
Debid - Fairblock,GITHUB_change_in_part_time_contributors_biannually,2025-02-01,3.0
9Lives,GITHUB_change_in_active_developers_biannually,2025-02-01,0.0
9Lives,GITHUB_change_in_part_time_contributors_biannually,2025-02-01,0.0
Trail of Bits Security Reviews,GITHUB_change_in_part_time_contributors_biannually,2025-02-01,-7.0
Open Source Observer,GITHUB_change_in_active_developers_biannually,2025-02-01,-15.0
Moving Stylus,GITHUB_change_in_active_developers_biannually,2025-02-01,2.0
Runtime Verification,GITHUB_change_in_part_time_contributors_biannually,2025-02-01,1.0
CodeTracer,GITHUB_change_in_part_time_contributors_biannually,2025-02-01,
Solang,GITHUB_change_in_active_developers_biannually,2025-02-01,-8.0
Open Source Observer,GITHUB_opened_pull_requests_monthly,2025-02-01,148.0
Enclave,GITHUB_opened_pull_requests_monthly,2025-02-01,3.0
Trail of Bits Security Reviews,GITHUB_opened_pull_requests_monthly,2025-02-01,177.0
Open Source Observer,GITHUB_opened_pull_requests_biannually,2025-02-01,148.0
Runtime Verification,GITHUB_opened_pull_requests_biannually,2025-02-01,77.0
Solang,GITHUB_opened_pull_requests_biannually,2025-02-01,7.0
Runtime Verification,GITHUB_merged_pull_requests_daily,2025-02-01,3.0
Open Source Observer,GITHUB_merged_pull_requests_daily,2025-02-01,6.0
Moving Stylus,GITHUB_opened_pull_requests_quarterly,2025-02-01,5.0
Pyth Network,GITHUB_merged_pull_requests_monthly,2025-02-01,160.0
Enclave,GITHUB_merged_pull_requests_monthly,2025-02-01,3.0
Open Source Observer,GITHUB_merged_pull_requests_monthly,2025-02-01,148.0
Walnut,GITHUB_merged_pull_requests_quarterly,2025-02-01,76.0
Solang,GITHUB_merged_pull_requests_quarterly,2025-02-01,10.0
Passport XYZ,GITHUB_merged_pull_requests_quarterly,2025-02-01,111.0
Pyth Network,GITHUB_merged_pull_requests_biannually,2025-02-01,160.0
Trail of Bits Security Reviews,GITHUB_merged_pull_requests_biannually,2025-02-01,139.0
CodeTracer,GITHUB_merged_pull_requests_biannually,2025-02-01,12.0
thirdweb,GITHUB_merged_pull_requests_biannually,2025-02-01,196.0
Walnut,GITHUB_merged_pull_requests_biannually,2025-02-01,76.0
thirdweb,GITHUB_opened_issues_monthly,2025-02-01,15.0
Solang,GITHUB_opened_issues_quarterly,2025-02-01,27.0
Trail of Bits Security Reviews,GITHUB_opened_issues_monthly,2025-02-01,21.0
Redstone Finance,GITHUB_opened_issues_monthly,2025-02-01,1.0
Redstone Finance,GITHUB_opened_issues_biannually,2025-02-01,1.0
CodeTracer,GITHUB_opened_issues_biannually,2025-02-01,1.0
thirdweb,GITHUB_closed_issues_monthly,2025-02-01,15.0
Trail of Bits Security Reviews,GITHUB_closed_issues_biannually,2025-02-01,16.0
Redstone Finance,GITHUB_closed_issues_quarterly,2025-02-01,1.0
Walnut,GITHUB_closed_issues_quarterly,2025-02-01,67.0
Pyth Network,GITHUB_closed_issues_quarterly,2025-02-01,1.0
Solang,GITHUB_closed_issues_quarterly,2025-02-01,3.0
Pyth Network,GITHUB_closed_issues_biannually,2025-02-01,1.0
Pyth Network,GITHUB_avg_prs_time_to_merge_quarterly,2025-02-01,0.0
Open Source Observer,GITHUB_avg_time_to_first_response_quarterly,2025-02-01,1526922.2826086956
Enclave,GITHUB_avg_prs_time_to_merge_quarterly,2025-02-01,0.0
Solang,GITHUB_avg_prs_time_to_merge_quarterly,2025-02-01,0.0
Trail of Bits Security Reviews,GITHUB_avg_prs_time_to_merge_quarterly,2025-02-01,0.0
Passport XYZ,GITHUB_avg_time_to_first_response_biannually,2025-02-01,962800.6
Redstone Finance,GITHUB_avg_time_to_first_response_quarterly,2025-02-01,141348.16129032258
Trail of Bits Security Reviews,GITHUB_avg_time_to_first_response_quarterly,2025-02-01,5374924.601156069
Moving Stylus,GITHUB_avg_time_to_first_response_biannually,2025-02-01,6.5
Walnut,GITHUB_avg_prs_time_to_merge_biannually,2025-02-01,0.0
Passport XYZ,GITHUB_avg_prs_time_to_merge_biannually,2025-02-01,0.0
Redstone Finance,GITHUB_avg_time_to_first_response_biannually,2025-02-01,141348.16129032258
Solang,GITHUB_change_in_active_contributors_biannually,2025-02-01,-8.0
Redstone Finance,GITHUB_change_in_new_contributors_biannually,2025-02-01,-3.0
Walnut,GITHUB_change_in_active_contributors_biannually,2025-02-01,-1.0
Debid - Fairblock,GITHUB_change_in_active_contributors_quarterly,2025-02-01,3.0
CodeTracer,GITHUB_change_in_new_contributors_quarterly,2025-02-01,
CodeTracer,GITHUB_change_in_active_contributors_quarterly,2025-02-01,
thirdweb,GITHUB_change_in_full_time_contributors_quarterly,2025-02-01,0.0
Runtime Verification,GITHUB_change_in_new_contributors_quarterly,2025-02-01,-1.0
Runtime Verification,GITHUB_change_in_full_time_contributors_quarterly,2025-02-01,0.0
Debid - Fairblock,GITHUB_change_in_full_time_contributors_biannually,2025-02-01,0.0
thirdweb,GITHUB_change_in_full_time_contributors_biannually,2025-02-01,0.0
CodeTracer,GITHUB_change_in_full_time_contributors_biannually,2025-02-01,
Runtime Verification,GITHUB_change_in_active_contributors_biannually,2025-02-01,1.0
Debid - Fairblock,GITHUB_change_in_full_time_contributors_monthly,2025-02-01,0.0
CodeTracer,GITHUB_change_in_active_contributors_monthly,2025-02-01,
thirdweb,GITHUB_change_in_new_contributors_monthly,2025-02-01,-12.0
CodeTracer,GITHUB_change_in_full_time_contributors_monthly,2025-02-01,
Solang,GITHUB_change_in_full_time_contributors_biannually,2025-02-01,0.0
Pyth Network,GITHUB_change_in_new_contributors_monthly,2025-02-01,-8.0
Enclave,GITHUB_churned_contributors_monthly,2025-02-01,1.0
Enclave,GITHUB_change_in_active_contributors_quarterly,2025-02-01,1.0
Walnut,GITHUB_change_in_active_contributors_quarterly,2025-02-01,-1.0
Trail of Bits Security Reviews,GITHUB_churned_contributors_quarterly,2025-02-01,-26.0
Pyth Network,GITHUB_change_in_new_contributors_biannually,2025-02-01,-8.0
Pyth Network,GITHUB_change_in_active_contributors_biannually,2025-02-01,-2.0
9Lives,GITHUB_churned_contributors_biannually,2025-02-01,-4.0
9Lives,GITHUB_change_in_new_contributors_biannually,2025-02-01,0.0
Enclave,GITHUB_change_in_active_contributors_biannually,2025-02-01,1.0
Enclave,GITHUB_change_in_full_time_contributors_biannually,2025-02-01,0.0
Moving Stylus,GITHUB_change_in_new_contributors_biannually,2025-02-01,1.0
Moving Stylus,GITHUB_churned_contributors_monthly,2025-02-01,1.0
Walnut,GITHUB_change_in_new_contributors_monthly,2025-02-01,-1.0
Redstone Finance,GITHUB_churned_contributors_monthly,2025-02-01,-10.0
Redstone Finance,GITHUB_change_in_active_contributors_monthly,2025-02-01,-6.0
Solang,GITHUB_change_in_active_contributors_quarterly,2025-02-01,-8.0
Pyth Network,GITHUB_churned_contributors_quarterly,2025-02-01,-13.0
Passport XYZ,GITHUB_churned_contributors_quarterly,2025-02-01,-3.0
9Lives,GITHUB_change_in_full_time_contributors_quarterly,2025-02-01,0.0
9Lives,GITHUB_change_in_new_contributors_quarterly,2025-02-01,0.0
Moving Stylus,GITHUB_churned_contributors_quarterly,2025-02-01,1.0
Trail of Bits Security Reviews,GITHUB_forks_weekly,2025-02-03,8.0
thirdweb,GITHUB_forks_weekly,2025-02-03,17.0
Open Source Observer,GITHUB_comments_daily,2025-02-03,24.0
Runtime Verification,GITHUB_stars_daily,2025-02-03,1.0
Runtime Verification,GITHUB_commits_daily,2025-02-03,13.0
9Lives,GITHUB_commits_daily,2025-02-03,11.0
Open Source Observer,GITHUB_stars_weekly,2025-02-03,3.0
Trail of Bits Security Reviews,GITHUB_stars_weekly,2025-02-03,59.0
Passport XYZ,GITHUB_releases_weekly,2025-02-03,3.0
Runtime Verification,GITHUB_releases_weekly,2025-02-03,16.0
Moving Stylus,GITHUB_commits_weekly,2025-02-03,11.0
Trail of Bits Security Reviews,GITHUB_commits_weekly,2025-02-03,41.0
Solang,GITHUB_commits_weekly,2025-02-03,3.0
Pyth Network,GITHUB_commits_weekly,2025-02-03,80.0
Moving Stylus,GITHUB_comments_weekly,2025-02-03,4.0
Redstone Finance,GITHUB_comments_weekly,2025-02-03,3.0
Pyth Network,GITHUB_comments_weekly,2025-02-03,178.0
Walnut,GITHUB_comments_weekly,2025-02-03,76.0
Passport XYZ,GITHUB_repositories_daily,2025-02-03,1.0
Open Source Observer,GITHUB_repositories_daily,2025-02-03,3.0
Enclave,GITHUB_repositories_daily,2025-02-03,1.0
Walnut,GITHUB_repositories_weekly,2025-02-03,6.0
Pyth Network,GITHUB_repositories_weekly,2025-02-03,7.0
thirdweb,GITHUB_repositories_weekly,2025-02-03,8.0
Solang,GITHUB_contributors_daily,2025-02-03,2.0
Enclave,GITHUB_contributors_weekly,2025-02-03,1.0
thirdweb,GITHUB_contributors_weekly,2025-02-03,22.0
Open Source Observer,GITHUB_contributors_weekly,2025-02-03,10.0
Moving Stylus,GITHUB_active_developers_weekly,2025-02-03,2.0
Runtime Verification,GITHUB_active_developers_weekly,2025-02-03,9.0
Walnut,GITHUB_opened_pull_requests_weekly,2025-02-03,26.0
Enclave,GITHUB_opened_pull_requests_weekly,2025-02-03,3.0
Solang,GITHUB_opened_pull_requests_weekly,2025-02-03,4.0
Runtime Verification,GITHUB_opened_pull_requests_weekly,2025-02-03,25.0
Redstone Finance,GITHUB_opened_pull_requests_daily,2025-02-03,1.0
Solang,GITHUB_opened_pull_requests_daily,2025-02-03,1.0
Walnut,GITHUB_opened_pull_requests_daily,2025-02-03,3.0
Open Source Observer,GITHUB_merged_pull_requests_daily,2025-02-03,5.0
thirdweb,GITHUB_merged_pull_requests_daily,2025-02-03,4.0
Walnut,GITHUB_opened_issues_daily,2025-02-03,3.0
Trail of Bits Security Reviews,GITHUB_opened_issues_weekly,2025-02-03,6.0
thirdweb,GITHUB_opened_issues_weekly,2025-02-03,3.0
Solang,GITHUB_opened_issues_weekly,2025-02-03,18.0
thirdweb,GITHUB_closed_issues_weekly,2025-02-03,2.0
Pyth Network,GITHUB_forks_weekly,2025-03-10,6.0
Solang,GITHUB_forks_weekly,2025-03-10,1.0
thirdweb,GITHUB_comments_daily,2025-03-10,87.0
Passport XYZ,GITHUB_comments_daily,2025-03-10,4.0
Redstone Finance,GITHUB_comments_daily,2025-03-10,1.0
Trail of Bits Security Reviews,GITHUB_comments_daily,2025-03-10,11.0
Passport XYZ,GITHUB_stars_daily,2025-03-10,2.0
CodeTracer,GITHUB_stars_daily,2025-03-10,34.0
Remix IDE plugin for Arbitrum Stylus,GITHUB_stars_weekly,2025-03-10,1.0
Passport XYZ,GITHUB_stars_weekly,2025-03-10,12.0
Pyth Network,GITHUB_commits_daily,2025-03-10,6.0
Open Source Observer,GITHUB_commits_daily,2025-03-10,6.0
Pyth Network,GITHUB_releases_weekly,2025-03-10,6.0
Runtime Verification,GITHUB_commits_weekly,2025-03-10,52.0
Open Source Observer,GITHUB_commits_weekly,2025-03-10,49.0
Trail of Bits Security Reviews,GITHUB_commits_weekly,2025-03-10,74.0
9Lives,GITHUB_commits_weekly,2025-03-10,29.0
Walnut,GITHUB_comments_weekly,2025-03-10,10.0
Trail of Bits Security Reviews,GITHUB_comments_weekly,2025-03-10,52.0
thirdweb,GITHUB_comments_weekly,2025-03-10,251.0
Sylow,GITHUB_comments_weekly,2025-03-10,5.0
Runtime Verification,GITHUB_comments_weekly,2025-03-10,50.0
Debid - Fairblock,GITHUB_repositories_weekly,2025-03-10,1.0
Solang,GITHUB_forks_daily,2025-03-10,1.0
Redstone Finance,GITHUB_repositories_weekly,2025-03-10,7.0
Solang,GITHUB_repositories_weekly,2025-03-10,1.0
Walnut,GITHUB_repositories_weekly,2025-03-10,5.0
Pyth Network,GITHUB_repositories_daily,2025-03-10,3.0
Runtime Verification,GITHUB_contributors_weekly,2025-03-10,12.0
Trail of Bits Security Reviews,GITHUB_contributors_weekly,2025-03-10,18.0
9Lives,GITHUB_contributors_weekly,2025-03-10,4.0
Open Source Observer,GITHUB_active_developers_daily,2025-03-10,4.0
Pyth Network,GITHUB_active_developers_daily,2025-03-10,3.0
Walnut,GITHUB_active_developers_daily,2025-03-10,1.0
9Lives,GITHUB_active_developers_daily,2025-03-10,2.0
thirdweb,GITHUB_active_developers_weekly,2025-03-10,7.0
Open Source Observer,GITHUB_contributors_daily,2025-03-10,6.0
Pyth Network,GITHUB_contributors_daily,2025-03-10,7.0
Walnut,GITHUB_contributors_daily,2025-03-10,2.0
Solang,GITHUB_opened_pull_requests_daily,2025-03-10,1.0
Open Source Observer,GITHUB_opened_pull_requests_weekly,2025-03-10,51.0
Solang,GITHUB_opened_pull_requests_weekly,2025-03-10,1.0
Runtime Verification,GITHUB_opened_pull_requests_weekly,2025-03-10,40.0
Sylow,GITHUB_opened_pull_requests_weekly,2025-03-10,1.0
Redstone Finance,GITHUB_merged_pull_requests_weekly,2025-03-10,5.0
Walnut,GITHUB_merged_pull_requests_weekly,2025-03-10,6.0
thirdweb,GITHUB_merged_pull_requests_weekly,2025-03-10,32.0
thirdweb,GITHUB_merged_pull_requests_daily,2025-03-10,10.0
Walnut,GITHUB_opened_issues_weekly,2025-03-10,2.0
CodeTracer,GITHUB_opened_issues_weekly,2025-03-10,22.0
Open Source Observer,GITHUB_merged_pull_requests_daily,2025-03-10,7.0
thirdweb,GITHUB_opened_issues_daily,2025-03-10,1.0
CodeTracer,GITHUB_opened_issues_daily,2025-03-10,11.0
Passport XYZ,GITHUB_opened_issues_daily,2025-03-10,4.0
Trail of Bits Security Reviews,GITHUB_opened_issues_daily,2025-03-10,1.0
thirdweb,GITHUB_closed_issues_weekly,2025-03-10,1.0
Passport XYZ,GITHUB_closed_issues_weekly,2025-03-10,10.0
Runtime Verification,GITHUB_closed_issues_weekly,2025-03-10,6.0
CodeTracer,GITHUB_closed_issues_daily,2025-03-10,21.0
Redstone Finance,GITHUB_comments_daily,2025-02-14,1.0
Solang,GITHUB_stars_daily,2025-02-14,1.0
Trail of Bits Security Reviews,GITHUB_stars_daily,2025-02-14,8.0
thirdweb,GITHUB_forks_daily,2025-02-14,2.0
Redstone Finance,GITHUB_repositories_daily,2025-02-14,6.0
thirdweb,GITHUB_contributors_daily,2025-02-14,8.0
Passport XYZ,GITHUB_contributors_daily,2025-02-14,1.0
Redstone Finance,GITHUB_contributors_daily,2025-02-14,7.0
Open Source Observer,GITHUB_contributors_daily,2025-02-14,6.0
Pyth Network,GITHUB_contributors_daily,2025-02-14,5.0
Walnut,GITHUB_active_developers_daily,2025-02-14,2.0
thirdweb,GITHUB_active_developers_daily,2025-02-14,2.0
Runtime Verification,GITHUB_active_developers_daily,2025-02-14,1.0
9Lives,GITHUB_active_developers_daily,2025-02-14,1.0
Runtime Verification,GITHUB_opened_pull_requests_daily,2025-02-14,1.0
Trail of Bits Security Reviews,GITHUB_opened_pull_requests_daily,2025-02-14,3.0
Pyth Network,GITHUB_opened_pull_requests_daily,2025-02-14,5.0
Walnut,GITHUB_closed_issues_daily,2025-02-14,1.0
Trail of Bits Security Reviews,GITHUB_comments_daily,2024-04-18,6.0
Runtime Verification,GITHUB_comments_daily,2024-04-18,22.0
Runtime Verification,GITHUB_commits_daily,2024-04-18,43.0
Pyth Network,GITHUB_commits_daily,2024-04-18,7.0
Trail of Bits Security Reviews,GITHUB_commits_daily,2024-04-18,15.0
Trail of Bits Security Reviews,GITHUB_releases_daily,2024-04-18,1.0
Syndicate Protocol,GITHUB_forks_daily,2024-04-18,1.0
thirdweb,GITHUB_forks_daily,2024-04-18,1.0
Pyth Network,GITHUB_forks_daily,2024-04-18,1.0
thirdweb,GITHUB_active_developers_daily,2024-04-18,7.0
Pyth Network,GITHUB_active_developers_daily,2024-04-18,5.0
Runtime Verification,GITHUB_active_developers_daily,2024-04-18,7.0
Trail of Bits Security Reviews,GITHUB_opened_pull_requests_daily,2024-04-18,4.0
Pyth Network,GITHUB_opened_pull_requests_daily,2024-04-18,10.0
Open Source Observer,GITHUB_opened_pull_requests_daily,2024-04-18,8.0
Pyth Network,GITHUB_merged_pull_requests_daily,2024-04-18,6.0
thirdweb,GITHUB_opened_issues_daily,2024-04-18,1.0
Redstone Finance,GITHUB_comments_daily,2025-02-20,4.0
Trail of Bits Security Reviews,GITHUB_stars_daily,2025-02-20,10.0
Runtime Verification,GITHUB_stars_daily,2025-02-20,1.0
Passport XYZ,GITHUB_forks_daily,2025-02-20,2.0
Runtime Verification,GITHUB_repositories_daily,2025-02-20,3.0
Passport XYZ,GITHUB_repositories_daily,2025-02-20,1.0
9Lives,GITHUB_repositories_daily,2025-02-20,1.0
Runtime Verification,GITHUB_contributors_daily,2025-02-20,2.0
Walnut,GITHUB_contributors_daily,2025-02-20,5.0
Pyth Network,GITHUB_active_developers_daily,2025-02-20,5.0
Open Source Observer,GITHUB_active_developers_daily,2025-02-20,6.0
Trail of Bits Security Reviews,GITHUB_opened_pull_requests_daily,2025-02-20,3.0
Walnut,GITHUB_merged_pull_requests_daily,2025-02-20,3.0
Walnut,GITHUB_closed_issues_daily,2025-02-20,8.0
thirdweb,GITHUB_comments_daily,2024-10-18,99.0
Walnut,GITHUB_comments_daily,2024-10-18,1.0
Enclave,GITHUB_comments_daily,2024-10-18,2.0
Runtime Verification,GITHUB_comments_daily,2024-10-18,4.0
Open Source Observer,GITHUB_commits_daily,2024-10-18,9.0
Debid - Fairblock,GITHUB_forks_daily,2024-10-18,1.0
Runtime Verification,GITHUB_forks_daily,2024-10-18,5.0
thirdweb,GITHUB_repositories_daily,2024-10-18,4.0
Open Source Observer,GITHUB_active_developers_daily,2024-10-18,5.0
Runtime Verification,GITHUB_active_developers_daily,2024-10-18,2.0
Debid - Fairblock,GITHUB_contributors_daily,2024-10-18,2.0
thirdweb,GITHUB_contributors_daily,2024-10-18,14.0
Open Source Observer,GITHUB_contributors_daily,2024-10-18,7.0
Passport XYZ,GITHUB_contributors_daily,2024-10-18,4.0
Pyth Network,GITHUB_contributors_daily,2024-10-18,3.0
Redstone Finance,GITHUB_contributors_daily,2024-10-18,3.0
Passport XYZ,GITHUB_opened_pull_requests_daily,2024-10-18,9.0
Open Source Observer,GITHUB_merged_pull_requests_daily,2024-10-18,5.0
Trail of Bits Security Reviews,GITHUB_opened_issues_daily,2024-10-18,1.0
Open Source Observer,GITHUB_closed_issues_daily,2024-10-18,3.0
Trail of Bits Security Reviews,GITHUB_comments_daily,2025-03-19,11.0
Walnut,GITHUB_comments_daily,2025-03-19,1.0
Passport XYZ,GITHUB_stars_daily,2025-03-19,2.0
Runtime Verification,GITHUB_commits_daily,2025-03-19,16.0
thirdweb,GITHUB_forks_daily,2025-03-19,5.0
Passport XYZ,GITHUB_repositories_daily,2025-03-19,2.0
Solang,GITHUB_repositories_daily,2025-03-19,1.0
Redstone Finance,GITHUB_repositories_daily,2025-03-19,1.0
Open Source Observer,GITHUB_repositories_daily,2025-03-19,2.0
Solang,GITHUB_contributors_daily,2025-03-19,1.0
Passport XYZ,GITHUB_contributors_daily,2025-03-19,3.0
9Lives,GITHUB_contributors_daily,2025-03-19,1.0
Pyth Network,GITHUB_contributors_daily,2025-03-19,8.0
9Lives,GITHUB_active_developers_daily,2025-03-19,1.0
Open Source Observer,GITHUB_active_developers_daily,2025-03-19,3.0
thirdweb,GITHUB_active_developers_daily,2025-03-19,2.0
CodeTracer,GITHUB_active_developers_daily,2025-03-19,1.0
thirdweb,GITHUB_opened_pull_requests_daily,2025-03-19,9.0
Open Source Observer,GITHUB_opened_pull_requests_daily,2025-03-19,7.0
Runtime Verification,GITHUB_merged_pull_requests_daily,2025-03-19,2.0
Debid - Fairblock,GITHUB_merged_pull_requests_daily,2025-03-19,1.0
Walnut,GITHUB_closed_issues_daily,2025-03-19,1.0
Redstone Finance,GITHUB_comments_daily,2024-12-11,8.0
Passport XYZ,GITHUB_comments_daily,2024-12-11,6.0
Trail of Bits Security Reviews,GITHUB_comments_daily,2024-12-11,11.0
Pyth Network,GITHUB_comments_daily,2024-12-11,27.0
Open Source Observer,GITHUB_comments_daily,2024-12-11,7.0
Trail of Bits Security Reviews,GITHUB_stars_daily,2024-12-11,19.0
thirdweb,GITHUB_commits_daily,2024-12-11,17.0
Runtime Verification,GITHUB_commits_daily,2024-12-11,13.0
Open Source Observer,GITHUB_commits_daily,2024-12-11,3.0
Runtime Verification,GITHUB_releases_daily,2024-12-11,3.0
Enclave,GITHUB_repositories_daily,2024-12-11,1.0
Runtime Verification,GITHUB_contributors_daily,2024-12-11,10.0
Moving Stylus,GITHUB_opened_pull_requests_daily,2024-12-11,1.0
Passport XYZ,GITHUB_opened_pull_requests_daily,2024-12-11,6.0
Pyth Network,GITHUB_opened_pull_requests_daily,2024-12-11,12.0
Walnut,GITHUB_opened_pull_requests_daily,2024-12-11,1.0
thirdweb,GITHUB_opened_pull_requests_daily,2024-12-11,23.0
Open Source Observer,GITHUB_merged_pull_requests_daily,2024-12-11,3.0
Enclave,GITHUB_opened_issues_daily,2024-12-11,1.0
Passport XYZ,GITHUB_opened_issues_daily,2024-12-11,8.0
Open Source Observer,GITHUB_opened_issues_daily,2024-12-11,4.0
Open Source Observer,GITHUB_comments_daily,2024-09-25,12.0
thirdweb,GITHUB_commits_daily,2024-09-25,17.0
Open Source Observer,GITHUB_commits_daily,2024-09-25,29.0
Pyth Network,GITHUB_releases_daily,2024-09-25,1.0
Redstone Finance,GITHUB_repositories_daily,2024-09-25,2.0
Runtime Verification,GITHUB_repositories_daily,2024-09-25,10.0
Walnut,GITHUB_contributors_daily,2024-09-25,1.0
Trail of Bits Security Reviews,GITHUB_contributors_daily,2024-09-25,3.0
Passport XYZ,GITHUB_contributors_daily,2024-09-25,4.0
Open Source Observer,GITHUB_contributors_daily,2024-09-25,6.0
Redstone Finance,GITHUB_contributors_daily,2024-09-25,1.0
Runtime Verification,GITHUB_contributors_daily,2024-09-25,5.0
thirdweb,GITHUB_contributors_daily,2024-09-25,11.0
Runtime Verification,GITHUB_active_developers_daily,2024-09-25,3.0
Redstone Finance,GITHUB_active_developers_daily,2024-09-25,1.0
Trail of Bits Security Reviews,GITHUB_active_developers_daily,2024-09-25,1.0
Open Source Observer,GITHUB_opened_pull_requests_daily,2024-09-25,4.0
Passport XYZ,GITHUB_opened_pull_requests_daily,2024-09-25,15.0
Pyth Network,GITHUB_comments_daily,2024-03-28,27.0
Pyth Network,GITHUB_stars_daily,2024-03-28,1.0
Pyth Network,GITHUB_releases_daily,2024-03-28,1.0
thirdweb,GITHUB_releases_daily,2024-03-28,11.0
Trail of Bits Security Reviews,GITHUB_forks_daily,2024-03-28,1.0
Open Source Observer,GITHUB_repositories_daily,2024-03-28,2.0
thirdweb,GITHUB_contributors_daily,2024-03-28,16.0
Open Source Observer,GITHUB_contributors_daily,2024-03-28,3.0
Pyth Network,GITHUB_contributors_daily,2024-03-28,8.0
thirdweb,GITHUB_active_developers_daily,2024-03-28,6.0
Walnut,GITHUB_opened_pull_requests_daily,2024-03-28,1.0
thirdweb,GITHUB_opened_pull_requests_daily,2024-03-28,33.0
Trail of Bits Security Reviews,GITHUB_merged_pull_requests_daily,2024-03-28,2.0
Runtime Verification,GITHUB_opened_issues_daily,2024-03-28,2.0
Runtime Verification,GITHUB_closed_issues_daily,2024-03-28,5.0
Walnut,GITHUB_closed_issues_daily,2024-03-28,2.0
thirdweb,GITHUB_closed_issues_daily,2024-03-28,1.0
Redstone Finance,GITHUB_forks_weekly,2024-05-20,8.0
Trail of Bits Security Reviews,GITHUB_forks_weekly,2024-05-20,6.0
Walnut,GITHUB_forks_weekly,2024-05-20,19.0
Pyth Network,GITHUB_forks_weekly,2024-05-20,3.0
Runtime Verification,GITHUB_stars_weekly,2024-05-20,8.0
thirdweb,GITHUB_stars_weekly,2024-05-20,17.0
Trail of Bits Security Reviews,GITHUB_commits_daily,2024-05-20,11.0
thirdweb,GITHUB_commits_daily,2024-05-20,15.0
Trail of Bits Security Reviews,GITHUB_releases_weekly,2024-05-20,1.0
Open Source Observer,GITHUB_commits_weekly,2024-05-20,62.0
Passport XYZ,GITHUB_commits_weekly,2024-05-20,8.0
Runtime Verification,GITHUB_commits_weekly,2024-05-20,170.0
thirdweb,GITHUB_comments_weekly,2024-05-20,397.0
Redstone Finance,GITHUB_comments_weekly,2024-05-20,1.0
Syndicate Protocol,GITHUB_repositories_weekly,2024-05-20,1.0
Pyth Network,GITHUB_repositories_daily,2024-05-20,3.0
Open Source Observer,GITHUB_repositories_daily,2024-05-20,2.0
thirdweb,GITHUB_forks_daily,2024-05-20,3.0
Redstone Finance,GITHUB_active_developers_daily,2024-05-20,2.0
Pyth Network,GITHUB_active_developers_daily,2024-05-20,2.0
Syndicate Protocol,GITHUB_active_developers_daily,2024-05-20,1.0
Redstone Finance,GITHUB_opened_pull_requests_daily,2024-05-20,1.0
Runtime Verification,GITHUB_opened_pull_requests_daily,2024-05-20,7.0
Syndicate Protocol,GITHUB_merged_pull_requests_daily,2024-05-20,1.0
Runtime Verification,GITHUB_merged_pull_requests_daily,2024-05-20,11.0
Pyth Network,GITHUB_contributors_weekly,2024-05-20,18.0
thirdweb,GITHUB_contributors_daily,2024-05-20,11.0
Walnut,GITHUB_active_developers_weekly,2024-05-20,2.0
Pyth Network,GITHUB_contributors_daily,2024-05-20,4.0
Redstone Finance,GITHUB_closed_issues_weekly,2024-05-20,1.0
Walnut,GITHUB_merged_pull_requests_weekly,2024-05-20,7.0
Walnut,GITHUB_opened_issues_weekly,2024-05-20,14.0
thirdweb,GITHUB_opened_issues_weekly,2024-05-20,5.0
Walnut,GITHUB_opened_issues_daily,2024-05-20,11.0
Pyth Network,GITHUB_comments_daily,2024-02-18,4.0
Pyth Network,GITHUB_stars_daily,2024-02-18,3.0
Walnut,GITHUB_stars_daily,2024-02-18,1.0
thirdweb,GITHUB_repositories_daily,2024-02-18,6.0
Pyth Network,GITHUB_contributors_daily,2024-02-18,4.0
Trail of Bits Security Reviews,GITHUB_active_developers_daily,2024-02-18,2.0
thirdweb,GITHUB_merged_pull_requests_daily,2024-02-18,2.0
Pyth Network,GITHUB_merged_pull_requests_daily,2024-02-18,3.0
Runtime Verification,GITHUB_opened_issues_daily,2024-02-18,1.0
Redstone Finance,GITHUB_comments_daily,2025-03-05,1.0
Trail of Bits Security Reviews,GITHUB_comments_daily,2025-03-05,5.0
Trail of Bits Security Reviews,GITHUB_stars_daily,2025-03-05,4.0
Redstone Finance,GITHUB_stars_daily,2025-03-05,1.0
Runtime Verification,GITHUB_commits_daily,2025-03-05,8.0
Pyth Network,GITHUB_releases_daily,2025-03-05,2.0
CodeTracer,GITHUB_forks_daily,2025-03-05,1.0
Passport XYZ,GITHUB_repositories_daily,2025-03-05,2.0
Pyth Network,GITHUB_repositories_daily,2025-03-05,8.0
Trail of Bits Security Reviews,GITHUB_repositories_daily,2025-03-05,13.0
Runtime Verification,GITHUB_repositories_daily,2025-03-05,6.0
Trail of Bits Security Reviews,GITHUB_contributors_daily,2025-03-05,8.0
Open Source Observer,GITHUB_contributors_daily,2025-03-05,5.0
Passport XYZ,GITHUB_opened_pull_requests_daily,2025-03-05,2.0
thirdweb,GITHUB_opened_pull_requests_daily,2025-03-05,7.0
Walnut,GITHUB_opened_pull_requests_daily,2025-03-05,3.0
thirdweb,GITHUB_merged_pull_requests_daily,2025-03-05,10.0
Trail of Bits Security Reviews,GITHUB_merged_pull_requests_daily,2025-03-05,6.0
thirdweb,GITHUB_opened_issues_daily,2025-03-05,1.0
Runtime Verification,GITHUB_comments_daily,2024-02-24,5.0
Open Source Observer,GITHUB_comments_daily,2024-02-24,5.0
Open Source Observer,GITHUB_commits_daily,2024-02-24,3.0
Debid - Fairblock,GITHUB_releases_daily,2024-02-24,1.0
thirdweb,GITHUB_forks_daily,2024-02-24,1.0
Walnut,GITHUB_repositories_daily,2024-02-24,1.0
Runtime Verification,GITHUB_repositories_daily,2024-02-24,4.0
thirdweb,GITHUB_contributors_daily,2024-02-24,5.0
Debid - Fairblock,GITHUB_contributors_daily,2024-02-24,2.0
Trail of Bits Security Reviews,GITHUB_active_developers_daily,2024-02-24,1.0
Debid - Fairblock,GITHUB_active_developers_daily,2024-02-24,1.0
Walnut,GITHUB_opened_pull_requests_daily,2024-02-24,2.0
Runtime Verification,GITHUB_merged_pull_requests_daily,2024-02-24,2.0
Open Source Observer,GITHUB_comments_daily,2024-07-30,14.0
Runtime Verification,GITHUB_comments_daily,2024-07-30,21.0
Runtime Verification,GITHUB_releases_daily,2024-07-30,9.0
Pyth Network,GITHUB_stars_daily,2024-07-30,3.0
Trail of Bits Security Reviews,GITHUB_commits_daily,2024-07-30,14.0
Passport XYZ,GITHUB_commits_daily,2024-07-30,6.0
thirdweb,GITHUB_repositories_daily,2024-07-30,5.0
Walnut,GITHUB_contributors_daily,2024-07-30,2.0
Passport XYZ,GITHUB_contributors_daily,2024-07-30,2.0
Redstone Finance,GITHUB_contributors_daily,2024-07-30,3.0
Debid - Fairblock,GITHUB_active_developers_daily,2024-07-30,1.0
Pyth Network,GITHUB_active_developers_daily,2024-07-30,3.0
Passport XYZ,GITHUB_active_developers_daily,2024-07-30,2.0
Open Source Observer,GITHUB_opened_pull_requests_daily,2024-07-30,6.0
thirdweb,GITHUB_opened_pull_requests_daily,2024-07-30,23.0
Trail of Bits Security Reviews,GITHUB_opened_pull_requests_daily,2024-07-30,12.0
Passport XYZ,GITHUB_merged_pull_requests_daily,2024-07-30,4.0
Open Source Observer,GITHUB_opened_issues_daily,2024-07-30,10.0
Passport XYZ,GITHUB_closed_issues_daily,2024-07-30,2.0
Open Source Observer,GITHUB_closed_issues_daily,2024-07-30,7.0
thirdweb,GITHUB_forks_weekly,2025-04-07,14.0
Runtime Verification,GITHUB_forks_weekly,2025-04-07,2.0
Passport XYZ,GITHUB_stars_weekly,2025-04-07,6.0
Runtime Verification,GITHUB_stars_weekly,2025-04-07,6.0
Open Source Observer,GITHUB_stars_weekly,2025-04-07,1.0
Walnut,GITHUB_comments_daily,2025-04-07,1.0
Pyth Network,GITHUB_commits_daily,2025-04-07,4.0
Passport XYZ,GITHUB_commits_daily,2025-04-07,10.0
Trail of Bits Security Reviews,GITHUB_commits_daily,2025-04-07,47.0
Runtime Verification,GITHUB_releases_weekly,2025-04-07,10.0
Pyth Network,GITHUB_commits_weekly,2025-04-07,61.0
Redstone Finance,GITHUB_comments_weekly,2025-04-07,2.0
Passport XYZ,GITHUB_repositories_daily,2025-04-07,3.0
Trail of Bits Security Reviews,GITHUB_repositories_daily,2025-04-07,18.0
thirdweb,GITHUB_repositories_weekly,2025-04-07,10.0
CodeTracer,GITHUB_repositories_weekly,2025-04-07,1.0
Passport XYZ,GITHUB_forks_daily,2025-04-07,1.0
Redstone Finance,GITHUB_contributors_daily,2025-04-07,2.0
Walnut,GITHUB_contributors_daily,2025-04-07,1.0
thirdweb,GITHUB_contributors_daily,2025-04-07,7.0
Pyth Network,GITHUB_contributors_daily,2025-04-07,7.0
Open Source Observer,GITHUB_contributors_daily,2025-04-07,2.0
Moving Stylus,GITHUB_contributors_weekly,2025-04-07,1.0
Passport XYZ,GITHUB_contributors_weekly,2025-04-07,5.0
Enclave,GITHUB_contributors_weekly,2025-04-07,3.0
CoBuilders,GITHUB_contributors_weekly,2025-04-07,1.0
Redstone Finance,GITHUB_contributors_weekly,2025-04-07,3.0
Trail of Bits Security Reviews,GITHUB_active_developers_daily,2025-04-07,6.0
Walnut,GITHUB_active_developers_daily,2025-04-07,1.0
CodeTracer,GITHUB_active_developers_weekly,2025-04-07,1.0
Trail of Bits Security Reviews,GITHUB_active_developers_weekly,2025-04-07,15.0
Redstone Finance,GITHUB_active_developers_weekly,2025-04-07,3.0
Passport XYZ,GITHUB_opened_pull_requests_daily,2025-04-07,5.0
Trail of Bits Security Reviews,GITHUB_opened_pull_requests_daily,2025-04-07,21.0
Runtime Verification,GITHUB_opened_pull_requests_weekly,2025-04-07,23.0
CodeTracer,GITHUB_opened_pull_requests_weekly,2025-04-07,1.0
Open Source Observer,GITHUB_opened_pull_requests_weekly,2025-04-07,22.0
Pyth Network,GITHUB_opened_pull_requests_weekly,2025-04-07,44.0
Walnut,GITHUB_opened_pull_requests_weekly,2025-04-07,10.0
thirdweb,GITHUB_opened_pull_requests_weekly,2025-04-07,57.0
Runtime Verification,GITHUB_merged_pull_requests_daily,2025-04-07,3.0
Passport XYZ,GITHUB_merged_pull_requests_daily,2025-04-07,5.0
CoBuilders,GITHUB_merged_pull_requests_weekly,2025-04-07,1.0
Redstone Finance,GITHUB_merged_pull_requests_weekly,2025-04-07,2.0
Trail of Bits Security Reviews,GITHUB_opened_issues_weekly,2025-04-07,10.0
CodeTracer,GITHUB_opened_issues_weekly,2025-04-07,1.0
Enclave,GITHUB_closed_issues_weekly,2025-04-07,7.0
Trail of Bits Security Reviews,GITHUB_closed_issues_weekly,2025-04-07,4.0
Trail of Bits Security Reviews,GITHUB_comments_daily,2024-01-10,7.0
Pyth Network,GITHUB_comments_daily,2024-01-10,15.0
Pyth Network,GITHUB_stars_daily,2024-01-10,3.0
Pyth Network,GITHUB_commits_daily,2024-01-10,8.0
Runtime Verification,GITHUB_commits_daily,2024-01-10,16.0
Redstone Finance,GITHUB_repositories_daily,2024-01-10,3.0
Redstone Finance,GITHUB_contributors_daily,2024-01-10,2.0
thirdweb,GITHUB_contributors_daily,2024-01-10,11.0
thirdweb,GITHUB_active_developers_daily,2024-01-10,6.0
Trail of Bits Security Reviews,GITHUB_merged_pull_requests_daily,2024-01-10,8.0
Runtime Verification,GITHUB_opened_issues_daily,2024-01-10,3.0
Open Source Observer,GITHUB_opened_issues_daily,2024-01-10,5.0
Trail of Bits Security Reviews,GITHUB_closed_issues_daily,2024-01-10,1.0
Walnut,GITHUB_comments_daily,2025-01-03,3.0
Pyth Network,GITHUB_releases_daily,2025-01-03,1.0
thirdweb,GITHUB_commits_daily,2025-01-03,11.0
Trail of Bits Security Reviews,GITHUB_forks_daily,2025-01-03,1.0
Walnut,GITHUB_repositories_daily,2025-01-03,4.0
Open Source Observer,GITHUB_repositories_daily,2025-01-03,2.0
Walnut,GITHUB_active_developers_daily,2025-01-03,2.0
Open Source Observer,GITHUB_active_developers_daily,2025-01-03,1.0
Open Source Observer,GITHUB_merged_pull_requests_daily,2025-01-03,1.0
thirdweb,GITHUB_opened_issues_daily,2025-01-03,1.0
Runtime Verification,GITHUB_forks_weekly,2024-03-18,3.0
thirdweb,GITHUB_comments_daily,2024-03-18,62.0
Runtime Verification,GITHUB_comments_daily,2024-03-18,75.0
thirdweb,GITHUB_stars_weekly,2024-03-18,9.0
Debid - Fairblock,GITHUB_commits_daily,2024-03-18,2.0
Open Source Observer,GITHUB_commits_daily,2024-03-18,1.0
thirdweb,GITHUB_commits_daily,2024-03-18,15.0
Walnut,GITHUB_commits_daily,2024-03-18,22.0
Redstone Finance,GITHUB_commits_daily,2024-03-18,10.0
Runtime Verification,GITHUB_releases_weekly,2024-03-18,41.0
Remix IDE plugin for Arbitrum Stylus,GITHUB_stars_daily,2024-03-18,1.0
Pyth Network,GITHUB_commits_weekly,2024-03-18,25.0
Pyth Network,GITHUB_comments_weekly,2024-03-18,92.0
Open Source Observer,GITHUB_comments_weekly,2024-03-18,88.0
Runtime Verification,GITHUB_comments_weekly,2024-03-18,224.0
Pyth Network,GITHUB_forks_daily,2024-03-18,3.0
Trail of Bits Security Reviews,GITHUB_repositories_weekly,2024-03-18,49.0
Walnut,GITHUB_repositories_daily,2024-03-18,2.0
Pyth Network,GITHUB_repositories_daily,2024-03-18,6.0
Open Source Observer,GITHUB_repositories_daily,2024-03-18,1.0
Open Source Observer,GITHUB_contributors_weekly,2024-03-18,4.0
thirdweb,GITHUB_contributors_daily,2024-03-18,13.0
Trail of Bits Security Reviews,GITHUB_contributors_daily,2024-03-18,6.0
Walnut,GITHUB_contributors_daily,2024-03-18,6.0
Debid - Fairblock,GITHUB_active_developers_weekly,2024-03-18,2.0
Remix IDE plugin for Arbitrum Stylus,GITHUB_active_developers_weekly,2024-03-18,1.0
thirdweb,GITHUB_active_developers_daily,2024-03-18,7.0
Open Source Observer,GITHUB_active_developers_daily,2024-03-18,1.0
Debid - Fairblock,GITHUB_opened_pull_requests_weekly,2024-03-18,4.0
thirdweb,GITHUB_opened_pull_requests_weekly,2024-03-18,104.0
Trail of Bits Security Reviews,GITHUB_opened_pull_requests_weekly,2024-03-18,71.0
Redstone Finance,GITHUB_merged_pull_requests_weekly,2024-03-18,1.0
Walnut,GITHUB_merged_pull_requests_weekly,2024-03-18,13.0
Trail of Bits Security Reviews,GITHUB_opened_pull_requests_daily,2024-03-18,25.0
Open Source Observer,GITHUB_opened_pull_requests_daily,2024-03-18,1.0
Runtime Verification,GITHUB_merged_pull_requests_weekly,2024-03-18,76.0
Runtime Verification,GITHUB_merged_pull_requests_daily,2024-03-18,19.0
Trail of Bits Security Reviews,GITHUB_opened_issues_weekly,2024-03-18,25.0
thirdweb,GITHUB_opened_issues_weekly,2024-03-18,2.0
Pyth Network,GITHUB_opened_issues_weekly,2024-03-18,1.0
thirdweb,GITHUB_closed_issues_weekly,2024-03-18,5.0
Remix IDE plugin for Arbitrum Stylus,GITHUB_new_contributors_quarterly,2024-06-01,1.0
thirdweb,GITHUB_part_time_contributors_quarterly,2024-06-01,55.0
Pyth Network,GITHUB_active_contributors_quarterly,2024-06-01,38.0
thirdweb,GITHUB_active_contributors_quarterly,2024-06-01,55.0
Trail of Bits Security Reviews,GITHUB_part_time_contributors_quarterly,2024-06-01,41.0
Runtime Verification,GITHUB_active_contributors_quarterly,2024-06-01,33.0
Remix IDE plugin for Arbitrum Stylus,GITHUB_part_time_contributors_quarterly,2024-06-01,3.0
Debid - Fairblock,GITHUB_active_contributors_quarterly,2024-06-01,4.0
Enclave,GITHUB_part_time_contributors_quarterly,2024-06-01,3.0
Arbos Foundry,GITHUB_part_time_contributors_quarterly,2024-06-01,1.0
Remix IDE plugin for Arbitrum Stylus,GITHUB_releases_quarterly,2024-06-01,1.0
Arbos Foundry,GITHUB_commits_biannually,2024-06-01,21.0
Trail of Bits Security Reviews,GITHUB_commits_biannually,2024-06-01,438.0
Runtime Verification,GITHUB_commits_biannually,2024-06-01,554.0
Pyth Network,GITHUB_commits_biannually,2024-06-01,148.0
Open Source Observer,GITHUB_commits_biannually,2024-06-01,180.0
Pyth Network,GITHUB_comments_daily,2024-06-01,1.0
Trail of Bits Security Reviews,GITHUB_comments_daily,2024-06-01,1.0
Passport XYZ,GITHUB_active_developers_biannually,2024-06-01,1.0
Remix IDE plugin for Arbitrum Stylus,GITHUB_active_developers_biannually,2024-06-01,2.0
Runtime Verification,GITHUB_active_developers_biannually,2024-06-01,18.0
Arbos Foundry,GITHUB_active_developers_biannually,2024-06-01,1.0
Syndicate Protocol,GITHUB_repositories_quarterly,2024-06-01,2.0
Redstone Finance,GITHUB_repositories_quarterly,2024-06-01,21.0
Runtime Verification,GITHUB_repositories_quarterly,2024-06-01,35.0
thirdweb,GITHUB_active_developers_quarterly,2024-06-01,23.0
Redstone Finance,GITHUB_active_developers_quarterly,2024-06-01,4.0
Trail of Bits Security Reviews,GITHUB_active_developers_quarterly,2024-06-01,21.0
Passport XYZ,GITHUB_active_developers_quarterly,2024-06-01,1.0
Enclave,GITHUB_forks_monthly,2024-06-01,1.0
Remix IDE plugin for Arbitrum Stylus,GITHUB_part_time_developers_quarterly,2024-06-01,2.0
Redstone Finance,GITHUB_part_time_developers_quarterly,2024-06-01,4.0
Debid - Fairblock,GITHUB_part_time_developers_quarterly,2024-06-01,3.0
Trail of Bits Security Reviews,GITHUB_stars_biannually,2024-06-01,347.0
Enclave,GITHUB_stars_biannually,2024-06-01,2.0
Runtime Verification,GITHUB_stars_biannually,2024-06-01,42.0
thirdweb,GITHUB_stars_biannually,2024-06-01,76.0
Arbos Foundry,GITHUB_stars_biannually,2024-06-01,1.0
Trail of Bits Security Reviews,GITHUB_stars_monthly,2024-06-01,347.0
Walnut,GITHUB_stars_monthly,2024-06-01,14.0
Runtime Verification,GITHUB_stars_monthly,2024-06-01,42.0
Enclave,GITHUB_stars_monthly,2024-06-01,2.0
thirdweb,GITHUB_stars_daily,2024-06-01,1.0
Arbos Foundry,GITHUB_commits_monthly,2024-06-01,21.0
Runtime Verification,GITHUB_commits_monthly,2024-06-01,554.0
Open Source Observer,GITHUB_commits_monthly,2024-06-01,180.0
Open Source Observer,GITHUB_comments_monthly,2024-06-01,568.0
Runtime Verification,GITHUB_comments_monthly,2024-06-01,618.0
Open Source Observer,GITHUB_stars_quarterly,2024-06-01,4.0
Arbos Foundry,GITHUB_stars_quarterly,2024-06-01,1.0
Redstone Finance,GITHUB_stars_quarterly,2024-06-01,21.0
Debid - Fairblock,GITHUB_stars_quarterly,2024-06-01,2.0
Pyth Network,GITHUB_stars_quarterly,2024-06-01,19.0
Redstone Finance,GITHUB_commits_daily,2024-06-01,1.0
Pyth Network,GITHUB_releases_monthly,2024-06-01,20.0
Debid - Fairblock,GITHUB_commits_quarterly,2024-06-01,22.0
Remix IDE plugin for Arbitrum Stylus,GITHUB_commits_quarterly,2024-06-01,21.0
Redstone Finance,GITHUB_commits_quarterly,2024-06-01,78.0
Pyth Network,GITHUB_commits_quarterly,2024-06-01,148.0
thirdweb,GITHUB_commits_quarterly,2024-06-01,390.0
Open Source Observer,GITHUB_commits_quarterly,2024-06-01,180.0
Walnut,GITHUB_forks_biannually,2024-06-01,20.0
Redstone Finance,GITHUB_forks_biannually,2024-06-01,18.0
Pyth Network,GITHUB_forks_quarterly,2024-06-01,42.0
Enclave,GITHUB_forks_quarterly,2024-06-01,1.0
Trail of Bits Security Reviews,GITHUB_forks_daily,2024-06-01,1.0
Runtime Verification,GITHUB_repositories_daily,2024-06-01,4.0
Pyth Network,GITHUB_repositories_daily,2024-06-01,1.0
Enclave,GITHUB_repositories_monthly,2024-06-01,1.0
Trail of Bits Security Reviews,GITHUB_repositories_monthly,2024-06-01,69.0
Pyth Network,GITHUB_repositories_monthly,2024-06-01,17.0
Debid - Fairblock,GITHUB_repositories_biannually,2024-06-01,6.0
thirdweb,GITHUB_repositories_biannually,2024-06-01,17.0
Pyth Network,GITHUB_repositories_biannually,2024-06-01,17.0
Redstone Finance,GITHUB_repositories_biannually,2024-06-01,21.0
Runtime Verification,GITHUB_repositories_biannually,2024-06-01,35.0
Syndicate Protocol,GITHUB_repositories_monthly,2024-06-01,2.0
Arbos Foundry,GITHUB_repositories_monthly,2024-06-01,2.0
thirdweb,GITHUB_repositories_monthly,2024-06-01,17.0
Enclave,GITHUB_contributors_monthly,2024-06-01,3.0
Arbos Foundry,GITHUB_contributors_monthly,2024-06-01,1.0
Enclave,GITHUB_contributors_quarterly,2024-06-01,3.0
Walnut,GITHUB_contributors_biannually,2024-06-01,22.0
Enclave,GITHUB_contributors_biannually,2024-06-01,3.0
Passport XYZ,GITHUB_contributors_biannually,2024-06-01,5.0
Redstone Finance,GITHUB_contributors_quarterly,2024-06-01,4.0
Syndicate Protocol,GITHUB_contributors_quarterly,2024-06-01,1.0
Open Source Observer,GITHUB_contributors_quarterly,2024-06-01,48.0
Remix IDE plugin for Arbitrum Stylus,GITHUB_contributors_quarterly,2024-06-01,3.0
Open Source Observer,GITHUB_contributors_monthly,2024-06-01,48.0
Runtime Verification,GITHUB_contributors_daily,2024-06-01,2.0
Pyth Network,GITHUB_active_developers_monthly,2024-06-01,15.0
Open Source Observer,GITHUB_active_developers_monthly,2024-06-01,30.0
Enclave,GITHUB_active_developers_monthly,2024-06-01,3.0
Arbos Foundry,GITHUB_active_developers_monthly,2024-06-01,1.0
Enclave,GITHUB_part_time_developers_monthly,2024-06-01,3.0
Debid - Fairblock,GITHUB_active_developers_monthly,2024-06-01,3.0
Trail of Bits Security Reviews,GITHUB_part_time_developers_monthly,2024-06-01,18.0
Trail of Bits Security Reviews,GITHUB_full_time_developers_monthly,2024-06-01,3.0
Pyth Network,GITHUB_full_time_developers_monthly,2024-06-01,4.0
Pyth Network,GITHUB_part_time_developers_biannually,2024-06-01,15.0
Walnut,GITHUB_part_time_developers_biannually,2024-06-01,3.0
thirdweb,GITHUB_part_time_developers_biannually,2024-06-01,23.0
Arbos Foundry,GITHUB_part_time_developers_biannually,2024-06-01,1.0
Redstone Finance,GITHUB_active_developers_daily,2024-06-01,1.0
Runtime Verification,GITHUB_active_developers_daily,2024-06-01,1.0
thirdweb,GITHUB_active_developers_daily,2024-06-01,2.0
Runtime Verification,GITHUB_part_time_contributors_monthly,2024-06-01,22.0
Open Source Observer,GITHUB_full_time_contributors_monthly,2024-06-01,3.0
Enclave,GITHUB_new_contributors_monthly,2024-06-01,3.0
thirdweb,GITHUB_full_time_contributors_monthly,2024-06-01,11.0
Trail of Bits Security Reviews,GITHUB_part_time_contributors_monthly,2024-06-01,34.0
Remix IDE plugin for Arbitrum Stylus,GITHUB_active_contributors_monthly,2024-06-01,3.0
Open Source Observer,GITHUB_part_time_contributors_monthly,2024-06-01,45.0
Debid - Fairblock,GITHUB_new_contributors_monthly,2024-06-01,1.0
Walnut,GITHUB_new_contributors_monthly,2024-06-01,20.0
thirdweb,GITHUB_active_contributors_monthly,2024-06-01,55.0
Runtime Verification,GITHUB_full_time_contributors_monthly,2024-06-01,11.0
thirdweb,GITHUB_active_contributors_biannually,2024-06-01,55.0
Open Source Observer,GITHUB_part_time_contributors_biannually,2024-06-01,48.0
Enclave,GITHUB_active_contributors_biannually,2024-06-01,3.0
Arbos Foundry,GITHUB_active_contributors_biannually,2024-06-01,1.0
Debid - Fairblock,GITHUB_part_time_contributors_biannually,2024-06-01,4.0
Trail of Bits Security Reviews,GITHUB_part_time_contributors_biannually,2024-06-01,41.0
Trail of Bits Security Reviews,GITHUB_new_contributors_biannually,2024-06-01,15.0
Walnut,GITHUB_active_contributors_biannually,2024-06-01,22.0
Walnut,GITHUB_part_time_contributors_biannually,2024-06-01,22.0
Passport XYZ,GITHUB_change_in_part_time_contributors_monthly,2024-06-01,-3.0
Redstone Finance,GITHUB_change_in_part_time_contributors_monthly,2024-06-01,2.0
Walnut,GITHUB_change_in_full_time_contributors_monthly,2024-06-01,-1.0
Debid - Fairblock,GITHUB_change_in_part_time_contributors_monthly,2024-06-01,0.0
Open Source Observer,GITHUB_change_in_part_time_contributors_monthly,2024-06-01,-20.0
Open Source Observer,GITHUB_change_in_full_time_contributors_monthly,2024-06-01,0.0
Remix IDE plugin for Arbitrum Stylus,GITHUB_change_in_part_time_contributors_monthly,2024-06-01,-2.0
Remix IDE plugin for Arbitrum Stylus,GITHUB_change_in_active_developers_quarterly,2024-06-01,-2.0
Passport XYZ,GITHUB_change_in_active_developers_quarterly,2024-06-01,-3.0
Open Source Observer,GITHUB_change_in_part_time_contributors_biannually,2024-06-01,-20.0
thirdweb,GITHUB_change_in_part_time_contributors_biannually,2024-06-01,-9.0
Pyth Network,GITHUB_change_in_part_time_contributors_biannually,2024-06-01,-15.0
Debid - Fairblock,GITHUB_change_in_part_time_contributors_biannually,2024-06-01,0.0
Syndicate Protocol,GITHUB_change_in_part_time_contributors_biannually,2024-06-01,1.0
Syndicate Protocol,GITHUB_change_in_part_time_contributors_monthly,2024-06-01,1.0
Trail of Bits Security Reviews,GITHUB_change_in_full_time_contributors_monthly,2024-06-01,-5.0
Syndicate Protocol,GITHUB_change_in_active_developers_monthly,2024-06-01,1.0
Walnut,GITHUB_change_in_part_time_contributors_monthly,2024-06-01,-9.0
Open Source Observer,GITHUB_change_in_active_developers_biannually,2024-06-01,-20.0
Remix IDE plugin for Arbitrum Stylus,GITHUB_change_in_part_time_contributors_biannually,2024-06-01,-2.0
Trail of Bits Security Reviews,GITHUB_change_in_part_time_contributors_biannually,2024-06-01,5.0
Open Source Observer,GITHUB_change_in_active_developers_quarterly,2024-06-01,-20.0
Walnut,GITHUB_change_in_active_developers_quarterly,2024-06-01,-11.0
thirdweb,GITHUB_change_in_active_developers_quarterly,2024-06-01,-9.0
Trail of Bits Security Reviews,GITHUB_opened_pull_requests_daily,2024-06-01,1.0
Pyth Network,GITHUB_opened_pull_requests_daily,2024-06-01,1.0
thirdweb,GITHUB_opened_pull_requests_biannually,2024-06-01,449.0
Passport XYZ,GITHUB_active_contributors_biannually,2024-06-01,5.0
Runtime Verification,GITHUB_new_contributors_biannually,2024-06-01,4.0
Debid - Fairblock,GITHUB_opened_pull_requests_quarterly,2024-06-01,5.0
Enclave,GITHUB_opened_pull_requests_quarterly,2024-06-01,5.0
Open Source Observer,GITHUB_opened_pull_requests_quarterly,2024-06-01,187.0
Remix IDE plugin for Arbitrum Stylus,GITHUB_opened_pull_requests_quarterly,2024-06-01,2.0
Open Source Observer,GITHUB_opened_pull_requests_biannually,2024-06-01,187.0
Walnut,GITHUB_opened_pull_requests_quarterly,2024-06-01,36.0
Trail of Bits Security Reviews,GITHUB_opened_pull_requests_quarterly,2024-06-01,185.0
Enclave,GITHUB_opened_pull_requests_biannually,2024-06-01,5.0
Runtime Verification,GITHUB_merged_pull_requests_daily,2024-06-01,2.0
Trail of Bits Security Reviews,GITHUB_merged_pull_requests_monthly,2024-06-01,150.0
Runtime Verification,GITHUB_merged_pull_requests_monthly,2024-06-01,256.0
Enclave,GITHUB_merged_pull_requests_monthly,2024-06-01,3.0
Pyth Network,GITHUB_merged_pull_requests_biannually,2024-06-01,133.0
Syndicate Protocol,GITHUB_merged_pull_requests_biannually,2024-06-01,1.0
Debid - Fairblock,GITHUB_merged_pull_requests_quarterly,2024-06-01,2.0
Open Source Observer,GITHUB_merged_pull_requests_biannually,2024-06-01,171.0
Trail of Bits Security Reviews,GITHUB_merged_pull_requests_quarterly,2024-06-01,150.0
thirdweb,GITHUB_opened_issues_monthly,2024-06-01,29.0
Passport XYZ,GITHUB_opened_issues_quarterly,2024-06-01,4.0
thirdweb,GITHUB_opened_issues_quarterly,2024-06-01,29.0
Passport XYZ,GITHUB_opened_issues_biannually,2024-06-01,4.0
Runtime Verification,GITHUB_closed_issues_monthly,2024-06-01,30.0
Walnut,GITHUB_closed_issues_monthly,2024-06-01,29.0
Pyth Network,GITHUB_closed_issues_monthly,2024-06-01,2.0
Trail of Bits Security Reviews,GITHUB_closed_issues_monthly,2024-06-01,23.0
Pyth Network,GITHUB_closed_issues_quarterly,2024-06-01,2.0
Trail of Bits Security Reviews,GITHUB_closed_issues_biannually,2024-06-01,23.0
Passport XYZ,GITHUB_closed_issues_quarterly,2024-06-01,4.0
Trail of Bits Security Reviews,GITHUB_avg_prs_time_to_merge_quarterly,2024-06-01,0.0
Runtime Verification,GITHUB_avg_prs_time_to_merge_quarterly,2024-06-01,0.0
thirdweb,GITHUB_avg_prs_time_to_merge_quarterly,2024-06-01,0.0
Open Source Observer,GITHUB_avg_prs_time_to_merge_quarterly,2024-06-01,0.0
Remix IDE plugin for Arbitrum Stylus,GITHUB_avg_prs_time_to_merge_quarterly,2024-06-01,0.0
Trail of Bits Security Reviews,GITHUB_avg_prs_time_to_merge_biannually,2024-06-01,0.0
Walnut,GITHUB_avg_time_to_first_response_quarterly,2024-06-01,46802.6129032258
Redstone Finance,GITHUB_avg_time_to_first_response_quarterly,2024-06-01,5.0
Open Source Observer,GITHUB_avg_time_to_first_response_quarterly,2024-06-01,701645.3772893773
Open Source Observer,GITHUB_avg_prs_time_to_merge_biannually,2024-06-01,0.0
Runtime Verification,GITHUB_avg_time_to_first_response_quarterly,2024-06-01,798771.2919463087
Trail of Bits Security Reviews,GITHUB_avg_time_to_first_response_quarterly,2024-06-01,931209.2863436124
Arbos Foundry,GITHUB_change_in_new_contributors_biannually,2024-06-01,0.0
Debid - Fairblock,GITHUB_churned_contributors_biannually,2024-06-01,-1.0
Debid - Fairblock,GITHUB_change_in_full_time_contributors_biannually,2024-06-01,0.0
Runtime Verification,GITHUB_churned_contributors_biannually,2024-06-01,-5.0
Arbos Foundry,GITHUB_churned_contributors_monthly,2024-06-01,0.0
Arbos Foundry,GITHUB_change_in_active_contributors_monthly,2024-06-01,0.0
Open Source Observer,GITHUB_change_in_active_contributors_biannually,2024-06-01,-20.0
thirdweb,GITHUB_churned_contributors_monthly,2024-06-01,-44.0
thirdweb,GITHUB_change_in_active_contributors_monthly,2024-06-01,-9.0
Passport XYZ,GITHUB_churned_contributors_monthly,2024-06-01,-8.0
Passport XYZ,GITHUB_change_in_full_time_contributors_monthly,2024-06-01,0.0
Enclave,GITHUB_change_in_active_contributors_monthly,2024-06-01,
Trail of Bits Security Reviews,GITHUB_change_in_active_contributors_monthly,2024-06-01,5.0
Walnut,GITHUB_change_in_full_time_contributors_monthly,2024-06-01,-2.0
Pyth Network,GITHUB_change_in_active_contributors_quarterly,2024-06-01,-15.0
Syndicate Protocol,GITHUB_change_in_new_contributors_quarterly,2024-06-01,0.0
Open Source Observer,GITHUB_change_in_new_contributors_monthly,2024-06-01,-19.0
Syndicate Protocol,GITHUB_change_in_full_time_contributors_quarterly,2024-06-01,0.0
Trail of Bits Security Reviews,GITHUB_change_in_new_contributors_quarterly,2024-06-01,7.0
Walnut,GITHUB_churned_contributors_quarterly,2024-06-01,-31.0
Trail of Bits Security Reviews,GITHUB_churned_contributors_quarterly,2024-06-01,-10.0
Trail of Bits Security Reviews,GITHUB_change_in_active_contributors_quarterly,2024-06-01,5.0
thirdweb,GITHUB_change_in_full_time_contributors_quarterly,2024-06-01,0.0
Trail of Bits Security Reviews,GITHUB_change_in_active_contributors_biannually,2024-06-01,5.0
Redstone Finance,GITHUB_churned_contributors_biannually,2024-06-01,3.0
Walnut,GITHUB_change_in_new_contributors_biannually,2024-06-01,-11.0
Trail of Bits Security Reviews,GITHUB_change_in_full_time_contributors_biannually,2024-06-01,0.0
Redstone Finance,GITHUB_change_in_full_time_contributors_biannually,2024-06-01,0.0
Syndicate Protocol,GITHUB_churned_contributors_monthly,2024-06-01,1.0
Passport XYZ,GITHUB_change_in_full_time_contributors_biannually,2024-06-01,0.0
Passport XYZ,GITHUB_forks_weekly,2024-11-25,2.0
Trail of Bits Security Reviews,GITHUB_forks_weekly,2024-11-25,9.0
thirdweb,GITHUB_comments_daily,2024-11-25,78.0
Runtime Verification,GITHUB_comments_daily,2024-11-25,6.0
Enclave,GITHUB_comments_daily,2024-11-25,19.0
Pyth Network,GITHUB_stars_daily,2024-11-25,1.0
thirdweb,GITHUB_stars_daily,2024-11-25,1.0
Trail of Bits Security Reviews,GITHUB_stars_daily,2024-11-25,7.0
Debid - Fairblock,GITHUB_stars_weekly,2024-11-25,1.0
Walnut,GITHUB_stars_weekly,2024-11-25,1.0
Passport XYZ,GITHUB_stars_weekly,2024-11-25,14.0
Solang,GITHUB_stars_weekly,2024-11-25,3.0
Sylow,GITHUB_stars_weekly,2024-11-25,1.0
Open Source Observer,GITHUB_stars_weekly,2024-11-25,7.0
Redstone Finance,GITHUB_stars_weekly,2024-11-25,6.0
Trail of Bits Security Reviews,GITHUB_stars_weekly,2024-11-25,86.0
Trail of Bits Security Reviews,GITHUB_releases_daily,2024-11-25,3.0
Redstone Finance,GITHUB_releases_weekly,2024-11-25,1.0
Debid - Fairblock,GITHUB_commits_weekly,2024-11-25,25.0
Redstone Finance,GITHUB_commits_weekly,2024-11-25,71.0
Open Source Observer,GITHUB_commits_weekly,2024-11-25,24.0
Redstone Finance,GITHUB_comments_weekly,2024-11-25,37.0
Trail of Bits Security Reviews,GITHUB_comments_weekly,2024-11-25,35.0
Open Source Observer,GITHUB_comments_weekly,2024-11-25,59.0
Pyth Network,GITHUB_repositories_daily,2024-11-25,3.0
Redstone Finance,GITHUB_repositories_weekly,2024-11-25,8.0
Sylow,GITHUB_repositories_weekly,2024-11-25,1.0
Trail of Bits Security Reviews,GITHUB_repositories_weekly,2024-11-25,49.0
Pyth Network,GITHUB_repositories_weekly,2024-11-25,8.0
Enclave,GITHUB_repositories_weekly,2024-11-25,1.0
Debid - Fairblock,GITHUB_contributors_daily,2024-11-25,3.0
Pyth Network,GITHUB_contributors_daily,2024-11-25,4.0
Open Source Observer,GITHUB_contributors_daily,2024-11-25,2.0
Passport XYZ,GITHUB_contributors_daily,2024-11-25,4.0
Redstone Finance,GITHUB_contributors_daily,2024-11-25,3.0
Trail of Bits Security Reviews,GITHUB_contributors_daily,2024-11-25,8.0
Debid - Fairblock,GITHUB_contributors_weekly,2024-11-25,4.0
Enclave,GITHUB_contributors_weekly,2024-11-25,2.0
Runtime Verification,GITHUB_contributors_weekly,2024-11-25,18.0
Pyth Network,GITHUB_active_developers_weekly,2024-11-25,11.0
Open Source Observer,GITHUB_active_developers_weekly,2024-11-25,5.0
Enclave,GITHUB_active_developers_weekly,2024-11-25,2.0
thirdweb,GITHUB_active_developers_weekly,2024-11-25,4.0
Trail of Bits Security Reviews,GITHUB_active_developers_daily,2024-11-25,6.0
Pyth Network,GITHUB_active_developers_daily,2024-11-25,2.0
Open Source Observer,GITHUB_active_developers_daily,2024-11-25,2.0
thirdweb,GITHUB_active_developers_daily,2024-11-25,3.0
Trail of Bits Security Reviews,GITHUB_opened_pull_requests_weekly,2024-11-25,49.0
Solang,GITHUB_opened_pull_requests_weekly,2024-11-25,2.0
Enclave,GITHUB_opened_pull_requests_weekly,2024-11-25,3.0
Passport XYZ,GITHUB_opened_pull_requests_weekly,2024-11-25,15.0
Redstone Finance,GITHUB_opened_pull_requests_weekly,2024-11-25,11.0
Runtime Verification,GITHUB_opened_pull_requests_weekly,2024-11-25,30.0
thirdweb,GITHUB_opened_pull_requests_daily,2024-11-25,10.0
Redstone Finance,GITHUB_merged_pull_requests_weekly,2024-11-25,9.0
Open Source Observer,GITHUB_merged_pull_requests_daily,2024-11-25,3.0
thirdweb,GITHUB_merged_pull_requests_daily,2024-11-25,3.0
Enclave,GITHUB_opened_issues_weekly,2024-11-25,2.0
Solang,GITHUB_opened_issues_weekly,2024-11-25,2.0
Passport XYZ,GITHUB_closed_issues_weekly,2024-11-25,6.0
Open Source Observer,GITHUB_comments_daily,2024-02-21,5.0
Pyth Network,GITHUB_comments_daily,2024-02-21,33.0
thirdweb,GITHUB_comments_daily,2024-02-21,64.0
Walnut,GITHUB_comments_daily,2024-02-21,2.0
thirdweb,GITHUB_stars_daily,2024-02-21,1.0
Pyth Network,GITHUB_stars_daily,2024-02-21,3.0
Walnut,GITHUB_commits_daily,2024-02-21,3.0
Trail of Bits Security Reviews,GITHUB_commits_daily,2024-02-21,4.0
Runtime Verification,GITHUB_commits_daily,2024-02-21,16.0
Walnut,GITHUB_forks_daily,2024-02-21,1.0
Open Source Observer,GITHUB_repositories_daily,2024-02-21,3.0
Debid - Fairblock,GITHUB_contributors_daily,2024-02-21,2.0
Runtime Verification,GITHUB_contributors_daily,2024-02-21,14.0
Trail of Bits Security Reviews,GITHUB_contributors_daily,2024-02-21,5.0
Walnut,GITHUB_contributors_daily,2024-02-21,2.0
thirdweb,GITHUB_active_developers_daily,2024-02-21,8.0
Pyth Network,GITHUB_active_developers_daily,2024-02-21,6.0
Open Source Observer,GITHUB_active_developers_daily,2024-02-21,2.0
Walnut,GITHUB_opened_pull_requests_daily,2024-02-21,1.0
thirdweb,GITHUB_merged_pull_requests_daily,2024-02-21,27.0
Pyth Network,GITHUB_merged_pull_requests_daily,2024-02-21,10.0
Walnut,GITHUB_merged_pull_requests_daily,2024-02-21,1.0
Debid - Fairblock,GITHUB_merged_pull_requests_daily,2024-02-21,2.0
Runtime Verification,GITHUB_closed_issues_daily,2024-02-21,1.0
Runtime Verification,GITHUB_comments_daily,2024-03-24,4.0
Runtime Verification,GITHUB_commits_daily,2024-03-24,3.0
Redstone Finance,GITHUB_forks_daily,2024-03-24,1.0
Trail of Bits Security Reviews,GITHUB_forks_daily,2024-03-24,1.0
thirdweb,GITHUB_repositories_daily,2024-03-24,3.0
Redstone Finance,GITHUB_repositories_daily,2024-03-24,1.0
thirdweb,GITHUB_opened_pull_requests_daily,2024-03-24,2.0
Trail of Bits Security Reviews,GITHUB_comments_daily,2024-11-06,5.0
Trail of Bits Security Reviews,GITHUB_stars_daily,2024-11-06,11.0
Pyth Network,GITHUB_commits_daily,2024-11-06,8.0
Passport XYZ,GITHUB_commits_daily,2024-11-06,2.0
Open Source Observer,GITHUB_commits_daily,2024-11-06,2.0
Trail of Bits Security Reviews,GITHUB_commits_daily,2024-11-06,13.0
Open Source Observer,GITHUB_forks_daily,2024-11-06,8.0
Trail of Bits Security Reviews,GITHUB_repositories_daily,2024-11-06,11.0
Walnut,GITHUB_repositories_daily,2024-11-06,1.0
Open Source Observer,GITHUB_repositories_daily,2024-11-06,4.0
thirdweb,GITHUB_repositories_daily,2024-11-06,3.0
Debid - Fairblock,GITHUB_repositories_daily,2024-11-06,1.0
Passport XYZ,GITHUB_contributors_daily,2024-11-06,3.0
Walnut,GITHUB_contributors_daily,2024-11-06,1.0
Trail of Bits Security Reviews,GITHUB_active_developers_daily,2024-11-06,4.0
Walnut,GITHUB_opened_pull_requests_daily,2024-11-06,1.0
Passport XYZ,GITHUB_merged_pull_requests_daily,2024-11-06,2.0
Open Source Observer,GITHUB_merged_pull_requests_daily,2024-11-06,1.0
Trail of Bits Security Reviews,GITHUB_closed_issues_daily,2024-11-06,1.0
Passport XYZ,GITHUB_closed_issues_daily,2024-11-06,2.0
Arbos Foundry,GITHUB_active_contributors_quarterly,2024-01-01,1.0
Trail of Bits Security Reviews,GITHUB_part_time_contributors_quarterly,2024-01-01,51.0
Walnut,GITHUB_active_contributors_quarterly,2024-01-01,2.0
Redstone Finance,GITHUB_active_contributors_quarterly,2024-01-01,5.0
Arbos Foundry,GITHUB_part_time_contributors_quarterly,2024-01-01,1.0
WakeUp Labs,GITHUB_part_time_contributors_quarterly,2024-01-01,4.0
Redstone Finance,GITHUB_part_time_contributors_quarterly,2024-01-01,5.0
Pyth Network,GITHUB_part_time_contributors_quarterly,2024-01-01,19.0
Open Source Observer,GITHUB_part_time_contributors_quarterly,2024-01-01,6.0
Trail of Bits Security Reviews,GITHUB_releases_biannually,2024-01-01,11.0
Trail of Bits Security Reviews,GITHUB_forks_weekly,2024-01-01,12.0
Syndicate Protocol,GITHUB_releases_quarterly,2024-01-01,2.0
Trail of Bits Security Reviews,GITHUB_commits_biannually,2024-01-01,423.0
Runtime Verification,GITHUB_commits_biannually,2024-01-01,496.0
Arbos Foundry,GITHUB_commits_biannually,2024-01-01,20.0
Pyth Network,GITHUB_commits_biannually,2024-01-01,113.0
thirdweb,GITHUB_comments_daily,2024-01-01,2.0
Pyth Network,GITHUB_comments_daily,2024-01-01,2.0
Trail of Bits Security Reviews,GITHUB_contributors_yearly,2024-01-01,240.0
Walnut,GITHUB_contributors_yearly,2024-01-01,42.0
Moving Stylus,GITHUB_contributors_yearly,2024-01-01,2.0
Remix IDE plugin for Arbitrum Stylus,GITHUB_contributors_yearly,2024-01-01,7.0
Syndicate Protocol,GITHUB_active_developers_biannually,2024-01-01,2.0
Arbos Foundry,GITHUB_active_developers_biannually,2024-01-01,1.0
Debid - Fairblock,GITHUB_repositories_quarterly,2024-01-01,7.0
WakeUp Labs,GITHUB_repositories_quarterly,2024-01-01,1.0
Runtime Verification,GITHUB_repositories_quarterly,2024-01-01,30.0
thirdweb,GITHUB_active_developers_quarterly,2024-01-01,24.0
WakeUp Labs,GITHUB_active_developers_quarterly,2024-01-01,2.0
Arbos Foundry,GITHUB_active_developers_yearly,2024-01-01,1.0
thirdweb,GITHUB_active_developers_yearly,2024-01-01,54.0
Syndicate Protocol,GITHUB_active_developers_yearly,2024-01-01,5.0
Pyth Network,GITHUB_active_developers_quarterly,2024-01-01,8.0
Redstone Finance,GITHUB_active_developers_quarterly,2024-01-01,4.0
Trail of Bits Security Reviews,GITHUB_active_developers_quarterly,2024-01-01,25.0
Debid - Fairblock,GITHUB_active_developers_quarterly,2024-01-01,1.0
Enclave,GITHUB_active_developers_yearly,2024-01-01,6.0
Solang,GITHUB_active_developers_yearly,2024-01-01,3.0
thirdweb,GITHUB_forks_monthly,2024-01-01,48.0
Debid - Fairblock,GITHUB_forks_monthly,2024-01-01,21.0
Open Source Observer,GITHUB_forks_monthly,2024-01-01,5.0
Syndicate Protocol,GITHUB_part_time_developers_quarterly,2024-01-01,2.0
Redstone Finance,GITHUB_part_time_developers_quarterly,2024-01-01,4.0
Open Source Observer,GITHUB_part_time_developers_quarterly,2024-01-01,4.0
Arbos Foundry,GITHUB_part_time_developers_quarterly,2024-01-01,1.0
Enclave,GITHUB_commits_yearly,2024-01-01,259.0
Arbos Foundry,GITHUB_commits_yearly,2024-01-01,394.0
WakeUp Labs,GITHUB_commits_yearly,2024-01-01,48.0
Walnut,GITHUB_commits_yearly,2024-01-01,1209.0
Trail of Bits Security Reviews,GITHUB_stars_monthly,2024-01-01,442.0
Pyth Network,GITHUB_stars_monthly,2024-01-01,29.0
Trail of Bits Security Reviews,GITHUB_stars_daily,2024-01-01,7.0
thirdweb,GITHUB_commits_monthly,2024-01-01,273.0
Syndicate Protocol,GITHUB_comments_monthly,2024-01-01,2.0
Runtime Verification,GITHUB_comments_monthly,2024-01-01,583.0
Pyth Network,GITHUB_stars_quarterly,2024-01-01,29.0
Walnut,GITHUB_stars_quarterly,2024-01-01,7.0
Runtime Verification,GITHUB_stars_quarterly,2024-01-01,27.0
Syndicate Protocol,GITHUB_releases_weekly,2024-01-01,2.0
Trail of Bits Security Reviews,GITHUB_commits_weekly,2024-01-01,93.0
Trail of Bits Security Reviews,GITHUB_commits_quarterly,2024-01-01,423.0
Walnut,GITHUB_commits_quarterly,2024-01-01,39.0
Debid - Fairblock,GITHUB_commits_quarterly,2024-01-01,76.0
Syndicate Protocol,GITHUB_releases_yearly,2024-01-01,5.0
thirdweb,GITHUB_releases_yearly,2024-01-01,1042.0
thirdweb,GITHUB_forks_biannually,2024-01-01,48.0
Pyth Network,GITHUB_forks_quarterly,2024-01-01,24.0
Runtime Verification,GITHUB_forks_biannually,2024-01-01,7.0
Runtime Verification,GITHUB_forks_quarterly,2024-01-01,7.0
thirdweb,GITHUB_forks_quarterly,2024-01-01,48.0
Enclave,GITHUB_forks_yearly,2024-01-01,3.0
Runtime Verification,GITHUB_forks_yearly,2024-01-01,109.0
Pyth Network,GITHUB_forks_yearly,2024-01-01,365.0
Syndicate Protocol,GITHUB_forks_yearly,2024-01-01,4.0
Pyth Network,GITHUB_repositories_weekly,2024-01-01,7.0
Runtime Verification,GITHUB_repositories_weekly,2024-01-01,4.0
Redstone Finance,GITHUB_repositories_weekly,2024-01-01,4.0
Remix IDE plugin for Arbitrum Stylus,GITHUB_repositories_monthly,2024-01-01,1.0
Pyth Network,GITHUB_repositories_yearly,2024-01-01,32.0
Arbos Foundry,GITHUB_repositories_yearly,2024-01-01,6.0
Walnut,GITHUB_repositories_yearly,2024-01-01,17.0
thirdweb,GITHUB_repositories_biannually,2024-01-01,14.0
Debid - Fairblock,GITHUB_repositories_biannually,2024-01-01,7.0
Sylow,GITHUB_repositories_yearly,2024-01-01,1.0
Redstone Finance,GITHUB_repositories_monthly,2024-01-01,9.0
Remix IDE plugin for Arbitrum Stylus,GITHUB_repositories_yearly,2024-01-01,3.0
Syndicate Protocol,GITHUB_contributors_weekly,2024-01-01,1.0
thirdweb,GITHUB_contributors_monthly,2024-01-01,48.0
Walnut,GITHUB_contributors_weekly,2024-01-01,1.0
Debid - Fairblock,GITHUB_contributors_weekly,2024-01-01,9.0
Runtime Verification,GITHUB_contributors_quarterly,2024-01-01,29.0
Redstone Finance,GITHUB_contributors_quarterly,2024-01-01,5.0
Arbos Foundry,GITHUB_contributors_quarterly,2024-01-01,1.0
Redstone Finance,GITHUB_contributors_biannually,2024-01-01,5.0
Remix IDE plugin for Arbitrum Stylus,GITHUB_contributors_biannually,2024-01-01,2.0
WakeUp Labs,GITHUB_contributors_quarterly,2024-01-01,4.0
Walnut,GITHUB_contributors_quarterly,2024-01-01,2.0
Open Source Observer,GITHUB_contributors_quarterly,2024-01-01,6.0
Pyth Network,GITHUB_contributors_quarterly,2024-01-01,19.0
thirdweb,GITHUB_active_developers_weekly,2024-01-01,15.0
Trail of Bits Security Reviews,GITHUB_contributors_daily,2024-01-01,3.0
Arbos Foundry,GITHUB_active_developers_monthly,2024-01-01,1.0
Arbos Foundry,GITHUB_part_time_developers_monthly,2024-01-01,1.0
Redstone Finance,GITHUB_full_time_developers_monthly,2024-01-01,1.0
Walnut,GITHUB_part_time_developers_monthly,2024-01-01,2.0
WakeUp Labs,GITHUB_part_time_developers_monthly,2024-01-01,2.0
Syndicate Protocol,GITHUB_active_developers_monthly,2024-01-01,2.0
Runtime Verification,GITHUB_active_developers_monthly,2024-01-01,20.0
thirdweb,GITHUB_full_time_developers_monthly,2024-01-01,3.0
Syndicate Protocol,GITHUB_part_time_developers_biannually,2024-01-01,2.0
Redstone Finance,GITHUB_part_time_developers_biannually,2024-01-01,4.0
Walnut,GITHUB_part_time_developers_biannually,2024-01-01,2.0
thirdweb,GITHUB_part_time_developers_yearly,2024-01-01,51.0
Open Source Observer,GITHUB_part_time_developers_yearly,2024-01-01,78.0
Syndicate Protocol,GITHUB_active_contributors_monthly,2024-01-01,3.0
Pyth Network,GITHUB_active_contributors_monthly,2024-01-01,19.0
Debid - Fairblock,GITHUB_part_time_contributors_monthly,2024-01-01,15.0
thirdweb,GITHUB_active_contributors_monthly,2024-01-01,48.0
Arbos Foundry,GITHUB_active_contributors_monthly,2024-01-01,1.0
Redstone Finance,GITHUB_active_contributors_monthly,2024-01-01,5.0
Runtime Verification,GITHUB_part_time_contributors_monthly,2024-01-01,22.0
Debid - Fairblock,GITHUB_new_contributors_monthly,2024-01-01,14.0
Pyth Network,GITHUB_part_time_contributors_biannually,2024-01-01,19.0
WakeUp Labs,GITHUB_part_time_contributors_biannually,2024-01-01,4.0
Pyth Network,GITHUB_part_time_developers_yearly,2024-01-01,22.0
Sylow,GITHUB_part_time_developers_yearly,2024-01-01,1.0
Open Source Observer,GITHUB_full_time_developers_yearly,2024-01-01,2.0
thirdweb,GITHUB_new_contributors_biannually,2024-01-01,14.0
Remix IDE plugin for Arbitrum Stylus,GITHUB_active_contributors_biannually,2024-01-01,2.0
Open Source Observer,GITHUB_active_contributors_biannually,2024-01-01,6.0
thirdweb,GITHUB_part_time_contributors_biannually,2024-01-01,48.0
Open Source Observer,GITHUB_new_contributors_biannually,2024-01-01,1.0
Trail of Bits Security Reviews,GITHUB_new_contributors_biannually,2024-01-01,21.0
Remix IDE plugin for Arbitrum Stylus,GITHUB_change_in_part_time_contributors_monthly,2024-01-01,1.0
thirdweb,GITHUB_change_in_full_time_contributors_monthly,2024-01-01,-3.0
Syndicate Protocol,GITHUB_change_in_part_time_contributors_monthly,2024-01-01,-2.0
thirdweb,GITHUB_change_in_active_developers_monthly,2024-01-01,-1.0
Remix IDE plugin for Arbitrum Stylus,GITHUB_part_time_contributors_yearly,2024-01-01,7.0
Runtime Verification,GITHUB_active_contributors_yearly,2024-01-01,81.0
Solang,GITHUB_part_time_contributors_yearly,2024-01-01,9.0
Ember,GITHUB_part_time_contributors_yearly,2024-01-01,1.0
Enclave,GITHUB_part_time_contributors_yearly,2024-01-01,7.0
Redstone Finance,GITHUB_new_contributors_yearly,2024-01-01,24.0
Passport XYZ,GITHUB_part_time_contributors_yearly,2024-01-01,17.0
Pyth Network,GITHUB_new_contributors_yearly,2024-01-01,143.0
Ember,GITHUB_active_contributors_yearly,2024-01-01,1.0
Walnut,GITHUB_active_contributors_yearly,2024-01-01,42.0
Open Source Observer,GITHUB_full_time_contributors_yearly,2024-01-01,3.0
Arbos Foundry,GITHUB_active_contributors_yearly,2024-01-01,2.0
Pyth Network,GITHUB_full_time_contributors_yearly,2024-01-01,4.0
thirdweb,GITHUB_full_time_contributors_yearly,2024-01-01,8.0
Trail of Bits Security Reviews,GITHUB_active_contributors_yearly,2024-01-01,240.0
Runtime Verification,GITHUB_change_in_part_time_contributors_monthly,2024-01-01,12.0
Trail of Bits Security Reviews,GITHUB_change_in_part_time_contributors_monthly,2024-01-01,-24.0
Pyth Network,GITHUB_change_in_active_developers_monthly,2024-01-01,-1.0
Redstone Finance,GITHUB_change_in_full_time_contributors_monthly,2024-01-01,0.0
thirdweb,GITHUB_change_in_part_time_contributors_quarterly,2024-01-01,-1.0
Walnut,GITHUB_change_in_active_developers_biannually,2024-01-01,1.0
WakeUp Labs,GITHUB_change_in_active_developers_biannually,2024-01-01,-2.0
Syndicate Protocol,GITHUB_change_in_part_time_contributors_biannually,2024-01-01,-2.0
Open Source Observer,GITHUB_change_in_active_developers_biannually,2024-01-01,0.0
Runtime Verification,GITHUB_change_in_active_developers_quarterly,2024-01-01,11.0
Pyth Network,GITHUB_change_in_part_time_contributors_quarterly,2024-01-01,-1.0
Ember,GITHUB_change_in_part_time_contributors_yearly,2024-01-01,
thirdweb,GITHUB_change_in_part_time_contributors_yearly,2024-01-01,-19.0
Enclave,GITHUB_change_in_active_developers_yearly,2024-01-01,
Walnut,GITHUB_change_in_part_time_contributors_quarterly,2024-01-01,1.0
Redstone Finance,GITHUB_change_in_part_time_contributors_quarterly,2024-01-01,4.0
Trail of Bits Security Reviews,GITHUB_change_in_part_time_contributors_quarterly,2024-01-01,-22.0
Passport XYZ,GITHUB_change_in_active_developers_yearly,2024-01-01,
thirdweb,GITHUB_change_in_full_time_contributors_yearly,2024-01-01,-1.0
Solang,GITHUB_change_in_part_time_contributors_yearly,2024-01-01,
Trail of Bits Security Reviews,GITHUB_change_in_part_time_contributors_yearly,2024-01-01,-44.0
Open Source Observer,GITHUB_change_in_part_time_contributors_biannually,2024-01-01,0.0
Arbos Foundry,GITHUB_change_in_active_developers_biannually,2024-01-01,0.0
Arbos Foundry,GITHUB_change_in_part_time_contributors_biannually,2024-01-01,0.0
Ember,GITHUB_change_in_active_developers_yearly,2024-01-01,
Trail of Bits Security Reviews,GITHUB_opened_pull_requests_weekly,2024-01-01,38.0
Debid - Fairblock,GITHUB_opened_pull_requests_weekly,2024-01-01,9.0
thirdweb,GITHUB_opened_pull_requests_weekly,2024-01-01,47.0
Pyth Network,GITHUB_opened_pull_requests_weekly,2024-01-01,19.0
Open Source Observer,GITHUB_opened_pull_requests_monthly,2024-01-01,74.0
Redstone Finance,GITHUB_opened_pull_requests_monthly,2024-01-01,3.0
thirdweb,GITHUB_opened_pull_requests_monthly,2024-01-01,290.0
Walnut,GITHUB_opened_pull_requests_monthly,2024-01-01,4.0
Syndicate Protocol,GITHUB_opened_pull_requests_quarterly,2024-01-01,1.0
thirdweb,GITHUB_opened_pull_requests_biannually,2024-01-01,290.0
WakeUp Labs,GITHUB_opened_pull_requests_quarterly,2024-01-01,11.0
Open Source Observer,GITHUB_opened_pull_requests_biannually,2024-01-01,74.0
Trail of Bits Security Reviews,GITHUB_opened_pull_requests_biannually,2024-01-01,224.0
Debid - Fairblock,GITHUB_opened_pull_requests_yearly,2024-01-01,166.0
Trail of Bits Security Reviews,GITHUB_merged_pull_requests_daily,2024-01-01,11.0
Trail of Bits Security Reviews,GITHUB_merged_pull_requests_weekly,2024-01-01,34.0
Pyth Network,GITHUB_merged_pull_requests_weekly,2024-01-01,15.0
Open Source Observer,GITHUB_merged_pull_requests_monthly,2024-01-01,67.0
Trail of Bits Security Reviews,GITHUB_merged_pull_requests_monthly,2024-01-01,212.0
Redstone Finance,GITHUB_merged_pull_requests_monthly,2024-01-01,2.0
thirdweb,GITHUB_merged_pull_requests_monthly,2024-01-01,256.0
WakeUp Labs,GITHUB_merged_pull_requests_monthly,2024-01-01,9.0
Runtime Verification,GITHUB_merged_pull_requests_monthly,2024-01-01,208.0
Trail of Bits Security Reviews,GITHUB_merged_pull_requests_yearly,2024-01-01,2183.0
Pyth Network,GITHUB_merged_pull_requests_yearly,2024-01-01,1660.0
Walnut,GITHUB_merged_pull_requests_yearly,2024-01-01,210.0
WakeUp Labs,GITHUB_merged_pull_requests_yearly,2024-01-01,14.0
Runtime Verification,GITHUB_merged_pull_requests_yearly,2024-01-01,2478.0
Redstone Finance,GITHUB_merged_pull_requests_biannually,2024-01-01,2.0
thirdweb,GITHUB_merged_pull_requests_biannually,2024-01-01,256.0
Open Source Observer,GITHUB_opened_issues_weekly,2024-01-01,13.0
Pyth Network,GITHUB_opened_issues_weekly,2024-01-01,1.0
Trail of Bits Security Reviews,GITHUB_opened_issues_monthly,2024-01-01,34.0
thirdweb,GITHUB_opened_issues_monthly,2024-01-01,25.0
Open Source Observer,GITHUB_opened_issues_monthly,2024-01-01,75.0
Open Source Observer,GITHUB_opened_issues_quarterly,2024-01-01,75.0
Trail of Bits Security Reviews,GITHUB_opened_issues_quarterly,2024-01-01,34.0
Runtime Verification,GITHUB_opened_issues_quarterly,2024-01-01,64.0
Runtime Verification,GITHUB_opened_issues_biannually,2024-01-01,64.0
Passport XYZ,GITHUB_opened_issues_yearly,2024-01-01,292.0
Redstone Finance,GITHUB_opened_issues_yearly,2024-01-01,8.0
Pyth Network,GITHUB_opened_issues_yearly,2024-01-01,53.0
Open Source Observer,GITHUB_opened_issues_yearly,2024-01-01,993.0
Trail of Bits Security Reviews,GITHUB_opened_issues_yearly,2024-01-01,369.0
Trail of Bits Security Reviews,GITHUB_opened_issues_biannually,2024-01-01,34.0
Debid - Fairblock,GITHUB_opened_issues_yearly,2024-01-01,5.0
Trail of Bits Security Reviews,GITHUB_closed_issues_weekly,2024-01-01,3.0
Runtime Verification,GITHUB_closed_issues_biannually,2024-01-01,58.0
Trail of Bits Security Reviews,GITHUB_closed_issues_biannually,2024-01-01,21.0
Pyth Network,GITHUB_closed_issues_quarterly,2024-01-01,5.0
Solang,GITHUB_closed_issues_yearly,2024-01-01,1.0
Redstone Finance,GITHUB_closed_issues_yearly,2024-01-01,7.0
Open Source Observer,GITHUB_closed_issues_yearly,2024-01-01,783.0
Runtime Verification,GITHUB_avg_time_to_first_response_quarterly,2024-01-01,581583.5415282391
thirdweb,GITHUB_avg_prs_time_to_merge_biannually,2024-01-01,0.0
Redstone Finance,GITHUB_avg_time_to_first_response_quarterly,2024-01-01,1984479.5
WakeUp Labs,GITHUB_avg_time_to_first_response_biannually,2024-01-01,0.0
Pyth Network,GITHUB_avg_time_to_first_response_biannually,2024-01-01,487.69736842105266
Runtime Verification,GITHUB_change_in_new_contributors_monthly,2024-01-01,10.0
WakeUp Labs,GITHUB_change_in_active_contributors_monthly,2024-01-01,-2.0
Pyth Network,GITHUB_churned_contributors_monthly,2024-01-01,-7.0
Pyth Network,GITHUB_change_in_active_contributors_monthly,2024-01-01,-1.0
Debid - Fairblock,GITHUB_churned_contributors_quarterly,2024-01-01,-23.0
Debid - Fairblock,GITHUB_change_in_active_contributors_quarterly,2024-01-01,-9.0
thirdweb,GITHUB_churned_contributors_quarterly,2024-01-01,-15.0
Runtime Verification,GITHUB_change_in_new_contributors_quarterly,2024-01-01,10.0
WakeUp Labs,GITHUB_change_in_active_contributors_quarterly,2024-01-01,-2.0
Pyth Network,GITHUB_change_in_full_time_contributors_quarterly,2024-01-01,0.0
Syndicate Protocol,GITHUB_change_in_active_contributors_quarterly,2024-01-01,-2.0
thirdweb,GITHUB_change_in_active_contributors_biannually,2024-01-01,-1.0
Pyth Network,GITHUB_churned_contributors_biannually,2024-01-01,-7.0
Syndicate Protocol,GITHUB_change_in_new_contributors_biannually,2024-01-01,0.0
Open Source Observer,GITHUB_change_in_new_contributors_yearly,2024-01-01,-108.0
Remix IDE plugin for Arbitrum Stylus,GITHUB_change_in_new_contributors_yearly,2024-01-01,-1.0
Open Source Observer,GITHUB_change_in_new_contributors_quarterly,2024-01-01,5.0
Open Source Observer,GITHUB_churned_contributors_quarterly,2024-01-01,-1.0
Remix IDE plugin for Arbitrum Stylus,GITHUB_change_in_active_contributors_quarterly,2024-01-01,1.0
Open Source Observer,GITHUB_churned_contributors_yearly,2024-01-01,-245.0
thirdweb,GITHUB_change_in_new_contributors_yearly,2024-01-01,2.0
Ember,GITHUB_change_in_full_time_contributors_yearly,2024-01-01,
Ember,GITHUB_change_in_new_contributors_yearly,2024-01-01,
Runtime Verification,GITHUB_change_in_new_contributors_yearly,2024-01-01,-1.0
Open Source Observer,GITHUB_churned_contributors_monthly,2024-01-01,-1.0
Open Source Observer,GITHUB_change_in_active_contributors_monthly,2024-01-01,0.0
Arbos Foundry,GITHUB_change_in_full_time_contributors_biannually,2024-01-01,0.0
Arbos Foundry,GITHUB_change_in_active_contributors_biannually,2024-01-01,0.0
Debid - Fairblock,GITHUB_churned_contributors_biannually,2024-01-01,-23.0
Sylow,GITHUB_change_in_active_contributors_yearly,2024-01-01,
Sylow,GITHUB_change_in_new_contributors_yearly,2024-01-01,
Debid - Fairblock,GITHUB_churned_contributors_yearly,2024-01-01,-80.0
Debid - Fairblock,GITHUB_change_in_new_contributors_yearly,2024-01-01,-35.0
WakeUp Labs,GITHUB_change_in_active_contributors_yearly,2024-01-01,-2.0
WakeUp Labs,GITHUB_churned_contributors_yearly,2024-01-01,-4.0
CoBuilders,GITHUB_churned_contributors_yearly,2024-01-01,
Syndicate Protocol,GITHUB_change_in_new_contributors_yearly,2024-01-01,-2.0
Passport XYZ,GITHUB_change_in_new_contributors_yearly,2024-01-01,
Enclave,GITHUB_change_in_full_time_contributors_yearly,2024-01-01,
Redstone Finance,GITHUB_churned_contributors_quarterly,2024-01-01,3.0
Trail of Bits Security Reviews,GITHUB_change_in_active_contributors_quarterly,2024-01-01,-23.0
Walnut,GITHUB_change_in_new_contributors_quarterly,2024-01-01,3.0
Redstone Finance,GITHUB_change_in_new_contributors_quarterly,2024-01-01,6.0
Open Source Observer,GITHUB_change_in_new_contributors_biannually,2024-01-01,5.0
Open Source Observer,GITHUB_change_in_full_time_contributors_biannually,2024-01-01,0.0
Redstone Finance,GITHUB_churned_contributors_monthly,2024-01-01,3.0
Remix IDE plugin for Arbitrum Stylus,GITHUB_change_in_new_contributors_biannually,2024-01-01,1.0
Redstone Finance,GITHUB_churned_contributors_yearly,2024-01-01,-31.0
Arbos Foundry,GITHUB_churned_contributors_monthly,2024-01-01,0.0
Arbos Foundry,GITHUB_change_in_active_contributors_monthly,2024-01-01,0.0
Redstone Finance,GITHUB_change_in_full_time_contributors_biannually,2024-01-01,0.0
thirdweb,GITHUB_comments_daily,2025-02-11,29.0
Trail of Bits Security Reviews,GITHUB_stars_daily,2025-02-11,12.0
Walnut,GITHUB_repositories_daily,2025-02-11,3.0
Redstone Finance,GITHUB_forks_daily,2025-02-11,2.0
thirdweb,GITHUB_forks_daily,2025-02-11,1.0
Passport XYZ,GITHUB_repositories_daily,2025-02-11,1.0
Open Source Observer,GITHUB_contributors_daily,2025-02-11,7.0
Runtime Verification,GITHUB_active_developers_daily,2025-02-11,1.0
thirdweb,GITHUB_active_developers_daily,2025-02-11,3.0
Walnut,GITHUB_opened_pull_requests_daily,2025-02-11,5.0
Pyth Network,GITHUB_opened_pull_requests_daily,2025-02-11,8.0
thirdweb,GITHUB_merged_pull_requests_daily,2025-02-11,7.0
Open Source Observer,GITHUB_opened_issues_daily,2025-02-11,1.0
Passport XYZ,GITHUB_closed_issues_daily,2025-02-11,4.0
Solang,GITHUB_forks_weekly,2024-09-23,1.0
Redstone Finance,GITHUB_forks_weekly,2024-09-23,1.0
Redstone Finance,GITHUB_comments_daily,2024-09-23,5.0
thirdweb,GITHUB_comments_daily,2024-09-23,163.0
Open Source Observer,GITHUB_stars_weekly,2024-09-23,3.0
thirdweb,GITHUB_stars_weekly,2024-09-23,16.0
Runtime Verification,GITHUB_stars_weekly,2024-09-23,2.0
Walnut,GITHUB_stars_weekly,2024-09-23,1.0
Enclave,GITHUB_stars_weekly,2024-09-23,1.0
Trail of Bits Security Reviews,GITHUB_stars_daily,2024-09-23,14.0
thirdweb,GITHUB_stars_daily,2024-09-23,4.0
Debid - Fairblock,GITHUB_releases_weekly,2024-09-23,1.0
Remix IDE plugin for Arbitrum Stylus,GITHUB_commits_weekly,2024-09-23,5.0
Walnut,GITHUB_commits_weekly,2024-09-23,55.0
Redstone Finance,GITHUB_commits_weekly,2024-09-23,60.0
Debid - Fairblock,GITHUB_commits_weekly,2024-09-23,25.0
Passport XYZ,GITHUB_commits_weekly,2024-09-23,23.0
Redstone Finance,GITHUB_releases_daily,2024-09-23,1.0
thirdweb,GITHUB_releases_daily,2024-09-23,4.0
Pyth Network,GITHUB_repositories_weekly,2024-09-23,6.0
Trail of Bits Security Reviews,GITHUB_repositories_daily,2024-09-23,20.0
Open Source Observer,GITHUB_repositories_daily,2024-09-23,3.0
Passport XYZ,GITHUB_repositories_daily,2024-09-23,2.0
Pyth Network,GITHUB_repositories_daily,2024-09-23,4.0
Debid - Fairblock,GITHUB_contributors_weekly,2024-09-23,3.0
thirdweb,GITHUB_contributors_weekly,2024-09-23,23.0
Pyth Network,GITHUB_contributors_weekly,2024-09-23,11.0
Trail of Bits Security Reviews,GITHUB_contributors_weekly,2024-09-23,13.0
Passport XYZ,GITHUB_contributors_weekly,2024-09-23,5.0
Enclave,GITHUB_active_developers_weekly,2024-09-23,1.0
Walnut,GITHUB_active_developers_weekly,2024-09-23,3.0
Passport XYZ,GITHUB_active_developers_weekly,2024-09-23,5.0
Walnut,GITHUB_contributors_daily,2024-09-23,3.0
Runtime Verification,GITHUB_contributors_daily,2024-09-23,7.0
thirdweb,GITHUB_contributors_daily,2024-09-23,9.0
Open Source Observer,GITHUB_contributors_daily,2024-09-23,4.0
Redstone Finance,GITHUB_active_developers_daily,2024-09-23,4.0
thirdweb,GITHUB_active_developers_daily,2024-09-23,4.0
Redstone Finance,GITHUB_opened_pull_requests_weekly,2024-09-23,9.0
Walnut,GITHUB_opened_pull_requests_weekly,2024-09-23,4.0
Arbos Foundry,GITHUB_opened_pull_requests_weekly,2024-09-23,1.0
Open Source Observer,GITHUB_opened_pull_requests_daily,2024-09-23,7.0
Passport XYZ,GITHUB_opened_pull_requests_daily,2024-09-23,2.0
Pyth Network,GITHUB_opened_pull_requests_daily,2024-09-23,13.0
Walnut,GITHUB_opened_pull_requests_daily,2024-09-23,1.0
Runtime Verification,GITHUB_merged_pull_requests_weekly,2024-09-23,26.0
Trail of Bits Security Reviews,GITHUB_merged_pull_requests_weekly,2024-09-23,35.0
Pyth Network,GITHUB_merged_pull_requests_weekly,2024-09-23,37.0
Pyth Network,GITHUB_merged_pull_requests_daily,2024-09-23,10.0
Trail of Bits Security Reviews,GITHUB_merged_pull_requests_daily,2024-09-23,10.0
thirdweb,GITHUB_merged_pull_requests_daily,2024-09-23,19.0
Enclave,GITHUB_opened_issues_weekly,2024-09-23,6.0
Trail of Bits Security Reviews,GITHUB_opened_issues_weekly,2024-09-23,3.0
Passport XYZ,GITHUB_closed_issues_weekly,2024-09-23,12.0
thirdweb,GITHUB_closed_issues_weekly,2024-09-23,6.0
Enclave,GITHUB_closed_issues_weekly,2024-09-23,11.0
Open Source Observer,GITHUB_closed_issues_daily,2024-09-23,6.0
Sylow,GITHUB_stars_daily,2024-11-22,2.0
Passport XYZ,GITHUB_releases_daily,2024-11-22,4.0
Moving Stylus,GITHUB_repositories_daily,2024-11-22,1.0
Pyth Network,GITHUB_repositories_daily,2024-11-22,3.0
Open Source Observer,GITHUB_repositories_daily,2024-11-22,2.0
Enclave,GITHUB_repositories_daily,2024-11-22,1.0
Sylow,GITHUB_repositories_daily,2024-11-22,1.0
Runtime Verification,GITHUB_repositories_daily,2024-11-22,8.0
Pyth Network,GITHUB_contributors_daily,2024-11-22,3.0
Runtime Verification,GITHUB_contributors_daily,2024-11-22,6.0
Trail of Bits Security Reviews,GITHUB_contributors_daily,2024-11-22,11.0
Redstone Finance,GITHUB_contributors_daily,2024-11-22,3.0
Passport XYZ,GITHUB_active_developers_daily,2024-11-22,1.0
Open Source Observer,GITHUB_active_developers_daily,2024-11-22,1.0
thirdweb,GITHUB_active_developers_daily,2024-11-22,2.0
Trail of Bits Security Reviews,GITHUB_active_developers_daily,2024-11-22,3.0
Walnut,GITHUB_active_developers_daily,2024-11-22,1.0
Solang,GITHUB_opened_pull_requests_daily,2024-11-22,1.0
Pyth Network,GITHUB_opened_pull_requests_daily,2024-11-22,4.0
thirdweb,GITHUB_merged_pull_requests_daily,2024-11-22,13.0
Pyth Network,GITHUB_merged_pull_requests_daily,2024-11-22,2.0
Walnut,GITHUB_merged_pull_requests_daily,2024-11-22,1.0
Trail of Bits Security Reviews,GITHUB_merged_pull_requests_daily,2024-11-22,4.0
Trail of Bits Security Reviews,GITHUB_comments_daily,2024-01-16,17.0
Open Source Observer,GITHUB_comments_daily,2024-01-16,5.0
thirdweb,GITHUB_stars_daily,2024-01-16,1.0
Open Source Observer,GITHUB_stars_daily,2024-01-16,1.0
Trail of Bits Security Reviews,GITHUB_repositories_daily,2024-01-16,16.0
thirdweb,GITHUB_repositories_daily,2024-01-16,3.0
Trail of Bits Security Reviews,GITHUB_contributors_daily,2024-01-16,12.0
Pyth Network,GITHUB_contributors_daily,2024-01-16,5.0
thirdweb,GITHUB_active_developers_daily,2024-01-16,6.0
Runtime Verification,GITHUB_active_developers_daily,2024-01-16,4.0
Open Source Observer,GITHUB_opened_pull_requests_daily,2024-01-16,2.0
Pyth Network,GITHUB_opened_pull_requests_daily,2024-01-16,2.0
Open Source Observer,GITHUB_opened_issues_daily,2024-01-16,1.0
Trail of Bits Security Reviews,GITHUB_opened_issues_daily,2024-01-16,7.0
Runtime Verification,GITHUB_closed_issues_daily,2024-01-16,4.0
Open Source Observer,GITHUB_closed_issues_daily,2024-01-16,3.0
thirdweb,GITHUB_comments_daily,2024-04-03,83.0
Open Source Observer,GITHUB_comments_daily,2024-04-03,19.0
thirdweb,GITHUB_stars_daily,2024-04-03,4.0
Runtime Verification,GITHUB_repositories_daily,2024-04-03,14.0
Trail of Bits Security Reviews,GITHUB_repositories_daily,2024-04-03,17.0
thirdweb,GITHUB_repositories_daily,2024-04-03,7.0
Pyth Network,GITHUB_repositories_daily,2024-04-03,4.0
Debid - Fairblock,GITHUB_contributors_daily,2024-04-03,1.0
Pyth Network,GITHUB_contributors_daily,2024-04-03,6.0
Trail of Bits Security Reviews,GITHUB_contributors_daily,2024-04-03,10.0
Redstone Finance,GITHUB_contributors_daily,2024-04-03,2.0
Pyth Network,GITHUB_opened_pull_requests_daily,2024-04-03,6.0
Runtime Verification,GITHUB_opened_pull_requests_daily,2024-04-03,15.0
Open Source Observer,GITHUB_opened_issues_daily,2024-04-03,2.0
Pyth Network,GITHUB_comments_daily,2024-07-09,39.0
Pyth Network,GITHUB_stars_daily,2024-07-09,2.0
Walnut,GITHUB_commits_daily,2024-07-09,9.0
Redstone Finance,GITHUB_repositories_daily,2024-07-09,1.0
Pyth Network,GITHUB_contributors_daily,2024-07-09,3.0
Redstone Finance,GITHUB_active_developers_daily,2024-07-09,1.0
Runtime Verification,GITHUB_active_developers_daily,2024-07-09,4.0
Trail of Bits Security Reviews,GITHUB_opened_pull_requests_daily,2024-07-09,10.0
Walnut,GITHUB_opened_pull_requests_daily,2024-07-09,2.0
Runtime Verification,GITHUB_opened_pull_requests_daily,2024-07-09,12.0
Open Source Observer,GITHUB_opened_issues_daily,2024-07-09,1.0
Trail of Bits Security Reviews,GITHUB_comments_daily,2024-05-31,18.0
thirdweb,GITHUB_comments_daily,2024-05-31,68.0
Open Source Observer,GITHUB_comments_daily,2024-05-31,14.0
Pyth Network,GITHUB_comments_daily,2024-05-31,11.0
Redstone Finance,GITHUB_commits_daily,2024-05-31,4.0
Pyth Network,GITHUB_commits_daily,2024-05-31,8.0
Walnut,GITHUB_commits_daily,2024-05-31,3.0
Runtime Verification,GITHUB_repositories_daily,2024-05-31,10.0
Trail of Bits Security Reviews,GITHUB_repositories_daily,2024-05-31,12.0
thirdweb,GITHUB_repositories_daily,2024-05-31,6.0
Redstone Finance,GITHUB_repositories_daily,2024-05-31,2.0
Pyth Network,GITHUB_repositories_daily,2024-05-31,1.0
Trail of Bits Security Reviews,GITHUB_contributors_daily,2024-05-31,2.0
Pyth Network,GITHUB_active_developers_daily,2024-05-31,5.0
Runtime Verification,GITHUB_active_developers_daily,2024-05-31,3.0
Trail of Bits Security Reviews,GITHUB_merged_pull_requests_daily,2024-05-31,3.0
thirdweb,GITHUB_merged_pull_requests_daily,2024-05-31,22.0
Runtime Verification,GITHUB_opened_issues_daily,2024-05-31,6.0
Walnut,GITHUB_closed_issues_daily,2024-05-31,1.0
Trail of Bits Security Reviews,GITHUB_comments_daily,2024-04-27,1.0
Redstone Finance,GITHUB_stars_daily,2024-04-27,1.0
Open Source Observer,GITHUB_commits_daily,2024-04-27,2.0
thirdweb,GITHUB_commits_daily,2024-04-27,1.0
Trail of Bits Security Reviews,GITHUB_forks_daily,2024-04-27,1.0
thirdweb,GITHUB_contributors_daily,2024-04-27,1.0
Open Source Observer,GITHUB_active_developers_daily,2024-04-27,1.0
thirdweb,GITHUB_merged_pull_requests_daily,2024-04-27,1.0
Open Source Observer,GITHUB_merged_pull_requests_daily,2024-04-27,1.0
Pyth Network,GITHUB_comments_daily,2024-02-22,7.0
thirdweb,GITHUB_stars_daily,2024-02-22,2.0
Trail of Bits Security Reviews,GITHUB_stars_daily,2024-02-22,13.0
Trail of Bits Security Reviews,GITHUB_commits_daily,2024-02-22,3.0
thirdweb,GITHUB_commits_daily,2024-02-22,8.0
Open Source Observer,GITHUB_repositories_daily,2024-02-22,2.0
Runtime Verification,GITHUB_repositories_daily,2024-02-22,14.0
thirdweb,GITHUB_contributors_daily,2024-02-22,9.0
Redstone Finance,GITHUB_active_developers_daily,2024-02-22,1.0
Runtime Verification,GITHUB_opened_pull_requests_daily,2024-02-22,18.0
Walnut,GITHUB_opened_pull_requests_daily,2024-02-22,2.0
Open Source Observer,GITHUB_opened_pull_requests_daily,2024-02-22,3.0
Trail of Bits Security Reviews,GITHUB_merged_pull_requests_daily,2024-02-22,3.0
Walnut,GITHUB_merged_pull_requests_daily,2024-02-22,1.0
Pyth Network,GITHUB_merged_pull_requests_daily,2024-02-22,9.0
Trail of Bits Security Reviews,GITHUB_opened_issues_daily,2024-02-22,2.0
Runtime Verification,GITHUB_comments_daily,2024-02-07,44.0
Runtime Verification,GITHUB_stars_daily,2024-02-07,1.0
Open Source Observer,GITHUB_commits_daily,2024-02-07,4.0
thirdweb,GITHUB_commits_daily,2024-02-07,24.0
Redstone Finance,GITHUB_commits_daily,2024-02-07,2.0
thirdweb,GITHUB_releases_daily,2024-02-07,11.0
Open Source Observer,GITHUB_repositories_daily,2024-02-07,3.0
thirdweb,GITHUB_repositories_daily,2024-02-07,6.0
thirdweb,GITHUB_contributors_daily,2024-02-07,11.0
Runtime Verification,GITHUB_contributors_daily,2024-02-07,17.0
Redstone Finance,GITHUB_active_developers_daily,2024-02-07,1.0
Pyth Network,GITHUB_active_developers_daily,2024-02-07,1.0
Open Source Observer,GITHUB_active_developers_daily,2024-02-07,2.0
thirdweb,GITHUB_opened_pull_requests_daily,2024-02-07,18.0
Walnut,GITHUB_opened_pull_requests_daily,2024-02-07,1.0
Open Source Observer,GITHUB_merged_pull_requests_daily,2024-02-07,1.0
Open Source Observer,GITHUB_opened_issues_daily,2024-02-07,3.0
Runtime Verification,GITHUB_closed_issues_daily,2024-02-07,9.0
Trail of Bits Security Reviews,GITHUB_closed_issues_daily,2024-02-07,2.0
thirdweb,GITHUB_comments_daily,2025-04-11,48.0
Redstone Finance,GITHUB_comments_daily,2025-04-11,2.0
Trail of Bits Security Reviews,GITHUB_stars_daily,2025-04-11,8.0
Runtime Verification,GITHUB_commits_daily,2025-04-11,3.0
Pyth Network,GITHUB_commits_daily,2025-04-11,41.0
thirdweb,GITHUB_releases_daily,2025-04-11,4.0
Enclave,GITHUB_repositories_daily,2025-04-11,1.0
Passport XYZ,GITHUB_repositories_daily,2025-04-11,3.0
CodeTracer,GITHUB_repositories_daily,2025-04-11,1.0
Open Source Observer,GITHUB_forks_daily,2025-04-11,1.0
Moving Stylus,GITHUB_contributors_daily,2025-04-11,1.0
9Lives,GITHUB_contributors_daily,2025-04-11,1.0
thirdweb,GITHUB_contributors_daily,2025-04-11,9.0
Runtime Verification,GITHUB_contributors_daily,2025-04-11,6.0
CoBuilders,GITHUB_contributors_daily,2025-04-11,1.0
Moving Stylus,GITHUB_active_developers_daily,2025-04-11,1.0
Redstone Finance,GITHUB_active_developers_daily,2025-04-11,3.0
Open Source Observer,GITHUB_active_developers_daily,2025-04-11,5.0
Passport XYZ,GITHUB_active_developers_daily,2025-04-11,1.0
Runtime Verification,GITHUB_active_developers_daily,2025-04-11,2.0
Walnut,GITHUB_opened_pull_requests_daily,2025-04-11,3.0
CoBuilders,GITHUB_opened_pull_requests_daily,2025-04-11,2.0
Walnut,GITHUB_merged_pull_requests_daily,2025-04-11,1.0
Redstone Finance,GITHUB_merged_pull_requests_daily,2025-04-11,1.0
Pyth Network,GITHUB_merged_pull_requests_daily,2025-04-11,20.0
Open Source Observer,GITHUB_opened_issues_daily,2025-04-11,2.0
Walnut,GITHUB_closed_issues_daily,2025-04-11,2.0
Enclave,GITHUB_closed_issues_daily,2025-04-11,3.0
Open Source Observer,GITHUB_closed_issues_daily,2025-04-11,6.0
thirdweb,GITHUB_stars_daily,2024-04-10,3.0
Trail of Bits Security Reviews,GITHUB_commits_daily,2024-04-10,1.0
thirdweb,GITHUB_forks_daily,2024-04-10,4.0
Pyth Network,GITHUB_forks_daily,2024-04-10,2.0
Runtime Verification,GITHUB_forks_daily,2024-04-10,1.0
Open Source Observer,GITHUB_repositories_daily,2024-04-10,3.0
Open Source Observer,GITHUB_contributors_daily,2024-04-10,3.0
Pyth Network,GITHUB_active_developers_daily,2024-04-10,5.0
Walnut,GITHUB_opened_pull_requests_daily,2024-04-10,1.0
Open Source Observer,GITHUB_merged_pull_requests_daily,2024-04-10,16.0
Trail of Bits Security Reviews,GITHUB_merged_pull_requests_daily,2024-04-10,2.0
Runtime Verification,GITHUB_opened_issues_daily,2024-04-10,5.0
thirdweb,GITHUB_forks_daily,2024-01-14,2.0
thirdweb,GITHUB_contributors_daily,2024-01-14,1.0
Trail of Bits Security Reviews,GITHUB_comments_daily,2024-05-12,11.0
thirdweb,GITHUB_comments_daily,2024-05-12,11.0
Pyth Network,GITHUB_stars_daily,2024-05-12,1.0
Redstone Finance,GITHUB_stars_daily,2024-05-12,2.0
Runtime Verification,GITHUB_stars_daily,2024-05-12,2.0
Runtime Verification,GITHUB_releases_daily,2024-05-12,1.0
Runtime Verification,GITHUB_repositories_daily,2024-05-12,4.0
Trail of Bits Security Reviews,GITHUB_contributors_daily,2024-05-12,2.0
Runtime Verification,GITHUB_comments_daily,2024-06-15,8.0
Walnut,GITHUB_commits_daily,2024-06-15,2.0
Runtime Verification,GITHUB_releases_daily,2024-06-15,3.0
Runtime Verification,GITHUB_contributors_daily,2024-06-15,4.0
Trail of Bits Security Reviews,GITHUB_contributors_daily,2024-06-15,2.0
Trail of Bits Security Reviews,GITHUB_opened_pull_requests_daily,2024-06-15,3.0
thirdweb,GITHUB_opened_issues_daily,2024-06-15,1.0
Trail of Bits Security Reviews,GITHUB_opened_issues_daily,2024-06-15,1.0
Open Source Observer,GITHUB_comments_daily,2024-09-10,15.0
Redstone Finance,GITHUB_comments_daily,2024-09-10,3.0
Pyth Network,GITHUB_comments_daily,2024-09-10,51.0
thirdweb,GITHUB_comments_daily,2024-09-10,203.0
Pyth Network,GITHUB_commits_daily,2024-09-10,14.0
Runtime Verification,GITHUB_commits_daily,2024-09-10,4.0
Trail of Bits Security Reviews,GITHUB_releases_daily,2024-09-10,3.0
thirdweb,GITHUB_repositories_daily,2024-09-10,4.0
Redstone Finance,GITHUB_opened_pull_requests_daily,2024-09-10,3.0
Trail of Bits Security Reviews,GITHUB_opened_pull_requests_daily,2024-09-10,9.0
Passport XYZ,GITHUB_contributors_daily,2024-09-10,5.0
Open Source Observer,GITHUB_contributors_daily,2024-09-10,4.0
Redstone Finance,GITHUB_active_developers_daily,2024-09-10,4.0
Runtime Verification,GITHUB_active_developers_daily,2024-09-10,3.0
Pyth Network,GITHUB_active_developers_daily,2024-09-10,6.0
Trail of Bits Security Reviews,GITHUB_merged_pull_requests_daily,2024-09-10,8.0
Passport XYZ,GITHUB_merged_pull_requests_daily,2024-09-10,2.0
Open Source Observer,GITHUB_opened_issues_daily,2024-09-10,4.0
Redstone Finance,GITHUB_comments_daily,2024-10-02,8.0
Passport XYZ,GITHUB_comments_daily,2024-10-02,2.0
Debid - Fairblock,GITHUB_comments_daily,2024-10-02,7.0
Runtime Verification,GITHUB_stars_daily,2024-10-02,1.0
Runtime Verification,GITHUB_commits_daily,2024-10-02,3.0
Passport XYZ,GITHUB_releases_daily,2024-10-02,4.0
Passport XYZ,GITHUB_repositories_daily,2024-10-02,1.0
Redstone Finance,GITHUB_repositories_daily,2024-10-02,4.0
Runtime Verification,GITHUB_repositories_daily,2024-10-02,5.0
Enclave,GITHUB_repositories_daily,2024-10-02,1.0
thirdweb,GITHUB_contributors_daily,2024-10-02,10.0
Passport XYZ,GITHUB_contributors_daily,2024-10-02,2.0
Pyth Network,GITHUB_active_developers_daily,2024-10-02,4.0
Trail of Bits Security Reviews,GITHUB_contributors_daily,2024-10-02,2.0
Trail of Bits Security Reviews,GITHUB_opened_pull_requests_daily,2024-10-02,5.0
Pyth Network,GITHUB_merged_pull_requests_daily,2024-10-02,12.0
Open Source Observer,GITHUB_closed_issues_daily,2024-10-02,9.0
Redstone Finance,GITHUB_forks_weekly,2025-02-10,8.0
Runtime Verification,GITHUB_forks_weekly,2025-02-10,3.0
Enclave,GITHUB_comments_daily,2025-02-10,3.0
Passport XYZ,GITHUB_comments_daily,2025-02-10,2.0
Trail of Bits Security Reviews,GITHUB_stars_daily,2025-02-10,4.0
Open Source Observer,GITHUB_stars_daily,2025-02-10,1.0
Open Source Observer,GITHUB_stars_weekly,2025-02-10,8.0
Solang,GITHUB_stars_weekly,2025-02-10,2.0
Sylow,GITHUB_stars_weekly,2025-02-10,2.0
Runtime Verification,GITHUB_releases_daily,2025-02-10,2.0
thirdweb,GITHUB_releases_weekly,2025-02-10,7.0
Trail of Bits Security Reviews,GITHUB_releases_weekly,2025-02-10,2.0
Runtime Verification,GITHUB_commits_weekly,2025-02-10,9.0
Redstone Finance,GITHUB_comments_weekly,2025-02-10,9.0
Passport XYZ,GITHUB_comments_weekly,2025-02-10,16.0
Pyth Network,GITHUB_comments_weekly,2025-02-10,71.0
Walnut,GITHUB_comments_weekly,2025-02-10,45.0
Open Source Observer,GITHUB_repositories_daily,2025-02-10,3.0
Debid - Fairblock,GITHUB_repositories_daily,2025-02-10,1.0
thirdweb,GITHUB_repositories_daily,2025-02-10,5.0
thirdweb,GITHUB_repositories_weekly,2025-02-10,10.0
Trail of Bits Security Reviews,GITHUB_repositories_weekly,2025-02-10,39.0
Walnut,GITHUB_repositories_weekly,2025-02-10,6.0
Solang,GITHUB_contributors_weekly,2025-02-10,2.0
Trail of Bits Security Reviews,GITHUB_contributors_weekly,2025-02-10,18.0
Redstone Finance,GITHUB_contributors_weekly,2025-02-10,10.0
Walnut,GITHUB_contributors_weekly,2025-02-10,6.0
Passport XYZ,GITHUB_active_developers_weekly,2025-02-10,3.0
thirdweb,GITHUB_active_developers_weekly,2025-02-10,4.0
Walnut,GITHUB_active_developers_weekly,2025-02-10,2.0
Redstone Finance,GITHUB_opened_pull_requests_weekly,2025-02-10,6.0
Runtime Verification,GITHUB_opened_pull_requests_weekly,2025-02-10,10.0
thirdweb,GITHUB_opened_pull_requests_daily,2025-02-10,13.0
Open Source Observer,GITHUB_merged_pull_requests_weekly,2025-02-10,37.0
Trail of Bits Security Reviews,GITHUB_merged_pull_requests_weekly,2025-02-10,35.0
Runtime Verification,GITHUB_merged_pull_requests_weekly,2025-02-10,10.0
thirdweb,GITHUB_merged_pull_requests_daily,2025-02-10,4.0
Walnut,GITHUB_merged_pull_requests_daily,2025-02-10,1.0
Solang,GITHUB_opened_issues_daily,2025-02-10,4.0
thirdweb,GITHUB_opened_issues_daily,2025-02-10,1.0
Passport XYZ,GITHUB_opened_issues_daily,2025-02-10,6.0
Runtime Verification,GITHUB_opened_issues_daily,2025-02-10,2.0
Walnut,GITHUB_opened_issues_weekly,2025-02-10,14.0
Solang,GITHUB_closed_issues_daily,2025-02-10,1.0
Open Source Observer,GITHUB_closed_issues_daily,2025-02-10,5.0
Walnut,GITHUB_closed_issues_weekly,2025-02-10,9.0
Open Source Observer,GITHUB_closed_issues_weekly,2025-02-10,18.0
CoBuilders,GITHUB_new_contributors_quarterly,2024-12-01,1.0
thirdweb,GITHUB_part_time_contributors_quarterly,2024-12-01,52.0
Remix IDE plugin for Arbitrum Stylus,GITHUB_part_time_contributors_quarterly,2024-12-01,2.0
Runtime Verification,GITHUB_active_contributors_quarterly,2024-12-01,28.0
Open Source Observer,GITHUB_part_time_contributors_quarterly,2024-12-01,12.0
Arbos Foundry,GITHUB_part_time_contributors_quarterly,2024-12-01,2.0
Pyth Network,GITHUB_active_contributors_quarterly,2024-12-01,32.0
CoBuilders,GITHUB_part_time_contributors_quarterly,2024-12-01,1.0
Arbos Foundry,GITHUB_active_contributors_quarterly,2024-12-01,2.0
Solang,GITHUB_part_time_contributors_quarterly,2024-12-01,4.0
Ember,GITHUB_active_contributors_quarterly,2024-12-01,1.0
Redstone Finance,GITHUB_releases_biannually,2024-12-01,1.0
Solang,GITHUB_commits_biannually,2024-12-01,2.0
Arbos Foundry,GITHUB_commits_biannually,2024-12-01,20.0
Debid - Fairblock,GITHUB_commits_biannually,2024-12-01,53.0
thirdweb,GITHUB_commits_biannually,2024-12-01,287.0
Open Source Observer,GITHUB_commits_biannually,2024-12-01,158.0
Remix IDE plugin for Arbitrum Stylus,GITHUB_commits_biannually,2024-12-01,22.0
Ember,GITHUB_active_developers_biannually,2024-12-01,1.0
Solang,GITHUB_active_developers_biannually,2024-12-01,1.0
Pyth Network,GITHUB_active_developers_biannually,2024-12-01,14.0
Runtime Verification,GITHUB_active_developers_biannually,2024-12-01,12.0
Walnut,GITHUB_active_developers_biannually,2024-12-01,5.0
Trail of Bits Security Reviews,GITHUB_repositories_quarterly,2024-12-01,70.0
Moving Stylus,GITHUB_repositories_quarterly,2024-12-01,2.0
Solang,GITHUB_repositories_quarterly,2024-12-01,1.0
Redstone Finance,GITHUB_repositories_quarterly,2024-12-01,7.0
Redstone Finance,GITHUB_active_developers_quarterly,2024-12-01,8.0
Runtime Verification,GITHUB_active_developers_quarterly,2024-12-01,12.0
Open Source Observer,GITHUB_active_developers_quarterly,2024-12-01,9.0
Moving Stylus,GITHUB_active_developers_quarterly,2024-12-01,2.0
Passport XYZ,GITHUB_forks_monthly,2024-12-01,10.0
Syndicate Protocol,GITHUB_forks_monthly,2024-12-01,1.0
Pyth Network,GITHUB_forks_monthly,2024-12-01,27.0
Open Source Observer,GITHUB_forks_monthly,2024-12-01,3.0
thirdweb,GITHUB_forks_monthly,2024-12-01,30.0
Arbos Foundry,GITHUB_part_time_developers_quarterly,2024-12-01,1.0
Moving Stylus,GITHUB_part_time_developers_quarterly,2024-12-01,2.0
Walnut,GITHUB_part_time_developers_quarterly,2024-12-01,5.0
Syndicate Protocol,GITHUB_stars_biannually,2024-12-01,2.0
Sylow,GITHUB_stars_biannually,2024-12-01,3.0
thirdweb,GITHUB_comments_daily,2024-12-01,52.0
Pyth Network,GITHUB_comments_daily,2024-12-01,9.0
Redstone Finance,GITHUB_stars_monthly,2024-12-01,2.0
Open Source Observer,GITHUB_stars_monthly,2024-12-01,20.0
Passport XYZ,GITHUB_stars_monthly,2024-12-01,60.0
Syndicate Protocol,GITHUB_stars_monthly,2024-12-01,2.0
thirdweb,GITHUB_stars_daily,2024-12-01,2.0
Passport XYZ,GITHUB_stars_daily,2024-12-01,6.0
Pyth Network,GITHUB_stars_daily,2024-12-01,3.0
Runtime Verification,GITHUB_commits_daily,2024-12-01,1.0
thirdweb,GITHUB_commits_daily,2024-12-01,1.0
Open Source Observer,GITHUB_commits_daily,2024-12-01,1.0
Walnut,GITHUB_commits_monthly,2024-12-01,90.0
Redstone Finance,GITHUB_commits_monthly,2024-12-01,149.0
thirdweb,GITHUB_commits_monthly,2024-12-01,287.0
Debid - Fairblock,GITHUB_comments_monthly,2024-12-01,1.0
Trail of Bits Security Reviews,GITHUB_comments_monthly,2024-12-01,123.0
Redstone Finance,GITHUB_comments_monthly,2024-12-01,32.0
Remix IDE plugin for Arbitrum Stylus,GITHUB_comments_monthly,2024-12-01,12.0
Open Source Observer,GITHUB_comments_monthly,2024-12-01,252.0
Debid - Fairblock,GITHUB_stars_quarterly,2024-12-01,2.0
Passport XYZ,GITHUB_stars_quarterly,2024-12-01,60.0
Redstone Finance,GITHUB_stars_quarterly,2024-12-01,2.0
Pyth Network,GITHUB_releases_monthly,2024-12-01,13.0
Trail of Bits Security Reviews,GITHUB_releases_monthly,2024-12-01,13.0
Redstone Finance,GITHUB_releases_monthly,2024-12-01,1.0
Remix IDE plugin for Arbitrum Stylus,GITHUB_commits_quarterly,2024-12-01,22.0
Walnut,GITHUB_commits_quarterly,2024-12-01,90.0
Redstone Finance,GITHUB_commits_quarterly,2024-12-01,149.0
Redstone Finance,GITHUB_forks_quarterly,2024-12-01,2.0
Runtime Verification,GITHUB_forks_quarterly,2024-12-01,8.0
Passport XYZ,GITHUB_forks_biannually,2024-12-01,10.0
Open Source Observer,GITHUB_forks_quarterly,2024-12-01,3.0
thirdweb,GITHUB_repositories_daily,2024-12-01,2.0
Debid - Fairblock,GITHUB_repositories_monthly,2024-12-01,7.0
thirdweb,GITHUB_repositories_biannually,2024-12-01,20.0
Open Source Observer,GITHUB_repositories_monthly,2024-12-01,8.0
thirdweb,GITHUB_repositories_monthly,2024-12-01,20.0
Moving Stylus,GITHUB_repositories_monthly,2024-12-01,2.0
Syndicate Protocol,GITHUB_repositories_biannually,2024-12-01,1.0
Ember,GITHUB_repositories_biannually,2024-12-01,4.0
Pyth Network,GITHUB_contributors_monthly,2024-12-01,32.0
Trail of Bits Security Reviews,GITHUB_contributors_monthly,2024-12-01,54.0
Redstone Finance,GITHUB_contributors_monthly,2024-12-01,9.0
Runtime Verification,GITHUB_contributors_daily,2024-12-01,2.0
Open Source Observer,GITHUB_contributors_daily,2024-12-01,1.0
Runtime Verification,GITHUB_contributors_biannually,2024-12-01,28.0
Passport XYZ,GITHUB_contributors_biannually,2024-12-01,6.0
Debid - Fairblock,GITHUB_contributors_biannually,2024-12-01,5.0
Pyth Network,GITHUB_contributors_biannually,2024-12-01,32.0
Debid - Fairblock,GITHUB_contributors_quarterly,2024-12-01,5.0
Moving Stylus,GITHUB_contributors_quarterly,2024-12-01,2.0
Open Source Observer,GITHUB_contributors_quarterly,2024-12-01,12.0
Syndicate Protocol,GITHUB_contributors_quarterly,2024-12-01,1.0
Solang,GITHUB_contributors_biannually,2024-12-01,4.0
Syndicate Protocol,GITHUB_contributors_biannually,2024-12-01,1.0
Remix IDE plugin for Arbitrum Stylus,GITHUB_contributors_biannually,2024-12-01,2.0
thirdweb,GITHUB_contributors_biannually,2024-12-01,52.0
Open Source Observer,GITHUB_contributors_biannually,2024-12-01,12.0
Open Source Observer,GITHUB_part_time_developers_monthly,2024-12-01,7.0
Enclave,GITHUB_part_time_developers_monthly,2024-12-01,2.0
Pyth Network,GITHUB_active_developers_monthly,2024-12-01,14.0
Open Source Observer,GITHUB_active_developers_monthly,2024-12-01,9.0
Arbos Foundry,GITHUB_active_developers_monthly,2024-12-01,1.0
Redstone Finance,GITHUB_part_time_developers_biannually,2024-12-01,8.0
Runtime Verification,GITHUB_active_developers_daily,2024-12-01,1.0
thirdweb,GITHUB_active_developers_daily,2024-12-01,1.0
Open Source Observer,GITHUB_active_developers_daily,2024-12-01,1.0
Debid - Fairblock,GITHUB_part_time_developers_biannually,2024-12-01,5.0
Solang,GITHUB_part_time_developers_biannually,2024-12-01,1.0
Trail of Bits Security Reviews,GITHUB_part_time_developers_biannually,2024-12-01,25.0
Remix IDE plugin for Arbitrum Stylus,GITHUB_part_time_developers_biannually,2024-12-01,2.0
Arbos Foundry,GITHUB_part_time_developers_biannually,2024-12-01,1.0
thirdweb,GITHUB_part_time_developers_biannually,2024-12-01,11.0
Open Source Observer,GITHUB_active_contributors_monthly,2024-12-01,12.0
Syndicate Protocol,GITHUB_part_time_contributors_monthly,2024-12-01,1.0
Runtime Verification,GITHUB_active_contributors_monthly,2024-12-01,28.0
Ember,GITHUB_active_contributors_monthly,2024-12-01,1.0
CoBuilders,GITHUB_part_time_contributors_monthly,2024-12-01,1.0
Walnut,GITHUB_part_time_contributors_monthly,2024-12-01,7.0
Pyth Network,GITHUB_full_time_contributors_monthly,2024-12-01,3.0
Passport XYZ,GITHUB_full_time_contributors_monthly,2024-12-01,1.0
Debid - Fairblock,GITHUB_active_contributors_monthly,2024-12-01,5.0
Solang,GITHUB_new_contributors_monthly,2024-12-01,4.0
Open Source Observer,GITHUB_full_time_contributors_monthly,2024-12-01,3.0
Pyth Network,GITHUB_new_contributors_monthly,2024-12-01,23.0
Open Source Observer,GITHUB_part_time_contributors_monthly,2024-12-01,9.0
Trail of Bits Security Reviews,GITHUB_new_contributors_monthly,2024-12-01,31.0
Enclave,GITHUB_active_contributors_monthly,2024-12-01,2.0
Enclave,GITHUB_part_time_contributors_monthly,2024-12-01,1.0
Moving Stylus,GITHUB_active_contributors_monthly,2024-12-01,2.0
Walnut,GITHUB_part_time_contributors_biannually,2024-12-01,7.0
Ember,GITHUB_part_time_contributors_biannually,2024-12-01,1.0
Debid - Fairblock,GITHUB_active_contributors_biannually,2024-12-01,5.0
Ember,GITHUB_active_contributors_biannually,2024-12-01,1.0
Debid - Fairblock,GITHUB_part_time_contributors_biannually,2024-12-01,5.0
Debid - Fairblock,GITHUB_new_contributors_biannually,2024-12-01,1.0
Open Source Observer,GITHUB_active_contributors_biannually,2024-12-01,12.0
Redstone Finance,GITHUB_new_contributors_biannually,2024-12-01,6.0
Open Source Observer,GITHUB_change_in_part_time_contributors_monthly,2024-12-01,6.0
Redstone Finance,GITHUB_change_in_part_time_contributors_monthly,2024-12-01,-2.0
Open Source Observer,GITHUB_change_in_full_time_contributors_monthly,2024-12-01,-1.0
Remix IDE plugin for Arbitrum Stylus,GITHUB_change_in_part_time_contributors_monthly,2024-12-01,2.0
Enclave,GITHUB_change_in_part_time_contributors_monthly,2024-12-01,1.0
Redstone Finance,GITHUB_change_in_active_developers_monthly,2024-12-01,-1.0
Solang,GITHUB_change_in_active_developers_monthly,2024-12-01,0.0
Open Source Observer,GITHUB_change_in_active_developers_monthly,2024-12-01,5.0
Pyth Network,GITHUB_change_in_part_time_contributors_biannually,2024-12-01,-6.0
Runtime Verification,GITHUB_change_in_active_developers_biannually,2024-12-01,-5.0
Runtime Verification,GITHUB_change_in_part_time_contributors_quarterly,2024-12-01,-5.0
Enclave,GITHUB_change_in_part_time_contributors_quarterly,2024-12-01,1.0
Remix IDE plugin for Arbitrum Stylus,GITHUB_change_in_active_developers_biannually,2024-12-01,2.0
thirdweb,GITHUB_change_in_part_time_contributors_biannually,2024-12-01,-7.0
Arbos Foundry,GITHUB_change_in_part_time_contributors_quarterly,2024-12-01,0.0
Pyth Network,GITHUB_change_in_active_developers_quarterly,2024-12-01,-6.0
thirdweb,GITHUB_change_in_active_developers_quarterly,2024-12-01,-7.0
Enclave,GITHUB_change_in_active_developers_quarterly,2024-12-01,1.0
Moving Stylus,GITHUB_change_in_part_time_contributors_quarterly,2024-12-01,0.0
Walnut,GITHUB_change_in_active_developers_quarterly,2024-12-01,0.0
Solang,GITHUB_change_in_part_time_contributors_biannually,2024-12-01,0.0
Moving Stylus,GITHUB_opened_pull_requests_monthly,2024-12-01,7.0
Syndicate Protocol,GITHUB_opened_pull_requests_monthly,2024-12-01,1.0
Pyth Network,GITHUB_opened_pull_requests_biannually,2024-12-01,131.0
Trail of Bits Security Reviews,GITHUB_opened_pull_requests_biannually,2024-12-01,192.0
Arbos Foundry,GITHUB_opened_pull_requests_biannually,2024-12-01,1.0
Enclave,GITHUB_opened_pull_requests_biannually,2024-12-01,22.0
Passport XYZ,GITHUB_opened_pull_requests_biannually,2024-12-01,70.0
Pyth Network,GITHUB_opened_pull_requests_quarterly,2024-12-01,131.0
Passport XYZ,GITHUB_opened_pull_requests_quarterly,2024-12-01,70.0
Runtime Verification,GITHUB_opened_pull_requests_quarterly,2024-12-01,84.0
Solang,GITHUB_merged_pull_requests_monthly,2024-12-01,2.0
thirdweb,GITHUB_merged_pull_requests_monthly,2024-12-01,262.0
thirdweb,GITHUB_opened_pull_requests_daily,2024-12-01,7.0
Remix IDE plugin for Arbitrum Stylus,GITHUB_merged_pull_requests_monthly,2024-12-01,6.0
Debid - Fairblock,GITHUB_merged_pull_requests_monthly,2024-12-01,5.0
Trail of Bits Security Reviews,GITHUB_merged_pull_requests_monthly,2024-12-01,184.0
Moving Stylus,GITHUB_merged_pull_requests_monthly,2024-12-01,5.0
Moving Stylus,GITHUB_merged_pull_requests_quarterly,2024-12-01,5.0
Debid - Fairblock,GITHUB_merged_pull_requests_quarterly,2024-12-01,5.0
Pyth Network,GITHUB_merged_pull_requests_biannually,2024-12-01,108.0
Pyth Network,GITHUB_merged_pull_requests_daily,2024-12-01,1.0
Passport XYZ,GITHUB_opened_issues_monthly,2024-12-01,102.0
Open Source Observer,GITHUB_opened_issues_monthly,2024-12-01,79.0
Trail of Bits Security Reviews,GITHUB_opened_issues_daily,2024-12-01,1.0
Open Source Observer,GITHUB_opened_issues_daily,2024-12-01,4.0
Walnut,GITHUB_opened_issues_monthly,2024-12-01,10.0
Enclave,GITHUB_opened_issues_quarterly,2024-12-01,21.0
Passport XYZ,GITHUB_opened_issues_biannually,2024-12-01,102.0
Pyth Network,GITHUB_opened_issues_biannually,2024-12-01,5.0
Debid - Fairblock,GITHUB_opened_issues_biannually,2024-12-01,1.0
Enclave,GITHUB_closed_issues_monthly,2024-12-01,5.0
thirdweb,GITHUB_closed_issues_monthly,2024-12-01,17.0
Walnut,GITHUB_closed_issues_quarterly,2024-12-01,6.0
Enclave,GITHUB_closed_issues_quarterly,2024-12-01,5.0
thirdweb,GITHUB_avg_prs_time_to_merge_quarterly,2024-12-01,0.0
Enclave,GITHUB_avg_prs_time_to_merge_quarterly,2024-12-01,0.0
Moving Stylus,GITHUB_avg_time_to_first_response_quarterly,2024-12-01,0.0
Redstone Finance,GITHUB_avg_prs_time_to_merge_biannually,2024-12-01,0.0
Walnut,GITHUB_avg_prs_time_to_merge_biannually,2024-12-01,0.0
Redstone Finance,GITHUB_avg_time_to_first_response_biannually,2024-12-01,1560.2916666666667
Walnut,GITHUB_churned_contributors_monthly,2024-12-01,-5.0
Trail of Bits Security Reviews,GITHUB_churned_contributors_monthly,2024-12-01,-48.0
Redstone Finance,GITHUB_change_in_active_contributors_monthly,2024-12-01,-1.0
Walnut,GITHUB_change_in_new_contributors_monthly,2024-12-01,0.0
Redstone Finance,GITHUB_churned_contributors_monthly,2024-12-01,-7.0
Redstone Finance,GITHUB_change_in_new_contributors_monthly,2024-12-01,-1.0
Redstone Finance,GITHUB_change_in_active_contributors_quarterly,2024-12-01,-1.0
Trail of Bits Security Reviews,GITHUB_change_in_full_time_contributors_quarterly,2024-12-01,0.0
Solang,GITHUB_change_in_full_time_contributors_quarterly,2024-12-01,0.0
Debid - Fairblock,GITHUB_change_in_full_time_contributors_monthly,2024-12-01,0.0
Debid - Fairblock,GITHUB_change_in_active_contributors_monthly,2024-12-01,0.0
thirdweb,GITHUB_churned_contributors_monthly,2024-12-01,-45.0
Runtime Verification,GITHUB_change_in_active_contributors_monthly,2024-12-01,-5.0
Solang,GITHUB_churned_contributors_monthly,2024-12-01,-4.0
Arbos Foundry,GITHUB_change_in_active_contributors_quarterly,2024-12-01,0.0
Debid - Fairblock,GITHUB_change_in_active_contributors_quarterly,2024-12-01,0.0
CoBuilders,GITHUB_churned_contributors_quarterly,2024-12-01,
Pyth Network,GITHUB_churned_contributors_quarterly,2024-12-01,-29.0
Passport XYZ,GITHUB_change_in_active_contributors_quarterly,2024-12-01,1.0
Syndicate Protocol,GITHUB_change_in_full_time_contributors_monthly,2024-12-01,0.0
Syndicate Protocol,GITHUB_change_in_active_contributors_monthly,2024-12-01,0.0
Moving Stylus,GITHUB_change_in_new_contributors_monthly,2024-12-01,0.0
Moving Stylus,GITHUB_change_in_full_time_contributors_monthly,2024-12-01,0.0
Trail of Bits Security Reviews,GITHUB_churned_contributors_biannually,2024-12-01,-48.0
Trail of Bits Security Reviews,GITHUB_change_in_new_contributors_biannually,2024-12-01,-13.0
Walnut,GITHUB_change_in_active_contributors_biannually,2024-12-01,0.0
Trail of Bits Security Reviews,GITHUB_change_in_full_time_contributors_biannually,2024-12-01,0.0
Arbos Foundry,GITHUB_change_in_new_contributors_biannually,2024-12-01,0.0
Arbos Foundry,GITHUB_change_in_active_contributors_biannually,2024-12-01,0.0
Debid - Fairblock,GITHUB_change_in_active_contributors_biannually,2024-12-01,0.0
Ember,GITHUB_change_in_full_time_contributors_biannually,2024-12-01,
Ember,GITHUB_churned_contributors_biannually,2024-12-01,
Runtime Verification,GITHUB_churned_contributors_biannually,2024-12-01,-16.0
Remix IDE plugin for Arbitrum Stylus,GITHUB_churned_contributors_biannually,2024-12-01,0.0
CoBuilders,GITHUB_churned_contributors_biannually,2024-12-01,
Pyth Network,GITHUB_change_in_active_contributors_biannually,2024-12-01,-6.0
Pyth Network,GITHUB_change_in_new_contributors_biannually,2024-12-01,-6.0
Moving Stylus,GITHUB_change_in_full_time_contributors_biannually,2024-12-01,0.0
Enclave,GITHUB_change_in_new_contributors_biannually,2024-12-01,1.0
Enclave,GITHUB_change_in_active_contributors_biannually,2024-12-01,1.0
Open Source Observer,GITHUB_change_in_active_contributors_biannually,2024-12-01,5.0
Remix IDE plugin for Arbitrum Stylus,GITHUB_change_in_active_contributors_quarterly,2024-12-01,2.0
Remix IDE plugin for Arbitrum Stylus,GITHUB_change_in_new_contributors_quarterly,2024-12-01,1.0
Arbos Foundry,GITHUB_churned_contributors_quarterly,2024-12-01,0.0
thirdweb,GITHUB_change_in_active_contributors_quarterly,2024-12-01,-7.0
Runtime Verification,GITHUB_change_in_full_time_contributors_quarterly,2024-12-01,0.0
Enclave,GITHUB_churned_contributors_quarterly,2024-12-01,-1.0
Enclave,GITHUB_change_in_full_time_contributors_quarterly,2024-12-01,0.0
Moving Stylus,GITHUB_change_in_full_time_contributors_quarterly,2024-12-01,0.0
Moving Stylus,GITHUB_change_in_new_contributors_quarterly,2024-12-01,0.0
Enclave,GITHUB_change_in_active_contributors_quarterly,2024-12-01,1.0
Redstone Finance,GITHUB_comments_daily,2024-05-17,1.0
Trail of Bits Security Reviews,GITHUB_comments_daily,2024-05-17,3.0
Pyth Network,GITHUB_comments_daily,2024-05-17,11.0
Open Source Observer,GITHUB_comments_daily,2024-05-17,10.0
Open Source Observer,GITHUB_commits_daily,2024-05-17,36.0
Pyth Network,GITHUB_stars_daily,2024-05-17,2.0
Pyth Network,GITHUB_forks_daily,2024-05-17,1.0
Pyth Network,GITHUB_repositories_daily,2024-05-17,7.0
Redstone Finance,GITHUB_contributors_daily,2024-05-17,2.0
Trail of Bits Security Reviews,GITHUB_contributors_daily,2024-05-17,4.0
Walnut,GITHUB_active_developers_daily,2024-05-17,1.0
Open Source Observer,GITHUB_active_developers_daily,2024-05-17,2.0
Pyth Network,GITHUB_active_developers_daily,2024-05-17,3.0
Trail of Bits Security Reviews,GITHUB_opened_pull_requests_daily,2024-05-17,3.0
Runtime Verification,GITHUB_merged_pull_requests_daily,2024-05-17,9.0
Pyth Network,GITHUB_merged_pull_requests_daily,2024-05-17,6.0
Walnut,GITHUB_merged_pull_requests_daily,2024-05-17,1.0
Open Source Observer,GITHUB_opened_issues_daily,2024-05-17,1.0
Walnut,GITHUB_opened_issues_daily,2024-05-17,1.0
thirdweb,GITHUB_releases_daily,2025-04-04,3.0
Walnut,GITHUB_comments_daily,2025-04-04,1.0
CodeTracer,GITHUB_stars_daily,2025-04-04,2.0
9Lives,GITHUB_stars_daily,2025-04-04,1.0
Passport XYZ,GITHUB_stars_daily,2025-04-04,1.0
thirdweb,GITHUB_comments_daily,2025-04-04,67.0
Pyth Network,GITHUB_commits_daily,2025-04-04,6.0
Pyth Network,GITHUB_repositories_daily,2025-04-04,4.0
Runtime Verification,GITHUB_repositories_daily,2025-04-04,8.0
Open Source Observer,GITHUB_repositories_daily,2025-04-04,3.0
Trail of Bits Security Reviews,GITHUB_forks_daily,2025-04-04,3.0
Redstone Finance,GITHUB_contributors_daily,2025-04-04,1.0
thirdweb,GITHUB_contributors_daily,2025-04-04,9.0
CoBuilders,GITHUB_contributors_daily,2025-04-04,1.0
Enclave,GITHUB_contributors_daily,2025-04-04,3.0
Runtime Verification,GITHUB_active_developers_daily,2025-04-04,2.0
Trail of Bits Security Reviews,GITHUB_active_developers_daily,2025-04-04,3.0
Pyth Network,GITHUB_active_developers_daily,2025-04-04,5.0
thirdweb,GITHUB_active_developers_daily,2025-04-04,4.0
Walnut,GITHUB_opened_pull_requests_daily,2025-04-04,1.0
Passport XYZ,GITHUB_opened_pull_requests_daily,2025-04-04,1.0
Open Source Observer,GITHUB_opened_issues_daily,2025-04-04,3.0
Enclave,GITHUB_closed_issues_daily,2025-04-04,1.0
Trail of Bits Security Reviews,GITHUB_closed_issues_daily,2025-04-04,1.0
Trail of Bits Security Reviews,GITHUB_comments_daily,2024-06-27,22.0
Pyth Network,GITHUB_comments_daily,2024-06-27,27.0
Enclave,GITHUB_comments_daily,2024-06-27,1.0
thirdweb,GITHUB_comments_daily,2024-06-27,82.0
Pyth Network,GITHUB_stars_daily,2024-06-27,3.0
Trail of Bits Security Reviews,GITHUB_stars_daily,2024-06-27,7.0
Runtime Verification,GITHUB_commits_daily,2024-06-27,34.0
Enclave,GITHUB_commits_daily,2024-06-27,20.0
Open Source Observer,GITHUB_commits_daily,2024-06-27,6.0
Walnut,GITHUB_commits_daily,2024-06-27,6.0
thirdweb,GITHUB_releases_daily,2024-06-27,3.0
Redstone Finance,GITHUB_forks_daily,2024-06-27,2.0
Runtime Verification,GITHUB_repositories_daily,2024-06-27,13.0
thirdweb,GITHUB_contributors_daily,2024-06-27,8.0
Pyth Network,GITHUB_opened_pull_requests_daily,2024-06-27,14.0
Walnut,GITHUB_opened_pull_requests_daily,2024-06-27,3.0
Walnut,GITHUB_merged_pull_requests_daily,2024-06-27,3.0
Runtime Verification,GITHUB_opened_issues_daily,2024-06-27,1.0
Open Source Observer,GITHUB_opened_issues_daily,2024-06-27,4.0
Open Source Observer,GITHUB_closed_issues_daily,2024-06-27,3.0
Pyth Network,GITHUB_comments_daily,2024-07-04,30.0
Runtime Verification,GITHUB_releases_daily,2024-07-04,9.0
Remix IDE plugin for Arbitrum Stylus,GITHUB_releases_daily,2024-07-04,2.0
Redstone Finance,GITHUB_stars_daily,2024-07-04,3.0
Runtime Verification,GITHUB_forks_daily,2024-07-04,1.0
Trail of Bits Security Reviews,GITHUB_forks_daily,2024-07-04,5.0
Pyth Network,GITHUB_contributors_daily,2024-07-04,5.0
Trail of Bits Security Reviews,GITHUB_contributors_daily,2024-07-04,2.0
Pyth Network,GITHUB_active_developers_daily,2024-07-04,3.0
thirdweb,GITHUB_active_developers_daily,2024-07-04,4.0
Trail of Bits Security Reviews,GITHUB_opened_pull_requests_daily,2024-07-04,15.0
Pyth Network,GITHUB_merged_pull_requests_daily,2024-07-04,4.0
Trail of Bits Security Reviews,GITHUB_merged_pull_requests_daily,2024-07-04,2.0
Open Source Observer,GITHUB_comments_daily,2024-02-13,8.0
Pyth Network,GITHUB_comments_daily,2024-02-13,11.0
Pyth Network,GITHUB_stars_daily,2024-02-13,3.0
Trail of Bits Security Reviews,GITHUB_commits_daily,2024-02-13,1.0
Pyth Network,GITHUB_commits_daily,2024-02-13,8.0
Pyth Network,GITHUB_repositories_daily,2024-02-13,6.0
Walnut,GITHUB_repositories_daily,2024-02-13,1.0
Redstone Finance,GITHUB_repositories_daily,2024-02-13,2.0
Runtime Verification,GITHUB_repositories_daily,2024-02-13,9.0
Open Source Observer,GITHUB_contributors_daily,2024-02-13,3.0
Remix IDE plugin for Arbitrum Stylus,GITHUB_contributors_daily,2024-02-13,1.0
Pyth Network,GITHUB_contributors_daily,2024-02-13,5.0
thirdweb,GITHUB_contributors_daily,2024-02-13,7.0
Walnut,GITHUB_opened_pull_requests_daily,2024-02-13,3.0
Open Source Observer,GITHUB_opened_pull_requests_daily,2024-02-13,2.0
Open Source Observer,GITHUB_merged_pull_requests_daily,2024-02-13,1.0
thirdweb,GITHUB_stars_daily,2024-11-09,7.0
Runtime Verification,GITHUB_commits_daily,2024-11-09,13.0
Runtime Verification,GITHUB_releases_daily,2024-11-09,1.0
Runtime Verification,GITHUB_forks_daily,2024-11-09,1.0
Open Source Observer,GITHUB_active_developers_daily,2024-11-09,1.0
Enclave,GITHUB_opened_issues_daily,2024-11-09,1.0
Open Source Observer,GITHUB_comments_daily,2025-01-19,10.0
Passport XYZ,GITHUB_stars_daily,2025-01-19,4.0
Redstone Finance,GITHUB_commits_daily,2025-01-19,2.0
Pyth Network,GITHUB_repositories_daily,2025-01-19,4.0
Runtime Verification,GITHUB_repositories_daily,2025-01-19,1.0
Open Source Observer,GITHUB_contributors_daily,2025-01-19,3.0
Trail of Bits Security Reviews,GITHUB_opened_pull_requests_daily,2025-01-19,8.0
Open Source Observer,GITHUB_closed_issues_daily,2025-01-19,1.0
WakeUp Labs,GITHUB_comments_daily,2024-01-11,2.0
Pyth Network,GITHUB_comments_daily,2024-01-11,13.0
Runtime Verification,GITHUB_stars_daily,2024-01-11,2.0
Open Source Observer,GITHUB_commits_daily,2024-01-11,2.0
Runtime Verification,GITHUB_releases_daily,2024-01-11,8.0
Trail of Bits Security Reviews,GITHUB_releases_daily,2024-01-11,1.0
Pyth Network,GITHUB_forks_daily,2024-01-11,2.0
thirdweb,GITHUB_forks_daily,2024-01-11,3.0
Runtime Verification,GITHUB_repositories_daily,2024-01-11,13.0
thirdweb,GITHUB_repositories_daily,2024-01-11,6.0
Pyth Network,GITHUB_repositories_daily,2024-01-11,4.0
Trail of Bits Security Reviews,GITHUB_contributors_daily,2024-01-11,4.0
WakeUp Labs,GITHUB_contributors_daily,2024-01-11,1.0
Trail of Bits Security Reviews,GITHUB_active_developers_daily,2024-01-11,2.0
Redstone Finance,GITHUB_active_developers_daily,2024-01-11,1.0
Pyth Network,GITHUB_merged_pull_requests_daily,2024-01-11,7.0
Trail of Bits Security Reviews,GITHUB_closed_issues_daily,2024-01-11,2.0
Open Source Observer,GITHUB_closed_issues_daily,2024-01-11,2.0
Open Source Observer,GITHUB_comments_daily,2025-03-30,19.0
Open Source Observer,GITHUB_commits_daily,2025-03-30,9.0
Trail of Bits Security Reviews,GITHUB_commits_daily,2025-03-30,1.0
CodeTracer,GITHUB_repositories_daily,2025-03-30,1.0
thirdweb,GITHUB_forks_daily,2025-03-30,4.0
Pyth Network,GITHUB_merged_pull_requests_daily,2025-03-30,1.0
thirdweb,GITHUB_merged_pull_requests_daily,2025-03-30,4.0
Walnut,GITHUB_contributors_daily,2025-03-30,1.0
Pyth Network,GITHUB_contributors_daily,2025-03-30,3.0
Pyth Network,GITHUB_active_developers_daily,2025-03-30,1.0
Trail of Bits Security Reviews,GITHUB_active_developers_daily,2025-03-30,1.0
thirdweb,GITHUB_opened_issues_daily,2025-03-30,1.0
Open Source Observer,GITHUB_closed_issues_daily,2025-03-30,1.0
thirdweb,GITHUB_closed_issues_daily,2025-03-30,2.0
Runtime Verification,GITHUB_comments_daily,2024-11-08,8.0
Walnut,GITHUB_comments_daily,2024-11-08,2.0
Pyth Network,GITHUB_stars_daily,2024-11-08,2.0
Solang,GITHUB_stars_daily,2024-11-08,1.0
thirdweb,GITHUB_commits_daily,2024-11-08,13.0
Trail of Bits Security Reviews,GITHUB_commits_daily,2024-11-08,5.0
Redstone Finance,GITHUB_commits_daily,2024-11-08,3.0
Pyth Network,GITHUB_releases_daily,2024-11-08,1.0
Trail of Bits Security Reviews,GITHUB_forks_daily,2024-11-08,1.0
Walnut,GITHUB_opened_pull_requests_daily,2024-11-08,2.0
Pyth Network,GITHUB_repositories_daily,2024-11-08,3.0
Solang,GITHUB_repositories_daily,2024-11-08,1.0
Walnut,GITHUB_repositories_daily,2024-11-08,1.0
Debid - Fairblock,GITHUB_repositories_daily,2024-11-08,2.0
Syndicate Protocol,GITHUB_repositories_daily,2024-11-08,1.0
Walnut,GITHUB_contributors_daily,2024-11-08,2.0
Runtime Verification,GITHUB_contributors_daily,2024-11-08,5.0
Enclave,GITHUB_contributors_daily,2024-11-08,1.0
Passport XYZ,GITHUB_contributors_daily,2024-11-08,3.0
Open Source Observer,GITHUB_contributors_daily,2024-11-08,2.0
Trail of Bits Security Reviews,GITHUB_contributors_daily,2024-11-08,4.0
Debid - Fairblock,GITHUB_contributors_daily,2024-11-08,2.0
Pyth Network,GITHUB_merged_pull_requests_daily,2024-11-08,4.0
Passport XYZ,GITHUB_opened_issues_daily,2024-11-08,4.0
Passport XYZ,GITHUB_closed_issues_daily,2024-11-08,2.0
Trail of Bits Security Reviews,GITHUB_closed_issues_daily,2024-11-08,1.0
thirdweb,GITHUB_closed_issues_daily,2024-11-08,2.0
Runtime Verification,GITHUB_comments_daily,2024-03-07,64.0
Redstone Finance,GITHUB_commits_daily,2024-03-07,8.0
Runtime Verification,GITHUB_commits_daily,2024-03-07,29.0
Debid - Fairblock,GITHUB_commits_daily,2024-03-07,6.0
Open Source Observer,GITHUB_commits_daily,2024-03-07,6.0
Syndicate Protocol,GITHUB_commits_daily,2024-03-07,1.0
Pyth Network,GITHUB_commits_daily,2024-03-07,4.0
thirdweb,GITHUB_stars_daily,2024-03-07,2.0
Debid - Fairblock,GITHUB_repositories_daily,2024-03-07,4.0
Open Source Observer,GITHUB_repositories_daily,2024-03-07,2.0
thirdweb,GITHUB_forks_daily,2024-03-07,3.0
thirdweb,GITHUB_active_developers_daily,2024-03-07,5.0
Pyth Network,GITHUB_active_developers_daily,2024-03-07,1.0
Trail of Bits Security Reviews,GITHUB_contributors_daily,2024-03-07,3.0
Runtime Verification,GITHUB_contributors_daily,2024-03-07,13.0
Redstone Finance,GITHUB_contributors_daily,2024-03-07,2.0
Syndicate Protocol,GITHUB_contributors_daily,2024-03-07,1.0
Walnut,GITHUB_contributors_daily,2024-03-07,1.0
thirdweb,GITHUB_opened_pull_requests_daily,2024-03-07,16.0
Debid - Fairblock,GITHUB_opened_pull_requests_daily,2024-03-07,1.0
Runtime Verification,GITHUB_opened_issues_daily,2024-03-07,5.0
Walnut,GITHUB_comments_daily,2024-08-18,1.0
thirdweb,GITHUB_stars_daily,2024-08-18,1.0
Trail of Bits Security Reviews,GITHUB_stars_daily,2024-08-18,4.0
thirdweb,GITHUB_forks_daily,2024-08-18,6.0
Trail of Bits Security Reviews,GITHUB_repositories_daily,2024-08-18,8.0
Trail of Bits Security Reviews,GITHUB_contributors_daily,2024-08-18,2.0
Runtime Verification,GITHUB_opened_issues_daily,2024-08-18,2.0
thirdweb,GITHUB_comments_daily,2025-04-12,15.0
Trail of Bits Security Reviews,GITHUB_comments_daily,2025-04-12,28.0
Trail of Bits Security Reviews,GITHUB_stars_daily,2025-04-12,8.0
CodeTracer,GITHUB_stars_daily,2025-04-12,2.0
Redstone Finance,GITHUB_commits_daily,2025-04-12,1.0
Trail of Bits Security Reviews,GITHUB_commits_daily,2025-04-12,3.0
thirdweb,GITHUB_repositories_daily,2025-04-12,2.0
Trail of Bits Security Reviews,GITHUB_repositories_daily,2025-04-12,9.0
CodeTracer,GITHUB_repositories_daily,2025-04-12,1.0
Trail of Bits Security Reviews,GITHUB_forks_daily,2025-04-12,3.0
thirdweb,GITHUB_opened_pull_requests_daily,2025-04-12,1.0
Open Source Observer,GITHUB_opened_issues_daily,2025-04-12,1.0
Runtime Verification,GITHUB_comments_daily,2024-08-15,12.0
Passport XYZ,GITHUB_comments_daily,2024-08-15,6.0
Open Source Observer,GITHUB_stars_daily,2024-08-15,3.0
Runtime Verification,GITHUB_stars_daily,2024-08-15,1.0
thirdweb,GITHUB_stars_daily,2024-08-15,2.0
Pyth Network,GITHUB_commits_daily,2024-08-15,6.0
Open Source Observer,GITHUB_commits_daily,2024-08-15,2.0
Pyth Network,GITHUB_repositories_daily,2024-08-15,5.0
Passport XYZ,GITHUB_contributors_daily,2024-08-15,2.0
Open Source Observer,GITHUB_opened_pull_requests_daily,2024-08-15,3.0
Passport XYZ,GITHUB_opened_pull_requests_daily,2024-08-15,6.0
Open Source Observer,GITHUB_merged_pull_requests_daily,2024-08-15,2.0
thirdweb,GITHUB_merged_pull_requests_daily,2024-08-15,18.0
Passport XYZ,GITHUB_closed_issues_daily,2024-08-15,2.0
thirdweb,GITHUB_comments_daily,2024-07-13,19.0
Pyth Network,GITHUB_comments_daily,2024-07-13,10.0
Runtime Verification,GITHUB_commits_daily,2024-07-13,5.0
Runtime Verification,GITHUB_releases_daily,2024-07-13,2.0
thirdweb,GITHUB_forks_daily,2024-07-13,1.0
Trail of Bits Security Reviews,GITHUB_forks_daily,2024-07-13,1.0
Open Source Observer,GITHUB_repositories_daily,2024-07-13,2.0
Open Source Observer,GITHUB_merged_pull_requests_daily,2024-07-13,6.0
Trail of Bits Security Reviews,GITHUB_opened_issues_daily,2024-07-13,2.0
Trail of Bits Security Reviews,GITHUB_comments_daily,2024-01-23,14.0
Pyth Network,GITHUB_comments_daily,2024-01-23,14.0
Runtime Verification,GITHUB_comments_daily,2024-01-23,24.0
Trail of Bits Security Reviews,GITHUB_stars_daily,2024-01-23,12.0
Pyth Network,GITHUB_stars_daily,2024-01-23,3.0
WakeUp Labs,GITHUB_commits_daily,2024-01-23,2.0
Pyth Network,GITHUB_commits_daily,2024-01-23,3.0
Redstone Finance,GITHUB_repositories_daily,2024-01-23,1.0
Pyth Network,GITHUB_repositories_daily,2024-01-23,5.0
Walnut,GITHUB_repositories_daily,2024-01-23,1.0
Trail of Bits Security Reviews,GITHUB_repositories_daily,2024-01-23,12.0
Walnut,GITHUB_active_developers_daily,2024-01-23,1.0
Redstone Finance,GITHUB_active_developers_daily,2024-01-23,1.0
Runtime Verification,GITHUB_active_developers_daily,2024-01-23,5.0
Pyth Network,GITHUB_active_developers_daily,2024-01-23,2.0
thirdweb,GITHUB_contributors_daily,2024-01-23,8.0
Trail of Bits Security Reviews,GITHUB_contributors_daily,2024-01-23,7.0
Runtime Verification,GITHUB_opened_pull_requests_daily,2024-01-23,10.0
Open Source Observer,GITHUB_merged_pull_requests_daily,2024-01-23,3.0
Runtime Verification,GITHUB_merged_pull_requests_daily,2024-01-23,11.0
WakeUp Labs,GITHUB_merged_pull_requests_daily,2024-01-23,1.0
Open Source Observer,GITHUB_opened_issues_daily,2024-01-23,2.0
thirdweb,GITHUB_opened_issues_daily,2024-01-23,1.0
Open Source Observer,GITHUB_closed_issues_daily,2024-01-23,1.0
Open Source Observer,GITHUB_forks_weekly,2024-09-16,2.0
Trail of Bits Security Reviews,GITHUB_comments_daily,2024-09-16,8.0
Runtime Verification,GITHUB_commits_daily,2024-09-16,6.0
Enclave,GITHUB_stars_weekly,2024-09-16,2.0
Redstone Finance,GITHUB_stars_weekly,2024-09-16,1.0
Passport XYZ,GITHUB_stars_weekly,2024-09-16,10.0
Passport XYZ,GITHUB_releases_weekly,2024-09-16,9.0
thirdweb,GITHUB_commits_weekly,2024-09-16,123.0
Redstone Finance,GITHUB_commits_weekly,2024-09-16,51.0
Passport XYZ,GITHUB_commits_weekly,2024-09-16,55.0
Runtime Verification,GITHUB_comments_weekly,2024-09-16,38.0
Trail of Bits Security Reviews,GITHUB_comments_weekly,2024-09-16,55.0
thirdweb,GITHUB_forks_daily,2024-09-16,1.0
Open Source Observer,GITHUB_forks_daily,2024-09-16,1.0
Redstone Finance,GITHUB_repositories_daily,2024-09-16,4.0
Passport XYZ,GITHUB_repositories_daily,2024-09-16,2.0
Enclave,GITHUB_repositories_daily,2024-09-16,1.0
Open Source Observer,GITHUB_repositories_weekly,2024-09-16,5.0
Trail of Bits Security Reviews,GITHUB_repositories_weekly,2024-09-16,37.0
Redstone Finance,GITHUB_repositories_weekly,2024-09-16,7.0
Passport XYZ,GITHUB_repositories_weekly,2024-09-16,8.0
thirdweb,GITHUB_repositories_weekly,2024-09-16,6.0
Enclave,GITHUB_repositories_weekly,2024-09-16,1.0
Enclave,GITHUB_contributors_daily,2024-09-16,3.0
thirdweb,GITHUB_contributors_weekly,2024-09-16,21.0
Redstone Finance,GITHUB_contributors_weekly,2024-09-16,8.0
Open Source Observer,GITHUB_active_developers_daily,2024-09-16,5.0
Redstone Finance,GITHUB_active_developers_daily,2024-09-16,3.0
thirdweb,GITHUB_active_developers_weekly,2024-09-16,6.0
Enclave,GITHUB_active_developers_weekly,2024-09-16,3.0
Trail of Bits Security Reviews,GITHUB_active_developers_weekly,2024-09-16,10.0
Remix IDE plugin for Arbitrum Stylus,GITHUB_opened_pull_requests_weekly,2024-09-16,1.0
Redstone Finance,GITHUB_opened_pull_requests_weekly,2024-09-16,22.0
Runtime Verification,GITHUB_opened_pull_requests_weekly,2024-09-16,34.0
Passport XYZ,GITHUB_opened_pull_requests_weekly,2024-09-16,28.0
thirdweb,GITHUB_opened_pull_requests_daily,2024-09-16,33.0
Enclave,GITHUB_opened_pull_requests_daily,2024-09-16,6.0
Redstone Finance,GITHUB_merged_pull_requests_weekly,2024-09-16,19.0
thirdweb,GITHUB_merged_pull_requests_daily,2024-09-16,15.0
Runtime Verification,GITHUB_merged_pull_requests_daily,2024-09-16,8.0
Open Source Observer,GITHUB_merged_pull_requests_daily,2024-09-16,12.0
thirdweb,GITHUB_closed_issues_weekly,2024-09-16,4.0
Runtime Verification,GITHUB_closed_issues_weekly,2024-09-16,2.0
Arbos Foundry,GITHUB_commits_daily,2024-02-15,33.0
Runtime Verification,GITHUB_commits_daily,2024-02-15,35.0
Pyth Network,GITHUB_commits_daily,2024-02-15,5.0
Arbos Foundry,GITHUB_repositories_daily,2024-02-15,2.0
Arbos Foundry,GITHUB_contributors_daily,2024-02-15,1.0
Runtime Verification,GITHUB_contributors_daily,2024-02-15,11.0
thirdweb,GITHUB_active_developers_daily,2024-02-15,3.0
Open Source Observer,GITHUB_active_developers_daily,2024-02-15,3.0
Pyth Network,GITHUB_opened_pull_requests_daily,2024-02-15,6.0
Open Source Observer,GITHUB_opened_pull_requests_daily,2024-02-15,9.0
Walnut,GITHUB_opened_pull_requests_daily,2024-02-15,1.0
Open Source Observer,GITHUB_merged_pull_requests_daily,2024-02-15,10.0
Walnut,GITHUB_opened_issues_daily,2024-02-15,1.0
Runtime Verification,GITHUB_commits_daily,2024-03-16,10.0
Pyth Network,GITHUB_commits_daily,2024-03-16,1.0
Runtime Verification,GITHUB_releases_daily,2024-03-16,6.0
Pyth Network,GITHUB_forks_daily,2024-03-16,2.0
thirdweb,GITHUB_repositories_daily,2024-03-16,3.0
thirdweb,GITHUB_contributors_daily,2024-03-16,5.0
Pyth Network,GITHUB_contributors_daily,2024-03-16,3.0
Runtime Verification,GITHUB_active_developers_daily,2024-03-16,3.0
Open Source Observer,GITHUB_opened_pull_requests_daily,2024-03-16,1.0
thirdweb,GITHUB_opened_pull_requests_daily,2024-03-16,9.0
Runtime Verification,GITHUB_merged_pull_requests_daily,2024-03-16,5.0
Pyth Network,GITHUB_merged_pull_requests_daily,2024-03-16,1.0
Open Source Observer,GITHUB_comments_daily,2024-05-30,15.0
Pyth Network,GITHUB_comments_daily,2024-05-30,16.0
thirdweb,GITHUB_commits_daily,2024-05-30,11.0
Pyth Network,GITHUB_commits_daily,2024-05-30,9.0
Redstone Finance,GITHUB_forks_daily,2024-05-30,11.0
Redstone Finance,GITHUB_repositories_daily,2024-05-30,9.0
Runtime Verification,GITHUB_repositories_daily,2024-05-30,9.0
Debid - Fairblock,GITHUB_repositories_daily,2024-05-30,1.0
Open Source Observer,GITHUB_repositories_daily,2024-05-30,2.0
Walnut,GITHUB_repositories_daily,2024-05-30,2.0
Pyth Network,GITHUB_contributors_daily,2024-05-30,6.0
thirdweb,GITHUB_active_developers_daily,2024-05-30,9.0
Pyth Network,GITHUB_active_developers_daily,2024-05-30,3.0
Runtime Verification,GITHUB_active_developers_daily,2024-05-30,3.0
Open Source Observer,GITHUB_merged_pull_requests_daily,2024-05-30,1.0
Trail of Bits Security Reviews,GITHUB_merged_pull_requests_daily,2024-05-30,2.0
Open Source Observer,GITHUB_closed_issues_daily,2024-05-30,2.0
WakeUp Labs,GITHUB_new_contributors_quarterly,2024-04-01,1.0
Runtime Verification,GITHUB_new_contributors_quarterly,2024-04-01,2.0
thirdweb,GITHUB_active_contributors_quarterly,2024-04-01,45.0
WakeUp Labs,GITHUB_part_time_contributors_quarterly,2024-04-01,1.0
Pyth Network,GITHUB_part_time_contributors_quarterly,2024-04-01,31.0
Open Source Observer,GITHUB_part_time_contributors_quarterly,2024-04-01,9.0
thirdweb,GITHUB_part_time_contributors_quarterly,2024-04-01,45.0
Runtime Verification,GITHUB_releases_biannually,2024-04-01,148.0
thirdweb,GITHUB_releases_biannually,2024-04-01,209.0
Pyth Network,GITHUB_releases_biannually,2024-04-01,12.0
Trail of Bits Security Reviews,GITHUB_releases_biannually,2024-04-01,9.0
Open Source Observer,GITHUB_forks_weekly,2024-04-01,1.0
Debid - Fairblock,GITHUB_releases_quarterly,2024-04-01,4.0
Open Source Observer,GITHUB_comments_daily,2024-04-01,4.0
Trail of Bits Security Reviews,GITHUB_comments_daily,2024-04-01,10.0
Runtime Verification,GITHUB_commits_biannually,2024-04-01,548.0
thirdweb,GITHUB_active_developers_biannually,2024-04-01,24.0
WakeUp Labs,GITHUB_active_developers_biannually,2024-04-01,1.0
Open Source Observer,GITHUB_active_developers_biannually,2024-04-01,6.0
thirdweb,GITHUB_repositories_quarterly,2024-04-01,27.0
Runtime Verification,GITHUB_repositories_quarterly,2024-04-01,33.0
Redstone Finance,GITHUB_repositories_quarterly,2024-04-01,30.0
WakeUp Labs,GITHUB_repositories_quarterly,2024-04-01,1.0
Pyth Network,GITHUB_active_developers_quarterly,2024-04-01,14.0
Open Source Observer,GITHUB_active_developers_quarterly,2024-04-01,6.0
Trail of Bits Security Reviews,GITHUB_active_developers_quarterly,2024-04-01,23.0
thirdweb,GITHUB_forks_monthly,2024-04-01,83.0
Redstone Finance,GITHUB_forks_monthly,2024-04-01,22.0
Debid - Fairblock,GITHUB_forks_monthly,2024-04-01,3.0
Pyth Network,GITHUB_part_time_developers_quarterly,2024-04-01,14.0
WakeUp Labs,GITHUB_stars_biannually,2024-04-01,1.0
Pyth Network,GITHUB_stars_monthly,2024-04-01,26.0
WakeUp Labs,GITHUB_stars_monthly,2024-04-01,1.0
Trail of Bits Security Reviews,GITHUB_stars_monthly,2024-04-01,410.0
Trail of Bits Security Reviews,GITHUB_stars_daily,2024-04-01,10.0
Debid - Fairblock,GITHUB_releases_weekly,2024-04-01,3.0
Syndicate Protocol,GITHUB_releases_monthly,2024-04-01,1.0
Trail of Bits Security Reviews,GITHUB_stars_weekly,2024-04-01,90.0
Open Source Observer,GITHUB_stars_weekly,2024-04-01,1.0
Pyth Network,GITHUB_stars_weekly,2024-04-01,5.0
Walnut,GITHUB_stars_weekly,2024-04-01,3.0
Redstone Finance,GITHUB_stars_weekly,2024-04-01,7.0
Pyth Network,GITHUB_commits_daily,2024-04-01,2.0
Debid - Fairblock,GITHUB_commits_monthly,2024-04-01,8.0
Syndicate Protocol,GITHUB_commits_monthly,2024-04-01,14.0
thirdweb,GITHUB_comments_monthly,2024-04-01,1673.0
Walnut,GITHUB_comments_monthly,2024-04-01,42.0
thirdweb,GITHUB_stars_quarterly,2024-04-01,74.0
Debid - Fairblock,GITHUB_stars_quarterly,2024-04-01,1.0
Redstone Finance,GITHUB_comments_monthly,2024-04-01,3.0
Arbos Foundry,GITHUB_commits_weekly,2024-04-01,40.0
thirdweb,GITHUB_commits_weekly,2024-04-01,120.0
Runtime Verification,GITHUB_comments_weekly,2024-04-01,87.0
Walnut,GITHUB_commits_quarterly,2024-04-01,106.0
Open Source Observer,GITHUB_commits_quarterly,2024-04-01,127.0
Arbos Foundry,GITHUB_commits_quarterly,2024-04-01,60.0
Runtime Verification,GITHUB_forks_quarterly,2024-04-01,9.0
thirdweb,GITHUB_forks_biannually,2024-04-01,83.0
Walnut,GITHUB_forks_biannually,2024-04-01,2.0
Redstone Finance,GITHUB_forks_biannually,2024-04-01,22.0
Pyth Network,GITHUB_forks_biannually,2024-04-01,24.0
Open Source Observer,GITHUB_forks_biannually,2024-04-01,9.0
Syndicate Protocol,GITHUB_repositories_weekly,2024-04-01,2.0
Arbos Foundry,GITHUB_repositories_weekly,2024-04-01,2.0
Walnut,GITHUB_repositories_daily,2024-04-01,1.0
Open Source Observer,GITHUB_repositories_daily,2024-04-01,2.0
Pyth Network,GITHUB_repositories_monthly,2024-04-01,15.0
Walnut,GITHUB_repositories_monthly,2024-04-01,4.0
Trail of Bits Security Reviews,GITHUB_repositories_monthly,2024-04-01,75.0
Walnut,GITHUB_repositories_biannually,2024-04-01,4.0
Debid - Fairblock,GITHUB_repositories_monthly,2024-04-01,4.0
Debid - Fairblock,GITHUB_repositories_biannually,2024-04-01,4.0
thirdweb,GITHUB_contributors_monthly,2024-04-01,45.0
Walnut,GITHUB_contributors_weekly,2024-04-01,5.0
Arbos Foundry,GITHUB_contributors_weekly,2024-04-01,2.0
thirdweb,GITHUB_contributors_weekly,2024-04-01,28.0
Runtime Verification,GITHUB_contributors_daily,2024-04-01,8.0
WakeUp Labs,GITHUB_contributors_quarterly,2024-04-01,1.0
thirdweb,GITHUB_contributors_quarterly,2024-04-01,45.0
Walnut,GITHUB_contributors_quarterly,2024-04-01,7.0
thirdweb,GITHUB_contributors_biannually,2024-04-01,45.0
WakeUp Labs,GITHUB_contributors_biannually,2024-04-01,1.0
Walnut,GITHUB_contributors_biannually,2024-04-01,7.0
thirdweb,GITHUB_active_developers_daily,2024-04-01,6.0
Pyth Network,GITHUB_active_developers_daily,2024-04-01,2.0
Redstone Finance,GITHUB_active_developers_weekly,2024-04-01,3.0
Runtime Verification,GITHUB_active_developers_weekly,2024-04-01,10.0
Syndicate Protocol,GITHUB_repositories_biannually,2024-04-01,4.0
thirdweb,GITHUB_repositories_biannually,2024-04-01,27.0
Runtime Verification,GITHUB_active_developers_monthly,2024-04-01,19.0
Debid - Fairblock,GITHUB_part_time_developers_monthly,2024-04-01,2.0
WakeUp Labs,GITHUB_part_time_developers_monthly,2024-04-01,1.0
Trail of Bits Security Reviews,GITHUB_full_time_developers_monthly,2024-04-01,3.0
Open Source Observer,GITHUB_full_time_developers_monthly,2024-04-01,2.0
Trail of Bits Security Reviews,GITHUB_part_time_developers_biannually,2024-04-01,23.0
Open Source Observer,GITHUB_part_time_developers_biannually,2024-04-01,6.0
Trail of Bits Security Reviews,GITHUB_part_time_contributors_monthly,2024-04-01,43.0
Redstone Finance,GITHUB_full_time_contributors_monthly,2024-04-01,2.0
Redstone Finance,GITHUB_part_time_contributors_monthly,2024-04-01,6.0
Redstone Finance,GITHUB_active_contributors_biannually,2024-04-01,8.0
Syndicate Protocol,GITHUB_part_time_contributors_biannually,2024-04-01,2.0
Trail of Bits Security Reviews,GITHUB_part_time_contributors_biannually,2024-04-01,46.0
Debid - Fairblock,GITHUB_new_contributors_biannually,2024-04-01,1.0
Walnut,GITHUB_new_contributors_biannually,2024-04-01,5.0
Open Source Observer,GITHUB_active_contributors_biannually,2024-04-01,9.0
thirdweb,GITHUB_active_contributors_biannually,2024-04-01,45.0
Pyth Network,GITHUB_active_contributors_biannually,2024-04-01,31.0
Runtime Verification,GITHUB_new_contributors_biannually,2024-04-01,2.0
Open Source Observer,GITHUB_new_contributors_biannually,2024-04-01,6.0
Trail of Bits Security Reviews,GITHUB_new_contributors_biannually,2024-04-01,18.0
Arbos Foundry,GITHUB_part_time_contributors_biannually,2024-04-01,2.0
Walnut,GITHUB_part_time_contributors_biannually,2024-04-01,7.0
Arbos Foundry,GITHUB_part_time_contributors_monthly,2024-04-01,2.0
Redstone Finance,GITHUB_change_in_part_time_contributors_monthly,2024-04-01,-1.0
Open Source Observer,GITHUB_change_in_full_time_contributors_monthly,2024-04-01,0.0
thirdweb,GITHUB_change_in_full_time_contributors_monthly,2024-04-01,1.0
Walnut,GITHUB_change_in_active_developers_monthly,2024-04-01,5.0
Syndicate Protocol,GITHUB_change_in_part_time_contributors_monthly,2024-04-01,0.0
Arbos Foundry,GITHUB_change_in_part_time_contributors_monthly,2024-04-01,-1.0
thirdweb,GITHUB_change_in_active_developers_monthly,2024-04-01,9.0
Trail of Bits Security Reviews,GITHUB_change_in_full_time_contributors_monthly,2024-04-01,0.0
Trail of Bits Security Reviews,GITHUB_change_in_part_time_contributors_monthly,2024-04-01,6.0
thirdweb,GITHUB_change_in_part_time_contributors_quarterly,2024-04-01,9.0
Open Source Observer,GITHUB_change_in_active_developers_biannually,2024-04-01,-2.0
Pyth Network,GITHUB_change_in_active_developers_biannually,2024-04-01,11.0
Runtime Verification,GITHUB_change_in_part_time_contributors_biannually,2024-04-01,-4.0
Open Source Observer,GITHUB_change_in_part_time_contributors_biannually,2024-04-01,-2.0
Walnut,GITHUB_change_in_part_time_contributors_quarterly,2024-04-01,5.0
Pyth Network,GITHUB_change_in_active_developers_quarterly,2024-04-01,11.0
Trail of Bits Security Reviews,GITHUB_change_in_part_time_contributors_quarterly,2024-04-01,6.0
thirdweb,GITHUB_change_in_part_time_contributors_biannually,2024-04-01,9.0
Pyth Network,GITHUB_change_in_part_time_contributors_biannually,2024-04-01,11.0
Syndicate Protocol,GITHUB_change_in_part_time_contributors_biannually,2024-04-01,0.0
Pyth Network,GITHUB_opened_pull_requests_daily,2024-04-01,4.0
Pyth Network,GITHUB_opened_pull_requests_weekly,2024-04-01,29.0
Debid - Fairblock,GITHUB_opened_pull_requests_monthly,2024-04-01,3.0
Pyth Network,GITHUB_opened_pull_requests_quarterly,2024-04-01,195.0
thirdweb,GITHUB_opened_pull_requests_biannually,2024-04-01,478.0
Debid - Fairblock,GITHUB_opened_pull_requests_biannually,2024-04-01,3.0
Arbos Foundry,GITHUB_opened_pull_requests_biannually,2024-04-01,1.0
Trail of Bits Security Reviews,GITHUB_opened_pull_requests_biannually,2024-04-01,231.0
Syndicate Protocol,GITHUB_opened_pull_requests_biannually,2024-04-01,5.0
thirdweb,GITHUB_opened_pull_requests_quarterly,2024-04-01,478.0
Arbos Foundry,GITHUB_opened_pull_requests_quarterly,2024-04-01,1.0
Redstone Finance,GITHUB_opened_pull_requests_biannually,2024-04-01,3.0
Pyth Network,GITHUB_merged_pull_requests_weekly,2024-04-01,19.0
thirdweb,GITHUB_merged_pull_requests_monthly,2024-04-01,419.0
Walnut,GITHUB_merged_pull_requests_monthly,2024-04-01,13.0
Syndicate Protocol,GITHUB_merged_pull_requests_monthly,2024-04-01,4.0
thirdweb,GITHUB_merged_pull_requests_quarterly,2024-04-01,419.0
Syndicate Protocol,GITHUB_merged_pull_requests_quarterly,2024-04-01,4.0
thirdweb,GITHUB_opened_issues_weekly,2024-04-01,8.0
Runtime Verification,GITHUB_opened_issues_daily,2024-04-01,4.0
Trail of Bits Security Reviews,GITHUB_opened_issues_monthly,2024-04-01,36.0
Pyth Network,GITHUB_opened_issues_quarterly,2024-04-01,7.0
Open Source Observer,GITHUB_opened_issues_quarterly,2024-04-01,86.0
thirdweb,GITHUB_opened_issues_biannually,2024-04-01,17.0
Pyth Network,GITHUB_opened_issues_biannually,2024-04-01,7.0
Walnut,GITHUB_opened_issues_biannually,2024-04-01,12.0
Open Source Observer,GITHUB_closed_issues_weekly,2024-04-01,6.0
thirdweb,GITHUB_closed_issues_weekly,2024-04-01,5.0
Walnut,GITHUB_closed_issues_monthly,2024-04-01,15.0
Trail of Bits Security Reviews,GITHUB_closed_issues_quarterly,2024-04-01,22.0
Trail of Bits Security Reviews,GITHUB_closed_issues_biannually,2024-04-01,22.0
Trail of Bits Security Reviews,GITHUB_avg_prs_time_to_merge_quarterly,2024-04-01,0.0
Runtime Verification,GITHUB_avg_prs_time_to_merge_quarterly,2024-04-01,0.0
Open Source Observer,GITHUB_avg_prs_time_to_merge_biannually,2024-04-01,0.0
Redstone Finance,GITHUB_avg_prs_time_to_merge_biannually,2024-04-01,0.0
Walnut,GITHUB_avg_time_to_first_response_biannually,2024-04-01,61667.58620689655
Debid - Fairblock,GITHUB_churned_contributors_monthly,2024-04-01,15.0
thirdweb,GITHUB_churned_contributors_monthly,2024-04-01,-12.0
Trail of Bits Security Reviews,GITHUB_change_in_new_contributors_quarterly,2024-04-01,4.0
Trail of Bits Security Reviews,GITHUB_change_in_active_contributors_quarterly,2024-04-01,6.0
Arbos Foundry,GITHUB_change_in_new_contributors_monthly,2024-04-01,0.0
Arbos Foundry,GITHUB_change_in_active_contributors_monthly,2024-04-01,-1.0
WakeUp Labs,GITHUB_change_in_active_contributors_monthly,2024-04-01,1.0
WakeUp Labs,GITHUB_change_in_full_time_contributors_monthly,2024-04-01,0.0
Syndicate Protocol,GITHUB_change_in_active_contributors_monthly,2024-04-01,0.0
Syndicate Protocol,GITHUB_change_in_new_contributors_monthly,2024-04-01,0.0
Syndicate Protocol,GITHUB_change_in_full_time_contributors_monthly,2024-04-01,0.0
WakeUp Labs,GITHUB_change_in_active_contributors_quarterly,2024-04-01,1.0
WakeUp Labs,GITHUB_change_in_full_time_contributors_quarterly,2024-04-01,0.0
Pyth Network,GITHUB_change_in_active_contributors_quarterly,2024-04-01,11.0
Syndicate Protocol,GITHUB_change_in_active_contributors_quarterly,2024-04-01,0.0
Walnut,GITHUB_churned_contributors_monthly,2024-04-01,0.0
Walnut,GITHUB_change_in_active_contributors_monthly,2024-04-01,5.0
Walnut,GITHUB_change_in_new_contributors_monthly,2024-04-01,5.0
Open Source Observer,GITHUB_change_in_active_contributors_quarterly,2024-04-01,-2.0
Arbos Foundry,GITHUB_change_in_new_contributors_biannually,2024-04-01,0.0
Debid - Fairblock,GITHUB_change_in_new_contributors_biannually,2024-04-01,16.0
thirdweb,GITHUB_churned_contributors_biannually,2024-04-01,-12.0
Runtime Verification,GITHUB_change_in_active_contributors_biannually,2024-04-01,-4.0
Trail of Bits Security Reviews,GITHUB_churned_contributors_biannually,2024-04-01,-12.0
Walnut,GITHUB_change_in_full_time_contributors_biannually,2024-04-01,0.0
Walnut,GITHUB_change_in_active_contributors_biannually,2024-04-01,5.0
Redstone Finance,GITHUB_change_in_full_time_contributors_biannually,2024-04-01,0.0
Open Source Observer,GITHUB_change_in_new_contributors_biannually,2024-04-01,-3.0
Open Source Observer,GITHUB_change_in_full_time_contributors_biannually,2024-04-01,0.0
Arbos Foundry,GITHUB_churned_contributors_quarterly,2024-04-01,-1.0
Arbos Foundry,GITHUB_change_in_active_contributors_quarterly,2024-04-01,-1.0
WakeUp Labs,GITHUB_churned_contributors_biannually,2024-04-01,0.0
Pyth Network,GITHUB_change_in_full_time_contributors_biannually,2024-04-01,0.0
Open Source Observer,GITHUB_change_in_new_contributors_monthly,2024-04-01,-3.0
Pyth Network,GITHUB_commits_daily,2024-02-16,9.0
thirdweb,GITHUB_commits_daily,2024-02-16,20.0
Trail of Bits Security Reviews,GITHUB_commits_daily,2024-02-16,4.0
Runtime Verification,GITHUB_releases_daily,2024-02-16,2.0
Debid - Fairblock,GITHUB_repositories_daily,2024-02-16,1.0
Redstone Finance,GITHUB_repositories_daily,2024-02-16,2.0
Runtime Verification,GITHUB_repositories_daily,2024-02-16,11.0
Open Source Observer,GITHUB_repositories_daily,2024-02-16,3.0
Syndicate Protocol,GITHUB_repositories_daily,2024-02-16,1.0
thirdweb,GITHUB_contributors_daily,2024-02-16,15.0
Redstone Finance,GITHUB_contributors_daily,2024-02-16,2.0
thirdweb,GITHUB_active_developers_daily,2024-02-16,9.0
Arbos Foundry,GITHUB_active_developers_daily,2024-02-16,1.0
Runtime Verification,GITHUB_active_developers_daily,2024-02-16,1.0
Open Source Observer,GITHUB_active_developers_daily,2024-02-16,3.0
Open Source Observer,GITHUB_opened_pull_requests_daily,2024-02-16,15.0
Pyth Network,GITHUB_merged_pull_requests_daily,2024-02-16,10.0
Runtime Verification,GITHUB_opened_issues_daily,2024-02-16,6.0
Walnut,GITHUB_closed_issues_daily,2024-02-16,3.0
Solang,GITHUB_comments_daily,2025-01-15,3.0
Redstone Finance,GITHUB_comments_daily,2025-01-15,1.0
Trail of Bits Security Reviews,GITHUB_stars_daily,2025-01-15,7.0
Debid - Fairblock,GITHUB_commits_daily,2025-01-15,3.0
Redstone Finance,GITHUB_commits_daily,2025-01-15,3.0
Runtime Verification,GITHUB_commits_daily,2025-01-15,2.0
Pyth Network,GITHUB_releases_daily,2025-01-15,3.0
CoBuilders,GITHUB_repositories_daily,2025-01-15,1.0
Debid - Fairblock,GITHUB_repositories_daily,2025-01-15,1.0
thirdweb,GITHUB_repositories_daily,2025-01-15,4.0
9Lives,GITHUB_repositories_daily,2025-01-15,1.0
Open Source Observer,GITHUB_repositories_daily,2025-01-15,4.0
Trail of Bits Security Reviews,GITHUB_contributors_daily,2025-01-15,6.0
Runtime Verification,GITHUB_contributors_daily,2025-01-15,5.0
Debid - Fairblock,GITHUB_active_developers_daily,2025-01-15,1.0
thirdweb,GITHUB_active_developers_daily,2025-01-15,6.0
Runtime Verification,GITHUB_opened_pull_requests_daily,2025-01-15,3.0
Debid - Fairblock,GITHUB_opened_pull_requests_daily,2025-01-15,1.0
Runtime Verification,GITHUB_merged_pull_requests_daily,2025-01-15,2.0
Redstone Finance,GITHUB_merged_pull_requests_daily,2025-01-15,1.0
Passport XYZ,GITHUB_opened_issues_daily,2025-01-15,2.0
CodeTracer,GITHUB_stars_daily,2025-03-16,9.0
Open Source Observer,GITHUB_commits_daily,2025-03-16,7.0
Walnut,GITHUB_repositories_daily,2025-03-16,2.0
Trail of Bits Security Reviews,GITHUB_repositories_daily,2025-03-16,9.0
Pyth Network,GITHUB_repositories_daily,2025-03-16,1.0
Open Source Observer,GITHUB_repositories_daily,2025-03-16,2.0
Runtime Verification,GITHUB_repositories_daily,2025-03-16,4.0
thirdweb,GITHUB_contributors_daily,2025-03-16,1.0
Pyth Network,GITHUB_opened_pull_requests_daily,2025-03-16,1.0
Pyth Network,GITHUB_merged_pull_requests_daily,2025-03-16,1.0
Open Source Observer,GITHUB_merged_pull_requests_daily,2025-03-16,6.0
Open Source Observer,GITHUB_opened_issues_daily,2025-03-16,1.0
Walnut,GITHUB_opened_issues_daily,2025-03-16,1.0
Trail of Bits Security Reviews,GITHUB_comments_daily,2025-03-27,5.0
Redstone Finance,GITHUB_comments_daily,2025-03-27,1.0
Open Source Observer,GITHUB_comments_daily,2025-03-27,24.0
Runtime Verification,GITHUB_stars_daily,2025-03-27,2.0
CodeTracer,GITHUB_stars_daily,2025-03-27,7.0
Runtime Verification,GITHUB_commits_daily,2025-03-27,2.0
CodeTracer,GITHUB_repositories_daily,2025-03-27,1.0
Pyth Network,GITHUB_repositories_daily,2025-03-27,5.0
thirdweb,GITHUB_forks_daily,2025-03-27,4.0
Open Source Observer,GITHUB_forks_daily,2025-03-27,2.0
Open Source Observer,GITHUB_contributors_daily,2025-03-27,6.0
Passport XYZ,GITHUB_active_developers_daily,2025-03-27,2.0
Pyth Network,GITHUB_active_developers_daily,2025-03-27,3.0
Open Source Observer,GITHUB_opened_pull_requests_daily,2025-03-27,11.0
Open Source Observer,GITHUB_closed_issues_daily,2025-03-27,7.0
Redstone Finance,GITHUB_forks_weekly,2024-10-14,2.0
Pyth Network,GITHUB_comments_daily,2024-10-14,19.0
thirdweb,GITHUB_comments_daily,2024-10-14,140.0
Trail of Bits Security Reviews,GITHUB_stars_daily,2024-10-14,14.0
Enclave,GITHUB_commits_daily,2024-10-14,3.0
Trail of Bits Security Reviews,GITHUB_commits_daily,2024-10-14,5.0
Pyth Network,GITHUB_commits_daily,2024-10-14,8.0
thirdweb,GITHUB_stars_weekly,2024-10-14,6.0
Passport XYZ,GITHUB_stars_weekly,2024-10-14,9.0
Runtime Verification,GITHUB_releases_daily,2024-10-14,4.0
Trail of Bits Security Reviews,GITHUB_releases_daily,2024-10-14,1.0
Debid - Fairblock,GITHUB_releases_weekly,2024-10-14,2.0
Passport XYZ,GITHUB_releases_weekly,2024-10-14,4.0
Runtime Verification,GITHUB_releases_weekly,2024-10-14,25.0
Passport XYZ,GITHUB_commits_weekly,2024-10-14,40.0
Walnut,GITHUB_commits_weekly,2024-10-14,5.0
Remix IDE plugin for Arbitrum Stylus,GITHUB_commits_weekly,2024-10-14,4.0
Pyth Network,GITHUB_commits_weekly,2024-10-14,24.0
Redstone Finance,GITHUB_commits_weekly,2024-10-14,103.0
Runtime Verification,GITHUB_comments_weekly,2024-10-14,27.0
Debid - Fairblock,GITHUB_commits_weekly,2024-10-14,15.0
thirdweb,GITHUB_commits_weekly,2024-10-14,104.0
Runtime Verification,GITHUB_commits_weekly,2024-10-14,108.0
Enclave,GITHUB_comments_weekly,2024-10-14,49.0
Trail of Bits Security Reviews,GITHUB_comments_weekly,2024-10-14,44.0
Passport XYZ,GITHUB_forks_daily,2024-10-14,2.0
thirdweb,GITHUB_forks_daily,2024-10-14,1.0
Redstone Finance,GITHUB_repositories_daily,2024-10-14,1.0
Open Source Observer,GITHUB_repositories_daily,2024-10-14,4.0
Runtime Verification,GITHUB_repositories_daily,2024-10-14,8.0
Trail of Bits Security Reviews,GITHUB_repositories_daily,2024-10-14,15.0
Passport XYZ,GITHUB_contributors_daily,2024-10-14,3.0
Trail of Bits Security Reviews,GITHUB_contributors_weekly,2024-10-14,13.0
thirdweb,GITHUB_contributors_weekly,2024-10-14,23.0
Redstone Finance,GITHUB_contributors_weekly,2024-10-14,5.0
Redstone Finance,GITHUB_active_developers_daily,2024-10-14,1.0
Runtime Verification,GITHUB_active_developers_daily,2024-10-14,2.0
thirdweb,GITHUB_active_developers_daily,2024-10-14,3.0
Passport XYZ,GITHUB_active_developers_daily,2024-10-14,1.0
Walnut,GITHUB_active_developers_weekly,2024-10-14,1.0
Debid - Fairblock,GITHUB_opened_pull_requests_weekly,2024-10-14,9.0
Runtime Verification,GITHUB_opened_pull_requests_daily,2024-10-14,1.0
Enclave,GITHUB_opened_pull_requests_daily,2024-10-14,2.0
Passport XYZ,GITHUB_opened_pull_requests_daily,2024-10-14,8.0
Redstone Finance,GITHUB_merged_pull_requests_weekly,2024-10-14,16.0
Runtime Verification,GITHUB_merged_pull_requests_weekly,2024-10-14,30.0
Debid - Fairblock,GITHUB_merged_pull_requests_weekly,2024-10-14,2.0
Enclave,GITHUB_merged_pull_requests_daily,2024-10-14,1.0
Redstone Finance,GITHUB_merged_pull_requests_daily,2024-10-14,1.0
Pyth Network,GITHUB_merged_pull_requests_daily,2024-10-14,7.0
Trail of Bits Security Reviews,GITHUB_merged_pull_requests_daily,2024-10-14,6.0
Trail of Bits Security Reviews,GITHUB_opened_issues_weekly,2024-10-14,3.0
Walnut,GITHUB_opened_issues_weekly,2024-10-14,1.0
Passport XYZ,GITHUB_closed_issues_weekly,2024-10-14,24.0
thirdweb,GITHUB_stars_daily,2024-05-29,2.0
Redstone Finance,GITHUB_commits_daily,2024-05-29,6.0
Runtime Verification,GITHUB_releases_daily,2024-05-29,6.0
thirdweb,GITHUB_repositories_daily,2024-05-29,5.0
Open Source Observer,GITHUB_repositories_daily,2024-05-29,2.0
Trail of Bits Security Reviews,GITHUB_repositories_daily,2024-05-29,10.0
Passport XYZ,GITHUB_contributors_daily,2024-05-29,1.0
Open Source Observer,GITHUB_contributors_daily,2024-05-29,7.0
Redstone Finance,GITHUB_contributors_daily,2024-05-29,2.0
Runtime Verification,GITHUB_active_developers_daily,2024-05-29,3.0
Trail of Bits Security Reviews,GITHUB_active_developers_daily,2024-05-29,2.0
thirdweb,GITHUB_opened_pull_requests_daily,2024-05-29,11.0
thirdweb,GITHUB_opened_issues_daily,2024-05-29,1.0
Trail of Bits Security Reviews,GITHUB_merged_pull_requests_daily,2024-05-29,4.0
Pyth Network,GITHUB_merged_pull_requests_daily,2024-05-29,10.0
Open Source Observer,GITHUB_comments_daily,2024-10-12,3.0
Solang,GITHUB_stars_daily,2024-10-12,1.0
Runtime Verification,GITHUB_releases_daily,2024-10-12,1.0
Runtime Verification,GITHUB_repositories_daily,2024-10-12,4.0
Open Source Observer,GITHUB_repositories_daily,2024-10-12,2.0
thirdweb,GITHUB_contributors_daily,2024-10-12,3.0
Runtime Verification,GITHUB_contributors_daily,2024-10-12,2.0
thirdweb,GITHUB_active_developers_daily,2024-10-12,2.0
Runtime Verification,GITHUB_opened_pull_requests_daily,2024-10-12,2.0
Redstone Finance,GITHUB_opened_pull_requests_daily,2024-10-12,1.0
Runtime Verification,GITHUB_merged_pull_requests_daily,2024-10-12,2.0
Runtime Verification,GITHUB_comments_daily,2024-06-07,22.0
Walnut,GITHUB_comments_daily,2024-06-07,1.0
Open Source Observer,GITHUB_comments_daily,2024-06-07,58.0
Enclave,GITHUB_commits_daily,2024-06-07,1.0
Runtime Verification,GITHUB_repositories_daily,2024-06-07,11.0
Enclave,GITHUB_repositories_daily,2024-06-07,1.0
Passport XYZ,GITHUB_repositories_daily,2024-06-07,1.0
Enclave,GITHUB_opened_pull_requests_daily,2024-06-07,1.0
Runtime Verification,GITHUB_opened_pull_requests_daily,2024-06-07,14.0
Pyth Network,GITHUB_opened_pull_requests_daily,2024-06-07,13.0
Runtime Verification,GITHUB_merged_pull_requests_daily,2024-06-07,12.0
Pyth Network,GITHUB_merged_pull_requests_daily,2024-06-07,9.0
thirdweb,GITHUB_merged_pull_requests_daily,2024-06-07,10.0
Trail of Bits Security Reviews,GITHUB_opened_issues_daily,2024-06-07,1.0
Runtime Verification,GITHUB_closed_issues_daily,2024-06-07,1.0
thirdweb,GITHUB_comments_daily,2025-01-26,15.0
Trail of Bits Security Reviews,GITHUB_comments_daily,2025-01-26,1.0
Open Source Observer,GITHUB_stars_daily,2025-01-26,1.0
Runtime Verification,GITHUB_stars_daily,2025-01-26,2.0
Walnut,GITHUB_commits_daily,2025-01-26,6.0
Passport XYZ,GITHUB_repositories_daily,2025-01-26,1.0
thirdweb,GITHUB_repositories_daily,2025-01-26,3.0
Debid - Fairblock,GITHUB_repositories_daily,2025-01-26,1.0
Pyth Network,GITHUB_contributors_daily,2025-01-26,1.0
Trail of Bits Security Reviews,GITHUB_opened_pull_requests_daily,2025-01-26,1.0
Trail of Bits Security Reviews,GITHUB_opened_issues_daily,2025-01-26,2.0
Trail of Bits Security Reviews,GITHUB_stars_daily,2024-01-06,7.0
Trail of Bits Security Reviews,GITHUB_repositories_daily,2024-01-06,8.0
Trail of Bits Security Reviews,GITHUB_contributors_daily,2024-01-06,2.0
Trail of Bits Security Reviews,GITHUB_opened_issues_daily,2024-01-06,1.0
Trail of Bits Security Reviews,GITHUB_commits_daily,2024-01-18,4.0
Pyth Network,GITHUB_commits_daily,2024-01-18,4.0
Remix IDE plugin for Arbitrum Stylus,GITHUB_commits_daily,2024-01-18,3.0
Runtime Verification,GITHUB_releases_daily,2024-01-18,3.0
thirdweb,GITHUB_contributors_daily,2024-01-18,5.0
thirdweb,GITHUB_active_developers_daily,2024-01-18,4.0
Pyth Network,GITHUB_opened_pull_requests_daily,2024-01-18,3.0
Open Source Observer,GITHUB_opened_pull_requests_daily,2024-01-18,1.0
Trail of Bits Security Reviews,GITHUB_merged_pull_requests_daily,2024-01-18,2.0
Runtime Verification,GITHUB_opened_issues_daily,2024-01-18,8.0
Solang,GITHUB_stars_daily,2024-12-17,1.0
Passport XYZ,GITHUB_commits_daily,2024-12-17,32.0
Open Source Observer,GITHUB_repositories_daily,2024-12-17,1.0
Passport XYZ,GITHUB_contributors_daily,2024-12-17,4.0
Walnut,GITHUB_contributors_daily,2024-12-17,2.0
Pyth Network,GITHUB_contributors_daily,2024-12-17,11.0
Pyth Network,GITHUB_active_developers_daily,2024-12-17,4.0
Debid - Fairblock,GITHUB_active_developers_daily,2024-12-17,1.0
Open Source Observer,GITHUB_opened_pull_requests_daily,2024-12-17,5.0
Runtime Verification,GITHUB_opened_pull_requests_daily,2024-12-17,10.0
Runtime Verification,GITHUB_merged_pull_requests_daily,2024-12-17,8.0
Passport XYZ,GITHUB_closed_issues_daily,2024-12-17,6.0
Pyth Network,GITHUB_forks_weekly,2024-07-08,4.0
Trail of Bits Security Reviews,GITHUB_forks_weekly,2024-07-08,8.0
thirdweb,GITHUB_forks_weekly,2024-07-08,11.0
Trail of Bits Security Reviews,GITHUB_comments_daily,2024-07-08,10.0
Pyth Network,GITHUB_stars_weekly,2024-07-08,6.0
Redstone Finance,GITHUB_stars_weekly,2024-07-08,1.0
Runtime Verification,GITHUB_stars_weekly,2024-07-08,8.0
Redstone Finance,GITHUB_commits_daily,2024-07-08,6.0
Redstone Finance,GITHUB_commits_weekly,2024-07-08,26.0
Open Source Observer,GITHUB_commits_weekly,2024-07-08,28.0
thirdweb,GITHUB_commits_weekly,2024-07-08,74.0
thirdweb,GITHUB_repositories_daily,2024-07-08,4.0
thirdweb,GITHUB_contributors_weekly,2024-07-08,19.0
Remix IDE plugin for Arbitrum Stylus,GITHUB_contributors_weekly,2024-07-08,1.0
Remix IDE plugin for Arbitrum Stylus,GITHUB_contributors_daily,2024-07-08,1.0
Trail of Bits Security Reviews,GITHUB_opened_pull_requests_weekly,2024-07-08,44.0
thirdweb,GITHUB_opened_pull_requests_weekly,2024-07-08,66.0
Pyth Network,GITHUB_opened_pull_requests_weekly,2024-07-08,22.0
thirdweb,GITHUB_merged_pull_requests_weekly,2024-07-08,49.0
Runtime Verification,GITHUB_merged_pull_requests_weekly,2024-07-08,57.0
Walnut,GITHUB_opened_pull_requests_daily,2024-07-08,2.0
Open Source Observer,GITHUB_opened_pull_requests_daily,2024-07-08,3.0
Runtime Verification,GITHUB_opened_pull_requests_daily,2024-07-08,18.0
Trail of Bits Security Reviews,GITHUB_opened_issues_weekly,2024-07-08,29.0
Open Source Observer,GITHUB_opened_issues_weekly,2024-07-08,12.0
thirdweb,GITHUB_opened_issues_weekly,2024-07-08,6.0
thirdweb,GITHUB_opened_issues_daily,2024-07-08,2.0
Trail of Bits Security Reviews,GITHUB_closed_issues_weekly,2024-07-08,10.0
Trail of Bits Security Reviews,GITHUB_closed_issues_daily,2024-07-08,2.0
thirdweb,GITHUB_stars_daily,2024-01-07,2.0
Open Source Observer,GITHUB_commits_daily,2024-01-07,3.0
Open Source Observer,GITHUB_repositories_daily,2024-01-07,2.0
Runtime Verification,GITHUB_repositories_daily,2024-01-07,1.0
thirdweb,GITHUB_contributors_daily,2024-01-07,2.0
Open Source Observer,GITHUB_contributors_daily,2024-01-07,1.0
Open Source Observer,GITHUB_active_developers_daily,2024-01-07,1.0
thirdweb,GITHUB_opened_pull_requests_daily,2024-01-07,1.0
Pyth Network,GITHUB_merged_pull_requests_daily,2024-01-07,1.0
Debid - Fairblock,GITHUB_comments_daily,2024-03-12,1.0
Runtime Verification,GITHUB_comments_daily,2024-03-12,37.0
thirdweb,GITHUB_commits_daily,2024-03-12,20.0
Open Source Observer,GITHUB_commits_daily,2024-03-12,8.0
Runtime Verification,GITHUB_releases_daily,2024-03-12,9.0
thirdweb,GITHUB_contributors_daily,2024-03-12,17.0
Trail of Bits Security Reviews,GITHUB_contributors_daily,2024-03-12,10.0
Pyth Network,GITHUB_contributors_daily,2024-03-12,15.0
thirdweb,GITHUB_active_developers_daily,2024-03-12,7.0
Runtime Verification,GITHUB_opened_pull_requests_daily,2024-03-12,16.0
Pyth Network,GITHUB_opened_pull_requests_daily,2024-03-12,15.0
thirdweb,GITHUB_merged_pull_requests_daily,2024-03-12,21.0
thirdweb,GITHUB_opened_issues_daily,2024-03-12,2.0
Trail of Bits Security Reviews,GITHUB_closed_issues_daily,2024-03-12,1.0
thirdweb,GITHUB_stars_daily,2024-12-21,2.0
Open Source Observer,GITHUB_stars_daily,2024-12-21,1.0
Open Source Observer,GITHUB_commits_daily,2024-12-21,1.0
Debid - Fairblock,GITHUB_commits_daily,2024-12-21,1.0
Trail of Bits Security Reviews,GITHUB_repositories_daily,2024-12-21,5.0
Trail of Bits Security Reviews,GITHUB_contributors_daily,2024-12-21,1.0
thirdweb,GITHUB_opened_pull_requests_daily,2024-12-21,1.0
Walnut,GITHUB_comments_daily,2024-06-18,1.0
Runtime Verification,GITHUB_comments_daily,2024-06-18,17.0
Pyth Network,GITHUB_stars_daily,2024-06-18,1.0
Trail of Bits Security Reviews,GITHUB_commits_daily,2024-06-18,24.0
Walnut,GITHUB_commits_daily,2024-06-18,4.0
Enclave,GITHUB_commits_daily,2024-06-18,1.0
Passport XYZ,GITHUB_commits_daily,2024-06-18,16.0
Walnut,GITHUB_forks_daily,2024-06-18,1.0
Arbos Foundry,GITHUB_repositories_daily,2024-06-18,1.0
Runtime Verification,GITHUB_repositories_daily,2024-06-18,12.0
Debid - Fairblock,GITHUB_repositories_daily,2024-06-18,1.0
thirdweb,GITHUB_contributors_daily,2024-06-18,11.0
Pyth Network,GITHUB_contributors_daily,2024-06-18,7.0
Passport XYZ,GITHUB_contributors_daily,2024-06-18,3.0
Arbos Foundry,GITHUB_contributors_daily,2024-06-18,1.0
Trail of Bits Security Reviews,GITHUB_contributors_daily,2024-06-18,4.0
Walnut,GITHUB_active_developers_daily,2024-06-18,1.0
Redstone Finance,GITHUB_active_developers_daily,2024-06-18,1.0
Open Source Observer,GITHUB_active_developers_daily,2024-06-18,4.0
Pyth Network,GITHUB_opened_pull_requests_daily,2024-06-18,5.0
Open Source Observer,GITHUB_merged_pull_requests_daily,2024-06-18,5.0
Runtime Verification,GITHUB_closed_issues_daily,2024-06-18,4.0
thirdweb,GITHUB_closed_issues_daily,2024-06-18,2.0
Redstone Finance,GITHUB_comments_daily,2025-01-07,7.0
Trail of Bits Security Reviews,GITHUB_stars_daily,2025-01-07,7.0
Debid - Fairblock,GITHUB_commits_daily,2025-01-07,2.0
9Lives,GITHUB_commits_daily,2025-01-07,9.0
Pyth Network,GITHUB_commits_daily,2025-01-07,8.0
Walnut,GITHUB_releases_daily,2025-01-07,1.0
Runtime Verification,GITHUB_releases_daily,2025-01-07,3.0
Trail of Bits Security Reviews,GITHUB_releases_daily,2025-01-07,1.0
thirdweb,GITHUB_forks_daily,2025-01-07,2.0
Trail of Bits Security Reviews,GITHUB_repositories_daily,2025-01-07,4.0
Debid - Fairblock,GITHUB_repositories_daily,2025-01-07,3.0
Redstone Finance,GITHUB_contributors_daily,2025-01-07,4.0
Walnut,GITHUB_contributors_daily,2025-01-07,1.0
Trail of Bits Security Reviews,GITHUB_contributors_daily,2025-01-07,1.0
Passport XYZ,GITHUB_contributors_daily,2025-01-07,1.0
Pyth Network,GITHUB_contributors_daily,2025-01-07,6.0
9Lives,GITHUB_active_developers_daily,2025-01-07,2.0
Runtime Verification,GITHUB_opened_pull_requests_daily,2025-01-07,4.0
Passport XYZ,GITHUB_opened_pull_requests_daily,2025-01-07,4.0
thirdweb,GITHUB_opened_pull_requests_daily,2025-01-07,8.0
Trail of Bits Security Reviews,GITHUB_merged_pull_requests_daily,2025-01-07,1.0
thirdweb,GITHUB_merged_pull_requests_daily,2025-01-07,9.0
thirdweb,GITHUB_opened_issues_daily,2025-01-07,1.0
Runtime Verification,GITHUB_opened_issues_daily,2025-01-07,1.0
Solang,GITHUB_opened_issues_daily,2025-01-07,1.0
thirdweb,GITHUB_closed_issues_daily,2025-01-07,1.0
thirdweb,GITHUB_comments_daily,2025-03-06,67.0
Trail of Bits Security Reviews,GITHUB_commits_daily,2025-03-06,4.0
Walnut,GITHUB_commits_daily,2025-03-06,1.0
Pyth Network,GITHUB_repositories_daily,2025-03-06,4.0
CodeTracer,GITHUB_repositories_daily,2025-03-06,1.0
Redstone Finance,GITHUB_active_developers_daily,2025-03-06,2.0
Pyth Network,GITHUB_contributors_daily,2025-03-06,8.0
thirdweb,GITHUB_opened_pull_requests_daily,2025-03-06,7.0
CoBuilders,GITHUB_merged_pull_requests_daily,2025-03-06,1.0
thirdweb,GITHUB_opened_issues_daily,2025-03-06,1.0
Walnut,GITHUB_closed_issues_daily,2025-03-06,1.0
thirdweb,GITHUB_comments_daily,2024-01-19,14.0
Trail of Bits Security Reviews,GITHUB_comments_daily,2024-01-19,1.0
Redstone Finance,GITHUB_comments_daily,2024-01-19,1.0
thirdweb,GITHUB_stars_daily,2024-01-19,4.0
Pyth Network,GITHUB_commits_daily,2024-01-19,3.0
Trail of Bits Security Reviews,GITHUB_commits_daily,2024-01-19,26.0
Runtime Verification,GITHUB_releases_daily,2024-01-19,7.0
Runtime Verification,GITHUB_repositories_daily,2024-01-19,12.0
Open Source Observer,GITHUB_contributors_daily,2024-01-19,2.0
Redstone Finance,GITHUB_contributors_daily,2024-01-19,1.0
Open Source Observer,GITHUB_active_developers_daily,2024-01-19,2.0
Pyth Network,GITHUB_active_developers_daily,2024-01-19,3.0
Trail of Bits Security Reviews,GITHUB_opened_pull_requests_daily,2024-01-19,7.0
Runtime Verification,GITHUB_opened_pull_requests_daily,2024-01-19,15.0
Open Source Observer,GITHUB_merged_pull_requests_daily,2024-01-19,3.0
Pyth Network,GITHUB_stars_daily,2024-10-19,1.0
thirdweb,GITHUB_active_developers_daily,2024-10-19,1.0
Open Source Observer,GITHUB_active_developers_daily,2024-10-19,2.0
thirdweb,GITHUB_opened_issues_daily,2024-10-19,1.0
Open Source Observer,GITHUB_opened_issues_daily,2024-10-19,2.0
Open Source Observer,GITHUB_closed_issues_daily,2024-10-19,1.0
Passport XYZ,GITHUB_stars_daily,2025-04-02,1.0
Runtime Verification,GITHUB_comments_daily,2025-04-02,14.0
Walnut,GITHUB_comments_daily,2025-04-02,1.0
Trail of Bits Security Reviews,GITHUB_comments_daily,2025-04-02,34.0
Pyth Network,GITHUB_comments_daily,2025-04-02,17.0
Pyth Network,GITHUB_commits_daily,2025-04-02,11.0
Redstone Finance,GITHUB_commits_daily,2025-04-02,6.0
Runtime Verification,GITHUB_commits_daily,2025-04-02,5.0
Runtime Verification,GITHUB_repositories_daily,2025-04-02,9.0
Pyth Network,GITHUB_repositories_daily,2025-04-02,3.0
Passport XYZ,GITHUB_repositories_daily,2025-04-02,4.0
Walnut,GITHUB_repositories_daily,2025-04-02,2.0
Pyth Network,GITHUB_contributors_daily,2025-04-02,7.0
Enclave,GITHUB_contributors_daily,2025-04-02,1.0
Pyth Network,GITHUB_active_developers_daily,2025-04-02,4.0
Redstone Finance,GITHUB_active_developers_daily,2025-04-02,1.0
Runtime Verification,GITHUB_opened_issues_daily,2025-04-02,1.0
thirdweb,GITHUB_opened_issues_daily,2025-04-02,2.0
Trail of Bits Security Reviews,GITHUB_active_developers_biannually,2024-03-01,22.0
Pyth Network,GITHUB_active_developers_biannually,2024-03-01,14.0
Open Source Observer,GITHUB_active_developers_biannually,2024-03-01,3.0
Arbos Foundry,GITHUB_repositories_quarterly,2024-03-01,1.0
Trail of Bits Security Reviews,GITHUB_repositories_quarterly,2024-03-01,82.0
Walnut,GITHUB_repositories_quarterly,2024-03-01,3.0
Pyth Network,GITHUB_active_developers_quarterly,2024-03-01,14.0
Walnut,GITHUB_comments_daily,2024-03-01,18.0
Pyth Network,GITHUB_forks_monthly,2024-03-01,49.0
Debid - Fairblock,GITHUB_forks_monthly,2024-03-01,17.0
thirdweb,GITHUB_forks_monthly,2024-03-01,77.0
thirdweb,GITHUB_part_time_developers_quarterly,2024-03-01,21.0
Open Source Observer,GITHUB_part_time_developers_quarterly,2024-03-01,3.0
Syndicate Protocol,GITHUB_part_time_contributors_quarterly,2024-03-01,2.0
Redstone Finance,GITHUB_part_time_contributors_quarterly,2024-03-01,7.0
Runtime Verification,GITHUB_active_contributors_quarterly,2024-03-01,36.0
Debid - Fairblock,GITHUB_active_contributors_quarterly,2024-03-01,20.0
Runtime Verification,GITHUB_new_contributors_quarterly,2024-03-01,4.0
Trail of Bits Security Reviews,GITHUB_part_time_contributors_quarterly,2024-03-01,52.0
thirdweb,GITHUB_active_contributors_quarterly,2024-03-01,54.0
Arbos Foundry,GITHUB_part_time_contributors_quarterly,2024-03-01,1.0
Syndicate Protocol,GITHUB_active_contributors_quarterly,2024-03-01,2.0
Open Source Observer,GITHUB_new_contributors_quarterly,2024-03-01,3.0
Trail of Bits Security Reviews,GITHUB_active_contributors_quarterly,2024-03-01,52.0
Trail of Bits Security Reviews,GITHUB_releases_biannually,2024-03-01,13.0
Redstone Finance,GITHUB_commits_biannually,2024-03-01,123.0
Runtime Verification,GITHUB_commits_biannually,2024-03-01,574.0
Syndicate Protocol,GITHUB_commits_biannually,2024-03-01,30.0
Debid - Fairblock,GITHUB_commits_biannually,2024-03-01,125.0
Remix IDE plugin for Arbitrum Stylus,GITHUB_commits_biannually,2024-03-01,3.0
WakeUp Labs,GITHUB_stars_biannually,2024-03-01,1.0
Syndicate Protocol,GITHUB_stars_biannually,2024-03-01,2.0
thirdweb,GITHUB_stars_daily,2024-03-01,2.0
WakeUp Labs,GITHUB_stars_monthly,2024-03-01,1.0
Open Source Observer,GITHUB_stars_monthly,2024-03-01,8.0
Remix IDE plugin for Arbitrum Stylus,GITHUB_stars_monthly,2024-03-01,1.0
Open Source Observer,GITHUB_commits_daily,2024-03-01,1.0
Runtime Verification,GITHUB_comments_monthly,2024-03-01,1053.0
Pyth Network,GITHUB_comments_monthly,2024-03-01,426.0
Runtime Verification,GITHUB_stars_quarterly,2024-03-01,20.0
Syndicate Protocol,GITHUB_commits_quarterly,2024-03-01,30.0
Redstone Finance,GITHUB_forks_quarterly,2024-03-01,15.0
Debid - Fairblock,GITHUB_forks_quarterly,2024-03-01,17.0
Trail of Bits Security Reviews,GITHUB_repositories_daily,2024-03-01,7.0
Debid - Fairblock,GITHUB_forks_biannually,2024-03-01,17.0
Runtime Verification,GITHUB_repositories_monthly,2024-03-01,29.0
WakeUp Labs,GITHUB_repositories_biannually,2024-03-01,1.0
Walnut,GITHUB_repositories_monthly,2024-03-01,3.0
Redstone Finance,GITHUB_repositories_biannually,2024-03-01,13.0
Syndicate Protocol,GITHUB_repositories_biannually,2024-03-01,3.0
thirdweb,GITHUB_contributors_daily,2024-03-01,12.0
Pyth Network,GITHUB_contributors_monthly,2024-03-01,42.0
Trail of Bits Security Reviews,GITHUB_contributors_monthly,2024-03-01,52.0
Syndicate Protocol,GITHUB_contributors_monthly,2024-03-01,2.0
Remix IDE plugin for Arbitrum Stylus,GITHUB_contributors_quarterly,2024-03-01,1.0
Syndicate Protocol,GITHUB_contributors_biannually,2024-03-01,2.0
Walnut,GITHUB_contributors_biannually,2024-03-01,12.0
thirdweb,GITHUB_contributors_biannually,2024-03-01,54.0
Remix IDE plugin for Arbitrum Stylus,GITHUB_contributors_biannually,2024-03-01,1.0
Debid - Fairblock,GITHUB_contributors_quarterly,2024-03-01,20.0
thirdweb,GITHUB_active_developers_daily,2024-03-01,6.0
Syndicate Protocol,GITHUB_active_developers_monthly,2024-03-01,2.0
Trail of Bits Security Reviews,GITHUB_full_time_developers_monthly,2024-03-01,3.0
Open Source Observer,GITHUB_active_developers_monthly,2024-03-01,3.0
Redstone Finance,GITHUB_full_time_developers_monthly,2024-03-01,2.0
Redstone Finance,GITHUB_part_time_developers_monthly,2024-03-01,4.0
Trail of Bits Security Reviews,GITHUB_part_time_developers_monthly,2024-03-01,19.0
Arbos Foundry,GITHUB_part_time_developers_monthly,2024-03-01,1.0
thirdweb,GITHUB_full_time_developers_monthly,2024-03-01,7.0
Pyth Network,GITHUB_part_time_developers_monthly,2024-03-01,12.0
Runtime Verification,GITHUB_part_time_developers_biannually,2024-03-01,19.0
Open Source Observer,GITHUB_part_time_developers_biannually,2024-03-01,3.0
Syndicate Protocol,GITHUB_part_time_developers_biannually,2024-03-01,2.0
Debid - Fairblock,GITHUB_active_contributors_monthly,2024-03-01,20.0
Pyth Network,GITHUB_new_contributors_monthly,2024-03-01,27.0
Pyth Network,GITHUB_active_contributors_monthly,2024-03-01,42.0
Walnut,GITHUB_full_time_contributors_monthly,2024-03-01,1.0
thirdweb,GITHUB_active_contributors_biannually,2024-03-01,54.0
Runtime Verification,GITHUB_new_contributors_monthly,2024-03-01,4.0
Trail of Bits Security Reviews,GITHUB_active_contributors_monthly,2024-03-01,52.0
Open Source Observer,GITHUB_new_contributors_monthly,2024-03-01,3.0
Redstone Finance,GITHUB_new_contributors_monthly,2024-03-01,1.0
Debid - Fairblock,GITHUB_new_contributors_monthly,2024-03-01,17.0
Syndicate Protocol,GITHUB_active_contributors_monthly,2024-03-01,2.0
Walnut,GITHUB_active_contributors_monthly,2024-03-01,12.0
Runtime Verification,GITHUB_active_contributors_monthly,2024-03-01,36.0
Redstone Finance,GITHUB_new_contributors_biannually,2024-03-01,1.0
Runtime Verification,GITHUB_new_contributors_biannually,2024-03-01,4.0
Open Source Observer,GITHUB_change_in_active_developers_monthly,2024-03-01,-1.0
Pyth Network,GITHUB_change_in_full_time_contributors_monthly,2024-03-01,4.0
Syndicate Protocol,GITHUB_change_in_part_time_contributors_monthly,2024-03-01,0.0
thirdweb,GITHUB_change_in_part_time_contributors_monthly,2024-03-01,-5.0
Runtime Verification,GITHUB_change_in_part_time_contributors_monthly,2024-03-01,-7.0
Syndicate Protocol,GITHUB_change_in_active_developers_quarterly,2024-03-01,0.0
Trail of Bits Security Reviews,GITHUB_change_in_active_developers_biannually,2024-03-01,-4.0
thirdweb,GITHUB_change_in_part_time_contributors_biannually,2024-03-01,-8.0
Syndicate Protocol,GITHUB_change_in_active_developers_biannually,2024-03-01,0.0
Syndicate Protocol,GITHUB_change_in_part_time_contributors_biannually,2024-03-01,0.0
Redstone Finance,GITHUB_change_in_active_developers_biannually,2024-03-01,0.0
Walnut,GITHUB_change_in_part_time_contributors_quarterly,2024-03-01,-1.0
Pyth Network,GITHUB_change_in_active_developers_quarterly,2024-03-01,-5.0
Open Source Observer,GITHUB_change_in_part_time_contributors_biannually,2024-03-01,-1.0
thirdweb,GITHUB_change_in_active_developers_biannually,2024-03-01,-8.0
Redstone Finance,GITHUB_opened_pull_requests_monthly,2024-03-01,2.0
Open Source Observer,GITHUB_opened_pull_requests_biannually,2024-03-01,100.0
Debid - Fairblock,GITHUB_opened_pull_requests_quarterly,2024-03-01,24.0
Pyth Network,GITHUB_opened_pull_requests_quarterly,2024-03-01,139.0
Trail of Bits Security Reviews,GITHUB_opened_pull_requests_biannually,2024-03-01,218.0
Walnut,GITHUB_opened_pull_requests_quarterly,2024-03-01,27.0
Trail of Bits Security Reviews,GITHUB_opened_pull_requests_quarterly,2024-03-01,218.0
Open Source Observer,GITHUB_opened_pull_requests_daily,2024-03-01,1.0
Runtime Verification,GITHUB_opened_pull_requests_daily,2024-03-01,25.0
Runtime Verification,GITHUB_merged_pull_requests_monthly,2024-03-01,348.0
thirdweb,GITHUB_merged_pull_requests_monthly,2024-03-01,369.0
Debid - Fairblock,GITHUB_merged_pull_requests_monthly,2024-03-01,21.0
Pyth Network,GITHUB_merged_pull_requests_daily,2024-03-01,12.0
Debid - Fairblock,GITHUB_merged_pull_requests_biannually,2024-03-01,21.0
Debid - Fairblock,GITHUB_merged_pull_requests_quarterly,2024-03-01,21.0
Trail of Bits Security Reviews,GITHUB_merged_pull_requests_quarterly,2024-03-01,171.0
thirdweb,GITHUB_merged_pull_requests_biannually,2024-03-01,369.0
Runtime Verification,GITHUB_opened_issues_monthly,2024-03-01,99.0
thirdweb,GITHUB_opened_issues_quarterly,2024-03-01,17.0
Walnut,GITHUB_opened_issues_quarterly,2024-03-01,25.0
Walnut,GITHUB_opened_issues_biannually,2024-03-01,25.0
Walnut,GITHUB_closed_issues_daily,2024-03-01,1.0
Open Source Observer,GITHUB_closed_issues_quarterly,2024-03-01,76.0
Trail of Bits Security Reviews,GITHUB_closed_issues_quarterly,2024-03-01,26.0
Walnut,GITHUB_closed_issues_quarterly,2024-03-01,32.0
Trail of Bits Security Reviews,GITHUB_avg_prs_time_to_merge_quarterly,2024-03-01,0.0
Runtime Verification,GITHUB_avg_prs_time_to_merge_quarterly,2024-03-01,0.0
thirdweb,GITHUB_avg_time_to_first_response_biannually,2024-03-01,118845.4495967742
Pyth Network,GITHUB_avg_time_to_first_response_quarterly,2024-03-01,35894.12666666666
Runtime Verification,GITHUB_avg_time_to_first_response_biannually,2024-03-01,597617.3919491526
Runtime Verification,GITHUB_avg_prs_time_to_merge_biannually,2024-03-01,0.0
thirdweb,GITHUB_avg_time_to_first_response_quarterly,2024-03-01,118845.4495967742
Trail of Bits Security Reviews,GITHUB_avg_prs_time_to_merge_biannually,2024-03-01,0.0
Open Source Observer,GITHUB_avg_prs_time_to_merge_biannually,2024-03-01,0.0
Arbos Foundry,GITHUB_change_in_full_time_contributors_monthly,2024-03-01,0.0
Arbos Foundry,GITHUB_change_in_new_contributors_monthly,2024-03-01,0.0
Arbos Foundry,GITHUB_change_in_new_contributors_quarterly,2024-03-01,0.0
Trail of Bits Security Reviews,GITHUB_change_in_new_contributors_quarterly,2024-03-01,-3.0
Redstone Finance,GITHUB_change_in_full_time_contributors_quarterly,2024-03-01,0.0
Redstone Finance,GITHUB_change_in_new_contributors_quarterly,2024-03-01,1.0
Trail of Bits Security Reviews,GITHUB_change_in_full_time_contributors_quarterly,2024-03-01,0.0
Walnut,GITHUB_churned_contributors_monthly,2024-03-01,-11.0
Pyth Network,GITHUB_change_in_new_contributors_biannually,2024-03-01,-2.0
Syndicate Protocol,GITHUB_change_in_new_contributors_biannually,2024-03-01,0.0
Remix IDE plugin for Arbitrum Stylus,GITHUB_change_in_full_time_contributors_biannually,2024-03-01,0.0
Trail of Bits Security Reviews,GITHUB_change_in_active_contributors_biannually,2024-03-01,-4.0
Trail of Bits Security Reviews,GITHUB_change_in_new_contributors_biannually,2024-03-01,-3.0
Redstone Finance,GITHUB_churned_contributors_biannually,2024-03-01,-1.0
Walnut,GITHUB_change_in_active_contributors_biannually,2024-03-01,-1.0
Pyth Network,GITHUB_change_in_new_contributors_quarterly,2024-03-01,-2.0
Syndicate Protocol,GITHUB_churned_contributors_quarterly,2024-03-01,-1.0
Remix IDE plugin for Arbitrum Stylus,GITHUB_change_in_active_contributors_quarterly,2024-03-01,1.0
Debid - Fairblock,GITHUB_churned_contributors_quarterly,2024-03-01,-34.0
Runtime Verification,GITHUB_change_in_new_contributors_quarterly,2024-03-01,-2.0
Debid - Fairblock,GITHUB_change_in_new_contributors_monthly,2024-03-01,-16.0
Open Source Observer,GITHUB_change_in_full_time_contributors_quarterly,2024-03-01,0.0
Open Source Observer,GITHUB_churned_contributors_quarterly,2024-03-01,-4.0
Debid - Fairblock,GITHUB_change_in_full_time_contributors_biannually,2024-03-01,0.0
thirdweb,GITHUB_change_in_full_time_contributors_biannually,2024-03-01,0.0
Runtime Verification,GITHUB_churned_contributors_biannually,2024-03-01,-10.0
Runtime Verification,GITHUB_change_in_new_contributors_monthly,2024-03-01,-2.0
Pyth Network,GITHUB_change_in_new_contributors_monthly,2024-03-01,-2.0
Syndicate Protocol,GITHUB_change_in_full_time_contributors_monthly,2024-03-01,0.0
Passport XYZ,GITHUB_stars_daily,2024-09-26,8.0
Open Source Observer,GITHUB_commits_daily,2024-09-26,5.0
Remix IDE plugin for Arbitrum Stylus,GITHUB_commits_daily,2024-09-26,5.0
Passport XYZ,GITHUB_forks_daily,2024-09-26,2.0
thirdweb,GITHUB_repositories_daily,2024-09-26,4.0
Pyth Network,GITHUB_repositories_daily,2024-09-26,4.0
Enclave,GITHUB_active_developers_daily,2024-09-26,1.0
Open Source Observer,GITHUB_active_developers_daily,2024-09-26,2.0
Redstone Finance,GITHUB_opened_pull_requests_daily,2024-09-26,1.0
Enclave,GITHUB_opened_issues_daily,2024-09-26,2.0
Open Source Observer,GITHUB_opened_issues_daily,2024-09-26,36.0
thirdweb,GITHUB_stars_daily,2025-03-29,3.0
CodeTracer,GITHUB_stars_daily,2025-03-29,12.0
Pyth Network,GITHUB_comments_daily,2025-03-29,3.0
Open Source Observer,GITHUB_commits_daily,2025-03-29,3.0
Passport XYZ,GITHUB_forks_daily,2025-03-29,1.0
Enclave,GITHUB_contributors_daily,2025-03-29,1.0
thirdweb,GITHUB_active_developers_daily,2025-03-29,3.0
Open Source Observer,GITHUB_active_developers_daily,2025-03-29,2.0
Enclave,GITHUB_merged_pull_requests_daily,2025-03-29,1.0
Passport XYZ,GITHUB_comments_daily,2025-03-14,2.0
Runtime Verification,GITHUB_comments_daily,2025-03-14,8.0
Trail of Bits Security Reviews,GITHUB_stars_daily,2025-03-14,10.0
CodeTracer,GITHUB_stars_daily,2025-03-14,15.0
Passport XYZ,GITHUB_stars_daily,2025-03-14,2.0
Passport XYZ,GITHUB_commits_daily,2025-03-14,2.0
CodeTracer,GITHUB_repositories_daily,2025-03-14,1.0
9Lives,GITHUB_repositories_daily,2025-03-14,1.0
Walnut,GITHUB_repositories_daily,2025-03-14,1.0
Walnut,GITHUB_contributors_daily,2025-03-14,1.0
Redstone Finance,GITHUB_contributors_daily,2025-03-14,2.0
Passport XYZ,GITHUB_active_developers_daily,2025-03-14,1.0
thirdweb,GITHUB_active_developers_daily,2025-03-14,4.0
thirdweb,GITHUB_merged_pull_requests_daily,2025-03-14,6.0
Passport XYZ,GITHUB_merged_pull_requests_daily,2025-03-14,2.0
Open Source Observer,GITHUB_opened_issues_daily,2025-03-14,1.0
Open Source Observer,GITHUB_closed_issues_daily,2025-03-14,1.0
Trail of Bits Security Reviews,GITHUB_closed_issues_daily,2025-03-14,2.0
Passport XYZ,GITHUB_closed_issues_daily,2025-03-14,4.0
thirdweb,GITHUB_stars_daily,2024-11-28,2.0
Runtime Verification,GITHUB_commits_daily,2024-11-28,5.0
Trail of Bits Security Reviews,GITHUB_repositories_daily,2024-11-28,12.0
Pyth Network,GITHUB_repositories_daily,2024-11-28,5.0
Pyth Network,GITHUB_contributors_daily,2024-11-28,8.0
thirdweb,GITHUB_contributors_daily,2024-11-28,5.0
Enclave,GITHUB_contributors_daily,2024-11-28,1.0
Trail of Bits Security Reviews,GITHUB_opened_pull_requests_daily,2024-11-28,1.0
Runtime Verification,GITHUB_opened_pull_requests_daily,2024-11-28,3.0
Trail of Bits Security Reviews,GITHUB_opened_issues_daily,2024-11-28,1.0
Trail of Bits Security Reviews,GITHUB_closed_issues_daily,2024-11-28,1.0
Open Source Observer,GITHUB_comments_daily,2024-12-28,9.0
Redstone Finance,GITHUB_stars_daily,2024-12-28,1.0
Pyth Network,GITHUB_stars_daily,2024-12-28,1.0
Solang,GITHUB_stars_daily,2024-12-28,1.0
thirdweb,GITHUB_commits_daily,2024-12-28,1.0
Redstone Finance,GITHUB_forks_daily,2024-12-28,1.0
thirdweb,GITHUB_repositories_daily,2024-12-28,2.0
Solang,GITHUB_contributors_daily,2024-12-28,1.0
thirdweb,GITHUB_active_developers_daily,2024-12-28,1.0
Trail of Bits Security Reviews,GITHUB_merged_pull_requests_daily,2024-12-28,3.0
Enclave,GITHUB_opened_issues_daily,2024-12-28,1.0
Enclave,GITHUB_part_time_contributors_quarterly,2024-10-01,4.0
Walnut,GITHUB_part_time_contributors_quarterly,2024-10-01,5.0
Trail of Bits Security Reviews,GITHUB_part_time_contributors_quarterly,2024-10-01,31.0
Solang,GITHUB_part_time_contributors_quarterly,2024-10-01,3.0
thirdweb,GITHUB_part_time_contributors_quarterly,2024-10-01,38.0
Redstone Finance,GITHUB_active_contributors_quarterly,2024-10-01,11.0
Trail of Bits Security Reviews,GITHUB_active_contributors_quarterly,2024-10-01,31.0
Pyth Network,GITHUB_active_contributors_quarterly,2024-10-01,23.0
thirdweb,GITHUB_releases_biannually,2024-10-01,51.0
Debid - Fairblock,GITHUB_releases_quarterly,2024-10-01,29.0
thirdweb,GITHUB_commits_biannually,2024-10-01,450.0
Runtime Verification,GITHUB_active_developers_biannually,2024-10-01,13.0
Open Source Observer,GITHUB_active_developers_biannually,2024-10-01,22.0
thirdweb,GITHUB_active_developers_biannually,2024-10-01,13.0
thirdweb,GITHUB_repositories_quarterly,2024-10-01,13.0
Syndicate Protocol,GITHUB_repositories_quarterly,2024-10-01,1.0
Passport XYZ,GITHUB_repositories_quarterly,2024-10-01,11.0
Trail of Bits Security Reviews,GITHUB_repositories_quarterly,2024-10-01,75.0
Arbos Foundry,GITHUB_active_developers_quarterly,2024-10-01,1.0
Open Source Observer,GITHUB_active_developers_quarterly,2024-10-01,22.0
Redstone Finance,GITHUB_active_developers_quarterly,2024-10-01,9.0
Enclave,GITHUB_active_developers_quarterly,2024-10-01,4.0
Runtime Verification,GITHUB_active_developers_quarterly,2024-10-01,13.0
thirdweb,GITHUB_comments_daily,2024-10-01,115.0
Enclave,GITHUB_comments_daily,2024-10-01,39.0
Solang,GITHUB_forks_monthly,2024-10-01,4.0
Walnut,GITHUB_forks_monthly,2024-10-01,1.0
Passport XYZ,GITHUB_forks_monthly,2024-10-01,20.0
Walnut,GITHUB_stars_biannually,2024-10-01,1.0
thirdweb,GITHUB_stars_biannually,2024-10-01,32.0
Passport XYZ,GITHUB_stars_biannually,2024-10-01,63.0
Enclave,GITHUB_part_time_developers_quarterly,2024-10-01,4.0
Redstone Finance,GITHUB_part_time_developers_quarterly,2024-10-01,9.0
Runtime Verification,GITHUB_stars_biannually,2024-10-01,28.0
Enclave,GITHUB_stars_biannually,2024-10-01,3.0
Pyth Network,GITHUB_comments_monthly,2024-10-01,451.0
Enclave,GITHUB_commits_monthly,2024-10-01,36.0
Redstone Finance,GITHUB_stars_quarterly,2024-10-01,5.0
Enclave,GITHUB_comments_monthly,2024-10-01,570.0
Trail of Bits Security Reviews,GITHUB_comments_monthly,2024-10-01,180.0
Passport XYZ,GITHUB_comments_monthly,2024-10-01,141.0
Redstone Finance,GITHUB_comments_monthly,2024-10-01,81.0
Walnut,GITHUB_comments_monthly,2024-10-01,8.0
Runtime Verification,GITHUB_stars_quarterly,2024-10-01,28.0
Sylow,GITHUB_stars_quarterly,2024-10-01,2.0
Syndicate Protocol,GITHUB_stars_quarterly,2024-10-01,1.0
Pyth Network,GITHUB_stars_quarterly,2024-10-01,19.0
Debid - Fairblock,GITHUB_stars_quarterly,2024-10-01,3.0
thirdweb,GITHUB_stars_quarterly,2024-10-01,32.0
Open Source Observer,GITHUB_stars_quarterly,2024-10-01,11.0
Runtime Verification,GITHUB_releases_daily,2024-10-01,7.0
Walnut,GITHUB_stars_monthly,2024-10-01,1.0
Sylow,GITHUB_stars_monthly,2024-10-01,2.0
Open Source Observer,GITHUB_commits_daily,2024-10-01,8.0
Passport XYZ,GITHUB_commits_daily,2024-10-01,14.0
Redstone Finance,GITHUB_commits_daily,2024-10-01,3.0
Passport XYZ,GITHUB_releases_monthly,2024-10-01,18.0
Runtime Verification,GITHUB_releases_monthly,2024-10-01,93.0
thirdweb,GITHUB_commits_quarterly,2024-10-01,450.0
Redstone Finance,GITHUB_commits_quarterly,2024-10-01,225.0
Walnut,GITHUB_forks_quarterly,2024-10-01,1.0
Passport XYZ,GITHUB_forks_biannually,2024-10-01,20.0
Pyth Network,GITHUB_forks_biannually,2024-10-01,14.0
Debid - Fairblock,GITHUB_forks_biannually,2024-10-01,16.0
Solang,GITHUB_forks_biannually,2024-10-01,4.0
Passport XYZ,GITHUB_forks_quarterly,2024-10-01,20.0
Trail of Bits Security Reviews,GITHUB_forks_quarterly,2024-10-01,26.0
Pyth Network,GITHUB_repositories_daily,2024-10-01,3.0
Trail of Bits Security Reviews,GITHUB_repositories_monthly,2024-10-01,75.0
Remix IDE plugin for Arbitrum Stylus,GITHUB_repositories_monthly,2024-10-01,3.0
Debid - Fairblock,GITHUB_repositories_monthly,2024-10-01,10.0
Passport XYZ,GITHUB_contributors_daily,2024-10-01,4.0
Sylow,GITHUB_repositories_biannually,2024-10-01,1.0
Syndicate Protocol,GITHUB_repositories_monthly,2024-10-01,1.0
Enclave,GITHUB_repositories_monthly,2024-10-01,1.0
Solang,GITHUB_repositories_monthly,2024-10-01,1.0
Redstone Finance,GITHUB_contributors_monthly,2024-10-01,11.0
Solang,GITHUB_contributors_monthly,2024-10-01,3.0
Runtime Verification,GITHUB_contributors_monthly,2024-10-01,27.0
Debid - Fairblock,GITHUB_contributors_monthly,2024-10-01,23.0
Passport XYZ,GITHUB_contributors_quarterly,2024-10-01,8.0
thirdweb,GITHUB_contributors_biannually,2024-10-01,38.0
Runtime Verification,GITHUB_contributors_biannually,2024-10-01,27.0
Remix IDE plugin for Arbitrum Stylus,GITHUB_contributors_biannually,2024-10-01,4.0
Redstone Finance,GITHUB_contributors_biannually,2024-10-01,11.0
Enclave,GITHUB_contributors_biannually,2024-10-01,4.0
Walnut,GITHUB_contributors_biannually,2024-10-01,5.0
thirdweb,GITHUB_active_developers_daily,2024-10-01,7.0
Runtime Verification,GITHUB_active_developers_daily,2024-10-01,4.0
Enclave,GITHUB_active_developers_daily,2024-10-01,3.0
Redstone Finance,GITHUB_active_developers_daily,2024-10-01,2.0
thirdweb,GITHUB_active_developers_monthly,2024-10-01,13.0
Debid - Fairblock,GITHUB_active_developers_monthly,2024-10-01,5.0
Walnut,GITHUB_part_time_developers_monthly,2024-10-01,3.0
Runtime Verification,GITHUB_active_developers_monthly,2024-10-01,13.0
Remix IDE plugin for Arbitrum Stylus,GITHUB_active_developers_monthly,2024-10-01,2.0
Trail of Bits Security Reviews,GITHUB_full_time_developers_monthly,2024-10-01,3.0
Walnut,GITHUB_active_developers_monthly,2024-10-01,3.0
Pyth Network,GITHUB_active_developers_monthly,2024-10-01,13.0
Enclave,GITHUB_active_developers_monthly,2024-10-01,4.0
Runtime Verification,GITHUB_full_time_developers_monthly,2024-10-01,1.0
Runtime Verification,GITHUB_part_time_developers_biannually,2024-10-01,13.0
Redstone Finance,GITHUB_part_time_developers_biannually,2024-10-01,9.0
Enclave,GITHUB_new_contributors_monthly,2024-10-01,4.0
Enclave,GITHUB_full_time_contributors_monthly,2024-10-01,1.0
Runtime Verification,GITHUB_part_time_contributors_monthly,2024-10-01,25.0
Trail of Bits Security Reviews,GITHUB_active_contributors_monthly,2024-10-01,31.0
Redstone Finance,GITHUB_active_contributors_monthly,2024-10-01,11.0
Remix IDE plugin for Arbitrum Stylus,GITHUB_part_time_contributors_monthly,2024-10-01,4.0
Debid - Fairblock,GITHUB_full_time_contributors_monthly,2024-10-01,1.0
thirdweb,GITHUB_full_time_contributors_monthly,2024-10-01,8.0
Solang,GITHUB_new_contributors_monthly,2024-10-01,3.0
Enclave,GITHUB_active_contributors_monthly,2024-10-01,4.0
Debid - Fairblock,GITHUB_active_contributors_monthly,2024-10-01,23.0
Walnut,GITHUB_new_contributors_monthly,2024-10-01,3.0
Enclave,GITHUB_new_contributors_biannually,2024-10-01,4.0
thirdweb,GITHUB_new_contributors_biannually,2024-10-01,25.0
Redstone Finance,GITHUB_new_contributors_biannually,2024-10-01,6.0
Debid - Fairblock,GITHUB_part_time_contributors_biannually,2024-10-01,23.0
Solang,GITHUB_active_contributors_biannually,2024-10-01,3.0
Runtime Verification,GITHUB_part_time_contributors_biannually,2024-10-01,27.0
Runtime Verification,GITHUB_active_contributors_biannually,2024-10-01,27.0
Open Source Observer,GITHUB_new_contributors_biannually,2024-10-01,31.0
Enclave,GITHUB_part_time_contributors_biannually,2024-10-01,4.0
Debid - Fairblock,GITHUB_change_in_active_developers_monthly,2024-10-01,-20.0
Runtime Verification,GITHUB_change_in_active_developers_monthly,2024-10-01,2.0
Runtime Verification,GITHUB_change_in_part_time_contributors_monthly,2024-10-01,-2.0
Solang,GITHUB_change_in_active_developers_monthly,2024-10-01,-1.0
Trail of Bits Security Reviews,GITHUB_change_in_part_time_contributors_monthly,2024-10-01,10.0
Enclave,GITHUB_change_in_full_time_contributors_monthly,2024-10-01,1.0
Remix IDE plugin for Arbitrum Stylus,GITHUB_change_in_part_time_contributors_monthly,2024-10-01,-2.0
Enclave,GITHUB_change_in_part_time_contributors_monthly,2024-10-01,-1.0
Runtime Verification,GITHUB_change_in_active_developers_quarterly,2024-10-01,2.0
Open Source Observer,GITHUB_change_in_active_developers_quarterly,2024-10-01,-12.0
Pyth Network,GITHUB_change_in_part_time_contributors_quarterly,2024-10-01,-6.0
Solang,GITHUB_change_in_part_time_contributors_quarterly,2024-10-01,-1.0
Walnut,GITHUB_change_in_part_time_contributors_quarterly,2024-10-01,2.0
thirdweb,GITHUB_change_in_active_developers_quarterly,2024-10-01,12.0
Trail of Bits Security Reviews,GITHUB_change_in_part_time_contributors_quarterly,2024-10-01,9.0
Debid - Fairblock,GITHUB_change_in_part_time_contributors_biannually,2024-10-01,-20.0
Redstone Finance,GITHUB_change_in_active_developers_biannually,2024-10-01,1.0
Runtime Verification,GITHUB_change_in_active_developers_biannually,2024-10-01,2.0
Open Source Observer,GITHUB_change_in_active_developers_biannually,2024-10-01,-12.0
Pyth Network,GITHUB_change_in_active_developers_biannually,2024-10-01,-6.0
Runtime Verification,GITHUB_change_in_part_time_contributors_biannually,2024-10-01,2.0
Debid - Fairblock,GITHUB_change_in_part_time_contributors_quarterly,2024-10-01,-20.0
Walnut,GITHUB_change_in_active_developers_quarterly,2024-10-01,2.0
Open Source Observer,GITHUB_change_in_part_time_contributors_biannually,2024-10-01,-12.0
Passport XYZ,GITHUB_change_in_part_time_contributors_biannually,2024-10-01,-1.0
Enclave,GITHUB_change_in_part_time_contributors_quarterly,2024-10-01,0.0
Trail of Bits Security Reviews,GITHUB_opened_pull_requests_monthly,2024-10-01,216.0
Runtime Verification,GITHUB_opened_pull_requests_monthly,2024-10-01,127.0
thirdweb,GITHUB_opened_pull_requests_biannually,2024-10-01,438.0
Pyth Network,GITHUB_opened_pull_requests_biannually,2024-10-01,185.0
Walnut,GITHUB_opened_pull_requests_biannually,2024-10-01,5.0
Redstone Finance,GITHUB_opened_pull_requests_quarterly,2024-10-01,44.0
Runtime Verification,GITHUB_opened_pull_requests_biannually,2024-10-01,127.0
Walnut,GITHUB_opened_pull_requests_quarterly,2024-10-01,5.0
Pyth Network,GITHUB_opened_pull_requests_quarterly,2024-10-01,185.0
Solang,GITHUB_opened_pull_requests_biannually,2024-10-01,1.0
Trail of Bits Security Reviews,GITHUB_opened_pull_requests_daily,2024-10-01,3.0
Runtime Verification,GITHUB_opened_pull_requests_daily,2024-10-01,6.0
thirdweb,GITHUB_opened_pull_requests_daily,2024-10-01,19.0
Pyth Network,GITHUB_opened_pull_requests_daily,2024-10-01,8.0
thirdweb,GITHUB_merged_pull_requests_monthly,2024-10-01,388.0
Runtime Verification,GITHUB_merged_pull_requests_monthly,2024-10-01,115.0
Open Source Observer,GITHUB_merged_pull_requests_monthly,2024-10-01,163.0
Remix IDE plugin for Arbitrum Stylus,GITHUB_merged_pull_requests_monthly,2024-10-01,5.0
Open Source Observer,GITHUB_merged_pull_requests_daily,2024-10-01,6.0
Enclave,GITHUB_merged_pull_requests_quarterly,2024-10-01,16.0
Trail of Bits Security Reviews,GITHUB_merged_pull_requests_biannually,2024-10-01,186.0
Redstone Finance,GITHUB_merged_pull_requests_biannually,2024-10-01,44.0
Walnut,GITHUB_merged_pull_requests_biannually,2024-10-01,5.0
Enclave,GITHUB_opened_issues_daily,2024-10-01,7.0
Passport XYZ,GITHUB_opened_issues_daily,2024-10-01,2.0
Trail of Bits Security Reviews,GITHUB_opened_issues_monthly,2024-10-01,13.0
Open Source Observer,GITHUB_opened_issues_monthly,2024-10-01,93.0
Runtime Verification,GITHUB_opened_issues_quarterly,2024-10-01,28.0
Trail of Bits Security Reviews,GITHUB_opened_issues_biannually,2024-10-01,13.0
Runtime Verification,GITHUB_opened_issues_biannually,2024-10-01,28.0
Passport XYZ,GITHUB_closed_issues_monthly,2024-10-01,74.0
Walnut,GITHUB_closed_issues_monthly,2024-10-01,1.0
Trail of Bits Security Reviews,GITHUB_closed_issues_biannually,2024-10-01,8.0
Walnut,GITHUB_closed_issues_biannually,2024-10-01,1.0
Pyth Network,GITHUB_closed_issues_quarterly,2024-10-01,3.0
thirdweb,GITHUB_closed_issues_quarterly,2024-10-01,8.0
Open Source Observer,GITHUB_closed_issues_biannually,2024-10-01,97.0
thirdweb,GITHUB_avg_prs_time_to_merge_quarterly,2024-10-01,0.0
Redstone Finance,GITHUB_avg_prs_time_to_merge_quarterly,2024-10-01,0.0
Open Source Observer,GITHUB_avg_prs_time_to_merge_biannually,2024-10-01,0.0
Passport XYZ,GITHUB_avg_time_to_first_response_biannually,2024-10-01,253969.13966480448
thirdweb,GITHUB_avg_time_to_first_response_biannually,2024-10-01,27848.21195652174
Walnut,GITHUB_avg_time_to_first_response_biannually,2024-10-01,12841.57142857143
Walnut,GITHUB_avg_prs_time_to_merge_biannually,2024-10-01,0.0
Passport XYZ,GITHUB_avg_prs_time_to_merge_biannually,2024-10-01,0.0
Pyth Network,GITHUB_avg_time_to_first_response_biannually,2024-10-01,342627.8333333333
Passport XYZ,GITHUB_avg_time_to_first_response_quarterly,2024-10-01,253969.13966480448
Remix IDE plugin for Arbitrum Stylus,GITHUB_avg_time_to_first_response_quarterly,2024-10-01,176.5
Enclave,GITHUB_change_in_active_contributors_monthly,2024-10-01,0.0
Enclave,GITHUB_change_in_new_contributors_monthly,2024-10-01,0.0
Walnut,GITHUB_change_in_new_contributors_monthly,2024-10-01,2.0
Enclave,GITHUB_churned_contributors_quarterly,2024-10-01,-4.0
Enclave,GITHUB_change_in_new_contributors_quarterly,2024-10-01,0.0
Redstone Finance,GITHUB_change_in_active_contributors_quarterly,2024-10-01,1.0
Walnut,GITHUB_change_in_new_contributors_quarterly,2024-10-01,2.0
Redstone Finance,GITHUB_change_in_new_contributors_quarterly,2024-10-01,0.0
Trail of Bits Security Reviews,GITHUB_change_in_full_time_contributors_quarterly,2024-10-01,0.0
Arbos Foundry,GITHUB_change_in_active_contributors_monthly,2024-10-01,0.0
Arbos Foundry,GITHUB_change_in_new_contributors_monthly,2024-10-01,0.0
Arbos Foundry,GITHUB_churned_contributors_monthly,2024-10-01,0.0
Solang,GITHUB_change_in_active_contributors_monthly,2024-10-01,-1.0
Debid - Fairblock,GITHUB_change_in_full_time_contributors_monthly,2024-10-01,-1.0
thirdweb,GITHUB_change_in_new_contributors_monthly,2024-10-01,6.0
Open Source Observer,GITHUB_change_in_full_time_contributors_quarterly,2024-10-01,0.0
Open Source Observer,GITHUB_churned_contributors_biannually,2024-10-01,-43.0
Solang,GITHUB_churned_contributors_biannually,2024-10-01,-4.0
Passport XYZ,GITHUB_change_in_active_contributors_biannually,2024-10-01,-1.0
Debid - Fairblock,GITHUB_change_in_active_contributors_biannually,2024-10-01,-20.0
Runtime Verification,GITHUB_change_in_new_contributors_biannually,2024-10-01,-3.0
Runtime Verification,GITHUB_change_in_full_time_contributors_biannually,2024-10-01,0.0
Runtime Verification,GITHUB_change_in_active_contributors_biannually,2024-10-01,2.0
Remix IDE plugin for Arbitrum Stylus,GITHUB_change_in_full_time_contributors_biannually,2024-10-01,0.0
Remix IDE plugin for Arbitrum Stylus,GITHUB_change_in_new_contributors_biannually,2024-10-01,-2.0
Enclave,GITHUB_change_in_full_time_contributors_biannually,2024-10-01,0.0
Enclave,GITHUB_change_in_new_contributors_biannually,2024-10-01,0.0
Trail of Bits Security Reviews,GITHUB_churned_contributors_biannually,2024-10-01,-1.0
Redstone Finance,GITHUB_change_in_new_contributors_biannually,2024-10-01,0.0
Trail of Bits Security Reviews,GITHUB_change_in_new_contributors_biannually,2024-10-01,6.0
Redstone Finance,GITHUB_churned_contributors_biannually,2024-10-01,-5.0
Redstone Finance,GITHUB_change_in_full_time_contributors_biannually,2024-10-01,0.0
Arbos Foundry,GITHUB_churned_contributors_biannually,2024-10-01,0.0
Remix IDE plugin for Arbitrum Stylus,GITHUB_churned_contributors_monthly,2024-10-01,-5.0
Solang,GITHUB_change_in_active_contributors_biannually,2024-10-01,-1.0
Open Source Observer,GITHUB_change_in_full_time_contributors_biannually,2024-10-01,0.0
Debid - Fairblock,GITHUB_change_in_active_contributors_quarterly,2024-10-01,-20.0
Debid - Fairblock,GITHUB_churned_contributors_quarterly,2024-10-01,-39.0
thirdweb,GITHUB_change_in_active_contributors_quarterly,2024-10-01,12.0
Runtime Verification,GITHUB_change_in_active_contributors_quarterly,2024-10-01,2.0
Pyth Network,GITHUB_comments_daily,2024-09-03,14.0
Open Source Observer,GITHUB_comments_daily,2024-09-03,31.0
Trail of Bits Security Reviews,GITHUB_releases_daily,2024-09-03,2.0
Pyth Network,GITHUB_releases_daily,2024-09-03,1.0
Open Source Observer,GITHUB_stars_daily,2024-09-03,1.0
Trail of Bits Security Reviews,GITHUB_commits_daily,2024-09-03,18.0
thirdweb,GITHUB_forks_daily,2024-09-03,1.0
Trail of Bits Security Reviews,GITHUB_forks_daily,2024-09-03,1.0
thirdweb,GITHUB_repositories_daily,2024-09-03,4.0
Trail of Bits Security Reviews,GITHUB_repositories_daily,2024-09-03,15.0
Pyth Network,GITHUB_repositories_daily,2024-09-03,6.0
Runtime Verification,GITHUB_contributors_daily,2024-09-03,10.0
Arbos Foundry,GITHUB_contributors_daily,2024-09-03,1.0
thirdweb,GITHUB_active_developers_daily,2024-09-03,4.0
Runtime Verification,GITHUB_active_developers_daily,2024-09-03,2.0
thirdweb,GITHUB_opened_pull_requests_daily,2024-09-03,16.0
Enclave,GITHUB_opened_pull_requests_daily,2024-09-03,1.0
Walnut,GITHUB_merged_pull_requests_daily,2024-09-03,1.0
Redstone Finance,GITHUB_merged_pull_requests_daily,2024-09-03,1.0
Runtime Verification,GITHUB_merged_pull_requests_daily,2024-09-03,10.0
Open Source Observer,GITHUB_comments_daily,2024-09-18,21.0
Enclave,GITHUB_comments_daily,2024-09-18,1.0
Runtime Verification,GITHUB_comments_daily,2024-09-18,10.0
thirdweb,GITHUB_comments_daily,2024-09-18,240.0
Enclave,GITHUB_stars_daily,2024-09-18,1.0
Passport XYZ,GITHUB_commits_daily,2024-09-18,16.0
Open Source Observer,GITHUB_commits_daily,2024-09-18,8.0
thirdweb,GITHUB_forks_daily,2024-09-18,2.0
Open Source Observer,GITHUB_repositories_daily,2024-09-18,3.0
Enclave,GITHUB_contributors_daily,2024-09-18,1.0
Passport XYZ,GITHUB_contributors_daily,2024-09-18,4.0
Redstone Finance,GITHUB_contributors_daily,2024-09-18,4.0
Trail of Bits Security Reviews,GITHUB_contributors_daily,2024-09-18,3.0
Redstone Finance,GITHUB_active_developers_daily,2024-09-18,2.0
thirdweb,GITHUB_active_developers_daily,2024-09-18,3.0
thirdweb,GITHUB_opened_pull_requests_daily,2024-09-18,30.0
Open Source Observer,GITHUB_merged_pull_requests_daily,2024-09-18,4.0
thirdweb,GITHUB_opened_issues_daily,2024-09-18,1.0
thirdweb,GITHUB_closed_issues_daily,2024-09-18,1.0
Trail of Bits Security Reviews,GITHUB_comments_daily,2024-03-14,5.0
Runtime Verification,GITHUB_comments_daily,2024-03-14,36.0
Pyth Network,GITHUB_stars_daily,2024-03-14,3.0
Open Source Observer,GITHUB_commits_daily,2024-03-14,5.0
Pyth Network,GITHUB_commits_daily,2024-03-14,7.0
thirdweb,GITHUB_releases_daily,2024-03-14,10.0
Trail of Bits Security Reviews,GITHUB_repositories_daily,2024-03-14,17.0
Pyth Network,GITHUB_repositories_daily,2024-03-14,6.0
Open Source Observer,GITHUB_repositories_daily,2024-03-14,2.0
Open Source Observer,GITHUB_active_developers_daily,2024-03-14,3.0
Trail of Bits Security Reviews,GITHUB_active_developers_daily,2024-03-14,6.0
Redstone Finance,GITHUB_contributors_daily,2024-03-14,1.0
Pyth Network,GITHUB_contributors_daily,2024-03-14,8.0
Trail of Bits Security Reviews,GITHUB_contributors_daily,2024-03-14,8.0
Runtime Verification,GITHUB_closed_issues_daily,2024-03-14,5.0
Trail of Bits Security Reviews,GITHUB_merged_pull_requests_daily,2024-03-14,7.0
thirdweb,GITHUB_merged_pull_requests_daily,2024-03-14,22.0
Open Source Observer,GITHUB_merged_pull_requests_daily,2024-03-14,3.0
Solang,GITHUB_stars_daily,2025-01-11,1.0
Walnut,GITHUB_stars_daily,2025-01-11,1.0
Runtime Verification,GITHUB_stars_daily,2025-01-11,3.0
Open Source Observer,GITHUB_commits_daily,2025-01-11,6.0
Trail of Bits Security Reviews,GITHUB_forks_daily,2025-01-11,2.0
thirdweb,GITHUB_repositories_daily,2025-01-11,4.0
Solang,GITHUB_repositories_daily,2025-01-11,1.0
Trail of Bits Security Reviews,GITHUB_repositories_daily,2025-01-11,3.0
thirdweb,GITHUB_contributors_daily,2025-01-11,4.0
thirdweb,GITHUB_active_developers_daily,2025-01-11,1.0
Trail of Bits Security Reviews,GITHUB_opened_pull_requests_daily,2025-01-11,1.0
Pyth Network,GITHUB_comments_daily,2024-12-05,11.0
Redstone Finance,GITHUB_comments_daily,2024-12-05,9.0
Open Source Observer,GITHUB_stars_daily,2024-12-05,1.0
Passport XYZ,GITHUB_stars_daily,2024-12-05,2.0
Walnut,GITHUB_commits_daily,2024-12-05,1.0
Walnut,GITHUB_forks_daily,2024-12-05,1.0
Passport XYZ,GITHUB_forks_daily,2024-12-05,2.0
Runtime Verification,GITHUB_repositories_daily,2024-12-05,8.0
Enclave,GITHUB_contributors_daily,2024-12-05,1.0
thirdweb,GITHUB_opened_pull_requests_daily,2024-12-05,17.0
Enclave,GITHUB_opened_pull_requests_daily,2024-12-05,1.0
Pyth Network,GITHUB_opened_pull_requests_daily,2024-12-05,5.0
Trail of Bits Security Reviews,GITHUB_opened_pull_requests_daily,2024-12-05,10.0
Walnut,GITHUB_merged_pull_requests_daily,2024-12-05,2.0
Trail of Bits Security Reviews,GITHUB_merged_pull_requests_daily,2024-12-05,4.0
thirdweb,GITHUB_merged_pull_requests_daily,2024-12-05,12.0
Walnut,GITHUB_opened_issues_daily,2024-12-05,2.0
Trail of Bits Security Reviews,GITHUB_opened_issues_daily,2024-12-05,2.0
Pyth Network,GITHUB_opened_issues_daily,2024-12-05,1.0
Walnut,GITHUB_forks_weekly,2024-03-11,1.0
Open Source Observer,GITHUB_forks_weekly,2024-03-11,1.0
Trail of Bits Security Reviews,GITHUB_forks_weekly,2024-03-11,9.0
Runtime Verification,GITHUB_comments_daily,2024-03-11,22.0
Trail of Bits Security Reviews,GITHUB_comments_daily,2024-03-11,20.0
Trail of Bits Security Reviews,GITHUB_stars_daily,2024-03-11,11.0
Trail of Bits Security Reviews,GITHUB_stars_weekly,2024-03-11,91.0
Redstone Finance,GITHUB_stars_weekly,2024-03-11,3.0
Trail of Bits Security Reviews,GITHUB_commits_daily,2024-03-11,43.0
Pyth Network,GITHUB_releases_weekly,2024-03-11,5.0
Pyth Network,GITHUB_releases_daily,2024-03-11,1.0
Debid - Fairblock,GITHUB_comments_weekly,2024-03-11,1.0
thirdweb,GITHUB_forks_daily,2024-03-11,2.0
Open Source Observer,GITHUB_repositories_weekly,2024-03-11,4.0
Runtime Verification,GITHUB_repositories_weekly,2024-03-11,21.0
Walnut,GITHUB_repositories_daily,2024-03-11,1.0
Runtime Verification,GITHUB_repositories_daily,2024-03-11,12.0
Open Source Observer,GITHUB_contributors_daily,2024-03-11,4.0
Debid - Fairblock,GITHUB_contributors_daily,2024-03-11,1.0
Runtime Verification,GITHUB_contributors_daily,2024-03-11,15.0
Open Source Observer,GITHUB_active_developers_weekly,2024-03-11,3.0
Runtime Verification,GITHUB_opened_pull_requests_weekly,2024-03-11,87.0
Trail of Bits Security Reviews,GITHUB_opened_pull_requests_weekly,2024-03-11,61.0
Open Source Observer,GITHUB_opened_pull_requests_weekly,2024-03-11,28.0
thirdweb,GITHUB_merged_pull_requests_daily,2024-03-11,5.0
Runtime Verification,GITHUB_merged_pull_requests_weekly,2024-03-11,82.0
Pyth Network,GITHUB_opened_issues_weekly,2024-03-11,1.0
Open Source Observer,GITHUB_opened_issues_weekly,2024-03-11,27.0
thirdweb,GITHUB_opened_issues_weekly,2024-03-11,4.0
Trail of Bits Security Reviews,GITHUB_opened_issues_daily,2024-03-11,1.0
Pyth Network,GITHUB_closed_issues_weekly,2024-03-11,1.0
thirdweb,GITHUB_comments_daily,2024-07-24,94.0
Passport XYZ,GITHUB_commits_daily,2024-07-24,11.0
Pyth Network,GITHUB_commits_daily,2024-07-24,13.0
Open Source Observer,GITHUB_commits_daily,2024-07-24,8.0
Runtime Verification,GITHUB_releases_daily,2024-07-24,4.0
Passport XYZ,GITHUB_releases_daily,2024-07-24,1.0
Runtime Verification,GITHUB_forks_daily,2024-07-24,1.0
Trail of Bits Security Reviews,GITHUB_forks_daily,2024-07-24,1.0
Redstone Finance,GITHUB_repositories_daily,2024-07-24,2.0
Debid - Fairblock,GITHUB_repositories_daily,2024-07-24,1.0
Open Source Observer,GITHUB_repositories_daily,2024-07-24,2.0
Debid - Fairblock,GITHUB_contributors_daily,2024-07-24,1.0
Runtime Verification,GITHUB_contributors_daily,2024-07-24,8.0
Trail of Bits Security Reviews,GITHUB_contributors_daily,2024-07-24,7.0
Redstone Finance,GITHUB_active_developers_daily,2024-07-24,2.0
Passport XYZ,GITHUB_opened_pull_requests_daily,2024-07-24,9.0
Redstone Finance,GITHUB_merged_pull_requests_daily,2024-07-24,1.0
Runtime Verification,GITHUB_closed_issues_daily,2024-07-24,2.0
thirdweb,GITHUB_forks_weekly,2024-02-05,14.0
Trail of Bits Security Reviews,GITHUB_comments_daily,2024-02-05,15.0
thirdweb,GITHUB_comments_daily,2024-02-05,19.0
thirdweb,GITHUB_stars_daily,2024-02-05,3.0
Open Source Observer,GITHUB_commits_daily,2024-02-05,1.0
Runtime Verification,GITHUB_commits_daily,2024-02-05,27.0
Trail of Bits Security Reviews,GITHUB_stars_weekly,2024-02-05,131.0
Redstone Finance,GITHUB_stars_weekly,2024-02-05,5.0
WakeUp Labs,GITHUB_commits_weekly,2024-02-05,10.0
Open Source Observer,GITHUB_commits_weekly,2024-02-05,26.0
Trail of Bits Security Reviews,GITHUB_commits_weekly,2024-02-05,101.0
Trail of Bits Security Reviews,GITHUB_comments_weekly,2024-02-05,67.0
Walnut,GITHUB_comments_weekly,2024-02-05,26.0
Trail of Bits Security Reviews,GITHUB_forks_daily,2024-02-05,1.0
Open Source Observer,GITHUB_repositories_daily,2024-02-05,1.0
Walnut,GITHUB_repositories_daily,2024-02-05,1.0
Runtime Verification,GITHUB_repositories_daily,2024-02-05,10.0
thirdweb,GITHUB_repositories_daily,2024-02-05,7.0
Debid - Fairblock,GITHUB_repositories_weekly,2024-02-05,2.0
Pyth Network,GITHUB_repositories_weekly,2024-02-05,13.0
Redstone Finance,GITHUB_repositories_weekly,2024-02-05,8.0
Runtime Verification,GITHUB_contributors_daily,2024-02-05,14.0
thirdweb,GITHUB_contributors_daily,2024-02-05,8.0
Remix IDE plugin for Arbitrum Stylus,GITHUB_contributors_weekly,2024-02-05,2.0
Pyth Network,GITHUB_active_developers_daily,2024-02-05,2.0
thirdweb,GITHUB_active_developers_daily,2024-02-05,4.0
Pyth Network,GITHUB_active_developers_weekly,2024-02-05,8.0
WakeUp Labs,GITHUB_active_developers_weekly,2024-02-05,1.0
Walnut,GITHUB_active_developers_weekly,2024-02-05,2.0
Walnut,GITHUB_opened_pull_requests_weekly,2024-02-05,6.0
Runtime Verification,GITHUB_merged_pull_requests_daily,2024-02-05,12.0
Pyth Network,GITHUB_opened_issues_weekly,2024-02-05,2.0
thirdweb,GITHUB_closed_issues_daily,2024-02-05,1.0
Open Source Observer,GITHUB_closed_issues_daily,2024-02-05,5.0
Open Source Observer,GITHUB_closed_issues_weekly,2024-02-05,10.0
Open Source Observer,GITHUB_stars_daily,2024-04-16,2.0
Runtime Verification,GITHUB_commits_daily,2024-04-16,33.0
thirdweb,GITHUB_commits_daily,2024-04-16,23.0
Pyth Network,GITHUB_releases_daily,2024-04-16,1.0
Trail of Bits Security Reviews,GITHUB_repositories_daily,2024-04-16,20.0
Trail of Bits Security Reviews,GITHUB_active_developers_daily,2024-04-16,3.0
Redstone Finance,GITHUB_active_developers_daily,2024-04-16,1.0
Runtime Verification,GITHUB_closed_issues_daily,2024-04-16,2.0
Trail of Bits Security Reviews,GITHUB_stars_daily,2024-02-02,11.0
Redstone Finance,GITHUB_commits_daily,2024-02-02,6.0
thirdweb,GITHUB_commits_daily,2024-02-02,10.0
Redstone Finance,GITHUB_repositories_daily,2024-02-02,2.0
Pyth Network,GITHUB_repositories_daily,2024-02-02,5.0
Runtime Verification,GITHUB_repositories_daily,2024-02-02,8.0
WakeUp Labs,GITHUB_repositories_daily,2024-02-02,1.0
Walnut,GITHUB_repositories_daily,2024-02-02,1.0
thirdweb,GITHUB_opened_pull_requests_daily,2024-02-02,13.0
thirdweb,GITHUB_contributors_daily,2024-02-02,9.0
Trail of Bits Security Reviews,GITHUB_contributors_daily,2024-02-02,6.0
Remix IDE plugin for Arbitrum Stylus,GITHUB_contributors_daily,2024-02-02,1.0
thirdweb,GITHUB_active_developers_daily,2024-02-02,6.0
Remix IDE plugin for Arbitrum Stylus,GITHUB_active_developers_daily,2024-02-02,1.0
Redstone Finance,GITHUB_active_developers_daily,2024-02-02,2.0
Runtime Verification,GITHUB_merged_pull_requests_daily,2024-02-02,5.0
Trail of Bits Security Reviews,GITHUB_opened_issues_daily,2024-02-02,3.0
Walnut,GITHUB_opened_issues_daily,2024-02-02,1.0
thirdweb,GITHUB_opened_issues_daily,2024-02-02,1.0
Runtime Verification,GITHUB_comments_daily,2024-06-19,11.0
Runtime Verification,GITHUB_releases_daily,2024-06-19,4.0
Remix IDE plugin for Arbitrum Stylus,GITHUB_commits_daily,2024-06-19,6.0
thirdweb,GITHUB_commits_daily,2024-06-19,43.0
Pyth Network,GITHUB_commits_daily,2024-06-19,2.0
Runtime Verification,GITHUB_repositories_daily,2024-06-19,11.0
Open Source Observer,GITHUB_repositories_daily,2024-06-19,2.0
Trail of Bits Security Reviews,GITHUB_repositories_daily,2024-06-19,12.0
Pyth Network,GITHUB_contributors_daily,2024-06-19,3.0
Remix IDE plugin for Arbitrum Stylus,GITHUB_active_developers_daily,2024-06-19,1.0
Trail of Bits Security Reviews,GITHUB_active_developers_daily,2024-06-19,3.0
thirdweb,GITHUB_opened_pull_requests_daily,2024-06-19,29.0
Runtime Verification,GITHUB_opened_pull_requests_daily,2024-06-19,14.0
Walnut,GITHUB_merged_pull_requests_daily,2024-06-19,1.0
Open Source Observer,GITHUB_merged_pull_requests_daily,2024-06-19,5.0
thirdweb,GITHUB_merged_pull_requests_daily,2024-06-19,24.0
Runtime Verification,GITHUB_opened_issues_daily,2024-06-19,1.0
Open Source Observer,GITHUB_closed_issues_daily,2024-06-19,3.0
Runtime Verification,GITHUB_closed_issues_daily,2024-06-19,2.0
Walnut,GITHUB_closed_issues_daily,2024-06-19,1.0
Enclave,GITHUB_comments_daily,2024-12-27,6.0
Pyth Network,GITHUB_stars_daily,2024-12-27,3.0
Walnut,GITHUB_commits_daily,2024-12-27,1.0
Enclave,GITHUB_repositories_daily,2024-12-27,1.0
Debid - Fairblock,GITHUB_repositories_daily,2024-12-27,1.0
Trail of Bits Security Reviews,GITHUB_repositories_daily,2024-12-27,10.0
Pyth Network,GITHUB_repositories_daily,2024-12-27,3.0
Open Source Observer,GITHUB_contributors_daily,2024-12-27,3.0
Passport XYZ,GITHUB_contributors_daily,2024-12-27,1.0
thirdweb,GITHUB_opened_pull_requests_daily,2024-12-27,4.0
Enclave,GITHUB_opened_pull_requests_daily,2024-12-27,2.0
Trail of Bits Security Reviews,GITHUB_opened_pull_requests_daily,2024-12-27,9.0
Enclave,GITHUB_merged_pull_requests_daily,2024-12-27,2.0
Passport XYZ,GITHUB_comments_daily,2025-02-25,4.0
Walnut,GITHUB_comments_daily,2025-02-25,5.0
9Lives,GITHUB_commits_daily,2025-02-25,3.0
thirdweb,GITHUB_releases_daily,2025-02-25,3.0
Trail of Bits Security Reviews,GITHUB_forks_daily,2025-02-25,1.0
thirdweb,GITHUB_repositories_daily,2025-02-25,2.0
9Lives,GITHUB_repositories_daily,2025-02-25,1.0
9Lives,GITHUB_contributors_daily,2025-02-25,1.0
Passport XYZ,GITHUB_active_developers_daily,2025-02-25,2.0
CodeTracer,GITHUB_active_developers_daily,2025-02-25,2.0
Trail of Bits Security Reviews,GITHUB_active_developers_daily,2025-02-25,3.0
Open Source Observer,GITHUB_active_developers_daily,2025-02-25,6.0
Open Source Observer,GITHUB_opened_pull_requests_daily,2025-02-25,7.0
thirdweb,GITHUB_merged_pull_requests_daily,2025-02-25,12.0
Runtime Verification,GITHUB_merged_pull_requests_daily,2025-02-25,1.0
CodeTracer,GITHUB_merged_pull_requests_daily,2025-02-25,4.0
Walnut,GITHUB_merged_pull_requests_daily,2025-02-25,5.0
Runtime Verification,GITHUB_opened_issues_daily,2025-02-25,1.0
Trail of Bits Security Reviews,GITHUB_stars_daily,2025-01-18,3.0
Trail of Bits Security Reviews,GITHUB_releases_daily,2025-01-18,1.0
thirdweb,GITHUB_forks_daily,2025-01-18,7.0
Pyth Network,GITHUB_repositories_daily,2025-01-18,4.0
Trail of Bits Security Reviews,GITHUB_repositories_daily,2025-01-18,7.0
Open Source Observer,GITHUB_contributors_daily,2025-01-18,4.0
Trail of Bits Security Reviews,GITHUB_contributors_daily,2025-01-18,1.0
thirdweb,GITHUB_active_developers_daily,2025-01-18,2.0
9Lives,GITHUB_active_developers_daily,2025-01-18,1.0
Trail of Bits Security Reviews,GITHUB_merged_pull_requests_daily,2025-01-18,4.0
Open Source Observer,GITHUB_opened_issues_daily,2025-01-18,11.0
Runtime Verification,GITHUB_comments_daily,2024-04-04,18.0
Trail of Bits Security Reviews,GITHUB_comments_daily,2024-04-04,17.0
Pyth Network,GITHUB_comments_daily,2024-04-04,28.0
Syndicate Protocol,GITHUB_stars_daily,2024-04-04,1.0
Walnut,GITHUB_commits_daily,2024-04-04,2.0
Runtime Verification,GITHUB_releases_daily,2024-04-04,8.0
Pyth Network,GITHUB_forks_daily,2024-04-04,2.0
Open Source Observer,GITHUB_repositories_daily,2024-04-04,1.0
Trail of Bits Security Reviews,GITHUB_repositories_daily,2024-04-04,14.0
Syndicate Protocol,GITHUB_repositories_daily,2024-04-04,1.0
Trail of Bits Security Reviews,GITHUB_contributors_daily,2024-04-04,8.0
Redstone Finance,GITHUB_active_developers_daily,2024-04-04,3.0
Trail of Bits Security Reviews,GITHUB_active_developers_daily,2024-04-04,6.0
Walnut,GITHUB_opened_pull_requests_daily,2024-04-04,2.0
Runtime Verification,GITHUB_opened_pull_requests_daily,2024-04-04,14.0
Trail of Bits Security Reviews,GITHUB_opened_pull_requests_daily,2024-04-04,6.0
Trail of Bits Security Reviews,GITHUB_merged_pull_requests_daily,2024-04-04,7.0
Runtime Verification,GITHUB_opened_issues_daily,2024-04-04,1.0
Open Source Observer,GITHUB_closed_issues_daily,2024-04-04,1.0
Runtime Verification,GITHUB_repositories_daily,2024-07-06,4.0
Runtime Verification,GITHUB_active_developers_daily,2024-07-06,1.0
Open Source Observer,GITHUB_active_developers_daily,2024-07-06,1.0
Trail of Bits Security Reviews,GITHUB_opened_pull_requests_daily,2024-07-06,2.0
Runtime Verification,GITHUB_opened_pull_requests_daily,2024-07-06,4.0
Remix IDE plugin for Arbitrum Stylus,GITHUB_comments_daily,2024-12-04,2.0
Trail of Bits Security Reviews,GITHUB_stars_daily,2024-12-04,8.0
Passport XYZ,GITHUB_commits_daily,2024-12-04,2.0
Runtime Verification,GITHUB_commits_daily,2024-12-04,38.0
Pyth Network,GITHUB_forks_daily,2024-12-04,2.0
Trail of Bits Security Reviews,GITHUB_releases_daily,2024-12-04,1.0
Passport XYZ,GITHUB_repositories_daily,2024-12-04,1.0
Runtime Verification,GITHUB_repositories_daily,2024-12-04,13.0
Redstone Finance,GITHUB_repositories_daily,2024-12-04,5.0
Runtime Verification,GITHUB_contributors_daily,2024-12-04,8.0
Remix IDE plugin for Arbitrum Stylus,GITHUB_contributors_daily,2024-12-04,1.0
Open Source Observer,GITHUB_contributors_daily,2024-12-04,3.0
Trail of Bits Security Reviews,GITHUB_active_developers_daily,2024-12-04,3.0
Pyth Network,GITHUB_active_developers_daily,2024-12-04,3.0
Runtime Verification,GITHUB_opened_pull_requests_daily,2024-12-04,10.0
Debid - Fairblock,GITHUB_opened_pull_requests_daily,2024-12-04,2.0
thirdweb,GITHUB_opened_pull_requests_daily,2024-12-04,19.0
Pyth Network,GITHUB_opened_pull_requests_daily,2024-12-04,7.0
Remix IDE plugin for Arbitrum Stylus,GITHUB_opened_pull_requests_daily,2024-12-04,1.0
thirdweb,GITHUB_merged_pull_requests_daily,2024-12-04,16.0
Trail of Bits Security Reviews,GITHUB_merged_pull_requests_daily,2024-12-04,2.0
Pyth Network,GITHUB_merged_pull_requests_daily,2024-12-04,2.0
Open Source Observer,GITHUB_opened_issues_daily,2024-12-04,8.0
Walnut,GITHUB_comments_daily,2024-05-22,29.0
Runtime Verification,GITHUB_stars_daily,2024-05-22,3.0
Pyth Network,GITHUB_stars_daily,2024-05-22,1.0
Pyth Network,GITHUB_commits_daily,2024-05-22,6.0
thirdweb,GITHUB_releases_daily,2024-05-22,11.0
Open Source Observer,GITHUB_forks_daily,2024-05-22,1.0
Walnut,GITHUB_contributors_daily,2024-05-22,2.0
Trail of Bits Security Reviews,GITHUB_contributors_daily,2024-05-22,4.0
Redstone Finance,GITHUB_active_developers_daily,2024-05-22,2.0
Open Source Observer,GITHUB_opened_pull_requests_daily,2024-05-22,9.0
Trail of Bits Security Reviews,GITHUB_opened_issues_daily,2024-05-22,1.0
Open Source Observer,GITHUB_closed_issues_daily,2024-05-22,5.0
Runtime Verification,GITHUB_stars_daily,2024-05-04,1.0
thirdweb,GITHUB_stars_daily,2024-05-04,1.0
Trail of Bits Security Reviews,GITHUB_releases_daily,2024-05-04,2.0
Pyth Network,GITHUB_forks_daily,2024-05-04,1.0
Runtime Verification,GITHUB_repositories_daily,2024-05-04,1.0
Redstone Finance,GITHUB_repositories_daily,2024-05-04,2.0
Walnut,GITHUB_repositories_daily,2024-05-04,1.0
Pyth Network,GITHUB_contributors_daily,2024-05-04,3.0
thirdweb,GITHUB_contributors_daily,2024-05-04,4.0
Walnut,GITHUB_contributors_daily,2024-05-04,2.0
Redstone Finance,GITHUB_active_developers_daily,2024-05-04,1.0
Trail of Bits Security Reviews,GITHUB_merged_pull_requests_daily,2024-05-04,7.0
Trail of Bits Security Reviews,GITHUB_opened_issues_daily,2024-05-04,1.0
Open Source Observer,GITHUB_comments_daily,2025-02-08,11.0
Solang,GITHUB_comments_daily,2025-02-08,4.0
Debid - Fairblock,GITHUB_comments_daily,2025-02-08,1.0
Trail of Bits Security Reviews,GITHUB_stars_daily,2025-02-08,8.0
Solang,GITHUB_stars_daily,2025-02-08,2.0
Runtime Verification,GITHUB_stars_daily,2025-02-08,1.0
Open Source Observer,GITHUB_commits_daily,2025-02-08,5.0
thirdweb,GITHUB_repositories_daily,2025-02-08,4.0
Solang,GITHUB_repositories_daily,2025-02-08,1.0
Pyth Network,GITHUB_repositories_daily,2025-02-08,2.0
thirdweb,GITHUB_contributors_daily,2025-02-08,8.0
Trail of Bits Security Reviews,GITHUB_active_developers_daily,2025-02-08,1.0
Solang,GITHUB_opened_pull_requests_daily,2025-02-08,2.0
Open Source Observer,GITHUB_opened_pull_requests_daily,2025-02-08,5.0
Trail of Bits Security Reviews,GITHUB_comments_daily,2024-06-17,59.0
Walnut,GITHUB_stars_weekly,2024-06-17,10.0
Syndicate Protocol,GITHUB_stars_weekly,2024-06-17,1.0
Arbos Foundry,GITHUB_stars_weekly,2024-06-17,1.0
Pyth Network,GITHUB_stars_weekly,2024-06-17,5.0
Redstone Finance,GITHUB_commits_daily,2024-06-17,5.0
Open Source Observer,GITHUB_commits_daily,2024-06-17,6.0
Trail of Bits Security Reviews,GITHUB_commits_daily,2024-06-17,19.0
Trail of Bits Security Reviews,GITHUB_releases_weekly,2024-06-17,2.0
Open Source Observer,GITHUB_commits_weekly,2024-06-17,35.0
thirdweb,GITHUB_commits_weekly,2024-06-17,132.0
Enclave,GITHUB_commits_weekly,2024-06-17,1.0
Runtime Verification,GITHUB_commits_weekly,2024-06-17,139.0
Trail of Bits Security Reviews,GITHUB_commits_weekly,2024-06-17,112.0
thirdweb,GITHUB_comments_weekly,2024-06-17,903.0
Walnut,GITHUB_comments_weekly,2024-06-17,89.0
Open Source Observer,GITHUB_comments_weekly,2024-06-17,100.0
Syndicate Protocol,GITHUB_repositories_weekly,2024-06-17,1.0
Passport XYZ,GITHUB_repositories_weekly,2024-06-17,1.0
Walnut,GITHUB_repositories_daily,2024-06-17,2.0
thirdweb,GITHUB_forks_daily,2024-06-17,1.0
Pyth Network,GITHUB_repositories_daily,2024-06-17,4.0
Redstone Finance,GITHUB_repositories_daily,2024-06-17,1.0
Debid - Fairblock,GITHUB_repositories_daily,2024-06-17,2.0
Pyth Network,GITHUB_contributors_weekly,2024-06-17,17.0
Trail of Bits Security Reviews,GITHUB_contributors_weekly,2024-06-17,22.0
Arbos Foundry,GITHUB_active_developers_weekly,2024-06-17,1.0
Pyth Network,GITHUB_active_developers_weekly,2024-06-17,8.0
Enclave,GITHUB_active_developers_weekly,2024-06-17,1.0
Trail of Bits Security Reviews,GITHUB_active_developers_weekly,2024-06-17,13.0
Walnut,GITHUB_contributors_daily,2024-06-17,3.0
Redstone Finance,GITHUB_contributors_daily,2024-06-17,1.0
Walnut,GITHUB_active_developers_daily,2024-06-17,2.0
Pyth Network,GITHUB_opened_pull_requests_daily,2024-06-17,7.0
thirdweb,GITHUB_opened_pull_requests_daily,2024-06-17,23.0
Debid - Fairblock,GITHUB_opened_pull_requests_weekly,2024-06-17,2.0
Trail of Bits Security Reviews,GITHUB_opened_pull_requests_weekly,2024-06-17,59.0
Pyth Network,GITHUB_opened_pull_requests_weekly,2024-06-17,32.0
Pyth Network,GITHUB_opened_issues_weekly,2024-06-17,1.0
thirdweb,GITHUB_opened_issues_weekly,2024-06-17,10.0
Trail of Bits Security Reviews,GITHUB_opened_issues_daily,2024-06-17,4.0
Walnut,GITHUB_opened_issues_daily,2024-06-17,1.0
Open Source Observer,GITHUB_opened_issues_daily,2024-06-17,15.0
Trail of Bits Security Reviews,GITHUB_closed_issues_weekly,2024-06-17,4.0
Walnut,GITHUB_closed_issues_weekly,2024-06-17,2.0
Runtime Verification,GITHUB_closed_issues_daily,2024-06-17,1.0
thirdweb,GITHUB_closed_issues_daily,2024-06-17,6.0
Enclave,GITHUB_comments_daily,2024-12-02,7.0
Trail of Bits Security Reviews,GITHUB_comments_daily,2024-12-02,8.0
thirdweb,GITHUB_comments_daily,2024-12-02,219.0
Passport XYZ,GITHUB_comments_daily,2024-12-02,6.0
Passport XYZ,GITHUB_forks_weekly,2024-12-02,4.0
Runtime Verification,GITHUB_forks_weekly,2024-12-02,2.0
Trail of Bits Security Reviews,GITHUB_stars_weekly,2024-12-02,67.0
thirdweb,GITHUB_stars_weekly,2024-12-02,21.0
Trail of Bits Security Reviews,GITHUB_stars_daily,2024-12-02,9.0
Runtime Verification,GITHUB_commits_daily,2024-12-02,5.0
Open Source Observer,GITHUB_commits_daily,2024-12-02,9.0
Solang,GITHUB_commits_daily,2024-12-02,1.0
Trail of Bits Security Reviews,GITHUB_releases_weekly,2024-12-02,2.0
Passport XYZ,GITHUB_releases_weekly,2024-12-02,6.0
Moving Stylus,GITHUB_commits_weekly,2024-12-02,2.0
Debid - Fairblock,GITHUB_commits_weekly,2024-12-02,16.0
Ember,GITHUB_commits_weekly,2024-12-02,22.0
Debid - Fairblock,GITHUB_comments_weekly,2024-12-02,1.0
Runtime Verification,GITHUB_comments_weekly,2024-12-02,48.0
Trail of Bits Security Reviews,GITHUB_releases_daily,2024-12-02,1.0
Trail of Bits Security Reviews,GITHUB_repositories_weekly,2024-12-02,38.0
Enclave,GITHUB_repositories_weekly,2024-12-02,1.0
Passport XYZ,GITHUB_repositories_weekly,2024-12-02,4.0
Passport XYZ,GITHUB_repositories_daily,2024-12-02,3.0
Solang,GITHUB_repositories_daily,2024-12-02,1.0
Ember,GITHUB_contributors_weekly,2024-12-02,1.0
thirdweb,GITHUB_contributors_weekly,2024-12-02,22.0
Pyth Network,GITHUB_contributors_weekly,2024-12-02,19.0
Moving Stylus,GITHUB_contributors_weekly,2024-12-02,1.0
Trail of Bits Security Reviews,GITHUB_contributors_weekly,2024-12-02,20.0
Walnut,GITHUB_contributors_weekly,2024-12-02,5.0
Remix IDE plugin for Arbitrum Stylus,GITHUB_contributors_weekly,2024-12-02,1.0
Open Source Observer,GITHUB_active_developers_weekly,2024-12-02,7.0
Passport XYZ,GITHUB_active_developers_weekly,2024-12-02,4.0
Ember,GITHUB_active_developers_weekly,2024-12-02,1.0
Debid - Fairblock,GITHUB_active_developers_weekly,2024-12-02,1.0
Trail of Bits Security Reviews,GITHUB_active_developers_weekly,2024-12-02,12.0
Enclave,GITHUB_active_developers_daily,2024-12-02,1.0
Runtime Verification,GITHUB_active_developers_daily,2024-12-02,3.0
Debid - Fairblock,GITHUB_active_developers_daily,2024-12-02,1.0
Passport XYZ,GITHUB_opened_pull_requests_weekly,2024-12-02,12.0
Walnut,GITHUB_opened_pull_requests_weekly,2024-12-02,6.0
Open Source Observer,GITHUB_opened_pull_requests_daily,2024-12-02,5.0
Passport XYZ,GITHUB_opened_pull_requests_daily,2024-12-02,4.0
Pyth Network,GITHUB_merged_pull_requests_weekly,2024-12-02,39.0
Remix IDE plugin for Arbitrum Stylus,GITHUB_merged_pull_requests_weekly,2024-12-02,3.0
Redstone Finance,GITHUB_merged_pull_requests_weekly,2024-12-02,5.0
Solang,GITHUB_merged_pull_requests_daily,2024-12-02,1.0
Passport XYZ,GITHUB_opened_issues_weekly,2024-12-02,40.0
thirdweb,GITHUB_opened_issues_weekly,2024-12-02,4.0
Walnut,GITHUB_closed_issues_weekly,2024-12-02,3.0
Runtime Verification,GITHUB_closed_issues_weekly,2024-12-02,2.0
Pyth Network,GITHUB_closed_issues_daily,2024-12-02,2.0
Pyth Network,GITHUB_comments_daily,2024-10-15,8.0
Redstone Finance,GITHUB_comments_daily,2024-10-15,4.0
Trail of Bits Security Reviews,GITHUB_commits_daily,2024-10-15,9.0
Redstone Finance,GITHUB_commits_daily,2024-10-15,72.0
Passport XYZ,GITHUB_commits_daily,2024-10-15,10.0
Runtime Verification,GITHUB_commits_daily,2024-10-15,23.0
Pyth Network,GITHUB_commits_daily,2024-10-15,1.0
Enclave,GITHUB_commits_daily,2024-10-15,1.0
Pyth Network,GITHUB_forks_daily,2024-10-15,2.0
thirdweb,GITHUB_forks_daily,2024-10-15,5.0
Trail of Bits Security Reviews,GITHUB_repositories_daily,2024-10-15,13.0
Open Source Observer,GITHUB_repositories_daily,2024-10-15,4.0
Sylow,GITHUB_repositories_daily,2024-10-15,1.0
Walnut,GITHUB_repositories_daily,2024-10-15,1.0
Runtime Verification,GITHUB_repositories_daily,2024-10-15,9.0
Passport XYZ,GITHUB_contributors_daily,2024-10-15,3.0
thirdweb,GITHUB_contributors_daily,2024-10-15,13.0
Open Source Observer,GITHUB_contributors_daily,2024-10-15,5.0
Passport XYZ,GITHUB_opened_pull_requests_daily,2024-10-15,4.0
Trail of Bits Security Reviews,GITHUB_opened_pull_requests_daily,2024-10-15,2.0
Redstone Finance,GITHUB_opened_pull_requests_daily,2024-10-15,5.0
Trail of Bits Security Reviews,GITHUB_merged_pull_requests_daily,2024-10-15,6.0
Pyth Network,GITHUB_merged_pull_requests_daily,2024-10-15,2.0
Runtime Verification,GITHUB_active_developers_daily,2024-10-15,3.0
Enclave,GITHUB_opened_issues_daily,2024-10-15,2.0
Walnut,GITHUB_opened_issues_daily,2024-10-15,1.0
Enclave,GITHUB_closed_issues_daily,2024-10-15,1.0
Redstone Finance,GITHUB_comments_daily,2024-03-20,1.0
Runtime Verification,GITHUB_stars_daily,2024-03-20,1.0
Pyth Network,GITHUB_stars_daily,2024-03-20,1.0
Trail of Bits Security Reviews,GITHUB_stars_daily,2024-03-20,50.0
thirdweb,GITHUB_commits_daily,2024-03-20,15.0
thirdweb,GITHUB_forks_daily,2024-03-20,2.0
Trail of Bits Security Reviews,GITHUB_forks_daily,2024-03-20,4.0
Open Source Observer,GITHUB_repositories_daily,2024-03-20,1.0
Debid - Fairblock,GITHUB_contributors_daily,2024-03-20,1.0
Walnut,GITHUB_contributors_daily,2024-03-20,5.0
Pyth Network,GITHUB_active_developers_daily,2024-03-20,3.0
Trail of Bits Security Reviews,GITHUB_active_developers_daily,2024-03-20,4.0
thirdweb,GITHUB_active_developers_daily,2024-03-20,6.0
Pyth Network,GITHUB_opened_pull_requests_daily,2024-03-20,5.0
Trail of Bits Security Reviews,GITHUB_opened_pull_requests_daily,2024-03-20,14.0
Redstone Finance,GITHUB_opened_pull_requests_daily,2024-03-20,1.0
Trail of Bits Security Reviews,GITHUB_merged_pull_requests_daily,2024-03-20,7.0
Pyth Network,GITHUB_merged_pull_requests_daily,2024-03-20,4.0
Runtime Verification,GITHUB_closed_issues_daily,2024-03-20,3.0
Pyth Network,GITHUB_comments_daily,2025-01-24,34.0
Open Source Observer,GITHUB_comments_daily,2025-01-24,8.0
Pyth Network,GITHUB_commits_daily,2025-01-24,9.0
9Lives,GITHUB_commits_daily,2025-01-24,4.0
9Lives,GITHUB_repositories_daily,2025-01-24,1.0
Enclave,GITHUB_repositories_daily,2025-01-24,1.0
thirdweb,GITHUB_repositories_daily,2025-01-24,2.0
Moving Stylus,GITHUB_repositories_daily,2025-01-24,1.0
Passport XYZ,GITHUB_forks_daily,2025-01-24,4.0
Moving Stylus,GITHUB_contributors_daily,2025-01-24,1.0
Walnut,GITHUB_contributors_daily,2025-01-24,1.0
Pyth Network,GITHUB_contributors_daily,2025-01-24,8.0
Runtime Verification,GITHUB_active_developers_daily,2025-01-24,2.0
Passport XYZ,GITHUB_active_developers_daily,2025-01-24,1.0
Redstone Finance,GITHUB_active_developers_daily,2025-01-24,2.0
Open Source Observer,GITHUB_active_developers_daily,2025-01-24,3.0
Walnut,GITHUB_opened_pull_requests_daily,2025-01-24,3.0
Redstone Finance,GITHUB_opened_pull_requests_daily,2025-01-24,2.0
Moving Stylus,GITHUB_opened_issues_daily,2025-01-24,1.0
Trail of Bits Security Reviews,GITHUB_opened_issues_daily,2025-01-24,7.0
Passport XYZ,GITHUB_comments_daily,2024-05-07,4.0
Runtime Verification,GITHUB_releases_daily,2024-05-07,4.0
Redstone Finance,GITHUB_repositories_daily,2024-05-07,5.0
Open Source Observer,GITHUB_repositories_daily,2024-05-07,2.0
Walnut,GITHUB_repositories_daily,2024-05-07,1.0
Runtime Verification,GITHUB_repositories_daily,2024-05-07,7.0
Trail of Bits Security Reviews,GITHUB_contributors_daily,2024-05-07,9.0
thirdweb,GITHUB_contributors_daily,2024-05-07,11.0
Runtime Verification,GITHUB_active_developers_daily,2024-05-07,2.0
Pyth Network,GITHUB_opened_pull_requests_daily,2024-05-07,16.0
Open Source Observer,GITHUB_merged_pull_requests_daily,2024-05-07,4.0
Redstone Finance,GITHUB_forks_weekly,2024-09-30,2.0
Passport XYZ,GITHUB_forks_weekly,2024-09-30,2.0
Runtime Verification,GITHUB_stars_weekly,2024-09-30,8.0
Solang,GITHUB_stars_weekly,2024-09-30,1.0
Solang,GITHUB_commits_daily,2024-09-30,1.0
Passport XYZ,GITHUB_commits_daily,2024-09-30,10.0
Open Source Observer,GITHUB_commits_daily,2024-09-30,2.0
Enclave,GITHUB_commits_weekly,2024-09-30,12.0
thirdweb,GITHUB_comments_weekly,2024-09-30,730.0
Runtime Verification,GITHUB_comments_weekly,2024-09-30,31.0
Solang,GITHUB_comments_weekly,2024-09-30,27.0
Passport XYZ,GITHUB_comments_weekly,2024-09-30,40.0
Solang,GITHUB_repositories_weekly,2024-09-30,1.0
Walnut,GITHUB_repositories_weekly,2024-09-30,3.0
Redstone Finance,GITHUB_repositories_weekly,2024-09-30,8.0
Open Source Observer,GITHUB_repositories_weekly,2024-09-30,6.0
Arbos Foundry,GITHUB_repositories_weekly,2024-09-30,1.0
Runtime Verification,GITHUB_repositories_daily,2024-09-30,12.0
Walnut,GITHUB_repositories_daily,2024-09-30,2.0
Passport XYZ,GITHUB_repositories_daily,2024-09-30,3.0
Redstone Finance,GITHUB_repositories_daily,2024-09-30,3.0
Walnut,GITHUB_contributors_weekly,2024-09-30,4.0
Enclave,GITHUB_contributors_weekly,2024-09-30,4.0
Open Source Observer,GITHUB_contributors_weekly,2024-09-30,9.0
Pyth Network,GITHUB_contributors_weekly,2024-09-30,8.0
Solang,GITHUB_active_developers_weekly,2024-09-30,1.0
Walnut,GITHUB_active_developers_weekly,2024-09-30,2.0
thirdweb,GITHUB_active_developers_weekly,2024-09-30,9.0
thirdweb,GITHUB_contributors_daily,2024-09-30,13.0
Runtime Verification,GITHUB_contributors_daily,2024-09-30,6.0
Walnut,GITHUB_contributors_daily,2024-09-30,3.0
thirdweb,GITHUB_active_developers_daily,2024-09-30,6.0
Debid - Fairblock,GITHUB_active_developers_daily,2024-09-30,1.0
Trail of Bits Security Reviews,GITHUB_active_developers_daily,2024-09-30,3.0
Solang,GITHUB_active_developers_daily,2024-09-30,1.0
thirdweb,GITHUB_opened_pull_requests_weekly,2024-09-30,113.0
Walnut,GITHUB_opened_pull_requests_weekly,2024-09-30,1.0
Trail of Bits Security Reviews,GITHUB_opened_pull_requests_daily,2024-09-30,24.0
Open Source Observer,GITHUB_opened_pull_requests_daily,2024-09-30,2.0
Pyth Network,GITHUB_merged_pull_requests_weekly,2024-09-30,25.0
Runtime Verification,GITHUB_opened_issues_weekly,2024-09-30,5.0
Trail of Bits Security Reviews,GITHUB_merged_pull_requests_daily,2024-09-30,5.0
Solang,GITHUB_merged_pull_requests_daily,2024-09-30,1.0
Walnut,GITHUB_closed_issues_weekly,2024-09-30,1.0
Trail of Bits Security Reviews,GITHUB_closed_issues_weekly,2024-09-30,3.0
Trail of Bits Security Reviews,GITHUB_closed_issues_daily,2024-09-30,1.0
Runtime Verification,GITHUB_forks_weekly,2025-03-03,3.0
Open Source Observer,GITHUB_forks_weekly,2025-03-03,2.0
Walnut,GITHUB_comments_daily,2025-03-03,8.0
Solang,GITHUB_comments_daily,2025-03-03,1.0
Redstone Finance,GITHUB_comments_daily,2025-03-03,1.0
Runtime Verification,GITHUB_comments_daily,2025-03-03,5.0
Solang,GITHUB_stars_daily,2025-03-03,1.0
9Lives,GITHUB_commits_daily,2025-03-03,3.0
Redstone Finance,GITHUB_commits_daily,2025-03-03,7.0
Pyth Network,GITHUB_commits_daily,2025-03-03,7.0
Trail of Bits Security Reviews,GITHUB_commits_daily,2025-03-03,7.0
Passport XYZ,GITHUB_stars_weekly,2025-03-03,4.0
Runtime Verification,GITHUB_stars_weekly,2025-03-03,5.0
CodeTracer,GITHUB_stars_weekly,2025-03-03,677.0
Debid - Fairblock,GITHUB_stars_weekly,2025-03-03,2.0
thirdweb,GITHUB_stars_weekly,2025-03-03,11.0
Pyth Network,GITHUB_commits_weekly,2025-03-03,56.0
Redstone Finance,GITHUB_commits_weekly,2025-03-03,76.0
Trail of Bits Security Reviews,GITHUB_commits_weekly,2025-03-03,53.0
CodeTracer,GITHUB_commits_weekly,2025-03-03,7.0
thirdweb,GITHUB_commits_weekly,2025-03-03,53.0
Runtime Verification,GITHUB_comments_weekly,2025-03-03,40.0
Walnut,GITHUB_commits_weekly,2025-03-03,51.0
Runtime Verification,GITHUB_commits_weekly,2025-03-03,26.0
thirdweb,GITHUB_repositories_daily,2025-03-03,3.0
Redstone Finance,GITHUB_repositories_daily,2025-03-03,4.0
Sylow,GITHUB_repositories_weekly,2025-03-03,1.0
CoBuilders,GITHUB_repositories_weekly,2025-03-03,1.0
Walnut,GITHUB_repositories_weekly,2025-03-03,8.0
thirdweb,GITHUB_repositories_weekly,2025-03-03,5.0
Pyth Network,GITHUB_repositories_weekly,2025-03-03,10.0
Open Source Observer,GITHUB_repositories_weekly,2025-03-03,6.0
Passport XYZ,GITHUB_contributors_daily,2025-03-03,2.0
Solang,GITHUB_contributors_daily,2025-03-03,1.0
Trail of Bits Security Reviews,GITHUB_contributors_daily,2025-03-03,3.0
Solang,GITHUB_contributors_weekly,2025-03-03,5.0
Runtime Verification,GITHUB_contributors_weekly,2025-03-03,18.0
9Lives,GITHUB_contributors_weekly,2025-03-03,4.0
Open Source Observer,GITHUB_active_developers_daily,2025-03-03,2.0
Runtime Verification,GITHUB_active_developers_daily,2025-03-03,2.0
Redstone Finance,GITHUB_active_developers_weekly,2025-03-03,5.0
CoBuilders,GITHUB_opened_pull_requests_weekly,2025-03-03,1.0
Redstone Finance,GITHUB_opened_pull_requests_weekly,2025-03-03,5.0
Open Source Observer,GITHUB_opened_pull_requests_weekly,2025-03-03,41.0
Trail of Bits Security Reviews,GITHUB_opened_pull_requests_daily,2025-03-03,22.0
Passport XYZ,GITHUB_opened_pull_requests_daily,2025-03-03,2.0
Open Source Observer,GITHUB_opened_pull_requests_daily,2025-03-03,4.0
thirdweb,GITHUB_opened_pull_requests_daily,2025-03-03,15.0
CodeTracer,GITHUB_merged_pull_requests_weekly,2025-03-03,1.0
Redstone Finance,GITHUB_merged_pull_requests_weekly,2025-03-03,6.0
Solang,GITHUB_merged_pull_requests_weekly,2025-03-03,1.0
Walnut,GITHUB_merged_pull_requests_weekly,2025-03-03,27.0
Runtime Verification,GITHUB_merged_pull_requests_daily,2025-03-03,2.0
Solang,GITHUB_opened_issues_daily,2025-03-03,1.0
Open Source Observer,GITHUB_opened_issues_daily,2025-03-03,4.0
Passport XYZ,GITHUB_opened_issues_weekly,2025-03-03,12.0
Sylow,GITHUB_opened_issues_weekly,2025-03-03,1.0
Runtime Verification,GITHUB_comments_daily,2024-06-26,39.0
Pyth Network,GITHUB_comments_daily,2024-06-26,13.0
Runtime Verification,GITHUB_stars_daily,2024-06-26,1.0
Pyth Network,GITHUB_commits_daily,2024-06-26,8.0
Trail of Bits Security Reviews,GITHUB_forks_daily,2024-06-26,2.0
Enclave,GITHUB_contributors_daily,2024-06-26,1.0
thirdweb,GITHUB_contributors_daily,2024-06-26,10.0
Trail of Bits Security Reviews,GITHUB_contributors_daily,2024-06-26,8.0
thirdweb,GITHUB_active_developers_daily,2024-06-26,4.0
Walnut,GITHUB_active_developers_daily,2024-06-26,3.0
Open Source Observer,GITHUB_active_developers_daily,2024-06-26,3.0
Enclave,GITHUB_opened_pull_requests_daily,2024-06-26,1.0
thirdweb,GITHUB_opened_pull_requests_daily,2024-06-26,34.0
Pyth Network,GITHUB_merged_pull_requests_daily,2024-06-26,8.0
Walnut,GITHUB_merged_pull_requests_daily,2024-06-26,5.0
Pyth Network,GITHUB_opened_issues_daily,2024-06-26,1.0
Trail of Bits Security Reviews,GITHUB_opened_issues_daily,2024-06-26,6.0
Walnut,GITHUB_closed_issues_daily,2024-06-26,3.0
Pyth Network,GITHUB_closed_issues_daily,2024-06-26,1.0
thirdweb,GITHUB_commits_daily,2024-08-06,25.0
Walnut,GITHUB_commits_daily,2024-08-06,4.0
Debid - Fairblock,GITHUB_releases_daily,2024-08-06,2.0
Passport XYZ,GITHUB_repositories_daily,2024-08-06,2.0
Pyth Network,GITHUB_contributors_daily,2024-08-06,5.0
Debid - Fairblock,GITHUB_contributors_daily,2024-08-06,2.0
Trail of Bits Security Reviews,GITHUB_active_developers_daily,2024-08-06,8.0
Pyth Network,GITHUB_active_developers_daily,2024-08-06,4.0
Debid - Fairblock,GITHUB_opened_pull_requests_daily,2024-08-06,2.0
Trail of Bits Security Reviews,GITHUB_opened_pull_requests_daily,2024-08-06,6.0
Redstone Finance,GITHUB_opened_pull_requests_daily,2024-08-06,4.0
Pyth Network,GITHUB_merged_pull_requests_daily,2024-08-06,8.0
Open Source Observer,GITHUB_merged_pull_requests_daily,2024-08-06,7.0
thirdweb,GITHUB_closed_issues_daily,2024-08-06,2.0
Open Source Observer,GITHUB_closed_issues_daily,2024-08-06,1.0
thirdweb,GITHUB_comments_daily,2024-09-14,69.0
Runtime Verification,GITHUB_repositories_daily,2024-09-14,1.0
Trail of Bits Security Reviews,GITHUB_contributors_daily,2024-09-14,1.0
Trail of Bits Security Reviews,GITHUB_active_developers_daily,2024-09-14,1.0
Runtime Verification,GITHUB_active_developers_daily,2024-09-14,1.0
Enclave,GITHUB_opened_pull_requests_daily,2024-09-14,3.0
Enclave,GITHUB_merged_pull_requests_daily,2024-09-14,3.0
Open Source Observer,GITHUB_comments_daily,2024-03-15,9.0
thirdweb,GITHUB_comments_daily,2024-03-15,54.0
Runtime Verification,GITHUB_comments_daily,2024-03-15,32.0
thirdweb,GITHUB_commits_daily,2024-03-15,18.0
Runtime Verification,GITHUB_commits_daily,2024-03-15,14.0
Pyth Network,GITHUB_stars_daily,2024-03-15,1.0
Runtime Verification,GITHUB_stars_daily,2024-03-15,2.0
Trail of Bits Security Reviews,GITHUB_releases_daily,2024-03-15,3.0
Runtime Verification,GITHUB_repositories_daily,2024-03-15,11.0
thirdweb,GITHUB_contributors_daily,2024-03-15,13.0
Runtime Verification,GITHUB_active_developers_daily,2024-03-15,3.0
Trail of Bits Security Reviews,GITHUB_opened_pull_requests_daily,2024-03-15,5.0
Pyth Network,GITHUB_merged_pull_requests_daily,2024-03-15,8.0
Runtime Verification,GITHUB_merged_pull_requests_daily,2024-03-15,9.0
Trail of Bits Security Reviews,GITHUB_closed_issues_daily,2024-03-15,1.0
Runtime Verification,GITHUB_closed_issues_daily,2024-03-15,5.0
Walnut,GITHUB_comments_daily,2024-03-02,5.0
Trail of Bits Security Reviews,GITHUB_comments_daily,2024-03-02,17.0
Runtime Verification,GITHUB_comments_daily,2024-03-02,2.0
Redstone Finance,GITHUB_commits_daily,2024-03-02,1.0
Redstone Finance,GITHUB_repositories_daily,2024-03-02,1.0
Walnut,GITHUB_contributors_daily,2024-03-02,3.0
thirdweb,GITHUB_contributors_daily,2024-03-02,4.0
Syndicate Protocol,GITHUB_active_developers_daily,2024-03-02,1.0
Runtime Verification,GITHUB_active_developers_daily,2024-03-02,1.0
thirdweb,GITHUB_active_developers_daily,2024-03-02,2.0
thirdweb,GITHUB_opened_pull_requests_daily,2024-03-02,3.0
Open Source Observer,GITHUB_comments_daily,2024-01-30,1.0
Walnut,GITHUB_comments_daily,2024-01-30,3.0
thirdweb,GITHUB_comments_daily,2024-01-30,33.0
Debid - Fairblock,GITHUB_stars_daily,2024-01-30,1.0
Walnut,GITHUB_stars_daily,2024-01-30,2.0
Walnut,GITHUB_commits_daily,2024-01-30,2.0
thirdweb,GITHUB_repositories_daily,2024-01-30,5.0
Trail of Bits Security Reviews,GITHUB_repositories_daily,2024-01-30,21.0
Syndicate Protocol,GITHUB_repositories_daily,2024-01-30,1.0
Walnut,GITHUB_repositories_daily,2024-01-30,1.0
Trail of Bits Security Reviews,GITHUB_contributors_daily,2024-01-30,11.0
Walnut,GITHUB_contributors_daily,2024-01-30,1.0
Runtime Verification,GITHUB_contributors_daily,2024-01-30,13.0
Pyth Network,GITHUB_contributors_daily,2024-01-30,6.0
Syndicate Protocol,GITHUB_active_developers_daily,2024-01-30,1.0
Pyth Network,GITHUB_active_developers_daily,2024-01-30,6.0
Trail of Bits Security Reviews,GITHUB_opened_pull_requests_daily,2024-01-30,7.0
thirdweb,GITHUB_merged_pull_requests_daily,2024-01-30,13.0
Trail of Bits Security Reviews,GITHUB_opened_issues_daily,2024-01-30,3.0
Runtime Verification,GITHUB_closed_issues_daily,2024-01-30,1.0
thirdweb,GITHUB_closed_issues_daily,2024-01-30,1.0
thirdweb,GITHUB_comments_daily,2025-03-12,45.0
Trail of Bits Security Reviews,GITHUB_comments_daily,2025-03-12,9.0
CodeTracer,GITHUB_stars_daily,2025-03-12,16.0
thirdweb,GITHUB_stars_daily,2025-03-12,2.0
Pyth Network,GITHUB_stars_daily,2025-03-12,1.0
9Lives,GITHUB_commits_daily,2025-03-12,11.0
Runtime Verification,GITHUB_releases_daily,2025-03-12,3.0
Trail of Bits Security Reviews,GITHUB_forks_daily,2025-03-12,1.0
Passport XYZ,GITHUB_repositories_daily,2025-03-12,2.0
Walnut,GITHUB_repositories_daily,2025-03-12,2.0
CodeTracer,GITHUB_repositories_daily,2025-03-12,1.0
9Lives,GITHUB_active_developers_daily,2025-03-12,1.0
thirdweb,GITHUB_active_developers_daily,2025-03-12,2.0
Pyth Network,GITHUB_opened_pull_requests_daily,2025-03-12,11.0
Open Source Observer,GITHUB_opened_pull_requests_daily,2025-03-12,1.0
Solang,GITHUB_opened_issues_daily,2025-03-12,4.0
CodeTracer,GITHUB_opened_issues_daily,2025-03-12,3.0
Runtime Verification,GITHUB_closed_issues_daily,2025-03-12,3.0
Trail of Bits Security Reviews,GITHUB_closed_issues_daily,2025-03-12,1.0
Open Source Observer,GITHUB_closed_issues_daily,2025-03-12,6.0
Walnut,GITHUB_comments_daily,2024-03-21,8.0
Trail of Bits Security Reviews,GITHUB_comments_daily,2024-03-21,4.0
thirdweb,GITHUB_comments_daily,2024-03-21,52.0
Open Source Observer,GITHUB_comments_daily,2024-03-21,45.0
Debid - Fairblock,GITHUB_comments_daily,2024-03-21,2.0
thirdweb,GITHUB_stars_daily,2024-03-21,1.0
Debid - Fairblock,GITHUB_stars_daily,2024-03-21,3.0
WakeUp Labs,GITHUB_stars_daily,2024-03-21,1.0
Trail of Bits Security Reviews,GITHUB_stars_daily,2024-03-21,20.0
Pyth Network,GITHUB_commits_daily,2024-03-21,5.0
Runtime Verification,GITHUB_commits_daily,2024-03-21,38.0
Walnut,GITHUB_repositories_daily,2024-03-21,1.0
Runtime Verification,GITHUB_repositories_daily,2024-03-21,12.0
Trail of Bits Security Reviews,GITHUB_contributors_daily,2024-03-21,7.0
Pyth Network,GITHUB_contributors_daily,2024-03-21,6.0
Open Source Observer,GITHUB_contributors_daily,2024-03-21,2.0
Pyth Network,GITHUB_active_developers_daily,2024-03-21,4.0
thirdweb,GITHUB_active_developers_daily,2024-03-21,8.0
Pyth Network,GITHUB_opened_pull_requests_daily,2024-03-21,9.0
Open Source Observer,GITHUB_opened_pull_requests_daily,2024-03-21,16.0
Trail of Bits Security Reviews,GITHUB_merged_pull_requests_daily,2024-03-21,6.0
Runtime Verification,GITHUB_opened_issues_daily,2024-03-21,2.0
Walnut,GITHUB_comments_daily,2025-03-08,1.0
thirdweb,GITHUB_commits_daily,2025-03-08,2.0
Trail of Bits Security Reviews,GITHUB_commits_daily,2025-03-08,2.0
Trail of Bits Security Reviews,GITHUB_forks_daily,2025-03-08,1.0
Pyth Network,GITHUB_repositories_daily,2025-03-08,1.0
Pyth Network,GITHUB_contributors_daily,2025-03-08,1.0
Sylow,GITHUB_contributors_daily,2025-03-08,1.0
Redstone Finance,GITHUB_active_developers_daily,2025-03-08,1.0
Solang,GITHUB_active_developers_daily,2025-03-08,1.0
Pyth Network,GITHUB_opened_pull_requests_daily,2025-03-08,1.0
CodeTracer,GITHUB_opened_pull_requests_daily,2025-03-08,1.0
Trail of Bits Security Reviews,GITHUB_opened_pull_requests_daily,2025-03-08,3.0
thirdweb,GITHUB_merged_pull_requests_daily,2025-03-08,2.0
Redstone Finance,GITHUB_forks_weekly,2024-12-23,1.0
thirdweb,GITHUB_forks_weekly,2024-12-23,10.0
Open Source Observer,GITHUB_comments_daily,2024-12-23,1.0
Pyth Network,GITHUB_comments_daily,2024-12-23,1.0
Enclave,GITHUB_comments_daily,2024-12-23,18.0
Enclave,GITHUB_stars_weekly,2024-12-23,2.0
Pyth Network,GITHUB_stars_daily,2024-12-23,1.0
thirdweb,GITHUB_stars_daily,2024-12-23,1.0
Enclave,GITHUB_commits_daily,2024-12-23,22.0
CoBuilders,GITHUB_comments_weekly,2024-12-23,2.0
thirdweb,GITHUB_comments_weekly,2024-12-23,166.0
Solang,GITHUB_comments_weekly,2024-12-23,1.0
Runtime Verification,GITHUB_comments_weekly,2024-12-23,1.0
Walnut,GITHUB_comments_weekly,2024-12-23,37.0
Pyth Network,GITHUB_repositories_weekly,2024-12-23,8.0
Debid - Fairblock,GITHUB_repositories_weekly,2024-12-23,1.0
Solang,GITHUB_repositories_weekly,2024-12-23,1.0
Runtime Verification,GITHUB_repositories_weekly,2024-12-23,12.0
Trail of Bits Security Reviews,GITHUB_forks_daily,2024-12-23,1.0
thirdweb,GITHUB_repositories_daily,2024-12-23,2.0
Moving Stylus,GITHUB_repositories_daily,2024-12-23,1.0
Walnut,GITHUB_repositories_daily,2024-12-23,3.0
Solang,GITHUB_contributors_weekly,2024-12-23,1.0
CoBuilders,GITHUB_contributors_weekly,2024-12-23,1.0
Redstone Finance,GITHUB_contributors_weekly,2024-12-23,2.0
Enclave,GITHUB_contributors_weekly,2024-12-23,2.0
Pyth Network,GITHUB_contributors_weekly,2024-12-23,8.0
Open Source Observer,GITHUB_contributors_weekly,2024-12-23,6.0
Open Source Observer,GITHUB_active_developers_weekly,2024-12-23,4.0
Debid - Fairblock,GITHUB_active_developers_weekly,2024-12-23,2.0
Enclave,GITHUB_contributors_daily,2024-12-23,2.0
Open Source Observer,GITHUB_active_developers_daily,2024-12-23,1.0
thirdweb,GITHUB_opened_pull_requests_weekly,2024-12-23,22.0
Pyth Network,GITHUB_opened_pull_requests_weekly,2024-12-23,10.0
Moving Stylus,GITHUB_opened_pull_requests_daily,2024-12-23,1.0
Redstone Finance,GITHUB_opened_pull_requests_daily,2024-12-23,9.0
Moving Stylus,GITHUB_merged_pull_requests_weekly,2024-12-23,3.0
Redstone Finance,GITHUB_merged_pull_requests_daily,2024-12-23,7.0
Enclave,GITHUB_merged_pull_requests_daily,2024-12-23,3.0
Open Source Observer,GITHUB_merged_pull_requests_daily,2024-12-23,1.0
Pyth Network,GITHUB_opened_issues_weekly,2024-12-23,2.0
Walnut,GITHUB_closed_issues_weekly,2024-12-23,2.0
Enclave,GITHUB_closed_issues_weekly,2024-12-23,1.0
Enclave,GITHUB_closed_issues_daily,2024-12-23,1.0
thirdweb,GITHUB_comments_daily,2025-01-05,36.0
thirdweb,GITHUB_commits_daily,2025-01-05,5.0
Solang,GITHUB_stars_daily,2025-01-05,1.0
Passport XYZ,GITHUB_repositories_daily,2025-01-05,2.0
Redstone Finance,GITHUB_contributors_daily,2025-01-05,1.0
Open Source Observer,GITHUB_contributors_daily,2025-01-05,2.0
thirdweb,GITHUB_active_developers_daily,2025-01-05,2.0
Open Source Observer,GITHUB_opened_pull_requests_daily,2025-01-05,1.0
thirdweb,GITHUB_merged_pull_requests_daily,2025-01-05,5.0
Open Source Observer,GITHUB_merged_pull_requests_daily,2025-01-05,1.0
Open Source Observer,GITHUB_opened_issues_daily,2025-01-05,1.0
Open Source Observer,GITHUB_comments_daily,2024-06-14,22.0
Passport XYZ,GITHUB_comments_daily,2024-06-14,4.0
Runtime Verification,GITHUB_releases_daily,2024-06-14,1.0
Runtime Verification,GITHUB_stars_daily,2024-06-14,3.0
Trail of Bits Security Reviews,GITHUB_stars_daily,2024-06-14,19.0
Runtime Verification,GITHUB_commits_daily,2024-06-14,9.0
thirdweb,GITHUB_commits_daily,2024-06-14,27.0
Runtime Verification,GITHUB_forks_daily,2024-06-14,1.0
Redstone Finance,GITHUB_repositories_daily,2024-06-14,3.0
thirdweb,GITHUB_repositories_daily,2024-06-14,6.0
Open Source Observer,GITHUB_contributors_daily,2024-06-14,4.0
Redstone Finance,GITHUB_contributors_daily,2024-06-14,3.0
Trail of Bits Security Reviews,GITHUB_contributors_daily,2024-06-14,5.0
Walnut,GITHUB_contributors_daily,2024-06-14,4.0
thirdweb,GITHUB_active_developers_daily,2024-06-14,7.0
Passport XYZ,GITHUB_opened_pull_requests_daily,2024-06-14,2.0
Runtime Verification,GITHUB_merged_pull_requests_daily,2024-06-14,3.0
thirdweb,GITHUB_merged_pull_requests_daily,2024-06-14,31.0
Walnut,GITHUB_merged_pull_requests_daily,2024-06-14,5.0
Trail of Bits Security Reviews,GITHUB_merged_pull_requests_daily,2024-06-14,5.0
Open Source Observer,GITHUB_opened_issues_daily,2024-06-14,1.0
Runtime Verification,GITHUB_opened_issues_daily,2024-06-14,2.0
Trail of Bits Security Reviews,GITHUB_commits_daily,2024-03-05,20.0
Pyth Network,GITHUB_releases_daily,2024-03-05,1.0
Debid - Fairblock,GITHUB_forks_daily,2024-03-05,4.0
Walnut,GITHUB_repositories_daily,2024-03-05,1.0
Trail of Bits Security Reviews,GITHUB_repositories_daily,2024-03-05,15.0
Open Source Observer,GITHUB_repositories_daily,2024-03-05,1.0
Pyth Network,GITHUB_repositories_daily,2024-03-05,5.0
thirdweb,GITHUB_contributors_daily,2024-03-05,13.0
Walnut,GITHUB_contributors_daily,2024-03-05,2.0
thirdweb,GITHUB_active_developers_daily,2024-03-05,8.0
Trail of Bits Security Reviews,GITHUB_active_developers_daily,2024-03-05,6.0
Pyth Network,GITHUB_opened_pull_requests_daily,2024-03-05,6.0
Open Source Observer,GITHUB_opened_pull_requests_daily,2024-03-05,2.0
Runtime Verification,GITHUB_opened_pull_requests_daily,2024-03-05,28.0
Debid - Fairblock,GITHUB_merged_pull_requests_daily,2024-03-05,2.0
Open Source Observer,GITHUB_opened_issues_daily,2024-03-05,2.0
Pyth Network,GITHUB_comments_daily,2024-02-23,14.0
Trail of Bits Security Reviews,GITHUB_comments_daily,2024-02-23,6.0
thirdweb,GITHUB_comments_daily,2024-02-23,73.0
Redstone Finance,GITHUB_stars_daily,2024-02-23,2.0
Trail of Bits Security Reviews,GITHUB_commits_daily,2024-02-23,27.0
Runtime Verification,GITHUB_releases_daily,2024-02-23,7.0
Trail of Bits Security Reviews,GITHUB_forks_daily,2024-02-23,2.0
thirdweb,GITHUB_forks_daily,2024-02-23,4.0
Redstone Finance,GITHUB_repositories_daily,2024-02-23,4.0
Open Source Observer,GITHUB_repositories_daily,2024-02-23,1.0
Runtime Verification,GITHUB_repositories_daily,2024-02-23,11.0
Walnut,GITHUB_contributors_daily,2024-02-23,2.0
Debid - Fairblock,GITHUB_contributors_daily,2024-02-23,1.0
Redstone Finance,GITHUB_contributors_daily,2024-02-23,3.0
Redstone Finance,GITHUB_active_developers_daily,2024-02-23,2.0
Trail of Bits Security Reviews,GITHUB_active_developers_daily,2024-02-23,5.0
Runtime Verification,GITHUB_active_developers_daily,2024-02-23,4.0
Debid - Fairblock,GITHUB_opened_pull_requests_daily,2024-02-23,1.0
Trail of Bits Security Reviews,GITHUB_opened_pull_requests_daily,2024-02-23,4.0
Open Source Observer,GITHUB_opened_pull_requests_daily,2024-02-23,4.0
Runtime Verification,GITHUB_opened_pull_requests_daily,2024-02-23,14.0
Runtime Verification,GITHUB_merged_pull_requests_daily,2024-02-23,12.0
Pyth Network,GITHUB_merged_pull_requests_daily,2024-02-23,3.0
Open Source Observer,GITHUB_merged_pull_requests_daily,2024-02-23,5.0
Trail of Bits Security Reviews,GITHUB_opened_issues_daily,2024-02-23,1.0
Runtime Verification,GITHUB_comments_daily,2024-10-09,4.0
Trail of Bits Security Reviews,GITHUB_commits_daily,2024-10-09,2.0
Pyth Network,GITHUB_commits_daily,2024-10-09,6.0
thirdweb,GITHUB_releases_daily,2024-10-09,4.0
thirdweb,GITHUB_forks_daily,2024-10-09,1.0
Runtime Verification,GITHUB_forks_daily,2024-10-09,2.0
Open Source Observer,GITHUB_repositories_daily,2024-10-09,2.0
Trail of Bits Security Reviews,GITHUB_repositories_daily,2024-10-09,7.0
Debid - Fairblock,GITHUB_repositories_daily,2024-10-09,1.0
Open Source Observer,GITHUB_contributors_daily,2024-10-09,3.0
Debid - Fairblock,GITHUB_contributors_daily,2024-10-09,1.0
Trail of Bits Security Reviews,GITHUB_contributors_daily,2024-10-09,3.0
Pyth Network,GITHUB_active_developers_daily,2024-10-09,4.0
Pyth Network,GITHUB_opened_pull_requests_daily,2024-10-09,11.0
Passport XYZ,GITHUB_opened_pull_requests_daily,2024-10-09,2.0
Runtime Verification,GITHUB_opened_pull_requests_daily,2024-10-09,9.0
Redstone Finance,GITHUB_merged_pull_requests_daily,2024-10-09,1.0
Passport XYZ,GITHUB_merged_pull_requests_daily,2024-10-09,6.0
Open Source Observer,GITHUB_merged_pull_requests_daily,2024-10-09,3.0
Runtime Verification,GITHUB_closed_issues_daily,2024-10-09,1.0
Open Source Observer,GITHUB_comments_daily,2024-07-28,17.0
Trail of Bits Security Reviews,GITHUB_comments_daily,2024-07-28,4.0
thirdweb,GITHUB_comments_daily,2024-07-28,45.0
Trail of Bits Security Reviews,GITHUB_stars_daily,2024-07-28,3.0
thirdweb,GITHUB_forks_daily,2024-07-28,1.0
Trail of Bits Security Reviews,GITHUB_repositories_daily,2024-07-28,4.0
thirdweb,GITHUB_repositories_daily,2024-07-28,5.0
Open Source Observer,GITHUB_active_developers_daily,2024-07-28,2.0
Debid - Fairblock,GITHUB_contributors_daily,2024-07-28,1.0
Open Source Observer,GITHUB_opened_pull_requests_daily,2024-07-28,5.0
thirdweb,GITHUB_opened_pull_requests_daily,2024-07-28,2.0
Debid - Fairblock,GITHUB_opened_pull_requests_daily,2024-07-28,2.0
Open Source Observer,GITHUB_opened_issues_daily,2024-07-28,3.0
thirdweb,GITHUB_comments_daily,2025-04-10,37.0
Runtime Verification,GITHUB_comments_daily,2025-04-10,21.0
CodeTracer,GITHUB_stars_daily,2025-04-10,2.0
Open Source Observer,GITHUB_comments_daily,2025-04-10,13.0
Trail of Bits Security Reviews,GITHUB_comments_daily,2025-04-10,19.0
thirdweb,GITHUB_commits_daily,2025-04-10,17.0
CodeTracer,GITHUB_commits_daily,2025-04-10,1.0
Runtime Verification,GITHUB_repositories_daily,2025-04-10,7.0
thirdweb,GITHUB_repositories_daily,2025-04-10,5.0
Trail of Bits Security Reviews,GITHUB_forks_daily,2025-04-10,1.0
CodeTracer,GITHUB_contributors_daily,2025-04-10,2.0
Runtime Verification,GITHUB_contributors_daily,2025-04-10,9.0
Pyth Network,GITHUB_contributors_daily,2025-04-10,5.0
9Lives,GITHUB_contributors_daily,2025-04-10,1.0
Runtime Verification,GITHUB_active_developers_daily,2025-04-10,1.0
thirdweb,GITHUB_active_developers_daily,2025-04-10,4.0
Runtime Verification,GITHUB_opened_pull_requests_daily,2025-04-10,6.0
thirdweb,GITHUB_opened_pull_requests_daily,2025-04-10,11.0
Walnut,GITHUB_merged_pull_requests_daily,2025-04-10,2.0
thirdweb,GITHUB_merged_pull_requests_daily,2025-04-10,13.0
CodeTracer,GITHUB_merged_pull_requests_daily,2025-04-10,1.0
Trail of Bits Security Reviews,GITHUB_merged_pull_requests_daily,2025-04-10,2.0
Redstone Finance,GITHUB_merged_pull_requests_daily,2025-04-10,1.0
Open Source Observer,GITHUB_opened_issues_daily,2025-04-10,4.0
Pyth Network,GITHUB_comments_daily,2024-05-19,1.0
thirdweb,GITHUB_stars_daily,2024-05-19,3.0
Runtime Verification,GITHUB_commits_daily,2024-05-19,1.0
Pyth Network,GITHUB_commits_daily,2024-05-19,1.0
thirdweb,GITHUB_repositories_daily,2024-05-19,3.0
thirdweb,GITHUB_active_developers_daily,2024-05-19,2.0
Trail of Bits Security Reviews,GITHUB_merged_pull_requests_daily,2024-05-19,13.0
Pyth Network,GITHUB_merged_pull_requests_daily,2024-05-19,1.0
thirdweb,GITHUB_opened_issues_daily,2024-05-19,1.0
Open Source Observer,GITHUB_comments_daily,2025-02-13,36.0
thirdweb,GITHUB_comments_daily,2025-02-13,79.0
Runtime Verification,GITHUB_comments_daily,2025-02-13,15.0
Trail of Bits Security Reviews,GITHUB_comments_daily,2025-02-13,12.0
Passport XYZ,GITHUB_stars_daily,2025-02-13,18.0
Trail of Bits Security Reviews,GITHUB_stars_daily,2025-02-13,7.0
thirdweb,GITHUB_stars_daily,2025-02-13,2.0
Runtime Verification,GITHUB_stars_daily,2025-02-13,2.0
Redstone Finance,GITHUB_contributors_daily,2025-02-13,2.0
Open Source Observer,GITHUB_contributors_daily,2025-02-13,5.0
Walnut,GITHUB_contributors_daily,2025-02-13,2.0
Runtime Verification,GITHUB_contributors_daily,2025-02-13,3.0
Open Source Observer,GITHUB_forks_daily,2025-02-13,2.0
Passport XYZ,GITHUB_forks_daily,2025-02-13,4.0
Trail of Bits Security Reviews,GITHUB_repositories_daily,2025-02-13,5.0
Open Source Observer,GITHUB_repositories_daily,2025-02-13,2.0
Walnut,GITHUB_repositories_daily,2025-02-13,2.0
Trail of Bits Security Reviews,GITHUB_opened_pull_requests_daily,2025-02-13,3.0
Runtime Verification,GITHUB_opened_pull_requests_daily,2025-02-13,1.0
Walnut,GITHUB_merged_pull_requests_daily,2025-02-13,3.0
Open Source Observer,GITHUB_opened_issues_daily,2025-02-13,5.0
Runtime Verification,GITHUB_opened_issues_daily,2025-02-13,2.0
Open Source Observer,GITHUB_closed_issues_daily,2025-02-13,2.0
Trail of Bits Security Reviews,GITHUB_closed_issues_daily,2025-02-13,1.0
Trail of Bits Security Reviews,GITHUB_comments_daily,2024-12-06,4.0
Debid - Fairblock,GITHUB_comments_daily,2024-12-06,1.0
Open Source Observer,GITHUB_commits_daily,2024-12-06,2.0
thirdweb,GITHUB_releases_daily,2024-12-06,1.0
Trail of Bits Security Reviews,GITHUB_repositories_daily,2024-12-06,14.0
Walnut,GITHUB_repositories_daily,2024-12-06,4.0
Runtime Verification,GITHUB_contributors_daily,2024-12-06,7.0
Passport XYZ,GITHUB_contributors_daily,2024-12-06,1.0
thirdweb,GITHUB_contributors_daily,2024-12-06,13.0
Passport XYZ,GITHUB_merged_pull_requests_daily,2024-12-06,2.0
Walnut,GITHUB_active_developers_daily,2024-12-06,3.0
Open Source Observer,GITHUB_active_developers_daily,2024-12-06,2.0
Redstone Finance,GITHUB_active_developers_daily,2024-12-06,1.0
Runtime Verification,GITHUB_opened_pull_requests_daily,2024-12-06,3.0
Pyth Network,GITHUB_opened_pull_requests_daily,2024-12-06,8.0
Runtime Verification,GITHUB_opened_issues_daily,2024-12-06,2.0
Walnut,GITHUB_closed_issues_daily,2024-12-06,1.0
Trail of Bits Security Reviews,GITHUB_comments_daily,2024-08-13,2.0
thirdweb,GITHUB_comments_daily,2024-08-13,196.0
thirdweb,GITHUB_stars_daily,2024-08-13,2.0
Runtime Verification,GITHUB_commits_daily,2024-08-13,18.0
thirdweb,GITHUB_commits_daily,2024-08-13,30.0
Redstone Finance,GITHUB_commits_daily,2024-08-13,5.0
Redstone Finance,GITHUB_repositories_daily,2024-08-13,2.0
Trail of Bits Security Reviews,GITHUB_repositories_daily,2024-08-13,15.0
Redstone Finance,GITHUB_contributors_daily,2024-08-13,2.0
Trail of Bits Security Reviews,GITHUB_contributors_daily,2024-08-13,8.0
Runtime Verification,GITHUB_contributors_daily,2024-08-13,10.0
Pyth Network,GITHUB_contributors_daily,2024-08-13,4.0
thirdweb,GITHUB_contributors_daily,2024-08-13,14.0
Pyth Network,GITHUB_active_developers_daily,2024-08-13,3.0
Trail of Bits Security Reviews,GITHUB_merged_pull_requests_daily,2024-08-13,5.0
Redstone Finance,GITHUB_merged_pull_requests_daily,2024-08-13,1.0
Pyth Network,GITHUB_merged_pull_requests_daily,2024-08-13,11.0
Walnut,GITHUB_merged_pull_requests_daily,2024-08-13,3.0
Trail of Bits Security Reviews,GITHUB_stars_daily,2024-02-08,24.0
Trail of Bits Security Reviews,GITHUB_commits_daily,2024-02-08,24.0
WakeUp Labs,GITHUB_commits_daily,2024-02-08,2.0
Redstone Finance,GITHUB_commits_daily,2024-02-08,4.0
Trail of Bits Security Reviews,GITHUB_forks_daily,2024-02-08,5.0
Trail of Bits Security Reviews,GITHUB_repositories_daily,2024-02-08,9.0
Redstone Finance,GITHUB_contributors_daily,2024-02-08,2.0
Walnut,GITHUB_contributors_daily,2024-02-08,1.0
Trail of Bits Security Reviews,GITHUB_contributors_daily,2024-02-08,10.0
Open Source Observer,GITHUB_contributors_daily,2024-02-08,3.0
WakeUp Labs,GITHUB_active_developers_daily,2024-02-08,1.0
Trail of Bits Security Reviews,GITHUB_opened_pull_requests_daily,2024-02-08,8.0
Trail of Bits Security Reviews,GITHUB_merged_pull_requests_daily,2024-02-08,13.0
thirdweb,GITHUB_merged_pull_requests_daily,2024-02-08,12.0
Walnut,GITHUB_opened_issues_daily,2024-02-08,1.0
Open Source Observer,GITHUB_opened_issues_daily,2024-02-08,1.0
Solang,GITHUB_comments_daily,2024-09-27,1.0
Runtime Verification,GITHUB_comments_daily,2024-09-27,29.0
thirdweb,GITHUB_stars_daily,2024-09-27,1.0
Trail of Bits Security Reviews,GITHUB_stars_daily,2024-09-27,7.0
thirdweb,GITHUB_commits_daily,2024-09-27,26.0
Redstone Finance,GITHUB_commits_daily,2024-09-27,2.0
Runtime Verification,GITHUB_releases_daily,2024-09-27,1.0
Passport XYZ,GITHUB_releases_daily,2024-09-27,4.0
thirdweb,GITHUB_repositories_daily,2024-09-27,3.0
Passport XYZ,GITHUB_repositories_daily,2024-09-27,2.0
Open Source Observer,GITHUB_repositories_daily,2024-09-27,2.0
Arbos Foundry,GITHUB_repositories_daily,2024-09-27,1.0
Enclave,GITHUB_contributors_daily,2024-09-27,1.0
Redstone Finance,GITHUB_contributors_daily,2024-09-27,2.0
Passport XYZ,GITHUB_contributors_daily,2024-09-27,4.0
Runtime Verification,GITHUB_active_developers_daily,2024-09-27,1.0
Redstone Finance,GITHUB_active_developers_daily,2024-09-27,2.0
Redstone Finance,GITHUB_opened_pull_requests_daily,2024-09-27,1.0
Open Source Observer,GITHUB_opened_pull_requests_daily,2024-09-27,2.0
Redstone Finance,GITHUB_merged_pull_requests_daily,2024-09-27,1.0
Walnut,GITHUB_merged_pull_requests_daily,2024-09-27,2.0
Open Source Observer,GITHUB_merged_pull_requests_daily,2024-09-27,4.0
Runtime Verification,GITHUB_opened_issues_daily,2024-09-27,2.0
Walnut,GITHUB_comments_daily,2024-09-12,1.0
Trail of Bits Security Reviews,GITHUB_comments_daily,2024-09-12,9.0
Runtime Verification,GITHUB_commits_daily,2024-09-12,30.0
Pyth Network,GITHUB_commits_daily,2024-09-12,9.0
thirdweb,GITHUB_releases_daily,2024-09-12,3.0
Enclave,GITHUB_repositories_daily,2024-09-12,1.0
Trail of Bits Security Reviews,GITHUB_repositories_daily,2024-09-12,18.0
Trail of Bits Security Reviews,GITHUB_contributors_daily,2024-09-12,3.0
Runtime Verification,GITHUB_contributors_daily,2024-09-12,8.0
Runtime Verification,GITHUB_active_developers_daily,2024-09-12,4.0
Redstone Finance,GITHUB_active_developers_daily,2024-09-12,2.0
Pyth Network,GITHUB_opened_pull_requests_daily,2024-09-12,9.0
Runtime Verification,GITHUB_opened_pull_requests_daily,2024-09-12,5.0
thirdweb,GITHUB_merged_pull_requests_daily,2024-09-12,28.0
Debid - Fairblock,GITHUB_merged_pull_requests_daily,2024-09-12,1.0
Open Source Observer,GITHUB_merged_pull_requests_daily,2024-09-12,8.0
Enclave,GITHUB_merged_pull_requests_daily,2024-09-12,2.0
Open Source Observer,GITHUB_opened_issues_daily,2024-09-12,4.0
Trail of Bits Security Reviews,GITHUB_opened_issues_daily,2024-09-12,1.0
Passport XYZ,GITHUB_comments_daily,2024-08-19,16.0
thirdweb,GITHUB_stars_daily,2024-08-19,2.0
Runtime Verification,GITHUB_stars_daily,2024-08-19,2.0
Trail of Bits Security Reviews,GITHUB_stars_weekly,2024-08-19,72.0
Debid - Fairblock,GITHUB_stars_weekly,2024-08-19,1.0
Runtime Verification,GITHUB_stars_weekly,2024-08-19,8.0
Passport XYZ,GITHUB_stars_weekly,2024-08-19,2.0
Runtime Verification,GITHUB_releases_weekly,2024-08-19,42.0
thirdweb,GITHUB_releases_weekly,2024-08-19,6.0
thirdweb,GITHUB_releases_daily,2024-08-19,1.0
Debid - Fairblock,GITHUB_releases_daily,2024-08-19,1.0
Debid - Fairblock,GITHUB_comments_weekly,2024-08-19,1.0
thirdweb,GITHUB_comments_weekly,2024-08-19,749.0
Remix IDE plugin for Arbitrum Stylus,GITHUB_commits_weekly,2024-08-19,1.0
Pyth Network,GITHUB_commits_weekly,2024-08-19,25.0
Redstone Finance,GITHUB_commits_weekly,2024-08-19,26.0
Debid - Fairblock,GITHUB_commits_weekly,2024-08-19,21.0
Pyth Network,GITHUB_forks_daily,2024-08-19,2.0
thirdweb,GITHUB_forks_daily,2024-08-19,4.0
Pyth Network,GITHUB_repositories_daily,2024-08-19,4.0
Passport XYZ,GITHUB_repositories_daily,2024-08-19,1.0
Remix IDE plugin for Arbitrum Stylus,GITHUB_contributors_weekly,2024-08-19,2.0
Pyth Network,GITHUB_contributors_weekly,2024-08-19,14.0
Runtime Verification,GITHUB_contributors_weekly,2024-08-19,19.0
Debid - Fairblock,GITHUB_contributors_weekly,2024-08-19,1.0
Runtime Verification,GITHUB_active_developers_weekly,2024-08-19,8.0
Redstone Finance,GITHUB_active_developers_weekly,2024-08-19,3.0
Trail of Bits Security Reviews,GITHUB_active_developers_weekly,2024-08-19,9.0
Pyth Network,GITHUB_contributors_daily,2024-08-19,4.0
Runtime Verification,GITHUB_active_developers_daily,2024-08-19,4.0
Runtime Verification,GITHUB_opened_pull_requests_daily,2024-08-19,10.0
Trail of Bits Security Reviews,GITHUB_opened_pull_requests_daily,2024-08-19,27.0
Debid - Fairblock,GITHUB_opened_pull_requests_weekly,2024-08-19,2.0
thirdweb,GITHUB_opened_pull_requests_weekly,2024-08-19,102.0
Pyth Network,GITHUB_merged_pull_requests_daily,2024-08-19,3.0
Trail of Bits Security Reviews,GITHUB_merged_pull_requests_weekly,2024-08-19,59.0
Debid - Fairblock,GITHUB_merged_pull_requests_weekly,2024-08-19,4.0
Redstone Finance,GITHUB_opened_issues_weekly,2024-08-19,2.0
Enclave,GITHUB_opened_issues_weekly,2024-08-19,1.0
Open Source Observer,GITHUB_opened_issues_weekly,2024-08-19,19.0
Open Source Observer,GITHUB_opened_issues_daily,2024-08-19,2.0
Runtime Verification,GITHUB_closed_issues_weekly,2024-08-19,8.0
Passport XYZ,GITHUB_closed_issues_weekly,2024-08-19,16.0
Open Source Observer,GITHUB_closed_issues_weekly,2024-08-19,16.0
Pyth Network,GITHUB_closed_issues_weekly,2024-08-19,2.0
Trail of Bits Security Reviews,GITHUB_comments_daily,2024-01-31,3.0
thirdweb,GITHUB_stars_daily,2024-01-31,1.0
Trail of Bits Security Reviews,GITHUB_stars_daily,2024-01-31,41.0
Runtime Verification,GITHUB_stars_daily,2024-01-31,3.0
Runtime Verification,GITHUB_commits_daily,2024-01-31,24.0
Trail of Bits Security Reviews,GITHUB_forks_daily,2024-01-31,2.0
Syndicate Protocol,GITHUB_repositories_daily,2024-01-31,1.0
Trail of Bits Security Reviews,GITHUB_repositories_daily,2024-01-31,13.0
Open Source Observer,GITHUB_repositories_daily,2024-01-31,3.0
thirdweb,GITHUB_repositories_daily,2024-01-31,7.0
Walnut,GITHUB_contributors_daily,2024-01-31,2.0
Remix IDE plugin for Arbitrum Stylus,GITHUB_contributors_daily,2024-01-31,1.0
Trail of Bits Security Reviews,GITHUB_active_developers_daily,2024-01-31,3.0
thirdweb,GITHUB_opened_pull_requests_daily,2024-01-31,12.0
Open Source Observer,GITHUB_opened_pull_requests_daily,2024-01-31,4.0
Trail of Bits Security Reviews,GITHUB_opened_pull_requests_daily,2024-01-31,6.0
Walnut,GITHUB_opened_pull_requests_daily,2024-01-31,1.0
Pyth Network,GITHUB_opened_pull_requests_daily,2024-01-31,8.0
Runtime Verification,GITHUB_opened_issues_daily,2024-01-31,2.0
Trail of Bits Security Reviews,GITHUB_merged_pull_requests_daily,2024-01-31,8.0
Pyth Network,GITHUB_closed_issues_daily,2024-01-31,4.0
Runtime Verification,GITHUB_closed_issues_daily,2024-01-31,10.0
Trail of Bits Security Reviews,GITHUB_forks_weekly,2024-12-09,17.0
Open Source Observer,GITHUB_comments_daily,2024-12-09,16.0
Runtime Verification,GITHUB_stars_weekly,2024-12-09,5.0
Debid - Fairblock,GITHUB_stars_weekly,2024-12-09,2.0
Open Source Observer,GITHUB_stars_weekly,2024-12-09,5.0
Trail of Bits Security Reviews,GITHUB_stars_weekly,2024-12-09,108.0
Runtime Verification,GITHUB_commits_daily,2024-12-09,5.0
Trail of Bits Security Reviews,GITHUB_commits_daily,2024-12-09,35.0
Pyth Network,GITHUB_commits_daily,2024-12-09,22.0
Pyth Network,GITHUB_releases_weekly,2024-12-09,3.0
Trail of Bits Security Reviews,GITHUB_releases_daily,2024-12-09,1.0
thirdweb,GITHUB_commits_weekly,2024-12-09,113.0
Open Source Observer,GITHUB_commits_weekly,2024-12-09,53.0
Arbos Foundry,GITHUB_commits_weekly,2024-12-09,20.0
Ember,GITHUB_commits_weekly,2024-12-09,4.0
Trail of Bits Security Reviews,GITHUB_commits_weekly,2024-12-09,72.0
Passport XYZ,GITHUB_repositories_weekly,2024-12-09,4.0
Pyth Network,GITHUB_repositories_weekly,2024-12-09,10.0
Enclave,GITHUB_repositories_weekly,2024-12-09,1.0
Redstone Finance,GITHUB_repositories_weekly,2024-12-09,4.0
thirdweb,GITHUB_repositories_weekly,2024-12-09,7.0
Open Source Observer,GITHUB_repositories_daily,2024-12-09,3.0
Trail of Bits Security Reviews,GITHUB_repositories_daily,2024-12-09,20.0
Passport XYZ,GITHUB_repositories_daily,2024-12-09,4.0
Arbos Foundry,GITHUB_contributors_weekly,2024-12-09,1.0
Ember,GITHUB_contributors_weekly,2024-12-09,1.0
Runtime Verification,GITHUB_contributors_weekly,2024-12-09,21.0
Redstone Finance,GITHUB_contributors_weekly,2024-12-09,5.0
Trail of Bits Security Reviews,GITHUB_active_developers_weekly,2024-12-09,10.0
Arbos Foundry,GITHUB_active_developers_weekly,2024-12-09,1.0
Enclave,GITHUB_active_developers_weekly,2024-12-09,2.0
Open Source Observer,GITHUB_active_developers_weekly,2024-12-09,6.0
Walnut,GITHUB_contributors_daily,2024-12-09,1.0
Open Source Observer,GITHUB_contributors_daily,2024-12-09,5.0
Pyth Network,GITHUB_active_developers_daily,2024-12-09,4.0
Trail of Bits Security Reviews,GITHUB_opened_pull_requests_daily,2024-12-09,23.0
thirdweb,GITHUB_opened_pull_requests_daily,2024-12-09,16.0
Trail of Bits Security Reviews,GITHUB_opened_pull_requests_weekly,2024-12-09,53.0
Pyth Network,GITHUB_opened_pull_requests_weekly,2024-12-09,36.0
thirdweb,GITHUB_merged_pull_requests_daily,2024-12-09,6.0
Enclave,GITHUB_merged_pull_requests_weekly,2024-12-09,3.0
Open Source Observer,GITHUB_merged_pull_requests_weekly,2024-12-09,37.0
Debid - Fairblock,GITHUB_merged_pull_requests_weekly,2024-12-09,2.0
Walnut,GITHUB_merged_pull_requests_weekly,2024-12-09,5.0
Walnut,GITHUB_opened_issues_weekly,2024-12-09,4.0
Trail of Bits Security Reviews,GITHUB_opened_issues_weekly,2024-12-09,19.0
Enclave,GITHUB_opened_issues_weekly,2024-12-09,4.0
thirdweb,GITHUB_opened_issues_weekly,2024-12-09,4.0
Open Source Observer,GITHUB_opened_issues_daily,2024-12-09,7.0
Trail of Bits Security Reviews,GITHUB_closed_issues_weekly,2024-12-09,5.0
Runtime Verification,GITHUB_closed_issues_weekly,2024-12-09,1.0
Passport XYZ,GITHUB_closed_issues_weekly,2024-12-09,8.0
Open Source Observer,GITHUB_commits_daily,2025-01-08,49.0
9Lives,GITHUB_commits_daily,2025-01-08,7.0
Pyth Network,GITHUB_releases_daily,2025-01-08,4.0
Moving Stylus,GITHUB_repositories_daily,2025-01-08,1.0
Redstone Finance,GITHUB_repositories_daily,2025-01-08,1.0
Trail of Bits Security Reviews,GITHUB_repositories_daily,2025-01-08,14.0
Pyth Network,GITHUB_contributors_daily,2025-01-08,9.0
Walnut,GITHUB_active_developers_daily,2025-01-08,4.0
Moving Stylus,GITHUB_opened_pull_requests_daily,2025-01-08,1.0
Passport XYZ,GITHUB_opened_pull_requests_daily,2025-01-08,6.0
Pyth Network,GITHUB_merged_pull_requests_daily,2025-01-08,8.0
Walnut,GITHUB_merged_pull_requests_daily,2025-01-08,4.0
Runtime Verification,GITHUB_merged_pull_requests_daily,2025-01-08,1.0
thirdweb,GITHUB_closed_issues_daily,2025-01-08,1.0
Runtime Verification,GITHUB_closed_issues_daily,2025-01-08,1.0
Open Source Observer,GITHUB_closed_issues_daily,2025-01-08,1.0
Trail of Bits Security Reviews,GITHUB_comments_daily,2024-04-09,1.0
thirdweb,GITHUB_stars_daily,2024-04-09,3.0
Trail of Bits Security Reviews,GITHUB_releases_daily,2024-04-09,1.0
Trail of Bits Security Reviews,GITHUB_contributors_daily,2024-04-09,3.0
Open Source Observer,GITHUB_opened_pull_requests_daily,2024-04-09,3.0
Pyth Network,GITHUB_opened_pull_requests_daily,2024-04-09,9.0
Trail of Bits Security Reviews,GITHUB_merged_pull_requests_daily,2024-04-09,2.0
Runtime Verification,GITHUB_merged_pull_requests_daily,2024-04-09,10.0
thirdweb,GITHUB_opened_issues_daily,2024-04-09,1.0
thirdweb,GITHUB_closed_issues_daily,2024-04-09,1.0
Trail of Bits Security Reviews,GITHUB_comments_daily,2024-03-13,9.0
thirdweb,GITHUB_stars_daily,2024-03-13,1.0
Pyth Network,GITHUB_stars_daily,2024-03-13,12.0
Open Source Observer,GITHUB_commits_daily,2024-03-13,3.0
Pyth Network,GITHUB_commits_daily,2024-03-13,6.0
thirdweb,GITHUB_releases_daily,2024-03-13,10.0
Trail of Bits Security Reviews,GITHUB_forks_daily,2024-03-13,2.0
thirdweb,GITHUB_repositories_daily,2024-03-13,7.0
Runtime Verification,GITHUB_contributors_daily,2024-03-13,18.0
Debid - Fairblock,GITHUB_contributors_daily,2024-03-13,1.0
Trail of Bits Security Reviews,GITHUB_active_developers_daily,2024-03-13,4.0
Runtime Verification,GITHUB_active_developers_daily,2024-03-13,5.0
Open Source Observer,GITHUB_active_developers_daily,2024-03-13,2.0
Debid - Fairblock,GITHUB_active_developers_daily,2024-03-13,1.0
Trail of Bits Security Reviews,GITHUB_opened_pull_requests_daily,2024-03-13,5.0
Open Source Observer,GITHUB_closed_issues_daily,2024-03-13,3.0
thirdweb,GITHUB_closed_issues_daily,2024-03-13,1.0
Trail of Bits Security Reviews,GITHUB_comments_daily,2024-01-03,11.0
Pyth Network,GITHUB_comments_daily,2024-01-03,8.0
thirdweb,GITHUB_stars_daily,2024-01-03,1.0
Trail of Bits Security Reviews,GITHUB_commits_daily,2024-01-03,21.0
thirdweb,GITHUB_releases_daily,2024-01-03,14.0
Trail of Bits Security Reviews,GITHUB_forks_daily,2024-01-03,2.0
Redstone Finance,GITHUB_repositories_daily,2024-01-03,3.0
thirdweb,GITHUB_repositories_daily,2024-01-03,4.0
Open Source Observer,GITHUB_contributors_daily,2024-01-03,1.0
Debid - Fairblock,GITHUB_opened_pull_requests_daily,2024-01-03,1.0
Open Source Observer,GITHUB_opened_pull_requests_daily,2024-01-03,2.0
Open Source Observer,GITHUB_merged_pull_requests_daily,2024-01-03,2.0
Open Source Observer,GITHUB_closed_issues_daily,2024-01-03,5.0
Runtime Verification,GITHUB_comments_daily,2024-08-11,3.0
Trail of Bits Security Reviews,GITHUB_stars_daily,2024-08-11,14.0
thirdweb,GITHUB_repositories_daily,2024-08-11,2.0
Open Source Observer,GITHUB_repositories_daily,2024-08-11,1.0
thirdweb,GITHUB_contributors_daily,2024-08-11,5.0
Open Source Observer,GITHUB_opened_pull_requests_daily,2024-08-11,2.0
thirdweb,GITHUB_opened_pull_requests_daily,2024-08-11,9.0
Open Source Observer,GITHUB_closed_issues_daily,2024-08-11,1.0
Trail of Bits Security Reviews,GITHUB_stars_daily,2025-03-23,9.0
Solang,GITHUB_stars_daily,2025-03-23,1.0
CodeTracer,GITHUB_stars_daily,2025-03-23,4.0
Open Source Observer,GITHUB_commits_daily,2025-03-23,1.0
Trail of Bits Security Reviews,GITHUB_repositories_daily,2025-03-23,8.0
Open Source Observer,GITHUB_contributors_daily,2025-03-23,1.0
thirdweb,GITHUB_contributors_daily,2025-03-23,7.0
thirdweb,GITHUB_merged_pull_requests_daily,2025-03-23,4.0
Trail of Bits Security Reviews,GITHUB_merged_pull_requests_daily,2025-03-23,5.0
Enclave,GITHUB_merged_pull_requests_daily,2025-03-23,1.0
Open Source Observer,GITHUB_closed_issues_daily,2025-03-23,2.0
thirdweb,GITHUB_comments_daily,2025-03-15,15.0
Walnut,GITHUB_comments_daily,2025-03-15,1.0
CodeTracer,GITHUB_stars_daily,2025-03-15,6.0
Trail of Bits Security Reviews,GITHUB_stars_daily,2025-03-15,10.0
CodeTracer,GITHUB_forks_daily,2025-03-15,1.0
thirdweb,GITHUB_forks_daily,2025-03-15,1.0
Open Source Observer,GITHUB_repositories_daily,2025-03-15,2.0
Pyth Network,GITHUB_repositories_daily,2025-03-15,2.0
Walnut,GITHUB_repositories_daily,2025-03-15,2.0
Pyth Network,GITHUB_opened_pull_requests_daily,2025-03-15,1.0
Open Source Observer,GITHUB_opened_pull_requests_daily,2025-03-15,2.0
Solang,GITHUB_contributors_daily,2025-03-15,1.0
thirdweb,GITHUB_contributors_daily,2025-03-15,5.0
Solang,GITHUB_active_developers_daily,2025-03-15,1.0
Passport XYZ,GITHUB_opened_issues_daily,2025-03-15,2.0
Runtime Verification,GITHUB_stars_daily,2024-12-31,1.0
Passport XYZ,GITHUB_stars_daily,2024-12-31,10.0
Trail of Bits Security Reviews,GITHUB_stars_daily,2024-12-31,17.0
Trail of Bits Security Reviews,GITHUB_commits_daily,2024-12-31,8.0
thirdweb,GITHUB_repositories_daily,2024-12-31,4.0
Solang,GITHUB_repositories_daily,2024-12-31,1.0
Trail of Bits Security Reviews,GITHUB_active_developers_daily,2024-12-31,3.0
Open Source Observer,GITHUB_active_developers_daily,2024-12-31,1.0
Pyth Network,GITHUB_active_developers_daily,2024-12-31,1.0
Pyth Network,GITHUB_contributors_daily,2024-12-31,2.0
thirdweb,GITHUB_merged_pull_requests_daily,2024-12-31,3.0
Trail of Bits Security Reviews,GITHUB_merged_pull_requests_daily,2024-12-31,6.0
Enclave,GITHUB_opened_issues_daily,2024-12-31,1.0
Runtime Verification,GITHUB_comments_daily,2024-04-13,7.0
thirdweb,GITHUB_comments_daily,2024-04-13,13.0
thirdweb,GITHUB_stars_daily,2024-04-13,2.0
Redstone Finance,GITHUB_stars_daily,2024-04-13,1.0
Open Source Observer,GITHUB_commits_daily,2024-04-13,1.0
Trail of Bits Security Reviews,GITHUB_repositories_daily,2024-04-13,11.0
Trail of Bits Security Reviews,GITHUB_contributors_daily,2024-04-13,1.0
Redstone Finance,GITHUB_contributors_daily,2024-04-13,2.0
Open Source Observer,GITHUB_opened_pull_requests_daily,2024-04-13,1.0
thirdweb,GITHUB_opened_pull_requests_daily,2024-04-13,3.0
thirdweb,GITHUB_merged_pull_requests_daily,2024-04-13,4.0
Trail of Bits Security Reviews,GITHUB_releases_daily,2025-03-26,1.0
thirdweb,GITHUB_releases_daily,2025-03-26,3.0
thirdweb,GITHUB_comments_daily,2025-03-26,42.0
CodeTracer,GITHUB_comments_daily,2025-03-26,1.0
Enclave,GITHUB_comments_daily,2025-03-26,9.0
Redstone Finance,GITHUB_comments_daily,2025-03-26,2.0
Sylow,GITHUB_stars_daily,2025-03-26,1.0
Redstone Finance,GITHUB_commits_daily,2025-03-26,6.0
Runtime Verification,GITHUB_repositories_daily,2025-03-26,3.0
Arbos Foundry,GITHUB_contributors_daily,2025-03-26,1.0
Runtime Verification,GITHUB_contributors_daily,2025-03-26,5.0
CoBuilders,GITHUB_contributors_daily,2025-03-26,1.0
Redstone Finance,GITHUB_active_developers_daily,2025-03-26,2.0
Pyth Network,GITHUB_active_developers_daily,2025-03-26,4.0
Pyth Network,GITHUB_opened_pull_requests_daily,2025-03-26,6.0
CodeTracer,GITHUB_opened_pull_requests_daily,2025-03-26,1.0
Redstone Finance,GITHUB_merged_pull_requests_daily,2025-03-26,2.0
Pyth Network,GITHUB_merged_pull_requests_daily,2025-03-26,5.0
Passport XYZ,GITHUB_opened_issues_daily,2025-03-26,1.0
Trail of Bits Security Reviews,GITHUB_opened_issues_daily,2025-03-26,2.0
Trail of Bits Security Reviews,GITHUB_closed_issues_daily,2025-03-26,1.0
Open Source Observer,GITHUB_closed_issues_daily,2025-03-26,5.0
Walnut,GITHUB_comments_daily,2024-06-25,13.0
Trail of Bits Security Reviews,GITHUB_stars_daily,2024-06-25,17.0
Runtime Verification,GITHUB_stars_daily,2024-06-25,2.0
Pyth Network,GITHUB_commits_daily,2024-06-25,7.0
Redstone Finance,GITHUB_commits_daily,2024-06-25,4.0
Open Source Observer,GITHUB_commits_daily,2024-06-25,6.0
Trail of Bits Security Reviews,GITHUB_repositories_daily,2024-06-25,16.0
Runtime Verification,GITHUB_repositories_daily,2024-06-25,11.0
Debid - Fairblock,GITHUB_repositories_daily,2024-06-25,1.0
thirdweb,GITHUB_repositories_daily,2024-06-25,4.0
Runtime Verification,GITHUB_contributors_daily,2024-06-25,17.0
Open Source Observer,GITHUB_contributors_daily,2024-06-25,2.0
Open Source Observer,GITHUB_active_developers_daily,2024-06-25,2.0
Trail of Bits Security Reviews,GITHUB_opened_pull_requests_daily,2024-06-25,10.0
Walnut,GITHUB_opened_pull_requests_daily,2024-06-25,2.0
Runtime Verification,GITHUB_opened_pull_requests_daily,2024-06-25,16.0
Pyth Network,GITHUB_opened_pull_requests_daily,2024-06-25,7.0
thirdweb,GITHUB_closed_issues_daily,2024-06-25,2.0
Trail of Bits Security Reviews,GITHUB_stars_daily,2025-02-02,3.0
Passport XYZ,GITHUB_stars_daily,2025-02-02,2.0
Open Source Observer,GITHUB_commits_daily,2025-02-02,6.0
Redstone Finance,GITHUB_forks_daily,2025-02-02,1.0
Solang,GITHUB_repositories_daily,2025-02-02,1.0
Open Source Observer,GITHUB_repositories_daily,2025-02-02,2.0
Runtime Verification,GITHUB_contributors_daily,2025-02-02,1.0
Open Source Observer,GITHUB_contributors_daily,2025-02-02,5.0
Solang,GITHUB_active_developers_daily,2025-02-02,1.0
Runtime Verification,GITHUB_opened_pull_requests_daily,2025-02-02,1.0
Open Source Observer,GITHUB_merged_pull_requests_daily,2025-02-02,6.0
thirdweb,GITHUB_merged_pull_requests_daily,2025-02-02,2.0
Trail of Bits Security Reviews,GITHUB_opened_issues_daily,2025-02-02,4.0
thirdweb,GITHUB_opened_issues_daily,2025-02-02,2.0
Open Source Observer,GITHUB_closed_issues_daily,2025-02-02,5.0
Trail of Bits Security Reviews,GITHUB_closed_issues_daily,2025-02-02,1.0
thirdweb,GITHUB_closed_issues_daily,2025-02-02,3.0
Open Source Observer,GITHUB_commits_daily,2024-07-17,2.0
Redstone Finance,GITHUB_commits_daily,2024-07-17,4.0
Walnut,GITHUB_stars_daily,2024-07-17,1.0
Runtime Verification,GITHUB_releases_daily,2024-07-17,14.0
Trail of Bits Security Reviews,GITHUB_releases_daily,2024-07-17,1.0
Redstone Finance,GITHUB_repositories_daily,2024-07-17,4.0
thirdweb,GITHUB_repositories_daily,2024-07-17,3.0
Runtime Verification,GITHUB_repositories_daily,2024-07-17,8.0
Trail of Bits Security Reviews,GITHUB_active_developers_daily,2024-07-17,3.0
thirdweb,GITHUB_active_developers_daily,2024-07-17,6.0
Redstone Finance,GITHUB_opened_pull_requests_daily,2024-07-17,1.0
Redstone Finance,GITHUB_merged_pull_requests_daily,2024-07-17,1.0
Passport XYZ,GITHUB_merged_pull_requests_daily,2024-07-17,2.0
Runtime Verification,GITHUB_opened_issues_daily,2024-07-17,2.0
Trail of Bits Security Reviews,GITHUB_opened_issues_daily,2024-07-17,1.0
thirdweb,GITHUB_closed_issues_daily,2024-07-17,4.0
Sylow,GITHUB_stars_daily,2025-02-23,1.0
thirdweb,GITHUB_stars_daily,2025-02-23,2.0
Trail of Bits Security Reviews,GITHUB_stars_daily,2025-02-23,13.0
Pyth Network,GITHUB_commits_daily,2025-02-23,1.0
Redstone Finance,GITHUB_repositories_daily,2025-02-23,2.0
thirdweb,GITHUB_repositories_daily,2025-02-23,3.0
Runtime Verification,GITHUB_repositories_daily,2025-02-23,3.0
Sylow,GITHUB_repositories_daily,2025-02-23,1.0
Pyth Network,GITHUB_active_developers_daily,2025-02-23,1.0
thirdweb,GITHUB_active_developers_daily,2025-02-23,1.0
Runtime Verification,GITHUB_active_developers_daily,2025-02-23,1.0
Runtime Verification,GITHUB_merged_pull_requests_daily,2025-02-23,1.0
thirdweb,GITHUB_merged_pull_requests_daily,2025-02-23,1.0
Trail of Bits Security Reviews,GITHUB_merged_pull_requests_daily,2025-02-23,2.0
CodeTracer,GITHUB_stars_daily,2025-03-22,6.0
thirdweb,GITHUB_stars_daily,2025-03-22,2.0
Open Source Observer,GITHUB_repositories_daily,2025-03-22,2.0
Trail of Bits Security Reviews,GITHUB_repositories_daily,2025-03-22,4.0
CoBuilders,GITHUB_repositories_daily,2025-03-22,1.0
Open Source Observer,GITHUB_forks_daily,2025-03-22,1.0
thirdweb,GITHUB_contributors_daily,2025-03-22,8.0
thirdweb,GITHUB_active_developers_daily,2025-03-22,1.0
Runtime Verification,GITHUB_merged_pull_requests_daily,2025-03-22,1.0
thirdweb,GITHUB_opened_issues_daily,2025-03-22,2.0
thirdweb,GITHUB_comments_daily,2024-04-22,63.0
Runtime Verification,GITHUB_comments_daily,2024-04-22,12.0
Pyth Network,GITHUB_comments_daily,2024-04-22,31.0
Open Source Observer,GITHUB_comments_daily,2024-04-22,16.0
Walnut,GITHUB_forks_weekly,2024-04-22,1.0
Trail of Bits Security Reviews,GITHUB_forks_weekly,2024-04-22,13.0
Open Source Observer,GITHUB_forks_weekly,2024-04-22,3.0
Trail of Bits Security Reviews,GITHUB_stars_daily,2024-04-22,14.0
Syndicate Protocol,GITHUB_stars_weekly,2024-04-22,2.0
Open Source Observer,GITHUB_stars_weekly,2024-04-22,1.0
Debid - Fairblock,GITHUB_stars_weekly,2024-04-22,1.0
Runtime Verification,GITHUB_stars_weekly,2024-04-22,4.0
Runtime Verification,GITHUB_commits_weekly,2024-04-22,107.0
Trail of Bits Security Reviews,GITHUB_commits_weekly,2024-04-22,68.0
Runtime Verification,GITHUB_comments_weekly,2024-04-22,179.0
Open Source Observer,GITHUB_comments_weekly,2024-04-22,117.0
Trail of Bits Security Reviews,GITHUB_repositories_weekly,2024-04-22,43.0
Arbos Foundry,GITHUB_repositories_weekly,2024-04-22,1.0
Debid - Fairblock,GITHUB_forks_daily,2024-04-22,1.0
thirdweb,GITHUB_forks_daily,2024-04-22,2.0
thirdweb,GITHUB_repositories_daily,2024-04-22,8.0
Redstone Finance,GITHUB_repositories_daily,2024-04-22,2.0
Syndicate Protocol,GITHUB_contributors_weekly,2024-04-22,2.0
Debid - Fairblock,GITHUB_contributors_weekly,2024-04-22,1.0
Debid - Fairblock,GITHUB_active_developers_weekly,2024-04-22,1.0
Walnut,GITHUB_active_developers_weekly,2024-04-22,2.0
Pyth Network,GITHUB_contributors_daily,2024-04-22,10.0
Walnut,GITHUB_opened_pull_requests_daily,2024-04-22,1.0
thirdweb,GITHUB_opened_pull_requests_weekly,2024-04-22,91.0
Open Source Observer,GITHUB_merged_pull_requests_daily,2024-04-22,3.0
Runtime Verification,GITHUB_merged_pull_requests_weekly,2024-04-22,38.0
Runtime Verification,GITHUB_opened_issues_weekly,2024-04-22,18.0
Walnut,GITHUB_closed_issues_weekly,2024-04-22,3.0
thirdweb,GITHUB_commits_daily,2025-04-13,2.0
Trail of Bits Security Reviews,GITHUB_contributors_daily,2025-04-13,4.0
CodeTracer,GITHUB_contributors_daily,2025-04-13,1.0
Trail of Bits Security Reviews,GITHUB_active_developers_daily,2025-04-13,2.0
Pyth Network,GITHUB_comments_daily,2025-02-09,2.0
Walnut,GITHUB_comments_daily,2025-02-09,1.0
thirdweb,GITHUB_stars_daily,2025-02-09,4.0
Redstone Finance,GITHUB_stars_daily,2025-02-09,1.0
Redstone Finance,GITHUB_forks_daily,2025-02-09,1.0
Pyth Network,GITHUB_contributors_daily,2025-02-09,2.0
thirdweb,GITHUB_active_developers_daily,2025-02-09,2.0
Pyth Network,GITHUB_active_developers_daily,2025-02-09,1.0
Trail of Bits Security Reviews,GITHUB_opened_pull_requests_daily,2025-02-09,7.0
Pyth Network,GITHUB_opened_pull_requests_daily,2025-02-09,1.0
Trail of Bits Security Reviews,GITHUB_opened_issues_daily,2025-02-09,1.0
Trail of Bits Security Reviews,GITHUB_comments_daily,2025-02-19,16.0
Trail of Bits Security Reviews,GITHUB_stars_daily,2025-02-19,15.0
Passport XYZ,GITHUB_stars_daily,2025-02-19,2.0
Passport XYZ,GITHUB_commits_daily,2025-02-19,2.0
Trail of Bits Security Reviews,GITHUB_commits_daily,2025-02-19,9.0
Open Source Observer,GITHUB_forks_daily,2025-02-19,4.0
Redstone Finance,GITHUB_forks_daily,2025-02-19,1.0
Trail of Bits Security Reviews,GITHUB_forks_daily,2025-02-19,5.0
Open Source Observer,GITHUB_repositories_daily,2025-02-19,2.0
Passport XYZ,GITHUB_repositories_daily,2025-02-19,1.0
9Lives,GITHUB_contributors_daily,2025-02-19,1.0
Walnut,GITHUB_contributors_daily,2025-02-19,3.0
Pyth Network,GITHUB_contributors_daily,2025-02-19,9.0
thirdweb,GITHUB_active_developers_daily,2025-02-19,3.0
Trail of Bits Security Reviews,GITHUB_active_developers_daily,2025-02-19,4.0
Runtime Verification,GITHUB_active_developers_daily,2025-02-19,4.0
Pyth Network,GITHUB_opened_pull_requests_daily,2025-02-19,10.0
Open Source Observer,GITHUB_merged_pull_requests_daily,2025-02-19,5.0
Redstone Finance,GITHUB_merged_pull_requests_daily,2025-02-19,1.0
Trail of Bits Security Reviews,GITHUB_merged_pull_requests_daily,2025-02-19,7.0
thirdweb,GITHUB_merged_pull_requests_daily,2025-02-19,7.0
Walnut,GITHUB_opened_issues_daily,2025-02-19,1.0
Open Source Observer,GITHUB_opened_issues_daily,2025-02-19,4.0
Runtime Verification,GITHUB_closed_issues_daily,2025-02-19,1.0
Open Source Observer,GITHUB_commits_daily,2024-03-27,3.0
Runtime Verification,GITHUB_releases_daily,2024-03-27,7.0
Trail of Bits Security Reviews,GITHUB_repositories_daily,2024-03-27,13.0
Walnut,GITHUB_repositories_daily,2024-03-27,1.0
Trail of Bits Security Reviews,GITHUB_contributors_daily,2024-03-27,5.0
Walnut,GITHUB_contributors_daily,2024-03-27,4.0
Runtime Verification,GITHUB_opened_pull_requests_daily,2024-03-27,13.0
Runtime Verification,GITHUB_merged_pull_requests_daily,2024-03-27,14.0
Open Source Observer,GITHUB_merged_pull_requests_daily,2024-03-27,3.0
Runtime Verification,GITHUB_closed_issues_daily,2024-03-27,4.0
Walnut,GITHUB_closed_issues_daily,2024-03-27,2.0
Redstone Finance,GITHUB_comments_daily,2025-02-18,4.0
Trail of Bits Security Reviews,GITHUB_comments_daily,2025-02-18,10.0
Trail of Bits Security Reviews,GITHUB_stars_daily,2025-02-18,6.0
Open Source Observer,GITHUB_commits_daily,2025-02-18,2.0
Trail of Bits Security Reviews,GITHUB_commits_daily,2025-02-18,21.0
Runtime Verification,GITHUB_commits_daily,2025-02-18,30.0
Solang,GITHUB_repositories_daily,2025-02-18,1.0
Trail of Bits Security Reviews,GITHUB_repositories_daily,2025-02-18,15.0
Open Source Observer,GITHUB_repositories_daily,2025-02-18,2.0
Solang,GITHUB_contributors_daily,2025-02-18,1.0
thirdweb,GITHUB_contributors_daily,2025-02-18,9.0
Open Source Observer,GITHUB_contributors_daily,2025-02-18,3.0
Passport XYZ,GITHUB_active_developers_daily,2025-02-18,3.0
Runtime Verification,GITHUB_opened_pull_requests_daily,2025-02-18,4.0
Open Source Observer,GITHUB_opened_pull_requests_daily,2025-02-18,3.0
Pyth Network,GITHUB_opened_pull_requests_daily,2025-02-18,13.0
Walnut,GITHUB_opened_pull_requests_daily,2025-02-18,3.0
thirdweb,GITHUB_opened_pull_requests_daily,2025-02-18,11.0
thirdweb,GITHUB_merged_pull_requests_daily,2025-02-18,10.0
Redstone Finance,GITHUB_merged_pull_requests_daily,2025-02-18,2.0
Walnut,GITHUB_merged_pull_requests_daily,2025-02-18,3.0
Trail of Bits Security Reviews,GITHUB_closed_issues_daily,2025-02-18,1.0
Trail of Bits Security Reviews,GITHUB_forks_weekly,2024-07-22,13.0
thirdweb,GITHUB_comments_daily,2024-07-22,122.0
Passport XYZ,GITHUB_comments_daily,2024-07-22,2.0
Open Source Observer,GITHUB_comments_daily,2024-07-22,5.0
Pyth Network,GITHUB_comments_daily,2024-07-22,11.0
Redstone Finance,GITHUB_comments_daily,2024-07-22,2.0
Pyth Network,GITHUB_stars_weekly,2024-07-22,5.0
Redstone Finance,GITHUB_commits_daily,2024-07-22,9.0
Pyth Network,GITHUB_comments_weekly,2024-07-22,110.0
Debid - Fairblock,GITHUB_comments_weekly,2024-07-22,1.0
Redstone Finance,GITHUB_comments_weekly,2024-07-22,9.0
Walnut,GITHUB_comments_weekly,2024-07-22,2.0
Runtime Verification,GITHUB_repositories_weekly,2024-07-22,16.0
Runtime Verification,GITHUB_forks_daily,2024-07-22,1.0
Redstone Finance,GITHUB_repositories_daily,2024-07-22,3.0
Walnut,GITHUB_repositories_daily,2024-07-22,2.0
Trail of Bits Security Reviews,GITHUB_repositories_daily,2024-07-22,17.0
Debid - Fairblock,GITHUB_releases_weekly,2024-07-22,5.0
Runtime Verification,GITHUB_commits_weekly,2024-07-22,139.0
Pyth Network,GITHUB_commits_weekly,2024-07-22,38.0
Debid - Fairblock,GITHUB_commits_weekly,2024-07-22,23.0
Redstone Finance,GITHUB_contributors_weekly,2024-07-22,6.0
Walnut,GITHUB_contributors_weekly,2024-07-22,2.0
Debid - Fairblock,GITHUB_contributors_weekly,2024-07-22,4.0
Pyth Network,GITHUB_contributors_weekly,2024-07-22,17.0
Pyth Network,GITHUB_active_developers_daily,2024-07-22,4.0
Open Source Observer,GITHUB_active_developers_daily,2024-07-22,1.0
thirdweb,GITHUB_active_developers_daily,2024-07-22,6.0
Walnut,GITHUB_active_developers_weekly,2024-07-22,1.0
Pyth Network,GITHUB_contributors_daily,2024-07-22,5.0
Passport XYZ,GITHUB_contributors_daily,2024-07-22,5.0
Runtime Verification,GITHUB_contributors_daily,2024-07-22,14.0
Open Source Observer,GITHUB_opened_pull_requests_daily,2024-07-22,1.0
Pyth Network,GITHUB_opened_pull_requests_daily,2024-07-22,5.0
Runtime Verification,GITHUB_opened_pull_requests_daily,2024-07-22,13.0
Trail of Bits Security Reviews,GITHUB_opened_pull_requests_weekly,2024-07-22,65.0
Runtime Verification,GITHUB_opened_pull_requests_weekly,2024-07-22,75.0
thirdweb,GITHUB_opened_pull_requests_weekly,2024-07-22,103.0
Pyth Network,GITHUB_opened_pull_requests_weekly,2024-07-22,46.0
Trail of Bits Security Reviews,GITHUB_merged_pull_requests_daily,2024-07-22,20.0
Debid - Fairblock,GITHUB_merged_pull_requests_weekly,2024-07-22,4.0
Passport XYZ,GITHUB_merged_pull_requests_weekly,2024-07-22,23.0
Trail of Bits Security Reviews,GITHUB_merged_pull_requests_weekly,2024-07-22,53.0
thirdweb,GITHUB_opened_issues_weekly,2024-07-22,2.0
Open Source Observer,GITHUB_opened_issues_weekly,2024-07-22,15.0
Open Source Observer,GITHUB_closed_issues_weekly,2024-07-22,13.0
Walnut,GITHUB_comments_daily,2024-12-20,2.0
Redstone Finance,GITHUB_comments_daily,2024-12-20,1.0
thirdweb,GITHUB_comments_daily,2024-12-20,66.0
Passport XYZ,GITHUB_comments_daily,2024-12-20,6.0
Passport XYZ,GITHUB_stars_daily,2024-12-20,4.0
thirdweb,GITHUB_commits_daily,2024-12-20,9.0
Redstone Finance,GITHUB_commits_daily,2024-12-20,10.0
Runtime Verification,GITHUB_releases_daily,2024-12-20,1.0
Remix IDE plugin for Arbitrum Stylus,GITHUB_releases_daily,2024-12-20,1.0
Walnut,GITHUB_repositories_daily,2024-12-20,2.0
Runtime Verification,GITHUB_contributors_daily,2024-12-20,6.0
thirdweb,GITHUB_contributors_daily,2024-12-20,8.0
Redstone Finance,GITHUB_active_developers_daily,2024-12-20,2.0
Trail of Bits Security Reviews,GITHUB_active_developers_daily,2024-12-20,2.0
Open Source Observer,GITHUB_opened_pull_requests_daily,2024-12-20,3.0
Walnut,GITHUB_opened_pull_requests_daily,2024-12-20,1.0
Arbos Foundry,GITHUB_opened_pull_requests_daily,2024-12-20,1.0
Redstone Finance,GITHUB_merged_pull_requests_daily,2024-12-20,2.0
thirdweb,GITHUB_merged_pull_requests_daily,2024-12-20,8.0
Open Source Observer,GITHUB_opened_issues_daily,2024-12-20,4.0
Walnut,GITHUB_closed_issues_daily,2024-12-20,1.0
Runtime Verification,GITHUB_comments_daily,2024-09-08,1.0
Open Source Observer,GITHUB_stars_daily,2024-09-08,2.0
Runtime Verification,GITHUB_commits_daily,2024-09-08,1.0
Open Source Observer,GITHUB_commits_daily,2024-09-08,4.0
Runtime Verification,GITHUB_repositories_daily,2024-09-08,3.0
Runtime Verification,GITHUB_contributors_daily,2024-09-08,2.0
Open Source Observer,GITHUB_contributors_daily,2024-09-08,3.0
Enclave,GITHUB_opened_pull_requests_daily,2024-09-08,5.0
Pyth Network,GITHUB_opened_pull_requests_daily,2024-09-08,2.0
Trail of Bits Security Reviews,GITHUB_merged_pull_requests_daily,2024-09-08,3.0
Open Source Observer,GITHUB_opened_issues_daily,2024-09-08,2.0
Enclave,GITHUB_opened_issues_daily,2024-09-08,1.0
thirdweb,GITHUB_comments_daily,2024-07-18,107.0
Passport XYZ,GITHUB_commits_daily,2024-07-18,13.0
Runtime Verification,GITHUB_releases_daily,2024-07-18,6.0
Pyth Network,GITHUB_forks_daily,2024-07-18,1.0
Runtime Verification,GITHUB_repositories_daily,2024-07-18,9.0
Open Source Observer,GITHUB_repositories_daily,2024-07-18,2.0
Redstone Finance,GITHUB_repositories_daily,2024-07-18,2.0
Redstone Finance,GITHUB_contributors_daily,2024-07-18,1.0
thirdweb,GITHUB_active_developers_daily,2024-07-18,7.0
Passport XYZ,GITHUB_active_developers_daily,2024-07-18,1.0
Open Source Observer,GITHUB_opened_pull_requests_daily,2024-07-18,4.0
Trail of Bits Security Reviews,GITHUB_opened_pull_requests_daily,2024-07-18,10.0
thirdweb,GITHUB_merged_pull_requests_daily,2024-07-18,17.0
Trail of Bits Security Reviews,GITHUB_stars_daily,2025-01-04,11.0
Sylow,GITHUB_stars_daily,2025-01-04,1.0
thirdweb,GITHUB_commits_daily,2025-01-04,6.0
Trail of Bits Security Reviews,GITHUB_repositories_daily,2025-01-04,9.0
Open Source Observer,GITHUB_repositories_daily,2025-01-04,1.0
Passport XYZ,GITHUB_repositories_daily,2025-01-04,1.0
Pyth Network,GITHUB_contributors_daily,2025-01-04,3.0
Trail of Bits Security Reviews,GITHUB_contributors_daily,2025-01-04,2.0
thirdweb,GITHUB_contributors_daily,2025-01-04,8.0
thirdweb,GITHUB_comments_daily,2024-11-13,102.0
Trail of Bits Security Reviews,GITHUB_stars_daily,2024-11-13,5.0
Runtime Verification,GITHUB_commits_daily,2024-11-13,2.0
Pyth Network,GITHUB_releases_daily,2024-11-13,3.0
Passport XYZ,GITHUB_repositories_daily,2024-11-13,3.0
Enclave,GITHUB_repositories_daily,2024-11-13,1.0
Passport XYZ,GITHUB_contributors_daily,2024-11-13,4.0
Solang,GITHUB_active_developers_daily,2024-11-13,1.0
Enclave,GITHUB_active_developers_daily,2024-11-13,1.0
Runtime Verification,GITHUB_opened_pull_requests_daily,2024-11-13,1.0
thirdweb,GITHUB_opened_pull_requests_daily,2024-11-13,13.0
Passport XYZ,GITHUB_opened_pull_requests_daily,2024-11-13,6.0
Runtime Verification,GITHUB_merged_pull_requests_daily,2024-11-13,2.0
Solang,GITHUB_merged_pull_requests_daily,2024-11-13,1.0
Trail of Bits Security Reviews,GITHUB_opened_issues_daily,2024-11-13,1.0
Open Source Observer,GITHUB_opened_issues_daily,2024-11-13,1.0
Enclave,GITHUB_closed_issues_daily,2024-11-13,1.0
Open Source Observer,GITHUB_closed_issues_daily,2024-11-13,1.0
Passport XYZ,GITHUB_closed_issues_daily,2024-11-13,4.0
thirdweb,GITHUB_comments_daily,2024-10-16,61.0
Runtime Verification,GITHUB_comments_daily,2024-10-16,7.0
Trail of Bits Security Reviews,GITHUB_comments_daily,2024-10-16,4.0
Passport XYZ,GITHUB_stars_daily,2024-10-16,2.0
thirdweb,GITHUB_commits_daily,2024-10-16,5.0
Redstone Finance,GITHUB_commits_daily,2024-10-16,9.0
Trail of Bits Security Reviews,GITHUB_commits_daily,2024-10-16,3.0
Passport XYZ,GITHUB_commits_daily,2024-10-16,17.0
Trail of Bits Security Reviews,GITHUB_releases_daily,2024-10-16,1.0
Open Source Observer,GITHUB_forks_daily,2024-10-16,2.0
Enclave,GITHUB_active_developers_daily,2024-10-16,1.0
Open Source Observer,GITHUB_active_developers_daily,2024-10-16,2.0
thirdweb,GITHUB_opened_pull_requests_daily,2024-10-16,10.0
Runtime Verification,GITHUB_opened_pull_requests_daily,2024-10-16,11.0
Redstone Finance,GITHUB_opened_pull_requests_daily,2024-10-16,2.0
thirdweb,GITHUB_merged_pull_requests_daily,2024-10-16,4.0
Open Source Observer,GITHUB_merged_pull_requests_daily,2024-10-16,5.0
thirdweb,GITHUB_opened_issues_daily,2024-10-16,1.0
Open Source Observer,GITHUB_comments_daily,2024-06-11,11.0
Runtime Verification,GITHUB_comments_daily,2024-06-11,34.0
Runtime Verification,GITHUB_commits_daily,2024-06-11,17.0
thirdweb,GITHUB_commits_daily,2024-06-11,20.0
Passport XYZ,GITHUB_repositories_daily,2024-06-11,1.0
Runtime Verification,GITHUB_contributors_daily,2024-06-11,11.0
Pyth Network,GITHUB_contributors_daily,2024-06-11,5.0
Open Source Observer,GITHUB_contributors_daily,2024-06-11,4.0
Passport XYZ,GITHUB_contributors_daily,2024-06-11,1.0
Runtime Verification,GITHUB_active_developers_daily,2024-06-11,5.0
Redstone Finance,GITHUB_active_developers_daily,2024-06-11,1.0
Runtime Verification,GITHUB_merged_pull_requests_daily,2024-06-11,15.0
Runtime Verification,GITHUB_opened_issues_daily,2024-06-11,3.0
Runtime Verification,GITHUB_closed_issues_daily,2024-06-11,2.0
thirdweb,GITHUB_closed_issues_daily,2024-06-11,1.0
Solang,GITHUB_stars_daily,2024-10-25,2.0
Passport XYZ,GITHUB_commits_daily,2024-10-25,10.0
Trail of Bits Security Reviews,GITHUB_commits_daily,2024-10-25,6.0
Redstone Finance,GITHUB_commits_daily,2024-10-25,5.0
Trail of Bits Security Reviews,GITHUB_releases_daily,2024-10-25,1.0
thirdweb,GITHUB_forks_daily,2024-10-25,3.0
Solang,GITHUB_repositories_daily,2024-10-25,1.0
Passport XYZ,GITHUB_repositories_daily,2024-10-25,2.0
Remix IDE plugin for Arbitrum Stylus,GITHUB_repositories_daily,2024-10-25,2.0
Pyth Network,GITHUB_repositories_daily,2024-10-25,2.0
Passport XYZ,GITHUB_contributors_daily,2024-10-25,3.0
Open Source Observer,GITHUB_contributors_daily,2024-10-25,5.0
Walnut,GITHUB_contributors_daily,2024-10-25,1.0
Trail of Bits Security Reviews,GITHUB_active_developers_daily,2024-10-25,3.0
thirdweb,GITHUB_active_developers_daily,2024-10-25,5.0
Passport XYZ,GITHUB_opened_pull_requests_daily,2024-10-25,14.0
Walnut,GITHUB_merged_pull_requests_daily,2024-10-25,1.0
Trail of Bits Security Reviews,GITHUB_merged_pull_requests_daily,2024-10-25,5.0
Open Source Observer,GITHUB_stars_daily,2024-01-29,1.0
Pyth Network,GITHUB_commits_daily,2024-01-29,7.0
Walnut,GITHUB_commits_daily,2024-01-29,1.0
Trail of Bits Security Reviews,GITHUB_stars_weekly,2024-01-29,141.0
Open Source Observer,GITHUB_stars_weekly,2024-01-29,3.0
Pyth Network,GITHUB_stars_weekly,2024-01-29,5.0
Redstone Finance,GITHUB_stars_weekly,2024-01-29,2.0
Walnut,GITHUB_commits_weekly,2024-01-29,4.0
Open Source Observer,GITHUB_commits_weekly,2024-01-29,12.0
thirdweb,GITHUB_commits_weekly,2024-01-29,73.0
Trail of Bits Security Reviews,GITHUB_comments_weekly,2024-01-29,57.0
Walnut,GITHUB_comments_weekly,2024-01-29,5.0
Runtime Verification,GITHUB_releases_daily,2024-01-29,1.0
Pyth Network,GITHUB_forks_daily,2024-01-29,1.0
Runtime Verification,GITHUB_repositories_daily,2024-01-29,10.0
thirdweb,GITHUB_repositories_daily,2024-01-29,3.0
Trail of Bits Security Reviews,GITHUB_repositories_weekly,2024-01-29,51.0
thirdweb,GITHUB_repositories_weekly,2024-01-29,8.0
Redstone Finance,GITHUB_repositories_weekly,2024-01-29,3.0
Redstone Finance,GITHUB_repositories_daily,2024-01-29,2.0
thirdweb,GITHUB_contributors_weekly,2024-01-29,22.0
thirdweb,GITHUB_active_developers_weekly,2024-01-29,16.0
Runtime Verification,GITHUB_active_developers_daily,2024-01-29,4.0
thirdweb,GITHUB_active_developers_daily,2024-01-29,4.0
Redstone Finance,GITHUB_active_developers_daily,2024-01-29,1.0
Redstone Finance,GITHUB_opened_pull_requests_weekly,2024-01-29,1.0
Trail of Bits Security Reviews,GITHUB_opened_pull_requests_daily,2024-01-29,20.0
Walnut,GITHUB_merged_pull_requests_weekly,2024-01-29,2.0
Trail of Bits Security Reviews,GITHUB_opened_issues_daily,2024-01-29,4.0
thirdweb,GITHUB_opened_issues_weekly,2024-01-29,2.0
Pyth Network,GITHUB_opened_issues_weekly,2024-01-29,5.0
Trail of Bits Security Reviews,GITHUB_closed_issues_daily,2024-01-29,2.0
Runtime Verification,GITHUB_closed_issues_weekly,2024-01-29,22.0
Open Source Observer,GITHUB_closed_issues_weekly,2024-01-29,3.0
Runtime Verification,GITHUB_comments_daily,2024-06-23,9.0
Pyth Network,GITHUB_comments_daily,2024-06-23,3.0
Walnut,GITHUB_stars_daily,2024-06-23,2.0
Pyth Network,GITHUB_commits_daily,2024-06-23,1.0
Open Source Observer,GITHUB_commits_daily,2024-06-23,5.0
thirdweb,GITHUB_forks_daily,2024-06-23,2.0
Pyth Network,GITHUB_repositories_daily,2024-06-23,2.0
Trail of Bits Security Reviews,GITHUB_repositories_daily,2024-06-23,15.0
Pyth Network,GITHUB_active_developers_daily,2024-06-23,1.0
Runtime Verification,GITHUB_active_developers_daily,2024-06-23,2.0
thirdweb,GITHUB_opened_pull_requests_daily,2024-06-23,4.0
Open Source Observer,GITHUB_merged_pull_requests_daily,2024-06-23,3.0
Pyth Network,GITHUB_merged_pull_requests_daily,2024-06-23,1.0
Open Source Observer,GITHUB_opened_issues_daily,2024-06-23,3.0
thirdweb,GITHUB_comments_daily,2024-02-09,31.0
Open Source Observer,GITHUB_comments_daily,2024-02-09,11.0
Pyth Network,GITHUB_comments_daily,2024-02-09,22.0
Trail of Bits Security Reviews,GITHUB_comments_daily,2024-02-09,12.0
Redstone Finance,GITHUB_commits_daily,2024-02-09,2.0
Debid - Fairblock,GITHUB_commits_daily,2024-02-09,7.0
Runtime Verification,GITHUB_releases_daily,2024-02-09,8.0
thirdweb,GITHUB_forks_daily,2024-02-09,4.0
Redstone Finance,GITHUB_forks_daily,2024-02-09,1.0
Pyth Network,GITHUB_repositories_daily,2024-02-09,7.0
Open Source Observer,GITHUB_repositories_daily,2024-02-09,3.0
thirdweb,GITHUB_repositories_daily,2024-02-09,6.0
Redstone Finance,GITHUB_contributors_daily,2024-02-09,1.0
Pyth Network,GITHUB_contributors_daily,2024-02-09,9.0
Debid - Fairblock,GITHUB_contributors_daily,2024-02-09,1.0
Runtime Verification,GITHUB_contributors_daily,2024-02-09,11.0
Open Source Observer,GITHUB_active_developers_daily,2024-02-09,3.0
thirdweb,GITHUB_opened_pull_requests_daily,2024-02-09,13.0
Pyth Network,GITHUB_opened_pull_requests_daily,2024-02-09,12.0
Trail of Bits Security Reviews,GITHUB_opened_pull_requests_daily,2024-02-09,11.0
Runtime Verification,GITHUB_merged_pull_requests_daily,2024-02-09,12.0
Trail of Bits Security Reviews,GITHUB_merged_pull_requests_daily,2024-02-09,12.0
Open Source Observer,GITHUB_opened_issues_daily,2024-02-09,7.0
Walnut,GITHUB_closed_issues_daily,2024-02-09,1.0
Trail of Bits Security Reviews,GITHUB_closed_issues_daily,2024-02-09,1.0
Pyth Network,GITHUB_releases_daily,2025-04-01,1.0
Runtime Verification,GITHUB_releases_daily,2025-04-01,1.0
CodeTracer,GITHUB_stars_daily,2025-04-01,1.0
Trail of Bits Security Reviews,GITHUB_comments_daily,2025-04-01,12.0
Pyth Network,GITHUB_comments_daily,2025-04-01,9.0
Solang,GITHUB_stars_daily,2025-04-01,1.0
Enclave,GITHUB_comments_daily,2025-04-01,9.0
Open Source Observer,GITHUB_commits_daily,2025-04-01,12.0
Pyth Network,GITHUB_commits_daily,2025-04-01,3.0
Passport XYZ,GITHUB_repositories_daily,2025-04-01,4.0
Runtime Verification,GITHUB_repositories_daily,2025-04-01,6.0
thirdweb,GITHUB_repositories_daily,2025-04-01,6.0
Enclave,GITHUB_repositories_daily,2025-04-01,1.0
Passport XYZ,GITHUB_contributors_daily,2025-04-01,4.0
9Lives,GITHUB_active_developers_daily,2025-04-01,1.0
Trail of Bits Security Reviews,GITHUB_active_developers_daily,2025-04-01,2.0
Passport XYZ,GITHUB_opened_pull_requests_daily,2025-04-01,2.0
Enclave,GITHUB_opened_pull_requests_daily,2025-04-01,1.0
thirdweb,GITHUB_opened_pull_requests_daily,2025-04-01,14.0
Trail of Bits Security Reviews,GITHUB_opened_pull_requests_daily,2025-04-01,9.0
Runtime Verification,GITHUB_opened_pull_requests_daily,2025-04-01,4.0
Runtime Verification,GITHUB_merged_pull_requests_daily,2025-04-01,3.0
Enclave,GITHUB_opened_issues_daily,2025-04-01,7.0
CodeTracer,GITHUB_opened_issues_daily,2025-04-01,2.0
Enclave,GITHUB_closed_issues_daily,2025-04-01,2.0
Open Source Observer,GITHUB_closed_issues_daily,2025-04-01,7.0
Debid - Fairblock,GITHUB_stars_daily,2025-04-08,1.0
Trail of Bits Security Reviews,GITHUB_comments_daily,2025-04-08,19.0
Walnut,GITHUB_comments_daily,2025-04-08,4.0
Pyth Network,GITHUB_comments_daily,2025-04-08,57.0
Runtime Verification,GITHUB_commits_daily,2025-04-08,5.0
Trail of Bits Security Reviews,GITHUB_releases_daily,2025-04-08,1.0
Solang,GITHUB_forks_daily,2025-04-08,1.0
Trail of Bits Security Reviews,GITHUB_opened_pull_requests_daily,2025-04-08,9.0
Open Source Observer,GITHUB_opened_pull_requests_daily,2025-04-08,1.0
CodeTracer,GITHUB_opened_pull_requests_daily,2025-04-08,1.0
Pyth Network,GITHUB_merged_pull_requests_daily,2025-04-08,10.0
Passport XYZ,GITHUB_active_developers_daily,2025-04-08,2.0
Open Source Observer,GITHUB_active_developers_daily,2025-04-08,1.0
Walnut,GITHUB_opened_issues_daily,2025-04-08,2.0
Enclave,GITHUB_opened_issues_daily,2025-04-08,1.0
Passport XYZ,GITHUB_closed_issues_daily,2025-04-08,1.0
Enclave,GITHUB_closed_issues_daily,2025-04-08,1.0
thirdweb,GITHUB_comments_daily,2024-07-19,150.0
thirdweb,GITHUB_stars_daily,2024-07-19,1.0
Trail of Bits Security Reviews,GITHUB_stars_daily,2024-07-19,6.0
Open Source Observer,GITHUB_repositories_daily,2024-07-19,3.0
Pyth Network,GITHUB_repositories_daily,2024-07-19,4.0
Trail of Bits Security Reviews,GITHUB_forks_daily,2024-07-19,1.0
Arbos Foundry,GITHUB_contributors_daily,2024-07-19,1.0
Redstone Finance,GITHUB_contributors_daily,2024-07-19,1.0
Remix IDE plugin for Arbitrum Stylus,GITHUB_active_developers_daily,2024-07-19,1.0
Pyth Network,GITHUB_active_developers_daily,2024-07-19,3.0
Redstone Finance,GITHUB_active_developers_daily,2024-07-19,1.0
Trail of Bits Security Reviews,GITHUB_active_developers_daily,2024-07-19,2.0
Passport XYZ,GITHUB_opened_pull_requests_daily,2024-07-19,7.0
Trail of Bits Security Reviews,GITHUB_opened_pull_requests_daily,2024-07-19,7.0
Pyth Network,GITHUB_merged_pull_requests_daily,2024-07-19,6.0
Open Source Observer,GITHUB_merged_pull_requests_daily,2024-07-19,7.0
Passport XYZ,GITHUB_merged_pull_requests_daily,2024-07-19,4.0
Runtime Verification,GITHUB_opened_issues_daily,2024-07-19,2.0
Trail of Bits Security Reviews,GITHUB_opened_issues_daily,2024-07-19,1.0
Runtime Verification,GITHUB_comments_daily,2024-08-16,21.0
Pyth Network,GITHUB_comments_daily,2024-08-16,20.0
Redstone Finance,GITHUB_comments_daily,2024-08-16,2.0
Trail of Bits Security Reviews,GITHUB_comments_daily,2024-08-16,12.0
Walnut,GITHUB_commits_daily,2024-08-16,6.0
Pyth Network,GITHUB_commits_daily,2024-08-16,9.0
Open Source Observer,GITHUB_commits_daily,2024-08-16,3.0
thirdweb,GITHUB_releases_daily,2024-08-16,4.0
Runtime Verification,GITHUB_stars_daily,2024-08-16,4.0
Trail of Bits Security Reviews,GITHUB_stars_daily,2024-08-16,14.0
Trail of Bits Security Reviews,GITHUB_repositories_daily,2024-08-16,10.0
Pyth Network,GITHUB_forks_daily,2024-08-16,1.0
Runtime Verification,GITHUB_active_developers_daily,2024-08-16,2.0
Runtime Verification,GITHUB_contributors_daily,2024-08-16,9.0
Pyth Network,GITHUB_contributors_daily,2024-08-16,7.0
Open Source Observer,GITHUB_opened_pull_requests_daily,2024-08-16,3.0
Pyth Network,GITHUB_opened_pull_requests_daily,2024-08-16,7.0
Passport XYZ,GITHUB_comments_daily,2024-07-02,4.0
thirdweb,GITHUB_comments_daily,2024-07-02,102.0
thirdweb,GITHUB_stars_daily,2024-07-02,1.0
Redstone Finance,GITHUB_commits_daily,2024-07-02,12.0
Pyth Network,GITHUB_commits_daily,2024-07-02,3.0
Debid - Fairblock,GITHUB_commits_daily,2024-07-02,5.0
thirdweb,GITHUB_releases_daily,2024-07-02,1.0
Open Source Observer,GITHUB_contributors_daily,2024-07-02,3.0
Pyth Network,GITHUB_active_developers_daily,2024-07-02,3.0
Passport XYZ,GITHUB_active_developers_daily,2024-07-02,1.0
Runtime Verification,GITHUB_active_developers_daily,2024-07-02,2.0
Passport XYZ,GITHUB_opened_pull_requests_daily,2024-07-02,2.0
Walnut,GITHUB_opened_pull_requests_daily,2024-07-02,2.0
Runtime Verification,GITHUB_opened_pull_requests_daily,2024-07-02,7.0
Debid - Fairblock,GITHUB_merged_pull_requests_daily,2024-07-02,2.0
Trail of Bits Security Reviews,GITHUB_closed_issues_daily,2024-07-02,5.0
thirdweb,GITHUB_comments_daily,2024-04-19,55.0
thirdweb,GITHUB_releases_daily,2024-04-19,21.0
Open Source Observer,GITHUB_forks_daily,2024-04-19,2.0
Walnut,GITHUB_repositories_daily,2024-04-19,1.0
Trail of Bits Security Reviews,GITHUB_active_developers_daily,2024-04-19,4.0
Trail of Bits Security Reviews,GITHUB_contributors_daily,2024-04-19,5.0
thirdweb,GITHUB_contributors_daily,2024-04-19,13.0
Redstone Finance,GITHUB_contributors_daily,2024-04-19,1.0
Runtime Verification,GITHUB_opened_pull_requests_daily,2024-04-19,5.0
Trail of Bits Security Reviews,GITHUB_opened_pull_requests_daily,2024-04-19,6.0
thirdweb,GITHUB_opened_pull_requests_daily,2024-04-19,18.0
Runtime Verification,GITHUB_closed_issues_daily,2024-04-19,3.0
Trail of Bits Security Reviews,GITHUB_comments_daily,2024-08-28,2.0
Runtime Verification,GITHUB_comments_daily,2024-08-28,20.0
thirdweb,GITHUB_stars_daily,2024-08-28,1.0
Runtime Verification,GITHUB_stars_daily,2024-08-28,1.0
Passport XYZ,GITHUB_commits_daily,2024-08-28,22.0
Pyth Network,GITHUB_commits_daily,2024-08-28,8.0
Pyth Network,GITHUB_repositories_daily,2024-08-28,6.0
Walnut,GITHUB_contributors_daily,2024-08-28,1.0
Redstone Finance,GITHUB_active_developers_daily,2024-08-28,1.0
Trail of Bits Security Reviews,GITHUB_active_developers_daily,2024-08-28,3.0
Redstone Finance,GITHUB_opened_pull_requests_daily,2024-08-28,1.0
Runtime Verification,GITHUB_opened_pull_requests_daily,2024-08-28,19.0
Runtime Verification,GITHUB_merged_pull_requests_daily,2024-08-28,15.0
thirdweb,GITHUB_merged_pull_requests_daily,2024-08-28,10.0
Open Source Observer,GITHUB_merged_pull_requests_daily,2024-08-28,6.0
Open Source Observer,GITHUB_closed_issues_daily,2024-08-28,5.0
Open Source Observer,GITHUB_comments_daily,2024-04-07,1.0
thirdweb,GITHUB_stars_daily,2024-04-07,4.0
Pyth Network,GITHUB_forks_daily,2024-04-07,1.0
Redstone Finance,GITHUB_repositories_daily,2024-04-07,3.0
Arbos Foundry,GITHUB_repositories_daily,2024-04-07,1.0
Pyth Network,GITHUB_repositories_daily,2024-04-07,3.0
Arbos Foundry,GITHUB_contributors_daily,2024-04-07,1.0
Walnut,GITHUB_contributors_daily,2024-04-07,1.0
Walnut,GITHUB_opened_pull_requests_daily,2024-04-07,1.0
Arbos Foundry,GITHUB_opened_pull_requests_daily,2024-04-07,1.0
thirdweb,GITHUB_opened_issues_daily,2024-04-07,1.0
Pyth Network,GITHUB_opened_issues_daily,2024-04-07,1.0
Solang,GITHUB_stars_daily,2024-10-04,1.0
Redstone Finance,GITHUB_stars_daily,2024-10-04,2.0
Runtime Verification,GITHUB_stars_daily,2024-10-04,3.0
Redstone Finance,GITHUB_commits_daily,2024-10-04,8.0
Open Source Observer,GITHUB_commits_daily,2024-10-04,22.0
Runtime Verification,GITHUB_releases_daily,2024-10-04,1.0
thirdweb,GITHUB_releases_daily,2024-10-04,2.0
Trail of Bits Security Reviews,GITHUB_repositories_daily,2024-10-04,13.0
Passport XYZ,GITHUB_repositories_daily,2024-10-04,5.0
Runtime Verification,GITHUB_repositories_daily,2024-10-04,6.0
Passport XYZ,GITHUB_contributors_daily,2024-10-04,4.0
thirdweb,GITHUB_contributors_daily,2024-10-04,15.0
Open Source Observer,GITHUB_contributors_daily,2024-10-04,6.0
Debid - Fairblock,GITHUB_contributors_daily,2024-10-04,2.0
Runtime Verification,GITHUB_merged_pull_requests_daily,2024-10-04,3.0
thirdweb,GITHUB_merged_pull_requests_daily,2024-10-04,18.0
Walnut,GITHUB_merged_pull_requests_daily,2024-10-04,1.0
Open Source Observer,GITHUB_merged_pull_requests_daily,2024-10-04,7.0
Redstone Finance,GITHUB_merged_pull_requests_daily,2024-10-04,2.0
Runtime Verification,GITHUB_active_developers_daily,2024-10-04,3.0
Redstone Finance,GITHUB_active_developers_daily,2024-10-04,3.0
thirdweb,GITHUB_opened_pull_requests_daily,2024-10-04,14.0
Runtime Verification,GITHUB_opened_pull_requests_daily,2024-10-04,2.0
Open Source Observer,GITHUB_opened_pull_requests_daily,2024-10-04,11.0
Redstone Finance,GITHUB_opened_pull_requests_daily,2024-10-04,2.0
Walnut,GITHUB_closed_issues_daily,2024-10-04,1.0
Passport XYZ,GITHUB_closed_issues_daily,2024-10-04,2.0
thirdweb,GITHUB_stars_daily,2024-11-10,1.0
Passport XYZ,GITHUB_stars_daily,2024-11-10,6.0
Passport XYZ,GITHUB_repositories_daily,2024-11-10,2.0
thirdweb,GITHUB_repositories_daily,2024-11-10,3.0
thirdweb,GITHUB_contributors_daily,2024-11-10,6.0
Open Source Observer,GITHUB_closed_issues_daily,2024-11-10,1.0
CodeTracer,GITHUB_stars_daily,2025-03-28,6.0
Runtime Verification,GITHUB_stars_daily,2025-03-28,1.0
Sylow,GITHUB_stars_daily,2025-03-28,1.0
Trail of Bits Security Reviews,GITHUB_stars_daily,2025-03-28,3.0
Enclave,GITHUB_comments_daily,2025-03-28,3.0
Walnut,GITHUB_commits_daily,2025-03-28,16.0
Sylow,GITHUB_repositories_daily,2025-03-28,1.0
thirdweb,GITHUB_forks_daily,2025-03-28,1.0
thirdweb,GITHUB_contributors_daily,2025-03-28,7.0
Pyth Network,GITHUB_contributors_daily,2025-03-28,5.0
Enclave,GITHUB_contributors_daily,2025-03-28,1.0
Runtime Verification,GITHUB_contributors_daily,2025-03-28,6.0
thirdweb,GITHUB_opened_pull_requests_daily,2025-03-28,6.0
Open Source Observer,GITHUB_opened_pull_requests_daily,2025-03-28,6.0
Walnut,GITHUB_opened_pull_requests_daily,2025-03-28,6.0
Trail of Bits Security Reviews,GITHUB_merged_pull_requests_daily,2025-03-28,4.0
Passport XYZ,GITHUB_closed_issues_daily,2025-03-28,1.0
thirdweb,GITHUB_releases_daily,2024-07-25,6.0
Debid - Fairblock,GITHUB_releases_daily,2024-07-25,1.0
Trail of Bits Security Reviews,GITHUB_stars_daily,2024-07-25,11.0
thirdweb,GITHUB_commits_daily,2024-07-25,30.0
thirdweb,GITHUB_forks_daily,2024-07-25,2.0
Open Source Observer,GITHUB_repositories_daily,2024-07-25,2.0
Open Source Observer,GITHUB_contributors_daily,2024-07-25,3.0
Debid - Fairblock,GITHUB_contributors_daily,2024-07-25,2.0
thirdweb,GITHUB_contributors_daily,2024-07-25,15.0
Redstone Finance,GITHUB_active_developers_daily,2024-07-25,3.0
thirdweb,GITHUB_active_developers_daily,2024-07-25,7.0
Pyth Network,GITHUB_active_developers_daily,2024-07-25,4.0
Solang,GITHUB_stars_daily,2025-03-25,1.0
Open Source Observer,GITHUB_commits_daily,2025-03-25,14.0
Pyth Network,GITHUB_commits_daily,2025-03-25,8.0
thirdweb,GITHUB_repositories_daily,2025-03-25,5.0
Runtime Verification,GITHUB_contributors_daily,2025-03-25,9.0
Pyth Network,GITHUB_contributors_daily,2025-03-25,7.0
Redstone Finance,GITHUB_contributors_daily,2025-03-25,2.0
Walnut,GITHUB_contributors_daily,2025-03-25,2.0
Trail of Bits Security Reviews,GITHUB_contributors_daily,2025-03-25,7.0
Trail of Bits Security Reviews,GITHUB_active_developers_daily,2025-03-25,2.0
Passport XYZ,GITHUB_opened_pull_requests_daily,2025-03-25,7.0
CodeTracer,GITHUB_opened_pull_requests_daily,2025-03-25,1.0
Trail of Bits Security Reviews,GITHUB_opened_pull_requests_daily,2025-03-25,4.0
Passport XYZ,GITHUB_merged_pull_requests_daily,2025-03-25,4.0
Runtime Verification,GITHUB_opened_issues_daily,2025-03-25,2.0
Enclave,GITHUB_opened_issues_daily,2025-03-25,13.0
Open Source Observer,GITHUB_opened_issues_daily,2025-03-25,2.0
Trail of Bits Security Reviews,GITHUB_opened_issues_daily,2025-03-25,1.0
Walnut,GITHUB_closed_issues_daily,2025-03-25,6.0
Open Source Observer,GITHUB_closed_issues_daily,2025-03-25,5.0
Enclave,GITHUB_closed_issues_daily,2025-03-25,4.0
Pyth Network,GITHUB_stars_daily,2024-01-12,2.0
Redstone Finance,GITHUB_commits_daily,2024-01-12,3.0
thirdweb,GITHUB_repositories_daily,2024-01-12,5.0
Trail of Bits Security Reviews,GITHUB_repositories_daily,2024-01-12,11.0
Trail of Bits Security Reviews,GITHUB_contributors_daily,2024-01-12,4.0
Trail of Bits Security Reviews,GITHUB_active_developers_daily,2024-01-12,3.0
Arbos Foundry,GITHUB_active_developers_daily,2024-01-12,1.0
Trail of Bits Security Reviews,GITHUB_merged_pull_requests_daily,2024-01-12,7.0
thirdweb,GITHUB_merged_pull_requests_daily,2024-01-12,15.0
thirdweb,GITHUB_opened_issues_daily,2024-01-12,1.0
Runtime Verification,GITHUB_closed_issues_daily,2024-01-12,4.0
Open Source Observer,GITHUB_closed_issues_daily,2024-01-12,1.0
Trail of Bits Security Reviews,GITHUB_stars_daily,2024-01-27,9.0
Debid - Fairblock,GITHUB_stars_daily,2024-01-27,1.0
Trail of Bits Security Reviews,GITHUB_commits_daily,2024-01-27,2.0
Trail of Bits Security Reviews,GITHUB_forks_daily,2024-01-27,5.0
Runtime Verification,GITHUB_forks_daily,2024-01-27,1.0
Debid - Fairblock,GITHUB_forks_daily,2024-01-27,1.0
Debid - Fairblock,GITHUB_repositories_daily,2024-01-27,1.0
Open Source Observer,GITHUB_contributors_daily,2024-01-27,2.0
Pyth Network,GITHUB_contributors_daily,2024-01-27,1.0
Open Source Observer,GITHUB_active_developers_daily,2024-01-27,2.0
Pyth Network,GITHUB_active_developers_daily,2024-01-27,1.0
Trail of Bits Security Reviews,GITHUB_opened_pull_requests_daily,2024-01-27,1.0
Pyth Network,GITHUB_merged_pull_requests_daily,2024-01-27,1.0
Open Source Observer,GITHUB_merged_pull_requests_daily,2024-01-27,10.0
CodeTracer,GITHUB_stars_daily,2025-04-05,3.0
Solang,GITHUB_stars_daily,2025-04-05,3.0
Runtime Verification,GITHUB_comments_daily,2025-04-05,5.0
thirdweb,GITHUB_releases_daily,2025-04-05,1.0
Pyth Network,GITHUB_repositories_daily,2025-04-05,1.0
Open Source Observer,GITHUB_repositories_daily,2025-04-05,1.0
Trail of Bits Security Reviews,GITHUB_repositories_daily,2025-04-05,11.0
Runtime Verification,GITHUB_repositories_daily,2025-04-05,4.0
thirdweb,GITHUB_forks_daily,2025-04-05,2.0
Trail of Bits Security Reviews,GITHUB_forks_daily,2025-04-05,2.0
Pyth Network,GITHUB_forks_daily,2025-04-05,1.0
Open Source Observer,GITHUB_active_developers_daily,2025-04-05,1.0
thirdweb,GITHUB_opened_pull_requests_daily,2025-04-05,7.0
Pyth Network,GITHUB_opened_pull_requests_daily,2025-04-05,4.0
Open Source Observer,GITHUB_opened_pull_requests_daily,2025-04-05,5.0
Runtime Verification,GITHUB_merged_pull_requests_daily,2025-04-05,2.0
Passport XYZ,GITHUB_comments_daily,2024-09-19,2.0
Trail of Bits Security Reviews,GITHUB_stars_daily,2024-09-19,8.0
Passport XYZ,GITHUB_stars_daily,2024-09-19,6.0
Walnut,GITHUB_commits_daily,2024-09-19,20.0
Trail of Bits Security Reviews,GITHUB_forks_daily,2024-09-19,3.0
Open Source Observer,GITHUB_repositories_daily,2024-09-19,2.0
Walnut,GITHUB_contributors_daily,2024-09-19,1.0
Trail of Bits Security Reviews,GITHUB_contributors_daily,2024-09-19,6.0
Enclave,GITHUB_contributors_daily,2024-09-19,3.0
Runtime Verification,GITHUB_contributors_daily,2024-09-19,9.0
Passport XYZ,GITHUB_active_developers_daily,2024-09-19,2.0
Trail of Bits Security Reviews,GITHUB_active_developers_daily,2024-09-19,1.0
Pyth Network,GITHUB_active_developers_daily,2024-09-19,5.0
Walnut,GITHUB_active_developers_daily,2024-09-19,1.0
Trail of Bits Security Reviews,GITHUB_opened_pull_requests_daily,2024-09-19,3.0
Redstone Finance,GITHUB_opened_pull_requests_daily,2024-09-19,6.0
Open Source Observer,GITHUB_merged_pull_requests_daily,2024-09-19,6.0
Trail of Bits Security Reviews,GITHUB_opened_issues_daily,2024-09-19,3.0
Passport XYZ,GITHUB_closed_issues_daily,2024-09-19,4.0
Open Source Observer,GITHUB_forks_weekly,2024-01-08,1.0
Pyth Network,GITHUB_forks_weekly,2024-01-08,7.0
Trail of Bits Security Reviews,GITHUB_forks_weekly,2024-01-08,9.0
Pyth Network,GITHUB_comments_daily,2024-01-08,19.0
Redstone Finance,GITHUB_stars_daily,2024-01-08,6.0
thirdweb,GITHUB_releases_weekly,2024-01-08,30.0
Pyth Network,GITHUB_stars_weekly,2024-01-08,6.0
Redstone Finance,GITHUB_stars_weekly,2024-01-08,8.0
Debid - Fairblock,GITHUB_stars_weekly,2024-01-08,2.0
Trail of Bits Security Reviews,GITHUB_commits_weekly,2024-01-08,86.0
Pyth Network,GITHUB_commits_weekly,2024-01-08,30.0
thirdweb,GITHUB_comments_weekly,2024-01-08,227.0
Redstone Finance,GITHUB_contributors_weekly,2024-01-08,2.0
thirdweb,GITHUB_contributors_weekly,2024-01-08,30.0
Pyth Network,GITHUB_active_developers_daily,2024-01-08,4.0
Trail of Bits Security Reviews,GITHUB_active_developers_daily,2024-01-08,6.0
Arbos Foundry,GITHUB_active_developers_weekly,2024-01-08,1.0
Pyth Network,GITHUB_active_developers_weekly,2024-01-08,6.0
Redstone Finance,GITHUB_active_developers_weekly,2024-01-08,2.0
Runtime Verification,GITHUB_contributors_daily,2024-01-08,10.0
Redstone Finance,GITHUB_contributors_daily,2024-01-08,2.0
thirdweb,GITHUB_contributors_daily,2024-01-08,12.0
Open Source Observer,GITHUB_opened_pull_requests_weekly,2024-01-08,8.0
Trail of Bits Security Reviews,GITHUB_opened_pull_requests_weekly,2024-01-08,49.0
Runtime Verification,GITHUB_merged_pull_requests_daily,2024-01-08,3.0
Open Source Observer,GITHUB_merged_pull_requests_daily,2024-01-08,2.0
Pyth Network,GITHUB_merged_pull_requests_weekly,2024-01-08,29.0
Runtime Verification,GITHUB_merged_pull_requests_weekly,2024-01-08,43.0
Runtime Verification,GITHUB_opened_issues_weekly,2024-01-08,17.0
Open Source Observer,GITHUB_opened_issues_daily,2024-01-08,6.0
Runtime Verification,GITHUB_closed_issues_weekly,2024-01-08,17.0
thirdweb,GITHUB_closed_issues_weekly,2024-01-08,10.0
thirdweb,GITHUB_closed_issues_daily,2024-01-08,1.0
Pyth Network,GITHUB_comments_daily,2024-05-25,4.0
Trail of Bits Security Reviews,GITHUB_stars_daily,2024-05-25,3.0
thirdweb,GITHUB_commits_daily,2024-05-25,1.0
Trail of Bits Security Reviews,GITHUB_commits_daily,2024-05-25,3.0
Redstone Finance,GITHUB_commits_daily,2024-05-25,1.0
Runtime Verification,GITHUB_releases_daily,2024-05-25,1.0
Runtime Verification,GITHUB_repositories_daily,2024-05-25,6.0
Trail of Bits Security Reviews,GITHUB_repositories_daily,2024-05-25,4.0
Trail of Bits Security Reviews,GITHUB_contributors_daily,2024-05-25,1.0
thirdweb,GITHUB_active_developers_daily,2024-05-25,1.0
Redstone Finance,GITHUB_active_developers_daily,2024-05-25,1.0
Trail of Bits Security Reviews,GITHUB_active_developers_daily,2024-05-25,1.0
Open Source Observer,GITHUB_opened_pull_requests_daily,2024-05-25,7.0
thirdweb,GITHUB_opened_pull_requests_daily,2024-05-25,3.0
Open Source Observer,GITHUB_merged_pull_requests_daily,2024-05-25,7.0
Runtime Verification,GITHUB_closed_issues_daily,2024-05-25,1.0
Pyth Network,GITHUB_comments_daily,2024-06-20,19.0
thirdweb,GITHUB_comments_daily,2024-06-20,152.0
Runtime Verification,GITHUB_commits_daily,2024-06-20,34.0
Walnut,GITHUB_commits_daily,2024-06-20,2.0
Redstone Finance,GITHUB_forks_daily,2024-06-20,1.0
Redstone Finance,GITHUB_repositories_daily,2024-06-20,2.0
thirdweb,GITHUB_contributors_daily,2024-06-20,10.0
Open Source Observer,GITHUB_contributors_daily,2024-06-20,1.0
Pyth Network,GITHUB_active_developers_daily,2024-06-20,4.0
Runtime Verification,GITHUB_active_developers_daily,2024-06-20,1.0
thirdweb,GITHUB_active_developers_daily,2024-06-20,5.0
Open Source Observer,GITHUB_opened_pull_requests_daily,2024-06-20,3.0
Pyth Network,GITHUB_opened_pull_requests_daily,2024-06-20,10.0
thirdweb,GITHUB_merged_pull_requests_daily,2024-06-20,19.0
Trail of Bits Security Reviews,GITHUB_merged_pull_requests_daily,2024-06-20,12.0
Walnut,GITHUB_merged_pull_requests_daily,2024-06-20,1.0
thirdweb,GITHUB_opened_issues_daily,2024-06-20,2.0
Open Source Observer,GITHUB_opened_issues_daily,2024-06-20,2.0
Runtime Verification,GITHUB_comments_daily,2024-05-16,51.0
Open Source Observer,GITHUB_comments_daily,2024-05-16,16.0
Pyth Network,GITHUB_comments_daily,2024-05-16,25.0
Runtime Verification,GITHUB_commits_daily,2024-05-16,10.0
Trail of Bits Security Reviews,GITHUB_commits_daily,2024-05-16,17.0
Redstone Finance,GITHUB_commits_daily,2024-05-16,10.0
Pyth Network,GITHUB_forks_daily,2024-05-16,1.0
Trail of Bits Security Reviews,GITHUB_repositories_daily,2024-05-16,14.0
Redstone Finance,GITHUB_repositories_daily,2024-05-16,2.0
Runtime Verification,GITHUB_repositories_daily,2024-05-16,13.0
Redstone Finance,GITHUB_contributors_daily,2024-05-16,1.0
Runtime Verification,GITHUB_contributors_daily,2024-05-16,15.0
Pyth Network,GITHUB_active_developers_daily,2024-05-16,4.0
Syndicate Protocol,GITHUB_merged_pull_requests_daily,2024-05-16,1.0
Trail of Bits Security Reviews,GITHUB_closed_issues_daily,2024-05-16,1.0
Runtime Verification,GITHUB_opened_issues_daily,2024-05-16,6.0
Open Source Observer,GITHUB_comments_daily,2024-08-21,23.0
Passport XYZ,GITHUB_comments_daily,2024-08-21,2.0
Runtime Verification,GITHUB_stars_daily,2024-08-21,2.0
Trail of Bits Security Reviews,GITHUB_commits_daily,2024-08-21,8.0
Runtime Verification,GITHUB_commits_daily,2024-08-21,12.0
Redstone Finance,GITHUB_commits_daily,2024-08-21,6.0
Runtime Verification,GITHUB_releases_daily,2024-08-21,6.0
Trail of Bits Security Reviews,GITHUB_forks_daily,2024-08-21,4.0
Pyth Network,GITHUB_repositories_daily,2024-08-21,4.0
Open Source Observer,GITHUB_repositories_daily,2024-08-21,3.0
Walnut,GITHUB_repositories_daily,2024-08-21,1.0
Passport XYZ,GITHUB_contributors_daily,2024-08-21,3.0
Runtime Verification,GITHUB_contributors_daily,2024-08-21,7.0
Trail of Bits Security Reviews,GITHUB_active_developers_daily,2024-08-21,4.0
Pyth Network,GITHUB_active_developers_daily,2024-08-21,4.0
Redstone Finance,GITHUB_opened_pull_requests_daily,2024-08-21,1.0
Trail of Bits Security Reviews,GITHUB_opened_pull_requests_daily,2024-08-21,5.0
Trail of Bits Security Reviews,GITHUB_merged_pull_requests_daily,2024-08-21,8.0
Runtime Verification,GITHUB_releases_daily,2024-04-12,5.0
Redstone Finance,GITHUB_stars_daily,2024-04-12,1.0
Open Source Observer,GITHUB_commits_daily,2024-04-12,2.0
Trail of Bits Security Reviews,GITHUB_commits_daily,2024-04-12,5.0
Pyth Network,GITHUB_forks_daily,2024-04-12,1.0
Trail of Bits Security Reviews,GITHUB_repositories_daily,2024-04-12,12.0
Pyth Network,GITHUB_repositories_daily,2024-04-12,6.0
Debid - Fairblock,GITHUB_repositories_daily,2024-04-12,1.0
Trail of Bits Security Reviews,GITHUB_contributors_daily,2024-04-12,4.0
Pyth Network,GITHUB_contributors_daily,2024-04-12,9.0
Trail of Bits Security Reviews,GITHUB_active_developers_daily,2024-04-12,1.0
Open Source Observer,GITHUB_opened_pull_requests_daily,2024-04-12,2.0
thirdweb,GITHUB_opened_pull_requests_daily,2024-04-12,20.0
Walnut,GITHUB_merged_pull_requests_daily,2024-04-12,1.0
Trail of Bits Security Reviews,GITHUB_closed_issues_daily,2024-04-12,1.0
Pyth Network,GITHUB_comments_daily,2024-06-22,2.0
Redstone Finance,GITHUB_stars_daily,2024-06-22,2.0
thirdweb,GITHUB_commits_daily,2024-06-22,5.0
Walnut,GITHUB_repositories_daily,2024-06-22,1.0
thirdweb,GITHUB_repositories_daily,2024-06-22,4.0
Trail of Bits Security Reviews,GITHUB_repositories_daily,2024-06-22,12.0
thirdweb,GITHUB_active_developers_daily,2024-06-22,3.0
Trail of Bits Security Reviews,GITHUB_active_developers_daily,2024-06-22,2.0
Open Source Observer,GITHUB_closed_issues_daily,2024-06-22,2.0
Pyth Network,GITHUB_comments_daily,2024-12-26,1.0
Passport XYZ,GITHUB_stars_daily,2024-12-26,2.0
Trail of Bits Security Reviews,GITHUB_forks_daily,2024-12-26,1.0
Open Source Observer,GITHUB_repositories_daily,2024-12-26,2.0
Pyth Network,GITHUB_repositories_daily,2024-12-26,4.0
Trail of Bits Security Reviews,GITHUB_repositories_daily,2024-12-26,16.0
thirdweb,GITHUB_contributors_daily,2024-12-26,5.0
Trail of Bits Security Reviews,GITHUB_active_developers_daily,2024-12-26,4.0
Debid - Fairblock,GITHUB_active_developers_daily,2024-12-26,1.0
Pyth Network,GITHUB_active_developers_daily,2024-12-26,1.0
Runtime Verification,GITHUB_opened_pull_requests_daily,2024-12-26,2.0
Open Source Observer,GITHUB_merged_pull_requests_daily,2024-12-26,1.0
Pyth Network,GITHUB_comments_daily,2024-04-24,16.0
Open Source Observer,GITHUB_comments_daily,2024-04-24,40.0
thirdweb,GITHUB_stars_daily,2024-04-24,1.0
Trail of Bits Security Reviews,GITHUB_stars_daily,2024-04-24,8.0
Syndicate Protocol,GITHUB_commits_daily,2024-04-24,2.0
Open Source Observer,GITHUB_commits_daily,2024-04-24,4.0
Redstone Finance,GITHUB_commits_daily,2024-04-24,6.0
thirdweb,GITHUB_releases_daily,2024-04-24,18.0
Redstone Finance,GITHUB_forks_daily,2024-04-24,2.0
Open Source Observer,GITHUB_forks_daily,2024-04-24,1.0
Pyth Network,GITHUB_repositories_daily,2024-04-24,3.0
Open Source Observer,GITHUB_repositories_daily,2024-04-24,1.0
Pyth Network,GITHUB_contributors_daily,2024-04-24,7.0
Trail of Bits Security Reviews,GITHUB_contributors_daily,2024-04-24,5.0
Redstone Finance,GITHUB_contributors_daily,2024-04-24,1.0
Runtime Verification,GITHUB_contributors_daily,2024-04-24,10.0
thirdweb,GITHUB_active_developers_daily,2024-04-24,4.0
Trail of Bits Security Reviews,GITHUB_active_developers_daily,2024-04-24,3.0
Pyth Network,GITHUB_active_developers_daily,2024-04-24,2.0
Open Source Observer,GITHUB_active_developers_daily,2024-04-24,2.0
Syndicate Protocol,GITHUB_active_developers_daily,2024-04-24,1.0
Open Source Observer,GITHUB_opened_pull_requests_daily,2024-04-24,4.0
Syndicate Protocol,GITHUB_opened_pull_requests_daily,2024-04-24,1.0
Trail of Bits Security Reviews,GITHUB_merged_pull_requests_daily,2024-04-24,3.0
Runtime Verification,GITHUB_opened_issues_daily,2024-04-24,3.0
Trail of Bits Security Reviews,GITHUB_opened_issues_daily,2024-04-24,1.0
Pyth Network,GITHUB_opened_issues_daily,2024-04-24,1.0
Open Source Observer,GITHUB_commits_daily,2024-04-28,1.0
Pyth Network,GITHUB_forks_daily,2024-04-28,1.0
thirdweb,GITHUB_active_developers_daily,2024-04-28,1.0
Trail of Bits Security Reviews,GITHUB_active_developers_daily,2024-04-28,1.0
thirdweb,GITHUB_merged_pull_requests_daily,2024-04-28,2.0
Runtime Verification,GITHUB_opened_issues_daily,2024-04-28,1.0
Open Source Observer,GITHUB_comments_daily,2025-03-11,13.0
CodeTracer,GITHUB_comments_daily,2025-03-11,10.0
thirdweb,GITHUB_comments_daily,2025-03-11,29.0
Remix IDE plugin for Arbitrum Stylus,GITHUB_stars_daily,2025-03-11,1.0
Trail of Bits Security Reviews,GITHUB_stars_daily,2025-03-11,1.0
Trail of Bits Security Reviews,GITHUB_commits_daily,2025-03-11,9.0
Runtime Verification,GITHUB_commits_daily,2025-03-11,5.0
Pyth Network,GITHUB_releases_daily,2025-03-11,1.0
CodeTracer,GITHUB_repositories_daily,2025-03-11,1.0
Runtime Verification,GITHUB_repositories_daily,2025-03-11,8.0
thirdweb,GITHUB_contributors_daily,2025-03-11,4.0
Pyth Network,GITHUB_contributors_daily,2025-03-11,9.0
9Lives,GITHUB_active_developers_daily,2025-03-11,1.0
Pyth Network,GITHUB_opened_pull_requests_daily,2025-03-11,11.0
Trail of Bits Security Reviews,GITHUB_merged_pull_requests_daily,2025-03-11,9.0
Open Source Observer,GITHUB_opened_issues_daily,2025-03-11,1.0
CodeTracer,GITHUB_opened_issues_daily,2025-03-11,1.0
Trail of Bits Security Reviews,GITHUB_comments_daily,2024-07-23,2.0
Open Source Observer,GITHUB_commits_daily,2024-07-23,7.0
Trail of Bits Security Reviews,GITHUB_commits_daily,2024-07-23,15.0
Runtime Verification,GITHUB_repositories_daily,2024-07-23,11.0
Passport XYZ,GITHUB_repositories_daily,2024-07-23,3.0
Pyth Network,GITHUB_contributors_daily,2024-07-23,4.0
Runtime Verification,GITHUB_contributors_daily,2024-07-23,11.0
Open Source Observer,GITHUB_opened_pull_requests_daily,2024-07-23,3.0
Trail of Bits Security Reviews,GITHUB_merged_pull_requests_daily,2024-07-23,9.0
Runtime Verification,GITHUB_opened_issues_daily,2024-07-23,2.0
thirdweb,GITHUB_opened_issues_daily,2024-07-23,1.0
Open Source Observer,GITHUB_closed_issues_daily,2024-07-23,1.0
thirdweb,GITHUB_comments_daily,2024-10-17,115.0
Passport XYZ,GITHUB_comments_daily,2024-10-17,2.0
Runtime Verification,GITHUB_comments_daily,2024-10-17,9.0
Trail of Bits Security Reviews,GITHUB_commits_daily,2024-10-17,38.0
thirdweb,GITHUB_commits_daily,2024-10-17,20.0
Trail of Bits Security Reviews,GITHUB_releases_daily,2024-10-17,1.0
thirdweb,GITHUB_forks_daily,2024-10-17,2.0
Pyth Network,GITHUB_repositories_daily,2024-10-17,3.0
Trail of Bits Security Reviews,GITHUB_repositories_daily,2024-10-17,13.0
Open Source Observer,GITHUB_repositories_daily,2024-10-17,4.0
Redstone Finance,GITHUB_contributors_daily,2024-10-17,3.0
Debid - Fairblock,GITHUB_active_developers_daily,2024-10-17,1.0
Runtime Verification,GITHUB_opened_pull_requests_daily,2024-10-17,7.0
Open Source Observer,GITHUB_opened_pull_requests_daily,2024-10-17,10.0
Redstone Finance,GITHUB_opened_pull_requests_daily,2024-10-17,4.0
Pyth Network,GITHUB_opened_pull_requests_daily,2024-10-17,6.0
Open Source Observer,GITHUB_comments_daily,2024-08-14,6.0
Pyth Network,GITHUB_comments_daily,2024-08-14,10.0
Trail of Bits Security Reviews,GITHUB_stars_daily,2024-08-14,10.0
thirdweb,GITHUB_releases_daily,2024-08-14,3.0
Trail of Bits Security Reviews,GITHUB_releases_daily,2024-08-14,1.0
Open Source Observer,GITHUB_commits_daily,2024-08-14,3.0
Runtime Verification,GITHUB_commits_daily,2024-08-14,32.0
Redstone Finance,GITHUB_commits_daily,2024-08-14,4.0
Trail of Bits Security Reviews,GITHUB_repositories_daily,2024-08-14,10.0
thirdweb,GITHUB_repositories_daily,2024-08-14,3.0
Pyth Network,GITHUB_contributors_daily,2024-08-14,9.0
Passport XYZ,GITHUB_contributors_daily,2024-08-14,1.0
Redstone Finance,GITHUB_active_developers_daily,2024-08-14,1.0
Passport XYZ,GITHUB_active_developers_daily,2024-08-14,1.0
thirdweb,GITHUB_opened_pull_requests_daily,2024-08-14,13.0
Open Source Observer,GITHUB_opened_pull_requests_daily,2024-08-14,3.0
Runtime Verification,GITHUB_opened_pull_requests_daily,2024-08-14,15.0
Runtime Verification,GITHUB_merged_pull_requests_daily,2024-08-14,17.0
Pyth Network,GITHUB_merged_pull_requests_daily,2024-08-14,5.0
Open Source Observer,GITHUB_merged_pull_requests_daily,2024-08-14,2.0
Trail of Bits Security Reviews,GITHUB_opened_issues_daily,2024-08-14,2.0
Passport XYZ,GITHUB_closed_issues_daily,2024-08-14,2.0
Trail of Bits Security Reviews,GITHUB_comments_daily,2024-03-03,5.0
Runtime Verification,GITHUB_comments_daily,2024-03-03,5.0
thirdweb,GITHUB_stars_daily,2024-03-03,1.0
Pyth Network,GITHUB_repositories_daily,2024-03-03,2.0
Pyth Network,GITHUB_contributors_daily,2024-03-03,1.0
Open Source Observer,GITHUB_comments_daily,2024-06-08,5.0
Runtime Verification,GITHUB_commits_daily,2024-06-08,1.0
Open Source Observer,GITHUB_contributors_daily,2024-06-08,3.0
Pyth Network,GITHUB_contributors_daily,2024-06-08,1.0
thirdweb,GITHUB_contributors_daily,2024-06-08,11.0
Trail of Bits Security Reviews,GITHUB_active_developers_daily,2024-06-08,1.0
thirdweb,GITHUB_opened_pull_requests_daily,2024-06-08,7.0
Open Source Observer,GITHUB_opened_issues_daily,2024-06-08,2.0
thirdweb,GITHUB_stars_daily,2024-01-28,5.0
Open Source Observer,GITHUB_commits_daily,2024-01-28,1.0
Runtime Verification,GITHUB_commits_daily,2024-01-28,1.0
Debid - Fairblock,GITHUB_repositories_daily,2024-01-28,6.0
Pyth Network,GITHUB_repositories_daily,2024-01-28,1.0
Redstone Finance,GITHUB_repositories_daily,2024-01-28,1.0
Open Source Observer,GITHUB_contributors_daily,2024-01-28,1.0
thirdweb,GITHUB_active_developers_daily,2024-01-28,1.0
Runtime Verification,GITHUB_active_developers_daily,2024-01-28,1.0
Open Source Observer,GITHUB_opened_pull_requests_daily,2024-01-28,1.0
Trail of Bits Security Reviews,GITHUB_merged_pull_requests_daily,2024-01-28,4.0
Solang,GITHUB_comments_daily,2024-12-19,1.0
Pyth Network,GITHUB_comments_daily,2024-12-19,28.0
Trail of Bits Security Reviews,GITHUB_stars_daily,2024-12-19,18.0
Pyth Network,GITHUB_stars_daily,2024-12-19,2.0
Runtime Verification,GITHUB_commits_daily,2024-12-19,13.0
Open Source Observer,GITHUB_commits_daily,2024-12-19,10.0
Pyth Network,GITHUB_releases_daily,2024-12-19,1.0
Trail of Bits Security Reviews,GITHUB_forks_daily,2024-12-19,2.0
Trail of Bits Security Reviews,GITHUB_repositories_daily,2024-12-19,11.0
Redstone Finance,GITHUB_repositories_daily,2024-12-19,1.0
Open Source Observer,GITHUB_repositories_daily,2024-12-19,3.0
Solang,GITHUB_contributors_daily,2024-12-19,1.0
Trail of Bits Security Reviews,GITHUB_contributors_daily,2024-12-19,5.0
Redstone Finance,GITHUB_contributors_daily,2024-12-19,1.0
Enclave,GITHUB_active_developers_daily,2024-12-19,1.0
Trail of Bits Security Reviews,GITHUB_active_developers_daily,2024-12-19,4.0
Passport XYZ,GITHUB_active_developers_daily,2024-12-19,2.0
Walnut,GITHUB_active_developers_daily,2024-12-19,2.0
Runtime Verification,GITHUB_active_developers_daily,2024-12-19,3.0
thirdweb,GITHUB_active_developers_daily,2024-12-19,3.0
thirdweb,GITHUB_opened_pull_requests_daily,2024-12-19,15.0
Walnut,GITHUB_opened_pull_requests_daily,2024-12-19,3.0
Passport XYZ,GITHUB_merged_pull_requests_daily,2024-12-19,2.0
thirdweb,GITHUB_opened_issues_daily,2024-12-19,1.0
Open Source Observer,GITHUB_opened_issues_daily,2024-12-19,1.0
thirdweb,GITHUB_comments_daily,2024-11-17,2.0
Remix IDE plugin for Arbitrum Stylus,GITHUB_commits_daily,2024-11-17,2.0
Runtime Verification,GITHUB_commits_daily,2024-11-17,4.0
thirdweb,GITHUB_forks_daily,2024-11-17,2.0
Enclave,GITHUB_repositories_daily,2024-11-17,1.0
Trail of Bits Security Reviews,GITHUB_contributors_daily,2024-11-17,2.0
Enclave,GITHUB_opened_pull_requests_daily,2024-11-17,1.0
Open Source Observer,GITHUB_merged_pull_requests_daily,2024-11-17,4.0
thirdweb,GITHUB_closed_issues_daily,2024-11-17,3.0
Pyth Network,GITHUB_comments_daily,2024-12-08,1.0
Trail of Bits Security Reviews,GITHUB_commits_daily,2024-12-08,3.0
thirdweb,GITHUB_releases_daily,2024-12-08,3.0
Trail of Bits Security Reviews,GITHUB_forks_daily,2024-12-08,3.0
Passport XYZ,GITHUB_repositories_daily,2024-12-08,2.0
Open Source Observer,GITHUB_repositories_daily,2024-12-08,2.0
Pyth Network,GITHUB_repositories_daily,2024-12-08,1.0
Ember,GITHUB_repositories_daily,2024-12-08,4.0
Passport XYZ,GITHUB_contributors_daily,2024-12-08,1.0
Pyth Network,GITHUB_contributors_daily,2024-12-08,1.0
Trail of Bits Security Reviews,GITHUB_active_developers_daily,2024-12-08,2.0
thirdweb,GITHUB_active_developers_daily,2024-12-08,3.0
Pyth Network,GITHUB_opened_pull_requests_daily,2024-12-08,1.0
Passport XYZ,GITHUB_opened_pull_requests_daily,2024-12-08,2.0
Open Source Observer,GITHUB_opened_pull_requests_daily,2024-12-08,1.0
Trail of Bits Security Reviews,GITHUB_opened_pull_requests_daily,2024-12-08,5.0
thirdweb,GITHUB_opened_pull_requests_daily,2024-12-08,4.0
Trail of Bits Security Reviews,GITHUB_merged_pull_requests_daily,2024-12-08,3.0
Runtime Verification,GITHUB_merged_pull_requests_daily,2024-12-08,1.0
Trail of Bits Security Reviews,GITHUB_opened_issues_daily,2024-12-08,1.0
Open Source Observer,GITHUB_closed_issues_daily,2024-12-08,3.0
Trail of Bits Security Reviews,GITHUB_forks_weekly,2024-04-08,8.0
Open Source Observer,GITHUB_forks_weekly,2024-04-08,1.0
Open Source Observer,GITHUB_comments_daily,2024-04-08,5.0
Trail of Bits Security Reviews,GITHUB_stars_daily,2024-04-08,14.0
Trail of Bits Security Reviews,GITHUB_stars_weekly,2024-04-08,81.0
Open Source Observer,GITHUB_stars_weekly,2024-04-08,2.0
thirdweb,GITHUB_stars_weekly,2024-04-08,15.0
Runtime Verification,GITHUB_stars_weekly,2024-04-08,5.0
WakeUp Labs,GITHUB_stars_weekly,2024-04-08,1.0
Open Source Observer,GITHUB_commits_daily,2024-04-08,1.0
Pyth Network,GITHUB_commits_daily,2024-04-08,3.0
Trail of Bits Security Reviews,GITHUB_releases_weekly,2024-04-08,1.0
thirdweb,GITHUB_commits_weekly,2024-04-08,103.0
Walnut,GITHUB_commits_weekly,2024-04-08,57.0
Open Source Observer,GITHUB_commits_weekly,2024-04-08,27.0
Redstone Finance,GITHUB_comments_weekly,2024-04-08,2.0
Runtime Verification,GITHUB_comments_weekly,2024-04-08,129.0
thirdweb,GITHUB_comments_weekly,2024-04-08,410.0
WakeUp Labs,GITHUB_repositories_weekly,2024-04-08,1.0
thirdweb,GITHUB_repositories_weekly,2024-04-08,9.0
Open Source Observer,GITHUB_repositories_weekly,2024-04-08,3.0
thirdweb,GITHUB_repositories_daily,2024-04-08,5.0
WakeUp Labs,GITHUB_contributors_weekly,2024-04-08,1.0
Runtime Verification,GITHUB_contributors_weekly,2024-04-08,29.0
thirdweb,GITHUB_contributors_weekly,2024-04-08,23.0
Walnut,GITHUB_contributors_daily,2024-04-08,2.0
Open Source Observer,GITHUB_contributors_daily,2024-04-08,3.0
Pyth Network,GITHUB_active_developers_weekly,2024-04-08,12.0
Open Source Observer,GITHUB_active_developers_weekly,2024-04-08,2.0
Syndicate Protocol,GITHUB_active_developers_weekly,2024-04-08,1.0
Redstone Finance,GITHUB_active_developers_daily,2024-04-08,2.0
Debid - Fairblock,GITHUB_opened_pull_requests_weekly,2024-04-08,1.0
Open Source Observer,GITHUB_opened_pull_requests_weekly,2024-04-08,27.0
thirdweb,GITHUB_opened_pull_requests_weekly,2024-04-08,124.0
Redstone Finance,GITHUB_opened_pull_requests_weekly,2024-04-08,2.0
Runtime Verification,GITHUB_merged_pull_requests_weekly,2024-04-08,35.0
Trail of Bits Security Reviews,GITHUB_opened_pull_requests_daily,2024-04-08,25.0
Open Source Observer,GITHUB_opened_pull_requests_daily,2024-04-08,1.0
Runtime Verification,GITHUB_opened_issues_weekly,2024-04-08,111.0
thirdweb,GITHUB_opened_issues_weekly,2024-04-08,3.0
Open Source Observer,GITHUB_opened_issues_weekly,2024-04-08,22.0
thirdweb,GITHUB_closed_issues_weekly,2024-04-08,4.0
thirdweb,GITHUB_comments_daily,2024-05-18,11.0
Runtime Verification,GITHUB_comments_daily,2024-05-18,2.0
Debid - Fairblock,GITHUB_repositories_daily,2024-05-18,1.0
Trail of Bits Security Reviews,GITHUB_repositories_daily,2024-05-18,9.0
Runtime Verification,GITHUB_repositories_daily,2024-05-18,5.0
Open Source Observer,GITHUB_active_developers_daily,2024-05-18,1.0
Runtime Verification,GITHUB_active_developers_daily,2024-05-18,1.0
thirdweb,GITHUB_opened_pull_requests_daily,2024-05-18,2.0
Pyth Network,GITHUB_opened_pull_requests_daily,2024-05-18,1.0
Open Source Observer,GITHUB_merged_pull_requests_daily,2024-05-18,2.0
Runtime Verification,GITHUB_merged_pull_requests_daily,2024-05-18,2.0
thirdweb,GITHUB_comments_daily,2025-03-09,11.0
Runtime Verification,GITHUB_stars_daily,2025-03-09,2.0
CodeTracer,GITHUB_stars_daily,2025-03-09,28.0
Trail of Bits Security Reviews,GITHUB_commits_daily,2025-03-09,1.0
thirdweb,GITHUB_forks_daily,2025-03-09,2.0
thirdweb,GITHUB_repositories_daily,2025-03-09,1.0
Solang,GITHUB_repositories_daily,2025-03-09,1.0
Runtime Verification,GITHUB_repositories_daily,2025-03-09,3.0
Runtime Verification,GITHUB_opened_issues_daily,2025-03-09,1.0
Open Source Observer,GITHUB_comments_daily,2024-09-07,17.0
Trail of Bits Security Reviews,GITHUB_comments_daily,2024-09-07,1.0
Trail of Bits Security Reviews,GITHUB_commits_daily,2024-09-07,5.0
Runtime Verification,GITHUB_commits_daily,2024-09-07,2.0
thirdweb,GITHUB_commits_daily,2024-09-07,7.0
thirdweb,GITHUB_forks_daily,2024-09-07,1.0
Pyth Network,GITHUB_repositories_daily,2024-09-07,2.0
Pyth Network,GITHUB_contributors_daily,2024-09-07,1.0
Open Source Observer,GITHUB_contributors_daily,2024-09-07,3.0
Pyth Network,GITHUB_opened_pull_requests_daily,2024-09-07,1.0
Trail of Bits Security Reviews,GITHUB_opened_pull_requests_daily,2024-09-07,9.0
Runtime Verification,GITHUB_merged_pull_requests_daily,2024-09-07,2.0
Open Source Observer,GITHUB_opened_issues_daily,2024-09-07,13.0
thirdweb,GITHUB_closed_issues_daily,2024-09-07,1.0
Pyth Network,GITHUB_comments_daily,2024-12-18,21.0
Trail of Bits Security Reviews,GITHUB_comments_daily,2024-12-18,2.0
Redstone Finance,GITHUB_comments_daily,2024-12-18,5.0
Runtime Verification,GITHUB_comments_daily,2024-12-18,6.0
Open Source Observer,GITHUB_stars_daily,2024-12-18,1.0
Passport XYZ,GITHUB_stars_daily,2024-12-18,2.0
Walnut,GITHUB_commits_daily,2024-12-18,6.0
Pyth Network,GITHUB_commits_daily,2024-12-18,4.0
Debid - Fairblock,GITHUB_commits_daily,2024-12-18,5.0
Passport XYZ,GITHUB_releases_daily,2024-12-18,2.0
Runtime Verification,GITHUB_releases_daily,2024-12-18,4.0
Solang,GITHUB_forks_daily,2024-12-18,1.0
Pyth Network,GITHUB_forks_daily,2024-12-18,2.0
Pyth Network,GITHUB_repositories_daily,2024-12-18,4.0
Trail of Bits Security Reviews,GITHUB_repositories_daily,2024-12-18,18.0
Runtime Verification,GITHUB_repositories_daily,2024-12-18,6.0
Passport XYZ,GITHUB_repositories_daily,2024-12-18,2.0
Walnut,GITHUB_repositories_daily,2024-12-18,1.0
Pyth Network,GITHUB_contributors_daily,2024-12-18,4.0
Runtime Verification,GITHUB_contributors_daily,2024-12-18,5.0
Open Source Observer,GITHUB_contributors_daily,2024-12-18,4.0
Walnut,GITHUB_contributors_daily,2024-12-18,1.0
Trail of Bits Security Reviews,GITHUB_contributors_daily,2024-12-18,11.0
Pyth Network,GITHUB_active_developers_daily,2024-12-18,3.0
Passport XYZ,GITHUB_active_developers_daily,2024-12-18,2.0
Solang,GITHUB_opened_pull_requests_daily,2024-12-18,1.0
Open Source Observer,GITHUB_opened_pull_requests_daily,2024-12-18,6.0
Trail of Bits Security Reviews,GITHUB_merged_pull_requests_daily,2024-12-18,13.0
Open Source Observer,GITHUB_merged_pull_requests_daily,2024-12-18,5.0
thirdweb,GITHUB_closed_issues_daily,2024-12-18,2.0
Open Source Observer,GITHUB_closed_issues_daily,2024-12-18,1.0
thirdweb,GITHUB_comments_daily,2024-06-05,27.0
Runtime Verification,GITHUB_comments_daily,2024-06-05,27.0
Redstone Finance,GITHUB_stars_daily,2024-06-05,4.0
thirdweb,GITHUB_stars_daily,2024-06-05,5.0
thirdweb,GITHUB_commits_daily,2024-06-05,5.0
Trail of Bits Security Reviews,GITHUB_commits_daily,2024-06-05,1.0
Pyth Network,GITHUB_commits_daily,2024-06-05,7.0
Open Source Observer,GITHUB_commits_daily,2024-06-05,21.0
Pyth Network,GITHUB_forks_daily,2024-06-05,3.0
Trail of Bits Security Reviews,GITHUB_forks_daily,2024-06-05,1.0
Redstone Finance,GITHUB_repositories_daily,2024-06-05,5.0
Walnut,GITHUB_repositories_daily,2024-06-05,2.0
Open Source Observer,GITHUB_repositories_daily,2024-06-05,2.0
thirdweb,GITHUB_repositories_daily,2024-06-05,7.0
Runtime Verification,GITHUB_contributors_daily,2024-06-05,12.0
Redstone Finance,GITHUB_contributors_daily,2024-06-05,2.0
Enclave,GITHUB_contributors_daily,2024-06-05,1.0
Open Source Observer,GITHUB_contributors_daily,2024-06-05,20.0
Trail of Bits Security Reviews,GITHUB_active_developers_daily,2024-06-05,1.0
Walnut,GITHUB_active_developers_daily,2024-06-05,1.0
Runtime Verification,GITHUB_active_developers_daily,2024-06-05,3.0
Redstone Finance,GITHUB_active_developers_daily,2024-06-05,2.0
Open Source Observer,GITHUB_merged_pull_requests_daily,2024-06-05,22.0
Open Source Observer,GITHUB_closed_issues_daily,2024-06-05,1.0
thirdweb,GITHUB_comments_daily,2024-05-08,63.0
Pyth Network,GITHUB_stars_daily,2024-05-08,6.0
Pyth Network,GITHUB_commits_daily,2024-05-08,1.0
Debid - Fairblock,GITHUB_forks_daily,2024-05-08,2.0
Redstone Finance,GITHUB_repositories_daily,2024-05-08,2.0
Runtime Verification,GITHUB_repositories_daily,2024-05-08,9.0
WakeUp Labs,GITHUB_active_developers_daily,2024-05-08,1.0
thirdweb,GITHUB_contributors_daily,2024-05-08,9.0
Open Source Observer,GITHUB_opened_pull_requests_daily,2024-05-08,4.0
Trail of Bits Security Reviews,GITHUB_opened_issues_daily,2024-05-08,4.0
Trail of Bits Security Reviews,GITHUB_closed_issues_daily,2024-05-08,1.0
Open Source Observer,GITHUB_comments_daily,2024-12-25,1.0
Pyth Network,GITHUB_opened_pull_requests_daily,2024-12-25,5.0
Trail of Bits Security Reviews,GITHUB_stars_daily,2024-03-23,13.0
Redstone Finance,GITHUB_stars_daily,2024-03-23,2.0
thirdweb,GITHUB_releases_daily,2024-03-23,1.0
thirdweb,GITHUB_active_developers_daily,2024-03-23,4.0
Runtime Verification,GITHUB_contributors_daily,2024-03-23,1.0
Trail of Bits Security Reviews,GITHUB_merged_pull_requests_daily,2024-03-23,1.0
Trail of Bits Security Reviews,GITHUB_comments_daily,2024-08-05,24.0
Runtime Verification,GITHUB_comments_daily,2024-08-05,27.0
Walnut,GITHUB_comments_daily,2024-08-05,37.0
thirdweb,GITHUB_comments_daily,2024-08-05,109.0
Pyth Network,GITHUB_forks_weekly,2024-08-05,3.0
Runtime Verification,GITHUB_forks_weekly,2024-08-05,1.0
Trail of Bits Security Reviews,GITHUB_releases_weekly,2024-08-05,3.0
Enclave,GITHUB_commits_daily,2024-08-05,4.0
Enclave,GITHUB_commits_weekly,2024-08-05,5.0
Passport XYZ,GITHUB_commits_weekly,2024-08-05,30.0
Enclave,GITHUB_comments_weekly,2024-08-05,1.0
Debid - Fairblock,GITHUB_repositories_weekly,2024-08-05,3.0
thirdweb,GITHUB_repositories_weekly,2024-08-05,6.0
thirdweb,GITHUB_forks_daily,2024-08-05,2.0
Runtime Verification,GITHUB_repositories_daily,2024-08-05,15.0
Enclave,GITHUB_repositories_daily,2024-08-05,1.0
Redstone Finance,GITHUB_contributors_weekly,2024-08-05,4.0
Pyth Network,GITHUB_contributors_weekly,2024-08-05,12.0
Remix IDE plugin for Arbitrum Stylus,GITHUB_contributors_weekly,2024-08-05,1.0
thirdweb,GITHUB_contributors_weekly,2024-08-05,31.0
Trail of Bits Security Reviews,GITHUB_contributors_weekly,2024-08-05,21.0
Debid - Fairblock,GITHUB_active_developers_weekly,2024-08-05,3.0
Runtime Verification,GITHUB_active_developers_weekly,2024-08-05,10.0
Pyth Network,GITHUB_active_developers_daily,2024-08-05,2.0
Enclave,GITHUB_active_developers_daily,2024-08-05,1.0
Trail of Bits Security Reviews,GITHUB_contributors_daily,2024-08-05,7.0
Runtime Verification,GITHUB_opened_pull_requests_weekly,2024-08-05,85.0
Trail of Bits Security Reviews,GITHUB_opened_pull_requests_weekly,2024-08-05,62.0
Runtime Verification,GITHUB_opened_pull_requests_daily,2024-08-05,18.0
Trail of Bits Security Reviews,GITHUB_merged_pull_requests_weekly,2024-08-05,53.0
Passport XYZ,GITHUB_merged_pull_requests_weekly,2024-08-05,22.0
Enclave,GITHUB_merged_pull_requests_weekly,2024-08-05,1.0
Passport XYZ,GITHUB_merged_pull_requests_daily,2024-08-05,4.0
Runtime Verification,GITHUB_opened_issues_daily,2024-08-05,4.0
Open Source Observer,GITHUB_opened_issues_daily,2024-08-05,2.0
Runtime Verification,GITHUB_comments_daily,2024-11-29,1.0
Trail of Bits Security Reviews,GITHUB_comments_daily,2024-11-29,3.0
thirdweb,GITHUB_stars_daily,2024-11-29,2.0
Runtime Verification,GITHUB_stars_daily,2024-11-29,1.0
Runtime Verification,GITHUB_commits_daily,2024-11-29,5.0
Walnut,GITHUB_commits_daily,2024-11-29,7.0
Redstone Finance,GITHUB_commits_daily,2024-11-29,25.0
thirdweb,GITHUB_forks_daily,2024-11-29,6.0
Passport XYZ,GITHUB_repositories_daily,2024-11-29,2.0
Redstone Finance,GITHUB_repositories_daily,2024-11-29,3.0
Runtime Verification,GITHUB_contributors_daily,2024-11-29,7.0
Walnut,GITHUB_contributors_daily,2024-11-29,2.0
Open Source Observer,GITHUB_contributors_daily,2024-11-29,2.0
Runtime Verification,GITHUB_active_developers_daily,2024-11-29,3.0
thirdweb,GITHUB_active_developers_daily,2024-11-29,1.0
Trail of Bits Security Reviews,GITHUB_active_developers_daily,2024-11-29,2.0
Runtime Verification,GITHUB_opened_pull_requests_daily,2024-11-29,5.0
Open Source Observer,GITHUB_merged_pull_requests_daily,2024-11-29,2.0
Pyth Network,GITHUB_merged_pull_requests_daily,2024-11-29,3.0
Walnut,GITHUB_merged_pull_requests_daily,2024-11-29,1.0
Trail of Bits Security Reviews,GITHUB_merged_pull_requests_daily,2024-11-29,4.0
Runtime Verification,GITHUB_opened_issues_daily,2024-11-29,1.0
Passport XYZ,GITHUB_closed_issues_daily,2024-11-29,2.0
Walnut,GITHUB_comments_daily,2025-02-16,2.0
Pyth Network,GITHUB_comments_daily,2025-02-16,2.0
Runtime Verification,GITHUB_comments_daily,2025-02-16,4.0
Solang,GITHUB_comments_daily,2025-02-16,1.0
Trail of Bits Security Reviews,GITHUB_commits_daily,2025-02-16,2.0
Trail of Bits Security Reviews,GITHUB_forks_daily,2025-02-16,1.0
Open Source Observer,GITHUB_repositories_daily,2025-02-16,1.0
Walnut,GITHUB_repositories_daily,2025-02-16,1.0
Open Source Observer,GITHUB_active_developers_daily,2025-02-16,1.0
Trail of Bits Security Reviews,GITHUB_opened_pull_requests_daily,2025-02-16,4.0
Open Source Observer,GITHUB_opened_pull_requests_daily,2025-02-16,1.0
Open Source Observer,GITHUB_merged_pull_requests_daily,2025-02-16,1.0
thirdweb,GITHUB_opened_issues_daily,2025-02-16,1.0
Walnut,GITHUB_closed_issues_daily,2025-02-16,1.0
Trail of Bits Security Reviews,GITHUB_comments_daily,2025-01-16,11.0
Walnut,GITHUB_comments_daily,2025-01-16,1.0
Trail of Bits Security Reviews,GITHUB_stars_daily,2025-01-16,14.0
thirdweb,GITHUB_stars_daily,2025-01-16,2.0
Runtime Verification,GITHUB_releases_daily,2025-01-16,4.0
thirdweb,GITHUB_releases_daily,2025-01-16,1.0
Trail of Bits Security Reviews,GITHUB_releases_daily,2025-01-16,1.0
Trail of Bits Security Reviews,GITHUB_forks_daily,2025-01-16,2.0
Runtime Verification,GITHUB_forks_daily,2025-01-16,2.0
Passport XYZ,GITHUB_repositories_daily,2025-01-16,1.0
Open Source Observer,GITHUB_repositories_daily,2025-01-16,4.0
thirdweb,GITHUB_repositories_daily,2025-01-16,5.0
Debid - Fairblock,GITHUB_contributors_daily,2025-01-16,1.0
thirdweb,GITHUB_contributors_daily,2025-01-16,9.0
thirdweb,GITHUB_active_developers_daily,2025-01-16,4.0
Runtime Verification,GITHUB_active_developers_daily,2025-01-16,4.0
Pyth Network,GITHUB_opened_pull_requests_daily,2025-01-16,9.0
Open Source Observer,GITHUB_merged_pull_requests_daily,2025-01-16,13.0
Trail of Bits Security Reviews,GITHUB_opened_issues_daily,2025-01-16,2.0
Runtime Verification,GITHUB_opened_issues_daily,2025-01-16,2.0
thirdweb,GITHUB_comments_daily,2024-03-31,8.0
Pyth Network,GITHUB_stars_daily,2024-03-31,2.0
Open Source Observer,GITHUB_forks_daily,2024-03-31,1.0
Pyth Network,GITHUB_repositories_daily,2024-03-31,2.0
Trail of Bits Security Reviews,GITHUB_repositories_daily,2024-03-31,15.0
Open Source Observer,GITHUB_opened_pull_requests_daily,2024-03-31,1.0
thirdweb,GITHUB_opened_pull_requests_daily,2024-03-31,3.0
Trail of Bits Security Reviews,GITHUB_comments_daily,2025-01-02,3.0
Pyth Network,GITHUB_comments_daily,2025-01-02,12.0
thirdweb,GITHUB_comments_daily,2025-01-02,55.0
Runtime Verification,GITHUB_commits_daily,2025-01-02,1.0
Walnut,GITHUB_commits_daily,2025-01-02,1.0
Walnut,GITHUB_repositories_daily,2025-01-02,1.0
Sylow,GITHUB_repositories_daily,2025-01-02,1.0
Redstone Finance,GITHUB_repositories_daily,2025-01-02,3.0
Trail of Bits Security Reviews,GITHUB_contributors_daily,2025-01-02,7.0
Pyth Network,GITHUB_active_developers_daily,2025-01-02,2.0
Open Source Observer,GITHUB_active_developers_daily,2025-01-02,2.0
Runtime Verification,GITHUB_active_developers_daily,2025-01-02,1.0
Trail of Bits Security Reviews,GITHUB_opened_pull_requests_daily,2025-01-02,6.0
Pyth Network,GITHUB_merged_pull_requests_daily,2025-01-02,3.0
Runtime Verification,GITHUB_opened_issues_daily,2025-01-02,1.0
Pyth Network,GITHUB_comments_daily,2024-01-21,5.0
Open Source Observer,GITHUB_comments_daily,2024-01-21,2.0
thirdweb,GITHUB_stars_daily,2024-01-21,3.0
Redstone Finance,GITHUB_stars_daily,2024-01-21,1.0
Runtime Verification,GITHUB_commits_daily,2024-01-21,4.0
thirdweb,GITHUB_repositories_daily,2024-01-21,5.0
Pyth Network,GITHUB_repositories_daily,2024-01-21,2.0
Pyth Network,GITHUB_contributors_daily,2024-01-21,1.0
Runtime Verification,GITHUB_contributors_daily,2024-01-21,2.0
Trail of Bits Security Reviews,GITHUB_contributors_daily,2024-01-21,2.0
Runtime Verification,GITHUB_active_developers_daily,2024-01-21,1.0
Open Source Observer,GITHUB_active_developers_daily,2024-01-21,1.0
Runtime Verification,GITHUB_merged_pull_requests_daily,2024-01-21,3.0
thirdweb,GITHUB_merged_pull_requests_daily,2024-01-21,1.0
Trail of Bits Security Reviews,GITHUB_merged_pull_requests_daily,2024-01-21,3.0
Open Source Observer,GITHUB_stars_daily,2025-01-21,1.0
Passport XYZ,GITHUB_stars_daily,2025-01-21,2.0
Open Source Observer,GITHUB_commits_daily,2025-01-21,8.0
thirdweb,GITHUB_forks_daily,2025-01-21,2.0
Walnut,GITHUB_repositories_daily,2025-01-21,2.0
Passport XYZ,GITHUB_repositories_daily,2025-01-21,1.0
Pyth Network,GITHUB_repositories_daily,2025-01-21,5.0
Trail of Bits Security Reviews,GITHUB_repositories_daily,2025-01-21,17.0
thirdweb,GITHUB_repositories_daily,2025-01-21,3.0
9Lives,GITHUB_active_developers_daily,2025-01-21,2.0
Pyth Network,GITHUB_active_developers_daily,2025-01-21,4.0
Redstone Finance,GITHUB_active_developers_daily,2025-01-21,1.0
Runtime Verification,GITHUB_active_developers_daily,2025-01-21,3.0
Walnut,GITHUB_active_developers_daily,2025-01-21,1.0
CoBuilders,GITHUB_contributors_daily,2025-01-21,1.0
Solang,GITHUB_contributors_daily,2025-01-21,1.0
Pyth Network,GITHUB_contributors_daily,2025-01-21,6.0
Trail of Bits Security Reviews,GITHUB_opened_pull_requests_daily,2025-01-21,3.0
CoBuilders,GITHUB_opened_pull_requests_daily,2025-01-21,1.0
thirdweb,GITHUB_merged_pull_requests_daily,2025-01-21,11.0
Moving Stylus,GITHUB_merged_pull_requests_daily,2025-01-21,1.0
Walnut,GITHUB_opened_issues_daily,2025-01-21,6.0
Open Source Observer,GITHUB_opened_issues_daily,2025-01-21,10.0
Trail of Bits Security Reviews,GITHUB_comments_daily,2024-06-13,1.0
Walnut,GITHUB_comments_daily,2024-06-13,1.0
Runtime Verification,GITHUB_stars_daily,2024-06-13,1.0
Arbos Foundry,GITHUB_commits_daily,2024-06-13,20.0
Redstone Finance,GITHUB_commits_daily,2024-06-13,3.0
thirdweb,GITHUB_commits_daily,2024-06-13,8.0
thirdweb,GITHUB_forks_daily,2024-06-13,2.0
Walnut,GITHUB_forks_daily,2024-06-13,1.0
Syndicate Protocol,GITHUB_repositories_daily,2024-06-13,1.0
Pyth Network,GITHUB_repositories_daily,2024-06-13,6.0
Enclave,GITHUB_repositories_daily,2024-06-13,1.0
Enclave,GITHUB_contributors_daily,2024-06-13,1.0
Walnut,GITHUB_contributors_daily,2024-06-13,2.0
Open Source Observer,GITHUB_active_developers_daily,2024-06-13,2.0
Arbos Foundry,GITHUB_active_developers_daily,2024-06-13,1.0
Debid - Fairblock,GITHUB_active_developers_daily,2024-06-13,1.0
Runtime Verification,GITHUB_active_developers_daily,2024-06-13,4.0
Trail of Bits Security Reviews,GITHUB_opened_pull_requests_daily,2024-06-13,5.0
Runtime Verification,GITHUB_opened_pull_requests_daily,2024-06-13,12.0
Passport XYZ,GITHUB_opened_pull_requests_daily,2024-06-13,2.0
thirdweb,GITHUB_merged_pull_requests_daily,2024-06-13,8.0
Debid - Fairblock,GITHUB_merged_pull_requests_daily,2024-06-13,1.0
Runtime Verification,GITHUB_merged_pull_requests_daily,2024-06-13,14.0
Pyth Network,GITHUB_merged_pull_requests_daily,2024-06-13,7.0
Trail of Bits Security Reviews,GITHUB_merged_pull_requests_daily,2024-06-13,5.0
thirdweb,GITHUB_opened_issues_daily,2024-06-13,4.0
Redstone Finance,GITHUB_stars_daily,2024-06-09,3.0
thirdweb,GITHUB_commits_daily,2024-06-09,6.0
Open Source Observer,GITHUB_commits_daily,2024-06-09,8.0
Runtime Verification,GITHUB_forks_daily,2024-06-09,1.0
Redstone Finance,GITHUB_forks_daily,2024-06-09,3.0
Redstone Finance,GITHUB_repositories_daily,2024-06-09,3.0
Trail of Bits Security Reviews,GITHUB_repositories_daily,2024-06-09,7.0
thirdweb,GITHUB_contributors_daily,2024-06-09,5.0
Trail of Bits Security Reviews,GITHUB_contributors_daily,2024-06-09,1.0
Trail of Bits Security Reviews,GITHUB_active_developers_daily,2024-06-09,1.0
Open Source Observer,GITHUB_closed_issues_daily,2024-06-09,1.0
Open Source Observer,GITHUB_opened_pull_requests_daily,2024-06-09,9.0
Open Source Observer,GITHUB_merged_pull_requests_daily,2024-06-09,8.0
Walnut,GITHUB_comments_daily,2024-01-25,3.0
Trail of Bits Security Reviews,GITHUB_comments_daily,2024-01-25,11.0
thirdweb,GITHUB_stars_daily,2024-01-25,2.0
Runtime Verification,GITHUB_commits_daily,2024-01-25,11.0
Open Source Observer,GITHUB_commits_daily,2024-01-25,9.0
thirdweb,GITHUB_forks_daily,2024-01-25,3.0
Runtime Verification,GITHUB_repositories_daily,2024-01-25,10.0
Redstone Finance,GITHUB_repositories_daily,2024-01-25,3.0
thirdweb,GITHUB_repositories_daily,2024-01-25,4.0
Pyth Network,GITHUB_repositories_daily,2024-01-25,3.0
Redstone Finance,GITHUB_contributors_daily,2024-01-25,1.0
Walnut,GITHUB_contributors_daily,2024-01-25,2.0
Debid - Fairblock,GITHUB_contributors_daily,2024-01-25,1.0
Open Source Observer,GITHUB_contributors_daily,2024-01-25,4.0
Walnut,GITHUB_active_developers_daily,2024-01-25,2.0
Runtime Verification,GITHUB_active_developers_daily,2024-01-25,3.0
Debid - Fairblock,GITHUB_active_developers_daily,2024-01-25,1.0
Trail of Bits Security Reviews,GITHUB_opened_pull_requests_daily,2024-01-25,8.0
Open Source Observer,GITHUB_merged_pull_requests_daily,2024-01-25,9.0
Trail of Bits Security Reviews,GITHUB_closed_issues_daily,2024-01-25,1.0
Open Source Observer,GITHUB_comments_daily,2024-06-28,2.0
Trail of Bits Security Reviews,GITHUB_stars_daily,2024-06-28,15.0
thirdweb,GITHUB_stars_daily,2024-06-28,3.0
Open Source Observer,GITHUB_commits_daily,2024-06-28,2.0
thirdweb,GITHUB_commits_daily,2024-06-28,15.0
Trail of Bits Security Reviews,GITHUB_commits_daily,2024-06-28,15.0
Runtime Verification,GITHUB_commits_daily,2024-06-28,18.0
Runtime Verification,GITHUB_releases_daily,2024-06-28,10.0
Remix IDE plugin for Arbitrum Stylus,GITHUB_releases_daily,2024-06-28,1.0
thirdweb,GITHUB_repositories_daily,2024-06-28,5.0
Open Source Observer,GITHUB_contributors_daily,2024-06-28,4.0
Debid - Fairblock,GITHUB_contributors_daily,2024-06-28,1.0
Walnut,GITHUB_contributors_daily,2024-06-28,6.0
Redstone Finance,GITHUB_active_developers_daily,2024-06-28,2.0
Open Source Observer,GITHUB_merged_pull_requests_daily,2024-06-28,2.0
Open Source Observer,GITHUB_opened_issues_daily,2024-06-28,1.0
Pyth Network,GITHUB_comments_daily,2024-02-17,2.0
Debid - Fairblock,GITHUB_stars_daily,2024-02-17,1.0
Open Source Observer,GITHUB_commits_daily,2024-02-17,1.0
Trail of Bits Security Reviews,GITHUB_commits_daily,2024-02-17,1.0
Runtime Verification,GITHUB_commits_daily,2024-02-17,1.0
Pyth Network,GITHUB_repositories_daily,2024-02-17,4.0
Walnut,GITHUB_contributors_daily,2024-02-17,1.0
thirdweb,GITHUB_active_developers_daily,2024-02-17,3.0
Runtime Verification,GITHUB_merged_pull_requests_daily,2024-02-17,1.0
Trail of Bits Security Reviews,GITHUB_merged_pull_requests_daily,2024-02-17,1.0
thirdweb,GITHUB_merged_pull_requests_daily,2024-02-17,4.0
Trail of Bits Security Reviews,GITHUB_active_contributors_quarterly,2024-11-01,37.0
Passport XYZ,GITHUB_new_contributors_quarterly,2024-11-01,7.0
Remix IDE plugin for Arbitrum Stylus,GITHUB_new_contributors_quarterly,2024-11-01,3.0
Passport XYZ,GITHUB_active_contributors_quarterly,2024-11-01,7.0
Remix IDE plugin for Arbitrum Stylus,GITHUB_active_contributors_quarterly,2024-11-01,4.0
Moving Stylus,GITHUB_part_time_contributors_quarterly,2024-11-01,2.0
Open Source Observer,GITHUB_part_time_contributors_quarterly,2024-11-01,17.0
Debid - Fairblock,GITHUB_active_contributors_quarterly,2024-11-01,5.0
Redstone Finance,GITHUB_releases_biannually,2024-11-01,1.0
thirdweb,GITHUB_releases_biannually,2024-11-01,25.0
Passport XYZ,GITHUB_releases_quarterly,2024-11-01,29.0
Walnut,GITHUB_commits_biannually,2024-11-01,102.0
Trail of Bits Security Reviews,GITHUB_active_developers_biannually,2024-11-01,15.0
Passport XYZ,GITHUB_comments_daily,2024-11-01,6.0
Trail of Bits Security Reviews,GITHUB_comments_daily,2024-11-01,3.0
Passport XYZ,GITHUB_active_developers_biannually,2024-11-01,5.0
Open Source Observer,GITHUB_active_developers_biannually,2024-11-01,8.0
Moving Stylus,GITHUB_active_developers_biannually,2024-11-01,2.0
thirdweb,GITHUB_repositories_quarterly,2024-11-01,12.0
Pyth Network,GITHUB_repositories_quarterly,2024-11-01,13.0
Sylow,GITHUB_repositories_quarterly,2024-11-01,1.0
Trail of Bits Security Reviews,GITHUB_active_developers_quarterly,2024-11-01,15.0
Runtime Verification,GITHUB_active_developers_quarterly,2024-11-01,11.0
Open Source Observer,GITHUB_active_developers_quarterly,2024-11-01,8.0
Redstone Finance,GITHUB_forks_monthly,2024-11-01,3.0
Debid - Fairblock,GITHUB_forks_monthly,2024-11-01,1.0
Runtime Verification,GITHUB_stars_biannually,2024-11-01,26.0
thirdweb,GITHUB_stars_biannually,2024-11-01,57.0
Enclave,GITHUB_stars_biannually,2024-11-01,1.0
Debid - Fairblock,GITHUB_stars_biannually,2024-11-01,11.0
Open Source Observer,GITHUB_stars_biannually,2024-11-01,17.0
Solang,GITHUB_part_time_developers_quarterly,2024-11-01,2.0
Pyth Network,GITHUB_part_time_developers_quarterly,2024-11-01,15.0
Trail of Bits Security Reviews,GITHUB_part_time_developers_quarterly,2024-11-01,15.0
Debid - Fairblock,GITHUB_part_time_developers_quarterly,2024-11-01,3.0
Redstone Finance,GITHUB_stars_monthly,2024-11-01,6.0
Trail of Bits Security Reviews,GITHUB_stars_monthly,2024-11-01,366.0
Passport XYZ,GITHUB_stars_monthly,2024-11-01,66.0
Solang,GITHUB_commits_monthly,2024-11-01,3.0
Walnut,GITHUB_commits_monthly,2024-11-01,102.0
Open Source Observer,GITHUB_commits_monthly,2024-11-01,97.0
Open Source Observer,GITHUB_stars_quarterly,2024-11-01,17.0
Passport XYZ,GITHUB_stars_quarterly,2024-11-01,66.0
Debid - Fairblock,GITHUB_comments_monthly,2024-11-01,10.0
Enclave,GITHUB_comments_monthly,2024-11-01,130.0
Sylow,GITHUB_comments_monthly,2024-11-01,3.0
Syndicate Protocol,GITHUB_stars_quarterly,2024-11-01,2.0
Sylow,GITHUB_stars_quarterly,2024-11-01,7.0
Remix IDE plugin for Arbitrum Stylus,GITHUB_commits_daily,2024-11-01,3.0
Open Source Observer,GITHUB_commits_daily,2024-11-01,3.0
Pyth Network,GITHUB_commits_daily,2024-11-01,16.0
Redstone Finance,GITHUB_releases_monthly,2024-11-01,1.0
Trail of Bits Security Reviews,GITHUB_releases_monthly,2024-11-01,34.0
Walnut,GITHUB_commits_quarterly,2024-11-01,102.0
Passport XYZ,GITHUB_commits_quarterly,2024-11-01,118.0
Redstone Finance,GITHUB_commits_quarterly,2024-11-01,150.0
Remix IDE plugin for Arbitrum Stylus,GITHUB_commits_quarterly,2024-11-01,34.0
Trail of Bits Security Reviews,GITHUB_commits_quarterly,2024-11-01,295.0
Open Source Observer,GITHUB_forks_quarterly,2024-11-01,14.0
thirdweb,GITHUB_forks_quarterly,2024-11-01,42.0
Solang,GITHUB_forks_biannually,2024-11-01,4.0
Runtime Verification,GITHUB_forks_quarterly,2024-11-01,10.0
Runtime Verification,GITHUB_forks_biannually,2024-11-01,10.0
Trail of Bits Security Reviews,GITHUB_forks_daily,2024-11-01,2.0
Passport XYZ,GITHUB_repositories_daily,2024-11-01,2.0
Open Source Observer,GITHUB_repositories_daily,2024-11-01,2.0
thirdweb,GITHUB_repositories_daily,2024-11-01,3.0
Runtime Verification,GITHUB_repositories_biannually,2024-11-01,33.0
Sylow,GITHUB_repositories_monthly,2024-11-01,1.0
Remix IDE plugin for Arbitrum Stylus,GITHUB_repositories_monthly,2024-11-01,2.0
Pyth Network,GITHUB_repositories_monthly,2024-11-01,13.0
Solang,GITHUB_repositories_biannually,2024-11-01,1.0
Walnut,GITHUB_contributors_monthly,2024-11-01,7.0
Sylow,GITHUB_contributors_monthly,2024-11-01,1.0
Sylow,GITHUB_contributors_quarterly,2024-11-01,1.0
Walnut,GITHUB_contributors_quarterly,2024-11-01,7.0
Debid - Fairblock,GITHUB_contributors_quarterly,2024-11-01,5.0
Passport XYZ,GITHUB_contributors_quarterly,2024-11-01,7.0
Open Source Observer,GITHUB_contributors_quarterly,2024-11-01,17.0
Pyth Network,GITHUB_contributors_biannually,2024-11-01,26.0
Redstone Finance,GITHUB_contributors_biannually,2024-11-01,8.0
Walnut,GITHUB_contributors_biannually,2024-11-01,7.0
Runtime Verification,GITHUB_contributors_biannually,2024-11-01,23.0
Debid - Fairblock,GITHUB_contributors_biannually,2024-11-01,5.0
Passport XYZ,GITHUB_contributors_daily,2024-11-01,2.0
Trail of Bits Security Reviews,GITHUB_contributors_daily,2024-11-01,6.0
Remix IDE plugin for Arbitrum Stylus,GITHUB_active_developers_monthly,2024-11-01,3.0
Debid - Fairblock,GITHUB_active_developers_monthly,2024-11-01,3.0
thirdweb,GITHUB_active_developers_monthly,2024-11-01,9.0
thirdweb,GITHUB_part_time_developers_monthly,2024-11-01,5.0
Trail of Bits Security Reviews,GITHUB_full_time_developers_monthly,2024-11-01,3.0
Enclave,GITHUB_part_time_developers_monthly,2024-11-01,2.0
Remix IDE plugin for Arbitrum Stylus,GITHUB_part_time_developers_monthly,2024-11-01,3.0
Passport XYZ,GITHUB_part_time_developers_biannually,2024-11-01,5.0
Redstone Finance,GITHUB_part_time_developers_biannually,2024-11-01,7.0
Remix IDE plugin for Arbitrum Stylus,GITHUB_part_time_developers_biannually,2024-11-01,3.0
Walnut,GITHUB_part_time_developers_biannually,2024-11-01,3.0
Moving Stylus,GITHUB_part_time_developers_biannually,2024-11-01,2.0
Walnut,GITHUB_active_developers_daily,2024-11-01,1.0
Moving Stylus,GITHUB_active_contributors_biannually,2024-11-01,2.0
Solang,GITHUB_part_time_contributors_monthly,2024-11-01,4.0
Enclave,GITHUB_full_time_contributors_monthly,2024-11-01,1.0
Runtime Verification,GITHUB_part_time_contributors_monthly,2024-11-01,20.0
Runtime Verification,GITHUB_full_time_contributors_monthly,2024-11-01,3.0
Open Source Observer,GITHUB_active_developers_daily,2024-11-01,1.0
Passport XYZ,GITHUB_active_contributors_monthly,2024-11-01,7.0
Trail of Bits Security Reviews,GITHUB_new_contributors_monthly,2024-11-01,18.0
thirdweb,GITHUB_new_contributors_monthly,2024-11-01,29.0
Remix IDE plugin for Arbitrum Stylus,GITHUB_part_time_contributors_monthly,2024-11-01,4.0
Open Source Observer,GITHUB_new_contributors_monthly,2024-11-01,13.0
Open Source Observer,GITHUB_full_time_contributors_monthly,2024-11-01,2.0
Enclave,GITHUB_part_time_contributors_monthly,2024-11-01,2.0
Debid - Fairblock,GITHUB_new_contributors_monthly,2024-11-01,1.0
thirdweb,GITHUB_full_time_contributors_monthly,2024-11-01,9.0
Redstone Finance,GITHUB_active_contributors_biannually,2024-11-01,8.0
Moving Stylus,GITHUB_part_time_contributors_biannually,2024-11-01,2.0
Debid - Fairblock,GITHUB_new_contributors_biannually,2024-11-01,1.0
Walnut,GITHUB_part_time_contributors_biannually,2024-11-01,7.0
Remix IDE plugin for Arbitrum Stylus,GITHUB_new_contributors_biannually,2024-11-01,3.0
Open Source Observer,GITHUB_new_contributors_biannually,2024-11-01,13.0
Enclave,GITHUB_new_contributors_biannually,2024-11-01,3.0
thirdweb,GITHUB_part_time_contributors_biannually,2024-11-01,45.0
Walnut,GITHUB_new_contributors_biannually,2024-11-01,5.0
thirdweb,GITHUB_active_contributors_biannually,2024-11-01,45.0
Redstone Finance,GITHUB_part_time_contributors_biannually,2024-11-01,8.0
Solang,GITHUB_new_contributors_biannually,2024-11-01,4.0
Open Source Observer,GITHUB_change_in_part_time_contributors_monthly,2024-11-01,17.0
Remix IDE plugin for Arbitrum Stylus,GITHUB_change_in_active_developers_monthly,2024-11-01,0.0
Redstone Finance,GITHUB_change_in_part_time_contributors_monthly,2024-11-01,2.0
Runtime Verification,GITHUB_change_in_active_developers_quarterly,2024-11-01,4.0
Trail of Bits Security Reviews,GITHUB_change_in_active_developers_biannually,2024-11-01,-6.0
thirdweb,GITHUB_change_in_active_developers_monthly,2024-11-01,-7.0
Solang,GITHUB_change_in_active_developers_monthly,2024-11-01,-1.0
Solang,GITHUB_change_in_active_developers_quarterly,2024-11-01,-1.0
Trail of Bits Security Reviews,GITHUB_change_in_active_developers_quarterly,2024-11-01,-6.0
Sylow,GITHUB_change_in_part_time_contributors_quarterly,2024-11-01,1.0
Pyth Network,GITHUB_change_in_active_developers_quarterly,2024-11-01,-3.0
thirdweb,GITHUB_change_in_active_developers_quarterly,2024-11-01,-7.0
Trail of Bits Security Reviews,GITHUB_change_in_part_time_contributors_quarterly,2024-11-01,-6.0
Open Source Observer,GITHUB_change_in_active_developers_monthly,2024-11-01,19.0
Pyth Network,GITHUB_change_in_part_time_contributors_monthly,2024-11-01,-4.0
Moving Stylus,GITHUB_change_in_active_developers_monthly,2024-11-01,-1.0
Moving Stylus,GITHUB_change_in_active_developers_quarterly,2024-11-01,-1.0
Pyth Network,GITHUB_change_in_active_developers_biannually,2024-11-01,-3.0
Moving Stylus,GITHUB_change_in_active_developers_biannually,2024-11-01,-1.0
Runtime Verification,GITHUB_change_in_part_time_contributors_biannually,2024-11-01,4.0
Enclave,GITHUB_change_in_part_time_contributors_biannually,2024-11-01,1.0
thirdweb,GITHUB_change_in_active_developers_biannually,2024-11-01,-7.0
thirdweb,GITHUB_change_in_part_time_contributors_biannually,2024-11-01,-7.0
Debid - Fairblock,GITHUB_change_in_active_developers_biannually,2024-11-01,18.0
Redstone Finance,GITHUB_change_in_active_developers_biannually,2024-11-01,3.0
Sylow,GITHUB_change_in_active_developers_biannually,2024-11-01,1.0
Remix IDE plugin for Arbitrum Stylus,GITHUB_change_in_part_time_contributors_biannually,2024-11-01,0.0
Pyth Network,GITHUB_opened_pull_requests_monthly,2024-11-01,162.0
Trail of Bits Security Reviews,GITHUB_opened_pull_requests_daily,2024-11-01,2.0
thirdweb,GITHUB_opened_pull_requests_daily,2024-11-01,18.0
Remix IDE plugin for Arbitrum Stylus,GITHUB_opened_pull_requests_quarterly,2024-11-01,3.0
Remix IDE plugin for Arbitrum Stylus,GITHUB_opened_pull_requests_biannually,2024-11-01,3.0
Open Source Observer,GITHUB_opened_pull_requests_biannually,2024-11-01,81.0
thirdweb,GITHUB_opened_pull_requests_quarterly,2024-11-01,266.0
Passport XYZ,GITHUB_opened_pull_requests_quarterly,2024-11-01,107.0
Walnut,GITHUB_opened_pull_requests_biannually,2024-11-01,12.0
Runtime Verification,GITHUB_opened_pull_requests_quarterly,2024-11-01,97.0
Runtime Verification,GITHUB_merged_pull_requests_daily,2024-11-01,3.0
Trail of Bits Security Reviews,GITHUB_merged_pull_requests_monthly,2024-11-01,157.0
Passport XYZ,GITHUB_merged_pull_requests_monthly,2024-11-01,85.0
Open Source Observer,GITHUB_merged_pull_requests_monthly,2024-11-01,67.0
Pyth Network,GITHUB_merged_pull_requests_quarterly,2024-11-01,143.0
Walnut,GITHUB_merged_pull_requests_quarterly,2024-11-01,10.0
thirdweb,GITHUB_merged_pull_requests_quarterly,2024-11-01,222.0
Open Source Observer,GITHUB_merged_pull_requests_biannually,2024-11-01,67.0
Trail of Bits Security Reviews,GITHUB_opened_issues_monthly,2024-11-01,18.0
Runtime Verification,GITHUB_opened_issues_monthly,2024-11-01,11.0
Pyth Network,GITHUB_opened_issues_monthly,2024-11-01,1.0
Debid - Fairblock,GITHUB_opened_issues_monthly,2024-11-01,2.0
Pyth Network,GITHUB_merged_pull_requests_biannually,2024-11-01,143.0
Runtime Verification,GITHUB_merged_pull_requests_biannually,2024-11-01,72.0
Passport XYZ,GITHUB_opened_issues_quarterly,2024-11-01,50.0
Debid - Fairblock,GITHUB_opened_issues_daily,2024-11-01,1.0
Walnut,GITHUB_opened_issues_biannually,2024-11-01,1.0
thirdweb,GITHUB_opened_issues_biannually,2024-11-01,19.0
Debid - Fairblock,GITHUB_opened_issues_biannually,2024-11-01,2.0
Walnut,GITHUB_closed_issues_monthly,2024-11-01,1.0
Debid - Fairblock,GITHUB_closed_issues_quarterly,2024-11-01,1.0
thirdweb,GITHUB_avg_prs_time_to_merge_quarterly,2024-11-01,0.0
Passport XYZ,GITHUB_avg_prs_time_to_merge_quarterly,2024-11-01,0.0
Enclave,GITHUB_avg_prs_time_to_merge_quarterly,2024-11-01,0.0
Runtime Verification,GITHUB_avg_prs_time_to_merge_quarterly,2024-11-01,0.0
Trail of Bits Security Reviews,GITHUB_avg_prs_time_to_merge_biannually,2024-11-01,0.0
Remix IDE plugin for Arbitrum Stylus,GITHUB_avg_time_to_first_response_quarterly,2024-11-01,0.0
Sylow,GITHUB_avg_time_to_first_response_quarterly,2024-11-01,1823.0
Enclave,GITHUB_avg_time_to_first_response_quarterly,2024-11-01,308272.73333333334
Open Source Observer,GITHUB_avg_time_to_first_response_quarterly,2024-11-01,1089331.388429752
Enclave,GITHUB_avg_time_to_first_response_biannually,2024-11-01,308272.73333333334
Runtime Verification,GITHUB_avg_time_to_first_response_biannually,2024-11-01,2244318.606741573
thirdweb,GITHUB_avg_time_to_first_response_biannually,2024-11-01,74794.99152542373
Walnut,GITHUB_avg_prs_time_to_merge_biannually,2024-11-01,0.0
Enclave,GITHUB_avg_prs_time_to_merge_biannually,2024-11-01,0.0
Runtime Verification,GITHUB_avg_prs_time_to_merge_biannually,2024-11-01,0.0
Redstone Finance,GITHUB_avg_prs_time_to_merge_biannually,2024-11-01,0.0
Solang,GITHUB_avg_prs_time_to_merge_biannually,2024-11-01,0.0
Redstone Finance,GITHUB_change_in_active_contributors_quarterly,2024-11-01,3.0
Debid - Fairblock,GITHUB_change_in_active_contributors_monthly,2024-11-01,18.0
Passport XYZ,GITHUB_change_in_new_contributors_quarterly,2024-11-01,1.0
Passport XYZ,GITHUB_change_in_active_contributors_quarterly,2024-11-01,1.0
Debid - Fairblock,GITHUB_change_in_new_contributors_biannually,2024-11-01,18.0
Runtime Verification,GITHUB_change_in_active_contributors_biannually,2024-11-01,4.0
Open Source Observer,GITHUB_change_in_new_contributors_biannually,2024-11-01,18.0
Remix IDE plugin for Arbitrum Stylus,GITHUB_change_in_new_contributors_monthly,2024-11-01,0.0
Trail of Bits Security Reviews,GITHUB_change_in_active_contributors_monthly,2024-11-01,-6.0
Debid - Fairblock,GITHUB_churned_contributors_quarterly,2024-11-01,17.0
Solang,GITHUB_change_in_active_contributors_monthly,2024-11-01,-1.0
Solang,GITHUB_change_in_new_contributors_monthly,2024-11-01,-1.0
Solang,GITHUB_change_in_new_contributors_quarterly,2024-11-01,-1.0
Solang,GITHUB_change_in_active_contributors_quarterly,2024-11-01,-1.0
Remix IDE plugin for Arbitrum Stylus,GITHUB_change_in_active_contributors_quarterly,2024-11-01,0.0
Remix IDE plugin for Arbitrum Stylus,GITHUB_change_in_new_contributors_quarterly,2024-11-01,0.0
Trail of Bits Security Reviews,GITHUB_churned_contributors_biannually,2024-11-01,-24.0
Redstone Finance,GITHUB_change_in_new_contributors_biannually,2024-11-01,1.0
Redstone Finance,GITHUB_change_in_active_contributors_biannually,2024-11-01,3.0
Walnut,GITHUB_change_in_full_time_contributors_biannually,2024-11-01,0.0
Trail of Bits Security Reviews,GITHUB_change_in_new_contributors_biannually,2024-11-01,-8.0
Trail of Bits Security Reviews,GITHUB_change_in_full_time_contributors_biannually,2024-11-01,0.0
Debid - Fairblock,GITHUB_churned_contributors_biannually,2024-11-01,17.0
Solang,GITHUB_change_in_full_time_contributors_biannually,2024-11-01,0.0
Solang,GITHUB_churned_contributors_biannually,2024-11-01,-5.0
Trail of Bits Security Reviews,GITHUB_comments_daily,2024-03-26,7.0
Open Source Observer,GITHUB_comments_daily,2024-03-26,38.0
Trail of Bits Security Reviews,GITHUB_commits_daily,2024-03-26,3.0
Pyth Network,GITHUB_releases_daily,2024-03-26,1.0
Debid - Fairblock,GITHUB_releases_daily,2024-03-26,4.0
Pyth Network,GITHUB_repositories_daily,2024-03-26,7.0
Open Source Observer,GITHUB_opened_pull_requests_daily,2024-03-26,5.0
Pyth Network,GITHUB_contributors_daily,2024-03-26,7.0
thirdweb,GITHUB_active_developers_daily,2024-03-26,4.0
Trail of Bits Security Reviews,GITHUB_active_developers_daily,2024-03-26,3.0
Redstone Finance,GITHUB_active_developers_daily,2024-03-26,4.0
thirdweb,GITHUB_merged_pull_requests_daily,2024-03-26,5.0
Trail of Bits Security Reviews,GITHUB_opened_issues_daily,2024-03-26,3.0
Open Source Observer,GITHUB_opened_issues_daily,2024-03-26,12.0
thirdweb,GITHUB_comments_daily,2024-05-24,46.0
Open Source Observer,GITHUB_comments_daily,2024-05-24,23.0
Open Source Observer,GITHUB_stars_daily,2024-05-24,1.0
thirdweb,GITHUB_stars_daily,2024-05-24,5.0
Redstone Finance,GITHUB_commits_daily,2024-05-24,2.0
Open Source Observer,GITHUB_commits_daily,2024-05-24,7.0
Redstone Finance,GITHUB_forks_daily,2024-05-24,1.0
Open Source Observer,GITHUB_repositories_daily,2024-05-24,2.0
Debid - Fairblock,GITHUB_repositories_daily,2024-05-24,1.0
Runtime Verification,GITHUB_contributors_daily,2024-05-24,6.0
Open Source Observer,GITHUB_active_developers_daily,2024-05-24,3.0
Trail of Bits Security Reviews,GITHUB_opened_pull_requests_daily,2024-05-24,1.0
Runtime Verification,GITHUB_merged_pull_requests_daily,2024-05-24,9.0
Open Source Observer,GITHUB_merged_pull_requests_daily,2024-05-24,5.0
Open Source Observer,GITHUB_closed_issues_daily,2024-05-24,1.0
thirdweb,GITHUB_comments_daily,2024-01-26,31.0
Runtime Verification,GITHUB_releases_daily,2024-01-26,2.0
Redstone Finance,GITHUB_stars_daily,2024-01-26,5.0
Trail of Bits Security Reviews,GITHUB_stars_daily,2024-01-26,19.0
Pyth Network,GITHUB_commits_daily,2024-01-26,3.0
Open Source Observer,GITHUB_repositories_daily,2024-01-26,2.0
Open Source Observer,GITHUB_contributors_daily,2024-01-26,4.0
Walnut,GITHUB_active_developers_daily,2024-01-26,1.0
thirdweb,GITHUB_active_developers_daily,2024-01-26,8.0
Redstone Finance,GITHUB_active_developers_daily,2024-01-26,2.0
Trail of Bits Security Reviews,GITHUB_active_developers_daily,2024-01-26,3.0
Syndicate Protocol,GITHUB_opened_pull_requests_daily,2024-01-26,1.0
Open Source Observer,GITHUB_opened_pull_requests_daily,2024-01-26,10.0
Runtime Verification,GITHUB_opened_pull_requests_daily,2024-01-26,14.0
Trail of Bits Security Reviews,GITHUB_stars_daily,2024-03-17,7.0
thirdweb,GITHUB_stars_daily,2024-03-17,1.0
Trail of Bits Security Reviews,GITHUB_commits_daily,2024-03-17,4.0
thirdweb,GITHUB_forks_daily,2024-03-17,3.0
Walnut,GITHUB_repositories_daily,2024-03-17,1.0
Trail of Bits Security Reviews,GITHUB_contributors_daily,2024-03-17,2.0
Trail of Bits Security Reviews,GITHUB_opened_pull_requests_daily,2024-03-17,6.0
Open Source Observer,GITHUB_merged_pull_requests_daily,2024-03-17,1.0
Runtime Verification,GITHUB_closed_issues_daily,2024-03-17,1.0
thirdweb,GITHUB_closed_issues_daily,2024-03-17,2.0
thirdweb,GITHUB_comments_daily,2024-08-03,91.0
Open Source Observer,GITHUB_comments_daily,2024-08-03,4.0
Trail of Bits Security Reviews,GITHUB_stars_daily,2024-08-03,26.0
Open Source Observer,GITHUB_commits_daily,2024-08-03,1.0
Runtime Verification,GITHUB_contributors_daily,2024-08-03,1.0
Pyth Network,GITHUB_forks_weekly,2024-05-13,3.0
Runtime Verification,GITHUB_forks_weekly,2024-05-13,2.0
Walnut,GITHUB_stars_weekly,2024-05-13,1.0
thirdweb,GITHUB_stars_weekly,2024-05-13,21.0
Debid - Fairblock,GITHUB_releases_weekly,2024-05-13,3.0
Pyth Network,GITHUB_commits_daily,2024-05-13,7.0
Open Source Observer,GITHUB_commits_daily,2024-05-13,3.0
thirdweb,GITHUB_commits_weekly,2024-05-13,99.0
Pyth Network,GITHUB_commits_weekly,2024-05-13,34.0
Runtime Verification,GITHUB_comments_weekly,2024-05-13,190.0
Runtime Verification,GITHUB_releases_daily,2024-05-13,16.0
Pyth Network,GITHUB_releases_daily,2024-05-13,3.0
Pyth Network,GITHUB_stars_daily,2024-05-13,2.0
Trail of Bits Security Reviews,GITHUB_stars_daily,2024-05-13,9.0
Runtime Verification,GITHUB_stars_daily,2024-05-13,1.0
thirdweb,GITHUB_stars_daily,2024-05-13,3.0
Redstone Finance,GITHUB_forks_daily,2024-05-13,3.0
Runtime Verification,GITHUB_repositories_daily,2024-05-13,9.0
Walnut,GITHUB_repositories_daily,2024-05-13,1.0
Open Source Observer,GITHUB_contributors_weekly,2024-05-13,5.0
Pyth Network,GITHUB_contributors_weekly,2024-05-13,17.0
thirdweb,GITHUB_contributors_weekly,2024-05-13,22.0
Trail of Bits Security Reviews,GITHUB_active_developers_weekly,2024-05-13,12.0
Syndicate Protocol,GITHUB_active_developers_weekly,2024-05-13,2.0
Redstone Finance,GITHUB_contributors_daily,2024-05-13,3.0
thirdweb,GITHUB_active_developers_daily,2024-05-13,8.0
Open Source Observer,GITHUB_active_developers_daily,2024-05-13,2.0
Pyth Network,GITHUB_active_developers_daily,2024-05-13,7.0
Trail of Bits Security Reviews,GITHUB_active_developers_daily,2024-05-13,6.0
Redstone Finance,GITHUB_active_developers_daily,2024-05-13,3.0
Open Source Observer,GITHUB_opened_pull_requests_weekly,2024-05-13,32.0
Redstone Finance,GITHUB_opened_pull_requests_weekly,2024-05-13,2.0
Runtime Verification,GITHUB_opened_pull_requests_daily,2024-05-13,13.0
Redstone Finance,GITHUB_opened_pull_requests_daily,2024-05-13,1.0
Trail of Bits Security Reviews,GITHUB_merged_pull_requests_weekly,2024-05-13,66.0
Syndicate Protocol,GITHUB_merged_pull_requests_weekly,2024-05-13,1.0
Passport XYZ,GITHUB_merged_pull_requests_weekly,2024-05-13,4.0
thirdweb,GITHUB_merged_pull_requests_daily,2024-05-13,16.0
Open Source Observer,GITHUB_merged_pull_requests_daily,2024-05-13,3.0
Pyth Network,GITHUB_merged_pull_requests_daily,2024-05-13,8.0
Runtime Verification,GITHUB_opened_issues_daily,2024-05-13,3.0
Open Source Observer,GITHUB_closed_issues_weekly,2024-05-13,10.0
thirdweb,GITHUB_closed_issues_weekly,2024-05-13,4.0
Runtime Verification,GITHUB_closed_issues_weekly,2024-05-13,15.0
Trail of Bits Security Reviews,GITHUB_closed_issues_daily,2024-05-13,5.0
Pyth Network,GITHUB_comments_daily,2024-02-06,11.0
Runtime Verification,GITHUB_comments_daily,2024-02-06,46.0
Trail of Bits Security Reviews,GITHUB_stars_daily,2024-02-06,13.0
Pyth Network,GITHUB_stars_daily,2024-02-06,1.0
Redstone Finance,GITHUB_commits_daily,2024-02-06,2.0
Walnut,GITHUB_commits_daily,2024-02-06,2.0
Pyth Network,GITHUB_repositories_daily,2024-02-06,2.0
Walnut,GITHUB_repositories_daily,2024-02-06,1.0
Remix IDE plugin for Arbitrum Stylus,GITHUB_contributors_daily,2024-02-06,1.0
Runtime Verification,GITHUB_contributors_daily,2024-02-06,13.0
Open Source Observer,GITHUB_active_developers_daily,2024-02-06,1.0
Runtime Verification,GITHUB_opened_pull_requests_daily,2024-02-06,18.0
Open Source Observer,GITHUB_closed_issues_daily,2024-02-06,1.0
Trail of Bits Security Reviews,GITHUB_stars_daily,2024-07-12,11.0
Runtime Verification,GITHUB_stars_daily,2024-07-12,1.0
Redstone Finance,GITHUB_commits_daily,2024-07-12,8.0
Trail of Bits Security Reviews,GITHUB_releases_daily,2024-07-12,1.0
Redstone Finance,GITHUB_forks_daily,2024-07-12,1.0
Trail of Bits Security Reviews,GITHUB_forks_daily,2024-07-12,2.0
thirdweb,GITHUB_forks_daily,2024-07-12,1.0
Redstone Finance,GITHUB_repositories_daily,2024-07-12,2.0
Walnut,GITHUB_repositories_daily,2024-07-12,1.0
Trail of Bits Security Reviews,GITHUB_contributors_daily,2024-07-12,8.0
thirdweb,GITHUB_contributors_daily,2024-07-12,9.0
Pyth Network,GITHUB_active_developers_daily,2024-07-12,3.0
thirdweb,GITHUB_active_developers_daily,2024-07-12,3.0
Pyth Network,GITHUB_opened_pull_requests_daily,2024-07-12,5.0
Walnut,GITHUB_opened_pull_requests_daily,2024-07-12,1.0
Pyth Network,GITHUB_merged_pull_requests_daily,2024-07-12,4.0
Trail of Bits Security Reviews,GITHUB_merged_pull_requests_daily,2024-07-12,5.0
Trail of Bits Security Reviews,GITHUB_opened_issues_daily,2024-07-12,4.0
Pyth Network,GITHUB_comments_daily,2024-09-04,46.0
Runtime Verification,GITHUB_comments_daily,2024-09-04,57.0
Enclave,GITHUB_comments_daily,2024-09-04,4.0
Trail of Bits Security Reviews,GITHUB_comments_daily,2024-09-04,10.0
Trail of Bits Security Reviews,GITHUB_stars_daily,2024-09-04,10.0
Runtime Verification,GITHUB_commits_daily,2024-09-04,30.0
Redstone Finance,GITHUB_commits_daily,2024-09-04,10.0
WakeUp Labs,GITHUB_commits_daily,2024-09-04,4.0
Pyth Network,GITHUB_commits_daily,2024-09-04,13.0
Enclave,GITHUB_commits_daily,2024-09-04,12.0
thirdweb,GITHUB_releases_daily,2024-09-04,2.0
thirdweb,GITHUB_repositories_daily,2024-09-04,3.0
thirdweb,GITHUB_active_developers_daily,2024-09-04,6.0
Redstone Finance,GITHUB_active_developers_daily,2024-09-04,3.0
Trail of Bits Security Reviews,GITHUB_active_developers_daily,2024-09-04,2.0
Passport XYZ,GITHUB_contributors_daily,2024-09-04,2.0
Runtime Verification,GITHUB_contributors_daily,2024-09-04,7.0
WakeUp Labs,GITHUB_opened_pull_requests_daily,2024-09-04,2.0
Passport XYZ,GITHUB_opened_pull_requests_daily,2024-09-04,15.0
thirdweb,GITHUB_opened_pull_requests_daily,2024-09-04,32.0
Enclave,GITHUB_opened_pull_requests_daily,2024-09-04,4.0
Pyth Network,GITHUB_merged_pull_requests_daily,2024-09-04,13.0
Open Source Observer,GITHUB_merged_pull_requests_daily,2024-09-04,9.0
thirdweb,GITHUB_merged_pull_requests_daily,2024-09-04,33.0
Passport XYZ,GITHUB_closed_issues_daily,2024-09-04,4.0
Pyth Network,GITHUB_comments_daily,2024-09-21,12.0
thirdweb,GITHUB_releases_daily,2024-09-21,3.0
Pyth Network,GITHUB_active_developers_daily,2024-09-21,3.0
thirdweb,GITHUB_active_developers_daily,2024-09-21,2.0
Pyth Network,GITHUB_opened_pull_requests_daily,2024-09-21,5.0
Trail of Bits Security Reviews,GITHUB_opened_pull_requests_daily,2024-09-21,1.0
thirdweb,GITHUB_opened_issues_daily,2024-09-21,1.0
thirdweb,GITHUB_closed_issues_daily,2024-09-21,1.0
Runtime Verification,GITHUB_stars_daily,2025-03-02,1.0
9Lives,GITHUB_commits_daily,2025-03-02,5.0
Open Source Observer,GITHUB_commits_daily,2025-03-02,22.0
Runtime Verification,GITHUB_releases_daily,2025-03-02,1.0
thirdweb,GITHUB_forks_daily,2025-03-02,6.0
CodeTracer,GITHUB_repositories_daily,2025-03-02,1.0
Runtime Verification,GITHUB_repositories_daily,2025-03-02,3.0
Redstone Finance,GITHUB_repositories_daily,2025-03-02,2.0
CodeTracer,GITHUB_contributors_daily,2025-03-02,1.0
Open Source Observer,GITHUB_opened_pull_requests_daily,2025-03-02,2.0
Pyth Network,GITHUB_stars_daily,2024-03-22,1.0
thirdweb,GITHUB_stars_daily,2024-03-22,2.0
thirdweb,GITHUB_commits_daily,2024-03-22,15.0
Redstone Finance,GITHUB_forks_daily,2024-03-22,1.0
Redstone Finance,GITHUB_repositories_daily,2024-03-22,3.0
Walnut,GITHUB_repositories_daily,2024-03-22,2.0
thirdweb,GITHUB_repositories_daily,2024-03-22,4.0
Debid - Fairblock,GITHUB_repositories_daily,2024-03-22,1.0
Walnut,GITHUB_contributors_daily,2024-03-22,4.0
Runtime Verification,GITHUB_contributors_daily,2024-03-22,11.0
Redstone Finance,GITHUB_contributors_daily,2024-03-22,2.0
Redstone Finance,GITHUB_active_developers_daily,2024-03-22,2.0
Pyth Network,GITHUB_active_developers_daily,2024-03-22,2.0
thirdweb,GITHUB_active_developers_daily,2024-03-22,5.0
Runtime Verification,GITHUB_active_developers_daily,2024-03-22,4.0
thirdweb,GITHUB_opened_pull_requests_daily,2024-03-22,12.0
Open Source Observer,GITHUB_merged_pull_requests_daily,2024-03-22,2.0
Trail of Bits Security Reviews,GITHUB_closed_issues_daily,2024-03-22,2.0
Runtime Verification,GITHUB_forks_weekly,2025-03-17,2.0
Remix IDE plugin for Arbitrum Stylus,GITHUB_stars_daily,2025-03-17,1.0
thirdweb,GITHUB_stars_daily,2025-03-17,1.0
Trail of Bits Security Reviews,GITHUB_stars_weekly,2025-03-17,60.0
Remix IDE plugin for Arbitrum Stylus,GITHUB_stars_weekly,2025-03-17,1.0
Debid - Fairblock,GITHUB_stars_weekly,2025-03-17,1.0
Pyth Network,GITHUB_stars_weekly,2025-03-17,1.0
CodeTracer,GITHUB_stars_weekly,2025-03-17,88.0
CodeTracer,GITHUB_commits_daily,2025-03-17,21.0
Open Source Observer,GITHUB_commits_daily,2025-03-17,33.0
thirdweb,GITHUB_commits_daily,2025-03-17,5.0
Pyth Network,GITHUB_releases_weekly,2025-03-17,4.0
Runtime Verification,GITHUB_releases_weekly,2025-03-17,17.0
Trail of Bits Security Reviews,GITHUB_releases_daily,2025-03-17,1.0
thirdweb,GITHUB_releases_daily,2025-03-17,1.0
thirdweb,GITHUB_commits_weekly,2025-03-17,55.0
9Lives,GITHUB_commits_weekly,2025-03-17,14.0
Walnut,GITHUB_commits_weekly,2025-03-17,28.0
Redstone Finance,GITHUB_comments_weekly,2025-03-17,4.0
Runtime Verification,GITHUB_repositories_weekly,2025-03-17,17.0
Debid - Fairblock,GITHUB_repositories_weekly,2025-03-17,2.0
Trail of Bits Security Reviews,GITHUB_repositories_daily,2025-03-17,17.0
9Lives,GITHUB_repositories_daily,2025-03-17,1.0
Redstone Finance,GITHUB_repositories_daily,2025-03-17,1.0
Remix IDE plugin for Arbitrum Stylus,GITHUB_repositories_daily,2025-03-17,1.0
Pyth Network,GITHUB_contributors_weekly,2025-03-17,17.0
Redstone Finance,GITHUB_contributors_weekly,2025-03-17,4.0
Open Source Observer,GITHUB_contributors_daily,2025-03-17,4.0
Walnut,GITHUB_contributors_daily,2025-03-17,3.0
Redstone Finance,GITHUB_active_developers_weekly,2025-03-17,4.0
Trail of Bits Security Reviews,GITHUB_active_developers_weekly,2025-03-17,6.0
Runtime Verification,GITHUB_active_developers_weekly,2025-03-17,8.0
Walnut,GITHUB_active_developers_daily,2025-03-17,1.0
Runtime Verification,GITHUB_opened_pull_requests_weekly,2025-03-17,32.0
9Lives,GITHUB_opened_pull_requests_weekly,2025-03-17,2.0
Trail of Bits Security Reviews,GITHUB_opened_pull_requests_weekly,2025-03-17,41.0
Walnut,GITHUB_opened_pull_requests_weekly,2025-03-17,7.0
Solang,GITHUB_opened_pull_requests_weekly,2025-03-17,3.0
Debid - Fairblock,GITHUB_opened_pull_requests_weekly,2025-03-17,1.0
Open Source Observer,GITHUB_opened_pull_requests_daily,2025-03-17,9.0
Runtime Verification,GITHUB_opened_pull_requests_daily,2025-03-17,5.0
Debid - Fairblock,GITHUB_merged_pull_requests_weekly,2025-03-17,2.0
Remix IDE plugin for Arbitrum Stylus,GITHUB_merged_pull_requests_weekly,2025-03-17,1.0
Pyth Network,GITHUB_merged_pull_requests_daily,2025-03-17,8.0
thirdweb,GITHUB_merged_pull_requests_daily,2025-03-17,3.0
Pyth Network,GITHUB_opened_issues_weekly,2025-03-17,2.0
Open Source Observer,GITHUB_opened_issues_weekly,2025-03-17,30.0
Walnut,GITHUB_opened_issues_daily,2025-03-17,1.0
Open Source Observer,GITHUB_opened_issues_daily,2025-03-17,3.0
CodeTracer,GITHUB_closed_issues_weekly,2025-03-17,1.0
Pyth Network,GITHUB_closed_issues_weekly,2025-03-17,2.0
Trail of Bits Security Reviews,GITHUB_closed_issues_weekly,2025-03-17,1.0
Passport XYZ,GITHUB_closed_issues_weekly,2025-03-17,14.0
Remix IDE plugin for Arbitrum Stylus,GITHUB_comments_daily,2024-10-08,1.0
Trail of Bits Security Reviews,GITHUB_stars_daily,2024-10-08,26.0
Passport XYZ,GITHUB_commits_daily,2024-10-08,4.0
Enclave,GITHUB_commits_daily,2024-10-08,1.0
Remix IDE plugin for Arbitrum Stylus,GITHUB_commits_daily,2024-10-08,6.0
Pyth Network,GITHUB_releases_daily,2024-10-08,1.0
Pyth Network,GITHUB_forks_daily,2024-10-08,1.0
Trail of Bits Security Reviews,GITHUB_forks_daily,2024-10-08,3.0
thirdweb,GITHUB_forks_daily,2024-10-08,1.0
Trail of Bits Security Reviews,GITHUB_repositories_daily,2024-10-08,13.0
Redstone Finance,GITHUB_repositories_daily,2024-10-08,4.0
Pyth Network,GITHUB_repositories_daily,2024-10-08,4.0
Remix IDE plugin for Arbitrum Stylus,GITHUB_contributors_daily,2024-10-08,2.0
Debid - Fairblock,GITHUB_contributors_daily,2024-10-08,1.0
Passport XYZ,GITHUB_contributors_daily,2024-10-08,2.0
Enclave,GITHUB_contributors_daily,2024-10-08,1.0
Pyth Network,GITHUB_opened_pull_requests_daily,2024-10-08,8.0
Trail of Bits Security Reviews,GITHUB_opened_pull_requests_daily,2024-10-08,2.0
Remix IDE plugin for Arbitrum Stylus,GITHUB_merged_pull_requests_daily,2024-10-08,2.0
Redstone Finance,GITHUB_merged_pull_requests_daily,2024-10-08,5.0
Pyth Network,GITHUB_merged_pull_requests_daily,2024-10-08,11.0
Runtime Verification,GITHUB_opened_issues_daily,2024-10-08,1.0
Trail of Bits Security Reviews,GITHUB_opened_issues_daily,2024-10-08,1.0
Open Source Observer,GITHUB_closed_issues_daily,2024-10-08,6.0
thirdweb,GITHUB_comments_daily,2024-04-21,5.0
Runtime Verification,GITHUB_commits_daily,2024-04-21,2.0
thirdweb,GITHUB_repositories_daily,2024-04-21,5.0
Runtime Verification,GITHUB_repositories_daily,2024-04-21,2.0
Runtime Verification,GITHUB_merged_pull_requests_daily,2024-04-21,2.0
Open Source Observer,GITHUB_opened_issues_daily,2024-04-21,1.0
Trail of Bits Security Reviews,GITHUB_closed_issues_daily,2024-04-21,2.0
Open Source Observer,GITHUB_forks_weekly,2024-08-12,1.0
Passport XYZ,GITHUB_forks_weekly,2024-08-12,2.0
Trail of Bits Security Reviews,GITHUB_forks_weekly,2024-08-12,7.0
Runtime Verification,GITHUB_forks_weekly,2024-08-12,1.0
thirdweb,GITHUB_stars_weekly,2024-08-12,15.0
Trail of Bits Security Reviews,GITHUB_stars_weekly,2024-08-12,82.0
Pyth Network,GITHUB_commits_daily,2024-08-12,4.0
Pyth Network,GITHUB_releases_weekly,2024-08-12,1.0
Passport XYZ,GITHUB_releases_weekly,2024-08-12,6.0
Runtime Verification,GITHUB_releases_weekly,2024-08-12,42.0
thirdweb,GITHUB_comments_weekly,2024-08-12,913.0
Trail of Bits Security Reviews,GITHUB_commits_weekly,2024-08-12,27.0
Pyth Network,GITHUB_commits_weekly,2024-08-12,30.0
Passport XYZ,GITHUB_commits_weekly,2024-08-12,8.0
Redstone Finance,GITHUB_commits_weekly,2024-08-12,41.0
Trail of Bits Security Reviews,GITHUB_repositories_daily,2024-08-12,16.0
Trail of Bits Security Reviews,GITHUB_contributors_weekly,2024-08-12,13.0
Open Source Observer,GITHUB_contributors_weekly,2024-08-12,5.0
Pyth Network,GITHUB_contributors_weekly,2024-08-12,15.0
Runtime Verification,GITHUB_active_developers_weekly,2024-08-12,9.0
thirdweb,GITHUB_contributors_daily,2024-08-12,10.0
Open Source Observer,GITHUB_contributors_daily,2024-08-12,3.0
Pyth Network,GITHUB_contributors_daily,2024-08-12,5.0
Trail of Bits Security Reviews,GITHUB_active_developers_daily,2024-08-12,1.0
Runtime Verification,GITHUB_active_developers_daily,2024-08-12,1.0
Redstone Finance,GITHUB_active_developers_daily,2024-08-12,2.0
Trail of Bits Security Reviews,GITHUB_opened_pull_requests_weekly,2024-08-12,42.0
Walnut,GITHUB_opened_issues_weekly,2024-08-12,2.0
Open Source Observer,GITHUB_opened_issues_daily,2024-08-12,1.0
Runtime Verification,GITHUB_closed_issues_daily,2024-08-12,1.0
thirdweb,GITHUB_closed_issues_daily,2024-08-12,1.0
Pyth Network,GITHUB_comments_daily,2025-01-10,52.0
thirdweb,GITHUB_stars_daily,2025-01-10,1.0
Pyth Network,GITHUB_commits_daily,2025-01-10,16.0
9Lives,GITHUB_commits_daily,2025-01-10,10.0
thirdweb,GITHUB_releases_daily,2025-01-10,1.0
Pyth Network,GITHUB_forks_daily,2025-01-10,1.0
Runtime Verification,GITHUB_forks_daily,2025-01-10,2.0
Trail of Bits Security Reviews,GITHUB_repositories_daily,2025-01-10,17.0
Runtime Verification,GITHUB_repositories_daily,2025-01-10,6.0
Trail of Bits Security Reviews,GITHUB_contributors_daily,2025-01-10,8.0
9Lives,GITHUB_contributors_daily,2025-01-10,2.0
Sylow,GITHUB_contributors_daily,2025-01-10,1.0
Pyth Network,GITHUB_contributors_daily,2025-01-10,11.0
Runtime Verification,GITHUB_active_developers_daily,2025-01-10,2.0
Redstone Finance,GITHUB_active_developers_daily,2025-01-10,1.0
Open Source Observer,GITHUB_active_developers_daily,2025-01-10,1.0
Trail of Bits Security Reviews,GITHUB_active_developers_daily,2025-01-10,4.0
9Lives,GITHUB_active_developers_daily,2025-01-10,2.0
Passport XYZ,GITHUB_merged_pull_requests_daily,2025-01-10,2.0
Trail of Bits Security Reviews,GITHUB_merged_pull_requests_daily,2025-01-10,8.0
Sylow,GITHUB_merged_pull_requests_daily,2025-01-10,1.0
Runtime Verification,GITHUB_merged_pull_requests_daily,2025-01-10,3.0
thirdweb,GITHUB_opened_issues_daily,2025-01-10,1.0
thirdweb,GITHUB_comments_daily,2024-02-27,38.0
Trail of Bits Security Reviews,GITHUB_stars_daily,2024-02-27,11.0
Walnut,GITHUB_stars_daily,2024-02-27,1.0
Redstone Finance,GITHUB_commits_daily,2024-02-27,4.0
Pyth Network,GITHUB_commits_daily,2024-02-27,5.0
Walnut,GITHUB_repositories_daily,2024-02-27,1.0
Open Source Observer,GITHUB_repositories_daily,2024-02-27,3.0
Runtime Verification,GITHUB_active_developers_daily,2024-02-27,3.0
Trail of Bits Security Reviews,GITHUB_opened_pull_requests_daily,2024-02-27,6.0
Runtime Verification,GITHUB_opened_pull_requests_daily,2024-02-27,22.0
Pyth Network,GITHUB_merged_pull_requests_daily,2024-02-27,6.0
thirdweb,GITHUB_comments_daily,2024-07-10,47.0
Open Source Observer,GITHUB_comments_daily,2024-07-10,6.0
Pyth Network,GITHUB_comments_daily,2024-07-10,16.0
Runtime Verification,GITHUB_stars_daily,2024-07-10,1.0
Redstone Finance,GITHUB_commits_daily,2024-07-10,4.0
Debid - Fairblock,GITHUB_repositories_daily,2024-07-10,1.0
Pyth Network,GITHUB_repositories_daily,2024-07-10,4.0
Trail of Bits Security Reviews,GITHUB_repositories_daily,2024-07-10,10.0
Walnut,GITHUB_repositories_daily,2024-07-10,1.0
thirdweb,GITHUB_repositories_daily,2024-07-10,5.0
thirdweb,GITHUB_contributors_daily,2024-07-10,10.0
Redstone Finance,GITHUB_contributors_daily,2024-07-10,1.0
Open Source Observer,GITHUB_active_developers_daily,2024-07-10,1.0
Pyth Network,GITHUB_active_developers_daily,2024-07-10,3.0
Debid - Fairblock,GITHUB_opened_pull_requests_daily,2024-07-10,1.0
Pyth Network,GITHUB_opened_pull_requests_daily,2024-07-10,8.0
Runtime Verification,GITHUB_opened_pull_requests_daily,2024-07-10,11.0
Walnut,GITHUB_merged_pull_requests_daily,2024-07-10,1.0
Runtime Verification,GITHUB_opened_issues_daily,2024-07-10,1.0
Open Source Observer,GITHUB_comments_daily,2024-12-07,2.0
thirdweb,GITHUB_comments_daily,2024-12-07,28.0
Sylow,GITHUB_stars_daily,2024-12-07,1.0
Pyth Network,GITHUB_repositories_daily,2024-12-07,2.0
Open Source Observer,GITHUB_repositories_daily,2024-12-07,4.0
Runtime Verification,GITHUB_repositories_daily,2024-12-07,1.0
Enclave,GITHUB_contributors_daily,2024-12-07,1.0
Open Source Observer,GITHUB_active_developers_daily,2024-12-07,1.0
Open Source Observer,GITHUB_opened_pull_requests_daily,2024-12-07,1.0
thirdweb,GITHUB_opened_pull_requests_daily,2024-12-07,3.0
thirdweb,GITHUB_merged_pull_requests_daily,2024-12-07,6.0
Trail of Bits Security Reviews,GITHUB_merged_pull_requests_daily,2024-12-07,2.0
Enclave,GITHUB_opened_issues_daily,2024-12-07,3.0
Open Source Observer,GITHUB_comments_daily,2024-08-30,19.0
Trail of Bits Security Reviews,GITHUB_comments_daily,2024-08-30,29.0
Passport XYZ,GITHUB_comments_daily,2024-08-30,2.0
Open Source Observer,GITHUB_stars_daily,2024-08-30,5.0
Runtime Verification,GITHUB_forks_daily,2024-08-30,1.0
Pyth Network,GITHUB_commits_daily,2024-08-30,6.0
Runtime Verification,GITHUB_releases_daily,2024-08-30,3.0
Pyth Network,GITHUB_repositories_daily,2024-08-30,8.0
Redstone Finance,GITHUB_repositories_daily,2024-08-30,3.0
Enclave,GITHUB_repositories_daily,2024-08-30,1.0
Open Source Observer,GITHUB_contributors_daily,2024-08-30,4.0
Open Source Observer,GITHUB_merged_pull_requests_daily,2024-08-30,6.0
Trail of Bits Security Reviews,GITHUB_opened_issues_daily,2024-08-30,1.0
Enclave,GITHUB_closed_issues_daily,2024-08-30,1.0
thirdweb,GITHUB_closed_issues_daily,2024-08-30,1.0
Walnut,GITHUB_closed_issues_daily,2024-08-30,1.0
thirdweb,GITHUB_comments_daily,2024-04-14,5.0
Runtime Verification,GITHUB_stars_daily,2024-04-14,1.0
Trail of Bits Security Reviews,GITHUB_commits_daily,2024-04-14,8.0
thirdweb,GITHUB_forks_daily,2024-04-14,2.0
thirdweb,GITHUB_repositories_daily,2024-04-14,2.0
Trail of Bits Security Reviews,GITHUB_repositories_daily,2024-04-14,11.0
Open Source Observer,GITHUB_contributors_daily,2024-04-14,2.0
Open Source Observer,GITHUB_opened_pull_requests_daily,2024-04-14,1.0
Trail of Bits Security Reviews,GITHUB_forks_weekly,2024-11-18,10.0
Trail of Bits Security Reviews,GITHUB_comments_daily,2024-11-18,7.0
Solang,GITHUB_stars_daily,2024-11-18,1.0
thirdweb,GITHUB_stars_daily,2024-11-18,2.0
Passport XYZ,GITHUB_stars_weekly,2024-11-18,10.0
Open Source Observer,GITHUB_stars_weekly,2024-11-18,3.0
Redstone Finance,GITHUB_commits_daily,2024-11-18,7.0
Pyth Network,GITHUB_commits_daily,2024-11-18,8.0
Open Source Observer,GITHUB_commits_daily,2024-11-18,2.0
Passport XYZ,GITHUB_releases_weekly,2024-11-18,6.0
Trail of Bits Security Reviews,GITHUB_comments_weekly,2024-11-18,62.0
thirdweb,GITHUB_commits_weekly,2024-11-18,55.0
Runtime Verification,GITHUB_commits_weekly,2024-11-18,31.0
Walnut,GITHUB_commits_weekly,2024-11-18,9.0
Enclave,GITHUB_comments_weekly,2024-11-18,4.0
thirdweb,GITHUB_comments_weekly,2024-11-18,457.0
Trail of Bits Security Reviews,GITHUB_forks_daily,2024-11-18,1.0
thirdweb,GITHUB_forks_daily,2024-11-18,1.0
Trail of Bits Security Reviews,GITHUB_repositories_weekly,2024-11-18,49.0
Redstone Finance,GITHUB_repositories_weekly,2024-11-18,6.0
Walnut,GITHUB_repositories_weekly,2024-11-18,3.0
Sylow,GITHUB_repositories_weekly,2024-11-18,1.0
Runtime Verification,GITHUB_repositories_weekly,2024-11-18,16.0
Remix IDE plugin for Arbitrum Stylus,GITHUB_repositories_weekly,2024-11-18,1.0
Debid - Fairblock,GITHUB_repositories_weekly,2024-11-18,3.0
Pyth Network,GITHUB_repositories_daily,2024-11-18,3.0
Enclave,GITHUB_contributors_weekly,2024-11-18,1.0
Trail of Bits Security Reviews,GITHUB_contributors_weekly,2024-11-18,23.0
Redstone Finance,GITHUB_contributors_daily,2024-11-18,3.0
Open Source Observer,GITHUB_contributors_daily,2024-11-18,1.0
Trail of Bits Security Reviews,GITHUB_contributors_daily,2024-11-18,8.0
Runtime Verification,GITHUB_contributors_weekly,2024-11-18,14.0
Open Source Observer,GITHUB_active_developers_weekly,2024-11-18,4.0
Remix IDE plugin for Arbitrum Stylus,GITHUB_active_developers_weekly,2024-11-18,1.0
Passport XYZ,GITHUB_active_developers_weekly,2024-11-18,4.0
Pyth Network,GITHUB_opened_pull_requests_weekly,2024-11-18,42.0
Solang,GITHUB_opened_pull_requests_weekly,2024-11-18,1.0
Walnut,GITHUB_opened_pull_requests_weekly,2024-11-18,3.0
Moving Stylus,GITHUB_opened_pull_requests_weekly,2024-11-18,1.0
Passport XYZ,GITHUB_opened_pull_requests_weekly,2024-11-18,21.0
Open Source Observer,GITHUB_merged_pull_requests_weekly,2024-11-18,13.0
Trail of Bits Security Reviews,GITHUB_merged_pull_requests_weekly,2024-11-18,31.0
Trail of Bits Security Reviews,GITHUB_opened_pull_requests_daily,2024-11-18,22.0
Passport XYZ,GITHUB_opened_issues_weekly,2024-11-18,14.0
Open Source Observer,GITHUB_opened_issues_daily,2024-11-18,2.0
Trail of Bits Security Reviews,GITHUB_comments_daily,2024-08-02,2.0
thirdweb,GITHUB_comments_daily,2024-08-02,178.0
thirdweb,GITHUB_stars_daily,2024-08-02,1.0
Pyth Network,GITHUB_stars_daily,2024-08-02,1.0
Redstone Finance,GITHUB_commits_daily,2024-08-02,11.0
Pyth Network,GITHUB_commits_daily,2024-08-02,5.0
Open Source Observer,GITHUB_commits_daily,2024-08-02,8.0
Debid - Fairblock,GITHUB_commits_daily,2024-08-02,22.0
Walnut,GITHUB_commits_daily,2024-08-02,11.0
Debid - Fairblock,GITHUB_releases_daily,2024-08-02,3.0
Walnut,GITHUB_forks_daily,2024-08-02,1.0
Redstone Finance,GITHUB_forks_daily,2024-08-02,1.0
Redstone Finance,GITHUB_repositories_daily,2024-08-02,4.0
thirdweb,GITHUB_active_developers_daily,2024-08-02,4.0
Open Source Observer,GITHUB_active_developers_daily,2024-08-02,2.0
Runtime Verification,GITHUB_active_developers_daily,2024-08-02,3.0
thirdweb,GITHUB_opened_pull_requests_daily,2024-08-02,17.0
Trail of Bits Security Reviews,GITHUB_opened_pull_requests_daily,2024-08-02,1.0
Pyth Network,GITHUB_opened_pull_requests_daily,2024-08-02,3.0
Passport XYZ,GITHUB_merged_pull_requests_daily,2024-08-02,8.0
Redstone Finance,GITHUB_merged_pull_requests_daily,2024-08-02,1.0
thirdweb,GITHUB_merged_pull_requests_daily,2024-08-02,13.0
Debid - Fairblock,GITHUB_merged_pull_requests_daily,2024-08-02,1.0
thirdweb,GITHUB_opened_issues_daily,2024-08-02,2.0
Walnut,GITHUB_closed_issues_daily,2024-08-02,1.0
Open Source Observer,GITHUB_closed_issues_daily,2024-08-02,3.0
Runtime Verification,GITHUB_closed_issues_daily,2024-08-02,2.0
Pyth Network,GITHUB_comments_daily,2024-07-05,17.0
Redstone Finance,GITHUB_commits_daily,2024-07-05,4.0
Runtime Verification,GITHUB_stars_daily,2024-07-05,1.0
Redstone Finance,GITHUB_forks_daily,2024-07-05,1.0
Runtime Verification,GITHUB_forks_daily,2024-07-05,1.0
Passport XYZ,GITHUB_repositories_daily,2024-07-05,1.0
Runtime Verification,GITHUB_repositories_daily,2024-07-05,6.0
Trail of Bits Security Reviews,GITHUB_contributors_daily,2024-07-05,8.0
thirdweb,GITHUB_contributors_daily,2024-07-05,5.0
Runtime Verification,GITHUB_contributors_daily,2024-07-05,9.0
thirdweb,GITHUB_active_developers_daily,2024-07-05,3.0
Runtime Verification,GITHUB_opened_pull_requests_daily,2024-07-05,7.0
Walnut,GITHUB_merged_pull_requests_daily,2024-07-05,4.0
Runtime Verification,GITHUB_opened_issues_daily,2024-07-05,1.0
Runtime Verification,GITHUB_closed_issues_daily,2024-07-05,1.0
Pyth Network,GITHUB_stars_daily,2024-05-23,2.0
thirdweb,GITHUB_commits_daily,2024-05-23,17.0
Runtime Verification,GITHUB_releases_daily,2024-05-23,14.0
Walnut,GITHUB_forks_daily,2024-05-23,3.0
Runtime Verification,GITHUB_contributors_daily,2024-05-23,10.0
Trail of Bits Security Reviews,GITHUB_contributors_daily,2024-05-23,2.0
Pyth Network,GITHUB_active_developers_daily,2024-05-23,3.0
Passport XYZ,GITHUB_opened_pull_requests_daily,2024-05-23,2.0
Runtime Verification,GITHUB_opened_pull_requests_daily,2024-05-23,20.0
Open Source Observer,GITHUB_merged_pull_requests_daily,2024-05-23,13.0
Open Source Observer,GITHUB_opened_issues_daily,2024-05-23,4.0
Runtime Verification,GITHUB_closed_issues_daily,2024-05-23,1.0
thirdweb,GITHUB_comments_daily,2024-10-06,17.0
Runtime Verification,GITHUB_stars_daily,2024-10-06,3.0
Passport XYZ,GITHUB_stars_daily,2024-10-06,2.0
Runtime Verification,GITHUB_repositories_daily,2024-10-06,2.0
Open Source Observer,GITHUB_repositories_daily,2024-10-06,4.0
thirdweb,GITHUB_contributors_daily,2024-10-06,1.0
Runtime Verification,GITHUB_comments_daily,2025-03-07,11.0
Redstone Finance,GITHUB_comments_daily,2025-03-07,1.0
Pyth Network,GITHUB_comments_daily,2025-03-07,24.0
Open Source Observer,GITHUB_comments_daily,2025-03-07,13.0
Open Source Observer,GITHUB_commits_daily,2025-03-07,17.0
Runtime Verification,GITHUB_commits_daily,2025-03-07,3.0
Walnut,GITHUB_releases_daily,2025-03-07,1.0
9Lives,GITHUB_repositories_daily,2025-03-07,1.0
Open Source Observer,GITHUB_repositories_daily,2025-03-07,5.0
Runtime Verification,GITHUB_contributors_daily,2025-03-07,5.0
Walnut,GITHUB_active_developers_daily,2025-03-07,3.0
Trail of Bits Security Reviews,GITHUB_active_developers_daily,2025-03-07,3.0
Passport XYZ,GITHUB_opened_pull_requests_daily,2025-03-07,4.0
thirdweb,GITHUB_opened_pull_requests_daily,2025-03-07,10.0
Pyth Network,GITHUB_merged_pull_requests_daily,2025-03-07,5.0
Redstone Finance,GITHUB_merged_pull_requests_daily,2025-03-07,1.0
Open Source Observer,GITHUB_merged_pull_requests_daily,2025-03-07,7.0
Walnut,GITHUB_opened_issues_daily,2025-03-07,4.0
Runtime Verification,GITHUB_comments_daily,2024-05-21,38.0
Trail of Bits Security Reviews,GITHUB_stars_daily,2024-05-21,14.0
Redstone Finance,GITHUB_commits_daily,2024-05-21,6.0
Runtime Verification,GITHUB_commits_daily,2024-05-21,57.0
thirdweb,GITHUB_commits_daily,2024-05-21,12.0
Open Source Observer,GITHUB_commits_daily,2024-05-21,14.0
Pyth Network,GITHUB_releases_daily,2024-05-21,1.0
Walnut,GITHUB_repositories_daily,2024-05-21,2.0
Trail of Bits Security Reviews,GITHUB_repositories_daily,2024-05-21,15.0
Open Source Observer,GITHUB_repositories_daily,2024-05-21,3.0
thirdweb,GITHUB_repositories_daily,2024-05-21,5.0
Redstone Finance,GITHUB_contributors_daily,2024-05-21,3.0
Open Source Observer,GITHUB_contributors_daily,2024-05-21,7.0
Passport XYZ,GITHUB_contributors_daily,2024-05-21,1.0
thirdweb,GITHUB_contributors_daily,2024-05-21,10.0
Passport XYZ,GITHUB_active_developers_daily,2024-05-21,1.0
Trail of Bits Security Reviews,GITHUB_opened_pull_requests_daily,2024-05-21,2.0
Passport XYZ,GITHUB_opened_pull_requests_daily,2024-05-21,4.0
Runtime Verification,GITHUB_opened_pull_requests_daily,2024-05-21,20.0
Trail of Bits Security Reviews,GITHUB_merged_pull_requests_daily,2024-05-21,3.0
Pyth Network,GITHUB_merged_pull_requests_daily,2024-05-21,6.0
Runtime Verification,GITHUB_merged_pull_requests_daily,2024-05-21,13.0
Runtime Verification,GITHUB_closed_issues_daily,2024-05-21,2.0
Trail of Bits Security Reviews,GITHUB_comments_daily,2024-01-02,13.0
Redstone Finance,GITHUB_commits_daily,2024-01-02,7.0
Syndicate Protocol,GITHUB_commits_daily,2024-01-02,2.0
Syndicate Protocol,GITHUB_releases_daily,2024-01-02,2.0
Debid - Fairblock,GITHUB_forks_daily,2024-01-02,1.0
Redstone Finance,GITHUB_repositories_daily,2024-01-02,1.0
thirdweb,GITHUB_closed_issues_daily,2024-01-02,1.0
Pyth Network,GITHUB_forks_weekly,2024-06-24,18.0
Redstone Finance,GITHUB_forks_weekly,2024-06-24,3.0
Runtime Verification,GITHUB_comments_daily,2024-06-24,47.0
Trail of Bits Security Reviews,GITHUB_stars_daily,2024-06-24,13.0
Enclave,GITHUB_commits_daily,2024-06-24,2.0
Redstone Finance,GITHUB_commits_daily,2024-06-24,3.0
Trail of Bits Security Reviews,GITHUB_stars_weekly,2024-06-24,85.0
Passport XYZ,GITHUB_stars_weekly,2024-06-24,3.0
Pyth Network,GITHUB_stars_weekly,2024-06-24,5.0
Open Source Observer,GITHUB_stars_weekly,2024-06-24,1.0
Runtime Verification,GITHUB_releases_weekly,2024-06-24,71.0
Trail of Bits Security Reviews,GITHUB_commits_weekly,2024-06-24,129.0
Open Source Observer,GITHUB_commits_weekly,2024-06-24,38.0
Runtime Verification,GITHUB_forks_daily,2024-06-24,1.0
Redstone Finance,GITHUB_forks_daily,2024-06-24,1.0
thirdweb,GITHUB_repositories_daily,2024-06-24,2.0
Open Source Observer,GITHUB_repositories_daily,2024-06-24,3.0
Pyth Network,GITHUB_repositories_weekly,2024-06-24,12.0
Runtime Verification,GITHUB_contributors_weekly,2024-06-24,25.0
Enclave,GITHUB_contributors_weekly,2024-06-24,3.0
Pyth Network,GITHUB_contributors_weekly,2024-06-24,26.0
Walnut,GITHUB_contributors_weekly,2024-06-24,15.0
Pyth Network,GITHUB_opened_pull_requests_weekly,2024-06-24,52.0
Debid - Fairblock,GITHUB_opened_pull_requests_weekly,2024-06-24,2.0
Redstone Finance,GITHUB_opened_pull_requests_weekly,2024-06-24,1.0
Passport XYZ,GITHUB_opened_pull_requests_daily,2024-06-24,2.0
Open Source Observer,GITHUB_opened_pull_requests_daily,2024-06-24,8.0
Trail of Bits Security Reviews,GITHUB_opened_pull_requests_daily,2024-06-24,20.0
Enclave,GITHUB_merged_pull_requests_weekly,2024-06-24,2.0
Runtime Verification,GITHUB_merged_pull_requests_daily,2024-06-24,13.0
Trail of Bits Security Reviews,GITHUB_merged_pull_requests_daily,2024-06-24,13.0
Walnut,GITHUB_merged_pull_requests_daily,2024-06-24,1.0
Walnut,GITHUB_opened_issues_weekly,2024-06-24,1.0
Runtime Verification,GITHUB_closed_issues_weekly,2024-06-24,4.0
Trail of Bits Security Reviews,GITHUB_comments_daily,2024-08-29,5.0
Passport XYZ,GITHUB_commits_daily,2024-08-29,10.0
thirdweb,GITHUB_repositories_daily,2024-08-29,3.0
Enclave,GITHUB_contributors_daily,2024-08-29,3.0
Redstone Finance,GITHUB_contributors_daily,2024-08-29,3.0
Passport XYZ,GITHUB_active_developers_daily,2024-08-29,2.0
Runtime Verification,GITHUB_opened_pull_requests_daily,2024-08-29,5.0
Walnut,GITHUB_opened_pull_requests_daily,2024-08-29,3.0
Pyth Network,GITHUB_opened_pull_requests_daily,2024-08-29,15.0
Open Source Observer,GITHUB_merged_pull_requests_daily,2024-08-29,3.0
Enclave,GITHUB_opened_issues_daily,2024-08-29,1.0
thirdweb,GITHUB_opened_issues_daily,2024-08-29,3.0
Runtime Verification,GITHUB_comments_daily,2024-02-28,42.0
Pyth Network,GITHUB_comments_daily,2024-02-28,18.0
Trail of Bits Security Reviews,GITHUB_comments_daily,2024-02-28,9.0
Trail of Bits Security Reviews,GITHUB_stars_daily,2024-02-28,12.0
Debid - Fairblock,GITHUB_commits_daily,2024-02-28,3.0
Runtime Verification,GITHUB_releases_daily,2024-02-28,15.0
Trail of Bits Security Reviews,GITHUB_forks_daily,2024-02-28,1.0
Open Source Observer,GITHUB_repositories_daily,2024-02-28,1.0
thirdweb,GITHUB_repositories_daily,2024-02-28,6.0
Redstone Finance,GITHUB_repositories_daily,2024-02-28,2.0
Walnut,GITHUB_repositories_daily,2024-02-28,2.0
Trail of Bits Security Reviews,GITHUB_active_developers_daily,2024-02-28,3.0
Walnut,GITHUB_opened_pull_requests_daily,2024-02-28,2.0
Debid - Fairblock,GITHUB_merged_pull_requests_daily,2024-02-28,1.0
Runtime Verification,GITHUB_merged_pull_requests_daily,2024-02-28,24.0
Walnut,GITHUB_closed_issues_daily,2024-02-28,1.0
Open Source Observer,GITHUB_closed_issues_daily,2024-02-28,4.0
Runtime Verification,GITHUB_closed_issues_daily,2024-02-28,1.0
Pyth Network,GITHUB_stars_daily,2024-06-04,3.0
thirdweb,GITHUB_releases_daily,2024-06-04,8.0
Pyth Network,GITHUB_forks_daily,2024-06-04,4.0
Runtime Verification,GITHUB_repositories_daily,2024-06-04,9.0
Trail of Bits Security Reviews,GITHUB_repositories_daily,2024-06-04,14.0
Open Source Observer,GITHUB_repositories_daily,2024-06-04,2.0
thirdweb,GITHUB_active_developers_daily,2024-06-04,4.0
Redstone Finance,GITHUB_active_developers_daily,2024-06-04,2.0
Walnut,GITHUB_active_developers_daily,2024-06-04,1.0
Open Source Observer,GITHUB_opened_pull_requests_daily,2024-06-04,7.0
Pyth Network,GITHUB_contributors_daily,2024-06-04,4.0
Passport XYZ,GITHUB_contributors_daily,2024-06-04,1.0
Pyth Network,GITHUB_merged_pull_requests_daily,2024-06-04,5.0
Open Source Observer,GITHUB_merged_pull_requests_daily,2024-06-04,9.0
Passport XYZ,GITHUB_merged_pull_requests_daily,2024-06-04,4.0
thirdweb,GITHUB_merged_pull_requests_daily,2024-06-04,7.0
Trail of Bits Security Reviews,GITHUB_opened_issues_daily,2024-06-04,1.0
Walnut,GITHUB_opened_issues_daily,2024-06-04,1.0
Redstone Finance,GITHUB_forks_weekly,2024-12-16,1.0
Redstone Finance,GITHUB_comments_daily,2024-12-16,1.0
Pyth Network,GITHUB_comments_daily,2024-12-16,27.0
Trail of Bits Security Reviews,GITHUB_commits_daily,2024-12-16,37.0
Pyth Network,GITHUB_commits_daily,2024-12-16,4.0
Passport XYZ,GITHUB_commits_daily,2024-12-16,6.0
thirdweb,GITHUB_releases_weekly,2024-12-16,6.0
Runtime Verification,GITHUB_commits_weekly,2024-12-16,36.0
Solang,GITHUB_comments_weekly,2024-12-16,1.0
Runtime Verification,GITHUB_comments_weekly,2024-12-16,45.0
Enclave,GITHUB_comments_weekly,2024-12-16,57.0
thirdweb,GITHUB_comments_weekly,2024-12-16,517.0
thirdweb,GITHUB_forks_daily,2024-12-16,1.0
Pyth Network,GITHUB_forks_daily,2024-12-16,1.0
Remix IDE plugin for Arbitrum Stylus,GITHUB_repositories_daily,2024-12-16,1.0
thirdweb,GITHUB_repositories_daily,2024-12-16,4.0
Debid - Fairblock,GITHUB_repositories_daily,2024-12-16,1.0
Enclave,GITHUB_repositories_weekly,2024-12-16,1.0
thirdweb,GITHUB_repositories_weekly,2024-12-16,9.0
Remix IDE plugin for Arbitrum Stylus,GITHUB_repositories_weekly,2024-12-16,3.0
Open Source Observer,GITHUB_repositories_weekly,2024-12-16,5.0
Pyth Network,GITHUB_repositories_weekly,2024-12-16,5.0
Trail of Bits Security Reviews,GITHUB_repositories_weekly,2024-12-16,39.0
Runtime Verification,GITHUB_repositories_weekly,2024-12-16,12.0
Open Source Observer,GITHUB_contributors_daily,2024-12-16,1.0
thirdweb,GITHUB_contributors_weekly,2024-12-16,24.0
Walnut,GITHUB_contributors_weekly,2024-12-16,6.0
Remix IDE plugin for Arbitrum Stylus,GITHUB_contributors_weekly,2024-12-16,2.0
Moving Stylus,GITHUB_contributors_weekly,2024-12-16,1.0
Runtime Verification,GITHUB_active_developers_daily,2024-12-16,2.0
Remix IDE plugin for Arbitrum Stylus,GITHUB_active_developers_daily,2024-12-16,1.0
Open Source Observer,GITHUB_active_developers_weekly,2024-12-16,5.0
Passport XYZ,GITHUB_active_developers_weekly,2024-12-16,4.0
Enclave,GITHUB_active_developers_weekly,2024-12-16,1.0
Open Source Observer,GITHUB_opened_pull_requests_weekly,2024-12-16,25.0
Remix IDE plugin for Arbitrum Stylus,GITHUB_opened_pull_requests_weekly,2024-12-16,4.0
Remix IDE plugin for Arbitrum Stylus,GITHUB_opened_pull_requests_daily,2024-12-16,2.0
Pyth Network,GITHUB_opened_pull_requests_daily,2024-12-16,6.0
Enclave,GITHUB_merged_pull_requests_weekly,2024-12-16,1.0
Moving Stylus,GITHUB_merged_pull_requests_weekly,2024-12-16,1.0
thirdweb,GITHUB_merged_pull_requests_daily,2024-12-16,13.0
thirdweb,GITHUB_opened_issues_weekly,2024-12-16,6.0
Solang,GITHUB_opened_issues_weekly,2024-12-16,1.0
thirdweb,GITHUB_closed_issues_daily,2024-12-16,1.0
thirdweb,GITHUB_closed_issues_weekly,2024-12-16,5.0
Pyth Network,GITHUB_comments_daily,2024-04-20,1.0
Trail of Bits Security Reviews,GITHUB_comments_daily,2024-04-20,6.0
Runtime Verification,GITHUB_stars_daily,2024-04-20,1.0
Trail of Bits Security Reviews,GITHUB_commits_daily,2024-04-20,2.0
Pyth Network,GITHUB_commits_daily,2024-04-20,1.0
Open Source Observer,GITHUB_commits_daily,2024-04-20,3.0
thirdweb,GITHUB_commits_daily,2024-04-20,4.0
Pyth Network,GITHUB_repositories_daily,2024-04-20,3.0
Pyth Network,GITHUB_contributors_daily,2024-04-20,3.0
thirdweb,GITHUB_contributors_daily,2024-04-20,5.0
Runtime Verification,GITHUB_active_developers_daily,2024-04-20,1.0
Pyth Network,GITHUB_active_developers_daily,2024-04-20,1.0
Trail of Bits Security Reviews,GITHUB_opened_pull_requests_daily,2024-04-20,4.0
Pyth Network,GITHUB_opened_pull_requests_daily,2024-04-20,1.0
thirdweb,GITHUB_opened_pull_requests_daily,2024-04-20,4.0
Runtime Verification,GITHUB_merged_pull_requests_daily,2024-04-20,2.0
Pyth Network,GITHUB_merged_pull_requests_daily,2024-04-20,1.0
Open Source Observer,GITHUB_comments_daily,2024-10-24,29.0
Enclave,GITHUB_comments_daily,2024-10-24,1.0
Trail of Bits Security Reviews,GITHUB_stars_daily,2024-10-24,11.0
Solang,GITHUB_stars_daily,2024-10-24,1.0
Enclave,GITHUB_commits_daily,2024-10-24,2.0
Pyth Network,GITHUB_releases_daily,2024-10-24,1.0
Runtime Verification,GITHUB_releases_daily,2024-10-24,2.0
Open Source Observer,GITHUB_forks_daily,2024-10-24,1.0
Pyth Network,GITHUB_repositories_daily,2024-10-24,4.0
Trail of Bits Security Reviews,GITHUB_repositories_daily,2024-10-24,11.0
thirdweb,GITHUB_repositories_daily,2024-10-24,4.0
Enclave,GITHUB_contributors_daily,2024-10-24,1.0
Pyth Network,GITHUB_contributors_daily,2024-10-24,9.0
Open Source Observer,GITHUB_active_developers_daily,2024-10-24,4.0
Redstone Finance,GITHUB_active_developers_daily,2024-10-24,2.0
Pyth Network,GITHUB_active_developers_daily,2024-10-24,7.0
Enclave,GITHUB_active_developers_daily,2024-10-24,1.0
Passport XYZ,GITHUB_opened_pull_requests_daily,2024-10-24,6.0
thirdweb,GITHUB_opened_pull_requests_daily,2024-10-24,25.0
Debid - Fairblock,GITHUB_merged_pull_requests_daily,2024-10-24,4.0
Pyth Network,GITHUB_merged_pull_requests_daily,2024-10-24,14.0
Runtime Verification,GITHUB_merged_pull_requests_daily,2024-10-24,2.0
Redstone Finance,GITHUB_merged_pull_requests_daily,2024-10-24,1.0
thirdweb,GITHUB_merged_pull_requests_daily,2024-10-24,20.0
thirdweb,GITHUB_comments_daily,2024-06-10,86.0
Passport XYZ,GITHUB_forks_weekly,2024-06-10,2.0
thirdweb,GITHUB_forks_weekly,2024-06-10,10.0
Redstone Finance,GITHUB_forks_weekly,2024-06-10,4.0
Pyth Network,GITHUB_stars_daily,2024-06-10,2.0
Trail of Bits Security Reviews,GITHUB_stars_daily,2024-06-10,5.0
Trail of Bits Security Reviews,GITHUB_stars_weekly,2024-06-10,96.0
thirdweb,GITHUB_stars_weekly,2024-06-10,26.0
thirdweb,GITHUB_commits_daily,2024-06-10,16.0
Open Source Observer,GITHUB_commits_daily,2024-06-10,5.0
Trail of Bits Security Reviews,GITHUB_commits_daily,2024-06-10,9.0
Runtime Verification,GITHUB_releases_weekly,2024-06-10,46.0
thirdweb,GITHUB_releases_weekly,2024-06-10,31.0
Pyth Network,GITHUB_releases_weekly,2024-06-10,9.0
Syndicate Protocol,GITHUB_commits_weekly,2024-06-10,5.0
Pyth Network,GITHUB_commits_weekly,2024-06-10,28.0
Walnut,GITHUB_commits_weekly,2024-06-10,19.0
Runtime Verification,GITHUB_commits_weekly,2024-06-10,116.0
Walnut,GITHUB_comments_weekly,2024-06-10,12.0
Pyth Network,GITHUB_forks_daily,2024-06-10,1.0
Pyth Network,GITHUB_repositories_daily,2024-06-10,3.0
Walnut,GITHUB_contributors_weekly,2024-06-10,5.0
Pyth Network,GITHUB_contributors_weekly,2024-06-10,14.0
Redstone Finance,GITHUB_contributors_weekly,2024-06-10,4.0
Remix IDE plugin for Arbitrum Stylus,GITHUB_active_developers_weekly,2024-06-10,1.0
Walnut,GITHUB_active_developers_weekly,2024-06-10,1.0
Pyth Network,GITHUB_active_developers_weekly,2024-06-10,7.0
Runtime Verification,GITHUB_opened_pull_requests_weekly,2024-06-10,62.0
Passport XYZ,GITHUB_opened_pull_requests_weekly,2024-06-10,8.0
thirdweb,GITHUB_opened_pull_requests_daily,2024-06-10,25.0
Runtime Verification,GITHUB_opened_pull_requests_daily,2024-06-10,6.0
Walnut,GITHUB_merged_pull_requests_weekly,2024-06-10,7.0
Open Source Observer,GITHUB_merged_pull_requests_weekly,2024-06-10,30.0
Debid - Fairblock,GITHUB_merged_pull_requests_weekly,2024-06-10,1.0
Trail of Bits Security Reviews,GITHUB_opened_issues_weekly,2024-06-10,6.0
Pyth Network,GITHUB_opened_issues_weekly,2024-06-10,1.0
thirdweb,GITHUB_opened_issues_weekly,2024-06-10,14.0
Walnut,GITHUB_closed_issues_weekly,2024-06-10,2.0
thirdweb,GITHUB_comments_daily,2025-02-06,68.0
Runtime Verification,GITHUB_stars_daily,2025-02-06,2.0
thirdweb,GITHUB_stars_daily,2025-02-06,2.0
Trail of Bits Security Reviews,GITHUB_stars_daily,2025-02-06,6.0
Pyth Network,GITHUB_commits_daily,2025-02-06,18.0
Runtime Verification,GITHUB_commits_daily,2025-02-06,12.0
Trail of Bits Security Reviews,GITHUB_forks_daily,2025-02-06,1.0
Runtime Verification,GITHUB_repositories_daily,2025-02-06,11.0
Passport XYZ,GITHUB_repositories_daily,2025-02-06,3.0
thirdweb,GITHUB_repositories_daily,2025-02-06,3.0
Redstone Finance,GITHUB_repositories_daily,2025-02-06,4.0
Trail of Bits Security Reviews,GITHUB_repositories_daily,2025-02-06,8.0
thirdweb,GITHUB_contributors_daily,2025-02-06,6.0
Solang,GITHUB_contributors_daily,2025-02-06,1.0
Passport XYZ,GITHUB_contributors_daily,2025-02-06,3.0
Redstone Finance,GITHUB_contributors_daily,2025-02-06,3.0
Trail of Bits Security Reviews,GITHUB_opened_pull_requests_daily,2025-02-06,1.0
Passport XYZ,GITHUB_opened_pull_requests_daily,2025-02-06,16.0
Pyth Network,GITHUB_opened_pull_requests_daily,2025-02-06,12.0
thirdweb,GITHUB_opened_pull_requests_daily,2025-02-06,5.0
Open Source Observer,GITHUB_merged_pull_requests_daily,2025-02-06,8.0
Solang,GITHUB_merged_pull_requests_daily,2025-02-06,1.0
Trail of Bits Security Reviews,GITHUB_merged_pull_requests_daily,2025-02-06,3.0
Runtime Verification,GITHUB_merged_pull_requests_daily,2025-02-06,12.0
Trail of Bits Security Reviews,GITHUB_opened_issues_daily,2025-02-06,1.0
Open Source Observer,GITHUB_closed_issues_daily,2025-02-06,2.0
Runtime Verification,GITHUB_closed_issues_daily,2025-02-06,2.0
Redstone Finance,GITHUB_comments_daily,2025-02-15,1.0
Trail of Bits Security Reviews,GITHUB_stars_daily,2025-02-15,5.0
9Lives,GITHUB_commits_daily,2025-02-15,2.0
thirdweb,GITHUB_forks_daily,2025-02-15,2.0
Passport XYZ,GITHUB_repositories_daily,2025-02-15,2.0
thirdweb,GITHUB_contributors_daily,2025-02-15,5.0
Pyth Network,GITHUB_opened_pull_requests_daily,2025-02-15,5.0
thirdweb,GITHUB_opened_pull_requests_daily,2025-02-15,3.0
Pyth Network,GITHUB_merged_pull_requests_daily,2025-02-15,4.0
Walnut,GITHUB_opened_issues_daily,2025-02-15,3.0
Walnut,GITHUB_closed_issues_daily,2025-02-15,2.0
Open Source Observer,GITHUB_comments_daily,2024-09-28,9.0
Trail of Bits Security Reviews,GITHUB_stars_daily,2024-09-28,8.0
Pyth Network,GITHUB_stars_daily,2024-09-28,3.0
Passport XYZ,GITHUB_commits_daily,2024-09-28,2.0
Runtime Verification,GITHUB_commits_daily,2024-09-28,1.0
Pyth Network,GITHUB_repositories_daily,2024-09-28,3.0
Open Source Observer,GITHUB_repositories_daily,2024-09-28,3.0
Walnut,GITHUB_contributors_daily,2024-09-28,1.0
Trail of Bits Security Reviews,GITHUB_active_developers_daily,2024-09-28,1.0
Trail of Bits Security Reviews,GITHUB_opened_pull_requests_daily,2024-09-28,1.0
Open Source Observer,GITHUB_opened_pull_requests_daily,2024-09-28,1.0
Runtime Verification,GITHUB_opened_pull_requests_daily,2024-09-28,1.0
Trail of Bits Security Reviews,GITHUB_closed_issues_daily,2024-09-28,1.0
thirdweb,GITHUB_comments_daily,2024-05-28,79.0
Pyth Network,GITHUB_stars_daily,2024-05-28,2.0
thirdweb,GITHUB_stars_daily,2024-05-28,1.0
Pyth Network,GITHUB_commits_daily,2024-05-28,9.0
Open Source Observer,GITHUB_commits_daily,2024-05-28,4.0
Runtime Verification,GITHUB_commits_daily,2024-05-28,24.0
Runtime Verification,GITHUB_releases_daily,2024-05-28,10.0
Trail of Bits Security Reviews,GITHUB_contributors_daily,2024-05-28,5.0
Walnut,GITHUB_contributors_daily,2024-05-28,2.0
Syndicate Protocol,GITHUB_active_developers_daily,2024-05-28,1.0
Pyth Network,GITHUB_merged_pull_requests_daily,2024-05-28,8.0
Walnut,GITHUB_merged_pull_requests_daily,2024-05-28,1.0
Pyth Network,GITHUB_closed_issues_daily,2024-05-28,1.0
Solang,GITHUB_comments_daily,2024-10-07,3.0
Open Source Observer,GITHUB_commits_daily,2024-10-07,10.0
Pyth Network,GITHUB_commits_daily,2024-10-07,12.0
thirdweb,GITHUB_stars_weekly,2024-10-07,5.0
thirdweb,GITHUB_releases_weekly,2024-10-07,16.0
Passport XYZ,GITHUB_commits_weekly,2024-10-07,12.0
Pyth Network,GITHUB_commits_weekly,2024-10-07,72.0
Redstone Finance,GITHUB_commits_weekly,2024-10-07,29.0
Open Source Observer,GITHUB_comments_weekly,2024-10-07,61.0
Enclave,GITHUB_comments_weekly,2024-10-07,114.0
Open Source Observer,GITHUB_repositories_daily,2024-10-07,3.0
Enclave,GITHUB_repositories_daily,2024-10-07,1.0
Runtime Verification,GITHUB_repositories_daily,2024-10-07,12.0
Walnut,GITHUB_repositories_weekly,2024-10-07,1.0
Pyth Network,GITHUB_repositories_weekly,2024-10-07,6.0
Remix IDE plugin for Arbitrum Stylus,GITHUB_repositories_weekly,2024-10-07,1.0
Redstone Finance,GITHUB_repositories_weekly,2024-10-07,6.0
Arbos Foundry,GITHUB_repositories_weekly,2024-10-07,1.0
Trail of Bits Security Reviews,GITHUB_contributors_daily,2024-10-07,6.0
Open Source Observer,GITHUB_contributors_weekly,2024-10-07,10.0
Pyth Network,GITHUB_contributors_weekly,2024-10-07,11.0
Runtime Verification,GITHUB_contributors_weekly,2024-10-07,14.0
Trail of Bits Security Reviews,GITHUB_contributors_weekly,2024-10-07,9.0
thirdweb,GITHUB_active_developers_daily,2024-10-07,5.0
Open Source Observer,GITHUB_active_developers_weekly,2024-10-07,6.0
Remix IDE plugin for Arbitrum Stylus,GITHUB_active_developers_weekly,2024-10-07,1.0
Debid - Fairblock,GITHUB_active_developers_weekly,2024-10-07,2.0
Pyth Network,GITHUB_opened_pull_requests_weekly,2024-10-07,56.0
Runtime Verification,GITHUB_merged_pull_requests_weekly,2024-10-07,33.0
Pyth Network,GITHUB_merged_pull_requests_daily,2024-10-07,9.0
Enclave,GITHUB_merged_pull_requests_daily,2024-10-07,1.0
Passport XYZ,GITHUB_opened_issues_daily,2024-10-07,2.0
Open Source Observer,GITHUB_opened_issues_weekly,2024-10-07,10.0
Open Source Observer,GITHUB_closed_issues_daily,2024-10-07,4.0
Runtime Verification,GITHUB_closed_issues_weekly,2024-10-07,3.0
Passport XYZ,GITHUB_closed_issues_weekly,2024-10-07,12.0
Trail of Bits Security Reviews,GITHUB_comments_daily,2024-05-02,11.0
Redstone Finance,GITHUB_commits_daily,2024-05-02,2.0
Open Source Observer,GITHUB_commits_daily,2024-05-02,7.0
Runtime Verification,GITHUB_releases_daily,2024-05-02,10.0
Syndicate Protocol,GITHUB_active_developers_daily,2024-05-02,1.0
Runtime Verification,GITHUB_active_developers_daily,2024-05-02,3.0
Walnut,GITHUB_contributors_daily,2024-05-02,1.0
Open Source Observer,GITHUB_contributors_daily,2024-05-02,3.0
Runtime Verification,GITHUB_contributors_daily,2024-05-02,11.0
thirdweb,GITHUB_forks_daily,2024-05-02,2.0
Runtime Verification,GITHUB_repositories_daily,2024-05-02,10.0
Open Source Observer,GITHUB_repositories_daily,2024-05-02,2.0
Redstone Finance,GITHUB_repositories_daily,2024-05-02,1.0
thirdweb,GITHUB_repositories_daily,2024-05-02,6.0
thirdweb,GITHUB_merged_pull_requests_daily,2024-05-02,4.0
thirdweb,GITHUB_part_time_contributors_quarterly,2024-08-01,51.0
Pyth Network,GITHUB_active_contributors_quarterly,2024-08-01,25.0
Remix IDE plugin for Arbitrum Stylus,GITHUB_active_contributors_quarterly,2024-08-01,2.0
Open Source Observer,GITHUB_new_contributors_quarterly,2024-08-01,13.0
Runtime Verification,GITHUB_part_time_contributors_quarterly,2024-08-01,33.0
thirdweb,GITHUB_active_contributors_quarterly,2024-08-01,51.0
Enclave,GITHUB_part_time_contributors_quarterly,2024-08-01,4.0
Trail of Bits Security Reviews,GITHUB_releases_quarterly,2024-08-01,35.0
Runtime Verification,GITHUB_releases_quarterly,2024-08-01,190.0
Pyth Network,GITHUB_releases_quarterly,2024-08-01,17.0
Debid - Fairblock,GITHUB_releases_quarterly,2024-08-01,20.0
Remix IDE plugin for Arbitrum Stylus,GITHUB_commits_biannually,2024-08-01,10.0
Open Source Observer,GITHUB_commits_biannually,2024-08-01,96.0
Pyth Network,GITHUB_commits_biannually,2024-08-01,146.0
Arbos Foundry,GITHUB_active_developers_biannually,2024-08-01,1.0
Trail of Bits Security Reviews,GITHUB_active_developers_biannually,2024-08-01,16.0
Enclave,GITHUB_repositories_quarterly,2024-08-01,1.0
Trail of Bits Security Reviews,GITHUB_repositories_quarterly,2024-08-01,77.0
Walnut,GITHUB_repositories_quarterly,2024-08-01,5.0
Open Source Observer,GITHUB_repositories_quarterly,2024-08-01,5.0
thirdweb,GITHUB_active_developers_quarterly,2024-08-01,11.0
Debid - Fairblock,GITHUB_active_developers_quarterly,2024-08-01,4.0
Passport XYZ,GITHUB_active_developers_quarterly,2024-08-01,6.0
Walnut,GITHUB_active_developers_quarterly,2024-08-01,3.0
Runtime Verification,GITHUB_active_developers_quarterly,2024-08-01,13.0
Enclave,GITHUB_forks_monthly,2024-08-01,2.0
Trail of Bits Security Reviews,GITHUB_forks_monthly,2024-08-01,62.0
thirdweb,GITHUB_part_time_developers_quarterly,2024-08-01,11.0
Enclave,GITHUB_stars_biannually,2024-08-01,2.0
Redstone Finance,GITHUB_stars_biannually,2024-08-01,19.0
Pyth Network,GITHUB_stars_biannually,2024-08-01,21.0
Remix IDE plugin for Arbitrum Stylus,GITHUB_part_time_developers_quarterly,2024-08-01,2.0
Redstone Finance,GITHUB_commits_daily,2024-08-01,6.0
Runtime Verification,GITHUB_commits_daily,2024-08-01,16.0
Runtime Verification,GITHUB_commits_monthly,2024-08-01,463.0
thirdweb,GITHUB_commits_monthly,2024-08-01,385.0
Open Source Observer,GITHUB_commits_monthly,2024-08-01,96.0
Redstone Finance,GITHUB_comments_monthly,2024-08-01,54.0
Open Source Observer,GITHUB_comments_monthly,2024-08-01,311.0
Remix IDE plugin for Arbitrum Stylus,GITHUB_comments_monthly,2024-08-01,1.0
Open Source Observer,GITHUB_stars_quarterly,2024-08-01,22.0
Enclave,GITHUB_stars_quarterly,2024-08-01,2.0
Redstone Finance,GITHUB_stars_quarterly,2024-08-01,19.0
Trail of Bits Security Reviews,GITHUB_stars_quarterly,2024-08-01,710.0
Runtime Verification,GITHUB_releases_daily,2024-08-01,8.0
Debid - Fairblock,GITHUB_releases_daily,2024-08-01,12.0
Runtime Verification,GITHUB_releases_monthly,2024-08-01,190.0
Pyth Network,GITHUB_releases_monthly,2024-08-01,17.0
Remix IDE plugin for Arbitrum Stylus,GITHUB_releases_monthly,2024-08-01,1.0
Remix IDE plugin for Arbitrum Stylus,GITHUB_commits_quarterly,2024-08-01,10.0
Runtime Verification,GITHUB_commits_quarterly,2024-08-01,463.0
Passport XYZ,GITHUB_forks_quarterly,2024-08-01,10.0
Open Source Observer,GITHUB_forks_biannually,2024-08-01,8.0
Passport XYZ,GITHUB_forks_biannually,2024-08-01,10.0
Trail of Bits Security Reviews,GITHUB_forks_quarterly,2024-08-01,62.0
Pyth Network,GITHUB_forks_quarterly,2024-08-01,11.0
Enclave,GITHUB_forks_biannually,2024-08-01,2.0
Trail of Bits Security Reviews,GITHUB_forks_daily,2024-08-01,1.0
Arbos Foundry,GITHUB_repositories_monthly,2024-08-01,3.0
Debid - Fairblock,GITHUB_repositories_monthly,2024-08-01,6.0
Open Source Observer,GITHUB_repositories_biannually,2024-08-01,5.0
thirdweb,GITHUB_repositories_biannually,2024-08-01,15.0
Debid - Fairblock,GITHUB_contributors_monthly,2024-08-01,15.0
Runtime Verification,GITHUB_contributors_monthly,2024-08-01,33.0
Open Source Observer,GITHUB_contributors_monthly,2024-08-01,16.0
Remix IDE plugin for Arbitrum Stylus,GITHUB_contributors_monthly,2024-08-01,2.0
Walnut,GITHUB_contributors_quarterly,2024-08-01,20.0
thirdweb,GITHUB_contributors_quarterly,2024-08-01,51.0
Pyth Network,GITHUB_contributors_quarterly,2024-08-01,25.0
Walnut,GITHUB_contributors_biannually,2024-08-01,20.0
Passport XYZ,GITHUB_contributors_biannually,2024-08-01,11.0
Arbos Foundry,GITHUB_contributors_biannually,2024-08-01,2.0
Open Source Observer,GITHUB_contributors_biannually,2024-08-01,16.0
Open Source Observer,GITHUB_active_developers_daily,2024-08-01,1.0
Trail of Bits Security Reviews,GITHUB_full_time_developers_monthly,2024-08-01,2.0
Passport XYZ,GITHUB_part_time_developers_monthly,2024-08-01,6.0
Trail of Bits Security Reviews,GITHUB_part_time_developers_monthly,2024-08-01,14.0
Pyth Network,GITHUB_part_time_developers_monthly,2024-08-01,13.0
Redstone Finance,GITHUB_part_time_developers_biannually,2024-08-01,7.0
thirdweb,GITHUB_full_time_developers_monthly,2024-08-01,4.0
thirdweb,GITHUB_active_contributors_monthly,2024-08-01,51.0
Passport XYZ,GITHUB_full_time_contributors_monthly,2024-08-01,1.0
Enclave,GITHUB_part_time_contributors_monthly,2024-08-01,4.0
Pyth Network,GITHUB_part_time_contributors_monthly,2024-08-01,20.0
Walnut,GITHUB_new_contributors_biannually,2024-08-01,18.0
Pyth Network,GITHUB_active_contributors_biannually,2024-08-01,25.0
Remix IDE plugin for Arbitrum Stylus,GITHUB_active_contributors_biannually,2024-08-01,2.0
Trail of Bits Security Reviews,GITHUB_full_time_contributors_monthly,2024-08-01,5.0
Passport XYZ,GITHUB_active_contributors_monthly,2024-08-01,11.0
Runtime Verification,GITHUB_new_contributors_monthly,2024-08-01,7.0
Passport XYZ,GITHUB_new_contributors_monthly,2024-08-01,11.0
Open Source Observer,GITHUB_full_time_contributors_monthly,2024-08-01,3.0
Trail of Bits Security Reviews,GITHUB_new_contributors_monthly,2024-08-01,21.0
Redstone Finance,GITHUB_new_contributors_biannually,2024-08-01,6.0
Redstone Finance,GITHUB_part_time_contributors_biannually,2024-08-01,11.0
Debid - Fairblock,GITHUB_part_time_contributors_biannually,2024-08-01,15.0
Open Source Observer,GITHUB_part_time_contributors_biannually,2024-08-01,16.0
Pyth Network,GITHUB_new_contributors_biannually,2024-08-01,16.0
thirdweb,GITHUB_active_contributors_biannually,2024-08-01,51.0
Runtime Verification,GITHUB_part_time_contributors_monthly,2024-08-01,27.0
thirdweb,GITHUB_part_time_contributors_monthly,2024-08-01,43.0
Walnut,GITHUB_new_contributors_monthly,2024-08-01,18.0
Walnut,GITHUB_change_in_full_time_contributors_monthly,2024-08-01,0.0
Runtime Verification,GITHUB_change_in_active_developers_monthly,2024-08-01,6.0
Enclave,GITHUB_change_in_active_developers_monthly,2024-08-01,-3.0
Open Source Observer,GITHUB_change_in_full_time_contributors_monthly,2024-08-01,0.0
Pyth Network,GITHUB_change_in_full_time_contributors_monthly,2024-08-01,-2.0
thirdweb,GITHUB_change_in_active_developers_monthly,2024-08-01,-11.0
thirdweb,GITHUB_change_in_part_time_contributors_monthly,2024-08-01,-13.0
Trail of Bits Security Reviews,GITHUB_change_in_full_time_contributors_monthly,2024-08-01,0.0
Trail of Bits Security Reviews,GITHUB_change_in_active_developers_biannually,2024-08-01,0.0
Redstone Finance,GITHUB_change_in_part_time_contributors_biannually,2024-08-01,-2.0
Pyth Network,GITHUB_change_in_part_time_contributors_quarterly,2024-08-01,8.0
Remix IDE plugin for Arbitrum Stylus,GITHUB_change_in_part_time_contributors_quarterly,2024-08-01,0.0
Arbos Foundry,GITHUB_change_in_active_developers_quarterly,2024-08-01,-1.0
Pyth Network,GITHUB_change_in_part_time_contributors_biannually,2024-08-01,8.0
Redstone Finance,GITHUB_change_in_active_developers_biannually,2024-08-01,-2.0
Runtime Verification,GITHUB_change_in_active_developers_biannually,2024-08-01,6.0
Enclave,GITHUB_change_in_part_time_contributors_biannually,2024-08-01,-3.0
Enclave,GITHUB_opened_pull_requests_monthly,2024-08-01,22.0
Passport XYZ,GITHUB_opened_pull_requests_monthly,2024-08-01,102.0
Open Source Observer,GITHUB_opened_pull_requests_monthly,2024-08-01,96.0
Walnut,GITHUB_opened_pull_requests_biannually,2024-08-01,37.0
Trail of Bits Security Reviews,GITHUB_opened_pull_requests_quarterly,2024-08-01,233.0
Trail of Bits Security Reviews,GITHUB_opened_pull_requests_biannually,2024-08-01,233.0
Walnut,GITHUB_opened_pull_requests_quarterly,2024-08-01,37.0
Pyth Network,GITHUB_opened_pull_requests_biannually,2024-08-01,153.0
Debid - Fairblock,GITHUB_opened_pull_requests_biannually,2024-08-01,7.0
thirdweb,GITHUB_opened_pull_requests_daily,2024-08-01,22.0
Open Source Observer,GITHUB_merged_pull_requests_monthly,2024-08-01,89.0
Redstone Finance,GITHUB_merged_pull_requests_biannually,2024-08-01,12.0
Passport XYZ,GITHUB_merged_pull_requests_monthly,2024-08-01,88.0
thirdweb,GITHUB_merged_pull_requests_quarterly,2024-08-01,392.0
Debid - Fairblock,GITHUB_merged_pull_requests_biannually,2024-08-01,18.0
thirdweb,GITHUB_merged_pull_requests_daily,2024-08-01,18.0
Open Source Observer,GITHUB_merged_pull_requests_daily,2024-08-01,1.0
Pyth Network,GITHUB_merged_pull_requests_daily,2024-08-01,4.0
Debid - Fairblock,GITHUB_merged_pull_requests_daily,2024-08-01,12.0
Runtime Verification,GITHUB_merged_pull_requests_daily,2024-08-01,6.0
Redstone Finance,GITHUB_opened_issues_monthly,2024-08-01,2.0
Enclave,GITHUB_opened_issues_quarterly,2024-08-01,7.0
Passport XYZ,GITHUB_opened_issues_quarterly,2024-08-01,42.0
Passport XYZ,GITHUB_opened_issues_biannually,2024-08-01,42.0
Walnut,GITHUB_opened_issues_biannually,2024-08-01,8.0
Enclave,GITHUB_closed_issues_monthly,2024-08-01,2.0
Passport XYZ,GITHUB_closed_issues_monthly,2024-08-01,76.0
Pyth Network,GITHUB_closed_issues_daily,2024-08-01,1.0
Runtime Verification,GITHUB_closed_issues_quarterly,2024-08-01,31.0
Pyth Network,GITHUB_closed_issues_biannually,2024-08-01,3.0
Enclave,GITHUB_closed_issues_biannually,2024-08-01,2.0
Open Source Observer,GITHUB_avg_prs_time_to_merge_quarterly,2024-08-01,0.0
Redstone Finance,GITHUB_avg_time_to_first_response_quarterly,2024-08-01,22704.263157894737
Solang,GITHUB_avg_time_to_first_response_quarterly,2024-08-01,0.0
thirdweb,GITHUB_avg_prs_time_to_merge_biannually,2024-08-01,0.0
Trail of Bits Security Reviews,GITHUB_avg_prs_time_to_merge_biannually,2024-08-01,0.0
Pyth Network,GITHUB_avg_time_to_first_response_quarterly,2024-08-01,2331.953020134228
thirdweb,GITHUB_avg_time_to_first_response_quarterly,2024-08-01,39916.51829268293
Trail of Bits Security Reviews,GITHUB_avg_time_to_first_response_quarterly,2024-08-01,524707.1485507246
Pyth Network,GITHUB_avg_time_to_first_response_biannually,2024-08-01,2331.953020134228
Trail of Bits Security Reviews,GITHUB_avg_time_to_first_response_biannually,2024-08-01,524707.1485507246
Redstone Finance,GITHUB_avg_time_to_first_response_biannually,2024-08-01,22704.263157894737
Open Source Observer,GITHUB_change_in_active_contributors_monthly,2024-08-01,-1.0
thirdweb,GITHUB_change_in_new_contributors_monthly,2024-08-01,-14.0
Passport XYZ,GITHUB_churned_contributors_monthly,2024-08-01,-16.0
Passport XYZ,GITHUB_change_in_full_time_contributors_monthly,2024-08-01,-1.0
Enclave,GITHUB_change_in_full_time_contributors_monthly,2024-08-01,0.0
Open Source Observer,GITHUB_change_in_new_contributors_quarterly,2024-08-01,-3.0
Remix IDE plugin for Arbitrum Stylus,GITHUB_change_in_full_time_contributors_monthly,2024-08-01,0.0
Arbos Foundry,GITHUB_change_in_full_time_contributors_monthly,2024-08-01,0.0
Pyth Network,GITHUB_change_in_active_contributors_quarterly,2024-08-01,8.0
Pyth Network,GITHUB_change_in_new_contributors_quarterly,2024-08-01,5.0
Enclave,GITHUB_churned_contributors_quarterly,2024-08-01,-7.0
Walnut,GITHUB_churned_contributors_monthly,2024-08-01,-27.0
Trail of Bits Security Reviews,GITHUB_churned_contributors_monthly,2024-08-01,-21.0
Redstone Finance,GITHUB_change_in_new_contributors_monthly,2024-08-01,-2.0
Passport XYZ,GITHUB_change_in_new_contributors_monthly,2024-08-01,-5.0
Debid - Fairblock,GITHUB_churned_contributors_quarterly,2024-08-01,-10.0
Runtime Verification,GITHUB_change_in_new_contributors_quarterly,2024-08-01,2.0
Runtime Verification,GITHUB_change_in_full_time_contributors_quarterly,2024-08-01,0.0
Redstone Finance,GITHUB_churned_contributors_quarterly,2024-08-01,-8.0
Walnut,GITHUB_change_in_active_contributors_quarterly,2024-08-01,-9.0
Enclave,GITHUB_change_in_active_contributors_biannually,2024-08-01,-3.0
Trail of Bits Security Reviews,GITHUB_change_in_active_contributors_biannually,2024-08-01,0.0
Trail of Bits Security Reviews,GITHUB_change_in_full_time_contributors_biannually,2024-08-01,0.0
Remix IDE plugin for Arbitrum Stylus,GITHUB_change_in_new_contributors_quarterly,2024-08-01,0.0
Open Source Observer,GITHUB_change_in_new_contributors_biannually,2024-08-01,-3.0
Remix IDE plugin for Arbitrum Stylus,GITHUB_churned_contributors_biannually,2024-08-01,-1.0
thirdweb,GITHUB_change_in_new_contributors_biannually,2024-08-01,-14.0
thirdweb,GITHUB_churned_contributors_biannually,2024-08-01,-47.0
Runtime Verification,GITHUB_change_in_new_contributors_biannually,2024-08-01,2.0
Runtime Verification,GITHUB_change_in_full_time_contributors_biannually,2024-08-01,0.0
Passport XYZ,GITHUB_change_in_active_contributors_biannually,2024-08-01,-5.0
Pyth Network,GITHUB_change_in_full_time_contributors_biannually,2024-08-01,0.0
Arbos Foundry,GITHUB_change_in_new_contributors_biannually,2024-08-01,0.0
Arbos Foundry,GITHUB_change_in_active_contributors_biannually,2024-08-01,-1.0
Pyth Network,GITHUB_comments_daily,2024-07-14,2.0
thirdweb,GITHUB_comments_daily,2024-07-14,28.0
Trail of Bits Security Reviews,GITHUB_commits_daily,2024-07-14,1.0
thirdweb,GITHUB_commits_daily,2024-07-14,2.0
Open Source Observer,GITHUB_commits_daily,2024-07-14,4.0
Pyth Network,GITHUB_contributors_daily,2024-07-14,1.0
Trail of Bits Security Reviews,GITHUB_closed_issues_daily,2024-07-14,1.0
Open Source Observer,GITHUB_comments_daily,2024-06-21,22.0
thirdweb,GITHUB_stars_daily,2024-06-21,3.0
Pyth Network,GITHUB_commits_daily,2024-06-21,3.0
thirdweb,GITHUB_releases_daily,2024-06-21,1.0
thirdweb,GITHUB_repositories_daily,2024-06-21,5.0
Passport XYZ,GITHUB_contributors_daily,2024-06-21,1.0
Runtime Verification,GITHUB_contributors_daily,2024-06-21,16.0
Runtime Verification,GITHUB_opened_pull_requests_daily,2024-06-21,16.0
thirdweb,GITHUB_opened_pull_requests_daily,2024-06-21,20.0
Open Source Observer,GITHUB_opened_pull_requests_daily,2024-06-21,9.0
Trail of Bits Security Reviews,GITHUB_merged_pull_requests_daily,2024-06-21,4.0
thirdweb,GITHUB_merged_pull_requests_daily,2024-06-21,15.0
Trail of Bits Security Reviews,GITHUB_opened_issues_daily,2024-06-21,2.0
Open Source Observer,GITHUB_opened_issues_daily,2024-06-21,2.0
thirdweb,GITHUB_opened_issues_daily,2024-06-21,4.0
thirdweb,GITHUB_closed_issues_daily,2024-06-21,1.0
Trail of Bits Security Reviews,GITHUB_closed_issues_daily,2024-06-21,2.0
Pyth Network,GITHUB_comments_daily,2024-02-14,9.0
Runtime Verification,GITHUB_commits_daily,2024-02-14,20.0
Debid - Fairblock,GITHUB_commits_daily,2024-02-14,2.0
Walnut,GITHUB_commits_daily,2024-02-14,5.0
Pyth Network,GITHUB_forks_daily,2024-02-14,2.0
Debid - Fairblock,GITHUB_repositories_daily,2024-02-14,1.0
Debid - Fairblock,GITHUB_contributors_daily,2024-02-14,1.0
Redstone Finance,GITHUB_contributors_daily,2024-02-14,2.0
Open Source Observer,GITHUB_opened_pull_requests_daily,2024-02-14,3.0
thirdweb,GITHUB_opened_pull_requests_daily,2024-02-14,10.0
Debid - Fairblock,GITHUB_opened_pull_requests_daily,2024-02-14,1.0
Pyth Network,GITHUB_merged_pull_requests_daily,2024-02-14,6.0
Walnut,GITHUB_merged_pull_requests_daily,2024-02-14,1.0
Pyth Network,GITHUB_closed_issues_daily,2024-02-14,2.0
Runtime Verification,GITHUB_closed_issues_daily,2024-02-14,3.0
Enclave,GITHUB_stars_daily,2024-08-24,1.0
Trail of Bits Security Reviews,GITHUB_commits_daily,2024-08-24,1.0
Trail of Bits Security Reviews,GITHUB_releases_daily,2024-08-24,2.0
Redstone Finance,GITHUB_repositories_daily,2024-08-24,2.0
Trail of Bits Security Reviews,GITHUB_repositories_daily,2024-08-24,7.0
Enclave,GITHUB_repositories_daily,2024-08-24,1.0
Runtime Verification,GITHUB_repositories_daily,2024-08-24,2.0
thirdweb,GITHUB_contributors_daily,2024-08-24,7.0
thirdweb,GITHUB_opened_pull_requests_daily,2024-08-24,3.0
Open Source Observer,GITHUB_merged_pull_requests_daily,2024-08-24,1.0
Runtime Verification,GITHUB_merged_pull_requests_daily,2024-08-24,1.0
Trail of Bits Security Reviews,GITHUB_comments_daily,2024-11-07,4.0
Debid - Fairblock,GITHUB_comments_daily,2024-11-07,1.0
Passport XYZ,GITHUB_stars_daily,2024-11-07,6.0
Passport XYZ,GITHUB_commits_daily,2024-11-07,4.0
Walnut,GITHUB_commits_daily,2024-11-07,40.0
Open Source Observer,GITHUB_commits_daily,2024-11-07,9.0
thirdweb,GITHUB_commits_daily,2024-11-07,14.0
Pyth Network,GITHUB_forks_daily,2024-11-07,3.0
Redstone Finance,GITHUB_repositories_daily,2024-11-07,2.0
Runtime Verification,GITHUB_repositories_daily,2024-11-07,7.0
Walnut,GITHUB_contributors_daily,2024-11-07,1.0
Pyth Network,GITHUB_contributors_daily,2024-11-07,9.0
Open Source Observer,GITHUB_contributors_daily,2024-11-07,3.0
Trail of Bits Security Reviews,GITHUB_opened_pull_requests_daily,2024-11-07,5.0
Pyth Network,GITHUB_opened_pull_requests_daily,2024-11-07,6.0
Open Source Observer,GITHUB_opened_pull_requests_daily,2024-11-07,7.0
Solang,GITHUB_stars_daily,2024-12-10,1.0
thirdweb,GITHUB_releases_daily,2024-12-10,3.0
Runtime Verification,GITHUB_forks_daily,2024-12-10,1.0
Open Source Observer,GITHUB_repositories_daily,2024-12-10,3.0
Trail of Bits Security Reviews,GITHUB_repositories_daily,2024-12-10,15.0
thirdweb,GITHUB_repositories_daily,2024-12-10,2.0
Trail of Bits Security Reviews,GITHUB_contributors_daily,2024-12-10,5.0
Enclave,GITHUB_contributors_daily,2024-12-10,2.0
Pyth Network,GITHUB_contributors_daily,2024-12-10,2.0
Walnut,GITHUB_active_developers_daily,2024-12-10,1.0
Trail of Bits Security Reviews,GITHUB_active_developers_daily,2024-12-10,5.0
Open Source Observer,GITHUB_opened_pull_requests_daily,2024-12-10,4.0
Pyth Network,GITHUB_opened_pull_requests_daily,2024-12-10,2.0
Runtime Verification,GITHUB_opened_pull_requests_daily,2024-12-10,6.0
Trail of Bits Security Reviews,GITHUB_opened_pull_requests_daily,2024-12-10,5.0
Walnut,GITHUB_merged_pull_requests_daily,2024-12-10,1.0
Passport XYZ,GITHUB_merged_pull_requests_daily,2024-12-10,6.0
Enclave,GITHUB_opened_issues_daily,2024-12-10,2.0
Open Source Observer,GITHUB_closed_issues_daily,2024-12-10,3.0
Pyth Network,GITHUB_forks_daily,2024-12-14,2.0
Open Source Observer,GITHUB_contributors_daily,2024-12-14,5.0
Walnut,GITHUB_contributors_daily,2024-12-14,1.0
thirdweb,GITHUB_active_developers_daily,2024-12-14,2.0
Pyth Network,GITHUB_opened_pull_requests_daily,2024-12-14,1.0
thirdweb,GITHUB_opened_pull_requests_daily,2024-12-14,3.0
Open Source Observer,GITHUB_opened_issues_daily,2024-12-14,1.0
thirdweb,GITHUB_opened_issues_daily,2024-12-14,1.0
Open Source Observer,GITHUB_comments_daily,2024-08-04,1.0
thirdweb,GITHUB_comments_daily,2024-08-04,18.0
Trail of Bits Security Reviews,GITHUB_stars_daily,2024-08-04,44.0
Redstone Finance,GITHUB_stars_daily,2024-08-04,1.0
Trail of Bits Security Reviews,GITHUB_repositories_daily,2024-08-04,8.0
Pyth Network,GITHUB_repositories_daily,2024-08-04,1.0
thirdweb,GITHUB_contributors_daily,2024-08-04,4.0
Redstone Finance,GITHUB_contributors_daily,2024-08-04,1.0
Pyth Network,GITHUB_active_developers_daily,2024-08-04,1.0
thirdweb,GITHUB_active_developers_daily,2024-08-04,1.0
Trail of Bits Security Reviews,GITHUB_active_developers_daily,2024-08-04,2.0
thirdweb,GITHUB_opened_pull_requests_daily,2024-08-04,3.0
Pyth Network,GITHUB_merged_pull_requests_daily,2024-08-04,1.0
Debid - Fairblock,GITHUB_comments_daily,2024-11-11,1.0
Open Source Observer,GITHUB_comments_daily,2024-11-11,1.0
thirdweb,GITHUB_commits_daily,2024-11-11,8.0
Trail of Bits Security Reviews,GITHUB_commits_daily,2024-11-11,13.0
Remix IDE plugin for Arbitrum Stylus,GITHUB_commits_weekly,2024-11-11,20.0
Solang,GITHUB_comments_weekly,2024-11-11,5.0
Passport XYZ,GITHUB_repositories_weekly,2024-11-11,4.0
Enclave,GITHUB_repositories_weekly,2024-11-11,1.0
Trail of Bits Security Reviews,GITHUB_repositories_daily,2024-11-11,17.0
Passport XYZ,GITHUB_contributors_weekly,2024-11-11,6.0
Enclave,GITHUB_contributors_weekly,2024-11-11,3.0
Open Source Observer,GITHUB_active_developers_weekly,2024-11-11,1.0
thirdweb,GITHUB_opened_pull_requests_weekly,2024-11-11,55.0
Open Source Observer,GITHUB_opened_pull_requests_weekly,2024-11-11,8.0
Redstone Finance,GITHUB_opened_pull_requests_weekly,2024-11-11,7.0
Solang,GITHUB_opened_pull_requests_weekly,2024-11-11,1.0
thirdweb,GITHUB_opened_pull_requests_daily,2024-11-11,10.0
Walnut,GITHUB_opened_pull_requests_daily,2024-11-11,1.0
Passport XYZ,GITHUB_merged_pull_requests_weekly,2024-11-11,34.0
Runtime Verification,GITHUB_merged_pull_requests_daily,2024-11-11,5.0
Passport XYZ,GITHUB_merged_pull_requests_daily,2024-11-11,6.0
Trail of Bits Security Reviews,GITHUB_opened_issues_weekly,2024-11-11,4.0
Walnut,GITHUB_opened_issues_daily,2024-11-11,1.0
Enclave,GITHUB_closed_issues_weekly,2024-11-11,1.0
Open Source Observer,GITHUB_closed_issues_weekly,2024-11-11,1.0
Pyth Network,GITHUB_comments_daily,2024-10-10,31.0
Enclave,GITHUB_comments_daily,2024-10-10,28.0
Remix IDE plugin for Arbitrum Stylus,GITHUB_commits_daily,2024-10-10,2.0
Open Source Observer,GITHUB_commits_daily,2024-10-10,11.0
Redstone Finance,GITHUB_commits_daily,2024-10-10,8.0
Pyth Network,GITHUB_releases_daily,2024-10-10,1.0
Pyth Network,GITHUB_repositories_daily,2024-10-10,5.0
Walnut,GITHUB_repositories_daily,2024-10-10,1.0
Open Source Observer,GITHUB_repositories_daily,2024-10-10,4.0
thirdweb,GITHUB_repositories_daily,2024-10-10,3.0
Pyth Network,GITHUB_active_developers_daily,2024-10-10,5.0
Runtime Verification,GITHUB_opened_pull_requests_daily,2024-10-10,6.0
Passport XYZ,GITHUB_opened_pull_requests_daily,2024-10-10,2.0
Open Source Observer,GITHUB_opened_pull_requests_daily,2024-10-10,4.0
Pyth Network,GITHUB_merged_pull_requests_daily,2024-10-10,12.0
Redstone Finance,GITHUB_merged_pull_requests_daily,2024-10-10,3.0
Pyth Network,GITHUB_comments_daily,2024-08-23,13.0
thirdweb,GITHUB_comments_daily,2024-08-23,161.0
Enclave,GITHUB_comments_daily,2024-08-23,3.0
Redstone Finance,GITHUB_comments_daily,2024-08-23,1.0
Pyth Network,GITHUB_stars_daily,2024-08-23,1.0
Remix IDE plugin for Arbitrum Stylus,GITHUB_commits_daily,2024-08-23,1.0
Trail of Bits Security Reviews,GITHUB_forks_daily,2024-08-23,1.0
Debid - Fairblock,GITHUB_repositories_daily,2024-08-23,1.0
Open Source Observer,GITHUB_repositories_daily,2024-08-23,2.0
Enclave,GITHUB_repositories_daily,2024-08-23,1.0
Redstone Finance,GITHUB_repositories_daily,2024-08-23,5.0
Walnut,GITHUB_contributors_daily,2024-08-23,3.0
Redstone Finance,GITHUB_active_developers_daily,2024-08-23,1.0
thirdweb,GITHUB_active_developers_daily,2024-08-23,5.0
Remix IDE plugin for Arbitrum Stylus,GITHUB_active_developers_daily,2024-08-23,1.0
thirdweb,GITHUB_opened_pull_requests_daily,2024-08-23,22.0
Passport XYZ,GITHUB_opened_pull_requests_daily,2024-08-23,4.0
Trail of Bits Security Reviews,GITHUB_opened_issues_daily,2024-08-23,2.0
thirdweb,GITHUB_closed_issues_daily,2024-08-23,3.0
Pyth Network,GITHUB_comments_daily,2024-05-03,22.0
thirdweb,GITHUB_stars_daily,2024-05-03,5.0
Debid - Fairblock,GITHUB_commits_daily,2024-05-03,20.0
Trail of Bits Security Reviews,GITHUB_forks_daily,2024-05-03,1.0
Pyth Network,GITHUB_forks_daily,2024-05-03,2.0
thirdweb,GITHUB_repositories_daily,2024-05-03,9.0
Debid - Fairblock,GITHUB_contributors_daily,2024-05-03,1.0
Pyth Network,GITHUB_active_developers_daily,2024-05-03,4.0
Debid - Fairblock,GITHUB_active_developers_daily,2024-05-03,1.0
Open Source Observer,GITHUB_opened_issues_daily,2024-05-03,1.0
Trail of Bits Security Reviews,GITHUB_closed_issues_daily,2024-05-03,7.0
thirdweb,GITHUB_closed_issues_daily,2024-05-03,1.0
thirdweb,GITHUB_opened_pull_requests_daily,2024-05-03,8.0
Trail of Bits Security Reviews,GITHUB_opened_pull_requests_daily,2024-05-03,13.0
Syndicate Protocol,GITHUB_merged_pull_requests_daily,2024-05-03,1.0
Open Source Observer,GITHUB_merged_pull_requests_daily,2024-05-03,7.0
Trail of Bits Security Reviews,GITHUB_comments_daily,2024-05-14,11.0
Redstone Finance,GITHUB_stars_daily,2024-05-14,1.0
Trail of Bits Security Reviews,GITHUB_stars_daily,2024-05-14,10.0
Trail of Bits Security Reviews,GITHUB_commits_daily,2024-05-14,20.0
Open Source Observer,GITHUB_commits_daily,2024-05-14,3.0
Trail of Bits Security Reviews,GITHUB_releases_daily,2024-05-14,1.0
Runtime Verification,GITHUB_forks_daily,2024-05-14,1.0
Open Source Observer,GITHUB_repositories_daily,2024-05-14,1.0
thirdweb,GITHUB_repositories_daily,2024-05-14,4.0
Trail of Bits Security Reviews,GITHUB_repositories_daily,2024-05-14,14.0
Runtime Verification,GITHUB_repositories_daily,2024-05-14,10.0
Walnut,GITHUB_repositories_daily,2024-05-14,1.0
Redstone Finance,GITHUB_repositories_daily,2024-05-14,4.0
Redstone Finance,GITHUB_contributors_daily,2024-05-14,2.0
Passport XYZ,GITHUB_contributors_daily,2024-05-14,1.0
Open Source Observer,GITHUB_active_developers_daily,2024-05-14,2.0
Redstone Finance,GITHUB_active_developers_daily,2024-05-14,2.0
Open Source Observer,GITHUB_closed_issues_daily,2024-05-14,1.0
Runtime Verification,GITHUB_closed_issues_daily,2024-05-14,3.0
Trail of Bits Security Reviews,GITHUB_opened_pull_requests_daily,2024-05-14,7.0
thirdweb,GITHUB_opened_pull_requests_daily,2024-05-14,18.0
Open Source Observer,GITHUB_opened_pull_requests_daily,2024-05-14,1.0
Passport XYZ,GITHUB_commits_daily,2024-11-02,2.0
Runtime Verification,GITHUB_forks_daily,2024-11-02,1.0
Pyth Network,GITHUB_repositories_daily,2024-11-02,1.0
thirdweb,GITHUB_contributors_daily,2024-11-02,4.0
Open Source Observer,GITHUB_contributors_daily,2024-11-02,1.0
Open Source Observer,GITHUB_active_developers_daily,2024-11-02,1.0
thirdweb,GITHUB_active_developers_daily,2024-11-02,1.0
Open Source Observer,GITHUB_opened_pull_requests_daily,2024-11-02,2.0
Passport XYZ,GITHUB_closed_issues_daily,2024-11-02,2.0
Walnut,GITHUB_comments_daily,2024-08-08,1.0
thirdweb,GITHUB_commits_daily,2024-08-08,19.0
Redstone Finance,GITHUB_commits_daily,2024-08-08,4.0
Runtime Verification,GITHUB_releases_daily,2024-08-08,15.0
Trail of Bits Security Reviews,GITHUB_forks_daily,2024-08-08,3.0
Redstone Finance,GITHUB_repositories_daily,2024-08-08,3.0
Debid - Fairblock,GITHUB_contributors_daily,2024-08-08,1.0
Pyth Network,GITHUB_contributors_daily,2024-08-08,6.0
Redstone Finance,GITHUB_contributors_daily,2024-08-08,2.0
Walnut,GITHUB_contributors_daily,2024-08-08,1.0
Trail of Bits Security Reviews,GITHUB_active_developers_daily,2024-08-08,2.0
Pyth Network,GITHUB_active_developers_daily,2024-08-08,4.0
Runtime Verification,GITHUB_opened_pull_requests_daily,2024-08-08,12.0
Trail of Bits Security Reviews,GITHUB_opened_pull_requests_daily,2024-08-08,5.0
Pyth Network,GITHUB_merged_pull_requests_daily,2024-08-08,6.0
Pyth Network,GITHUB_stars_daily,2024-01-17,2.0
Runtime Verification,GITHUB_stars_daily,2024-01-17,2.0
Runtime Verification,GITHUB_commits_daily,2024-01-17,23.0
Remix IDE plugin for Arbitrum Stylus,GITHUB_commits_daily,2024-01-17,1.0
Pyth Network,GITHUB_commits_daily,2024-01-17,6.0
thirdweb,GITHUB_releases_daily,2024-01-17,10.0
Debid - Fairblock,GITHUB_forks_daily,2024-01-17,1.0
Remix IDE plugin for Arbitrum Stylus,GITHUB_repositories_daily,2024-01-17,1.0
Debid - Fairblock,GITHUB_repositories_daily,2024-01-17,2.0
Redstone Finance,GITHUB_contributors_daily,2024-01-17,1.0
Open Source Observer,GITHUB_contributors_daily,2024-01-17,3.0
Debid - Fairblock,GITHUB_contributors_daily,2024-01-17,2.0
Pyth Network,GITHUB_contributors_daily,2024-01-17,7.0
Debid - Fairblock,GITHUB_active_developers_daily,2024-01-17,1.0
Open Source Observer,GITHUB_active_developers_daily,2024-01-17,3.0
Pyth Network,GITHUB_active_developers_daily,2024-01-17,4.0
Trail of Bits Security Reviews,GITHUB_active_developers_daily,2024-01-17,4.0
Runtime Verification,GITHUB_active_developers_daily,2024-01-17,4.0
Pyth Network,GITHUB_opened_pull_requests_daily,2024-01-17,8.0
Open Source Observer,GITHUB_opened_pull_requests_daily,2024-01-17,2.0
Debid - Fairblock,GITHUB_opened_pull_requests_daily,2024-01-17,2.0
Open Source Observer,GITHUB_merged_pull_requests_daily,2024-01-17,2.0
Debid - Fairblock,GITHUB_merged_pull_requests_daily,2024-01-17,2.0
Runtime Verification,GITHUB_opened_issues_daily,2024-01-17,6.0
Open Source Observer,GITHUB_comments_daily,2024-01-04,2.0
Runtime Verification,GITHUB_stars_daily,2024-01-04,1.0
Debid - Fairblock,GITHUB_commits_daily,2024-01-04,1.0
Trail of Bits Security Reviews,GITHUB_commits_daily,2024-01-04,7.0
Trail of Bits Security Reviews,GITHUB_releases_daily,2024-01-04,2.0
Walnut,GITHUB_contributors_daily,2024-01-04,1.0
Redstone Finance,GITHUB_contributors_daily,2024-01-04,2.0
Debid - Fairblock,GITHUB_contributors_daily,2024-01-04,6.0
thirdweb,GITHUB_contributors_daily,2024-01-04,10.0
Open Source Observer,GITHUB_contributors_daily,2024-01-04,2.0
Pyth Network,GITHUB_active_developers_daily,2024-01-04,4.0
Trail of Bits Security Reviews,GITHUB_active_developers_daily,2024-01-04,2.0
Open Source Observer,GITHUB_opened_issues_daily,2024-01-04,1.0
Pyth Network,GITHUB_forks_daily,2024-11-16,1.0
Open Source Observer,GITHUB_repositories_daily,2024-11-16,3.0
thirdweb,GITHUB_repositories_daily,2024-11-16,2.0
Runtime Verification,GITHUB_repositories_daily,2024-11-16,3.0
Remix IDE plugin for Arbitrum Stylus,GITHUB_active_developers_daily,2024-11-16,2.0
Remix IDE plugin for Arbitrum Stylus,GITHUB_merged_pull_requests_daily,2024-11-16,1.0
Open Source Observer,GITHUB_opened_issues_daily,2024-11-16,1.0
Pyth Network,GITHUB_comments_daily,2025-02-07,59.0
Passport XYZ,GITHUB_comments_daily,2025-02-07,6.0
thirdweb,GITHUB_releases_daily,2025-02-07,1.0
Passport XYZ,GITHUB_releases_daily,2025-02-07,2.0
Runtime Verification,GITHUB_forks_daily,2025-02-07,1.0
Open Source Observer,GITHUB_repositories_daily,2025-02-07,3.0
Passport XYZ,GITHUB_repositories_daily,2025-02-07,3.0
thirdweb,GITHUB_repositories_daily,2025-02-07,2.0
Enclave,GITHUB_contributors_daily,2025-02-07,1.0
Passport XYZ,GITHUB_contributors_daily,2025-02-07,4.0
Passport XYZ,GITHUB_opened_pull_requests_daily,2025-02-07,15.0
Trail of Bits Security Reviews,GITHUB_opened_pull_requests_daily,2025-02-07,7.0
Runtime Verification,GITHUB_opened_pull_requests_daily,2025-02-07,2.0
Debid - Fairblock,GITHUB_opened_pull_requests_daily,2025-02-07,1.0
Redstone Finance,GITHUB_opened_pull_requests_daily,2025-02-07,1.0
Open Source Observer,GITHUB_opened_issues_daily,2025-02-07,4.0
Walnut,GITHUB_opened_issues_daily,2025-02-07,4.0
Open Source Observer,GITHUB_comments_daily,2024-10-13,2.0
Redstone Finance,GITHUB_commits_daily,2024-10-13,1.0
Open Source Observer,GITHUB_commits_daily,2024-10-13,3.0
Runtime Verification,GITHUB_forks_daily,2024-10-13,1.0
Pyth Network,GITHUB_repositories_daily,2024-10-13,1.0
Runtime Verification,GITHUB_contributors_daily,2024-10-13,1.0
Open Source Observer,GITHUB_active_developers_daily,2024-10-13,1.0
Runtime Verification,GITHUB_opened_pull_requests_daily,2024-10-13,1.0
Trail of Bits Security Reviews,GITHUB_merged_pull_requests_daily,2024-10-13,3.0
Runtime Verification,GITHUB_comments_daily,2024-04-02,26.0
Pyth Network,GITHUB_comments_daily,2024-04-02,23.0
Runtime Verification,GITHUB_stars_daily,2024-04-02,5.0
Pyth Network,GITHUB_commits_daily,2024-04-02,3.0
Runtime Verification,GITHUB_commits_daily,2024-04-02,13.0
thirdweb,GITHUB_commits_daily,2024-04-02,27.0
thirdweb,GITHUB_releases_daily,2024-04-02,17.0
Redstone Finance,GITHUB_forks_daily,2024-04-02,3.0
Pyth Network,GITHUB_repositories_daily,2024-04-02,5.0
Walnut,GITHUB_repositories_daily,2024-04-02,1.0
Pyth Network,GITHUB_contributors_daily,2024-04-02,6.0
Trail of Bits Security Reviews,GITHUB_contributors_daily,2024-04-02,11.0
Trail of Bits Security Reviews,GITHUB_active_developers_daily,2024-04-02,6.0
Runtime Verification,GITHUB_opened_pull_requests_daily,2024-04-02,10.0
thirdweb,GITHUB_opened_pull_requests_daily,2024-04-02,36.0
Open Source Observer,GITHUB_merged_pull_requests_daily,2024-04-02,1.0
Open Source Observer,GITHUB_opened_issues_daily,2024-04-02,5.0
thirdweb,GITHUB_comments_daily,2024-09-06,141.0
Pyth Network,GITHUB_comments_daily,2024-09-06,21.0
Passport XYZ,GITHUB_comments_daily,2024-09-06,2.0
Trail of Bits Security Reviews,GITHUB_comments_daily,2024-09-06,1.0
Debid - Fairblock,GITHUB_stars_daily,2024-09-06,2.0
Trail of Bits Security Reviews,GITHUB_stars_daily,2024-09-06,9.0
Passport XYZ,GITHUB_commits_daily,2024-09-06,2.0
Open Source Observer,GITHUB_commits_daily,2024-09-06,11.0
Pyth Network,GITHUB_repositories_daily,2024-09-06,6.0
Debid - Fairblock,GITHUB_repositories_daily,2024-09-06,1.0
Open Source Observer,GITHUB_contributors_daily,2024-09-06,4.0
Runtime Verification,GITHUB_contributors_daily,2024-09-06,10.0
Passport XYZ,GITHUB_active_developers_daily,2024-09-06,1.0
Runtime Verification,GITHUB_opened_pull_requests_daily,2024-09-06,18.0
Redstone Finance,GITHUB_opened_pull_requests_daily,2024-09-06,1.0
Open Source Observer,GITHUB_opened_pull_requests_daily,2024-09-06,7.0
thirdweb,GITHUB_merged_pull_requests_daily,2024-09-06,24.0
Runtime Verification,GITHUB_merged_pull_requests_daily,2024-09-06,9.0
Passport XYZ,GITHUB_opened_issues_daily,2024-09-06,2.0
Runtime Verification,GITHUB_opened_issues_daily,2024-09-06,2.0
Passport XYZ,GITHUB_closed_issues_daily,2024-09-06,4.0
Walnut,GITHUB_comments_daily,2025-02-28,3.0
Redstone Finance,GITHUB_comments_daily,2025-02-28,2.0
Trail of Bits Security Reviews,GITHUB_comments_daily,2025-02-28,1.0
Open Source Observer,GITHUB_comments_daily,2025-02-28,9.0
Open Source Observer,GITHUB_stars_daily,2025-02-28,1.0
Sylow,GITHUB_stars_daily,2025-02-28,1.0
CodeTracer,GITHUB_commits_daily,2025-02-28,1.0
Open Source Observer,GITHUB_commits_daily,2025-02-28,7.0
Pyth Network,GITHUB_commits_daily,2025-02-28,9.0
Open Source Observer,GITHUB_forks_daily,2025-02-28,1.0
Runtime Verification,GITHUB_repositories_daily,2025-02-28,4.0
Pyth Network,GITHUB_repositories_daily,2025-02-28,6.0
Open Source Observer,GITHUB_repositories_daily,2025-02-28,5.0
Sylow,GITHUB_repositories_daily,2025-02-28,1.0
Runtime Verification,GITHUB_contributors_daily,2025-02-28,7.0
Walnut,GITHUB_contributors_daily,2025-02-28,6.0
Runtime Verification,GITHUB_active_developers_daily,2025-02-28,3.0
CodeTracer,GITHUB_active_developers_daily,2025-02-28,1.0
Walnut,GITHUB_active_developers_daily,2025-02-28,1.0
9Lives,GITHUB_active_developers_daily,2025-02-28,2.0
Walnut,GITHUB_merged_pull_requests_daily,2025-02-28,4.0
Runtime Verification,GITHUB_opened_issues_daily,2025-02-28,2.0
Runtime Verification,GITHUB_forks_weekly,2024-01-22,3.0
Walnut,GITHUB_stars_weekly,2024-01-22,2.0
Runtime Verification,GITHUB_stars_weekly,2024-01-22,6.0
thirdweb,GITHUB_stars_weekly,2024-01-22,17.0
Redstone Finance,GITHUB_stars_weekly,2024-01-22,11.0
Pyth Network,GITHUB_commits_daily,2024-01-22,7.0
Walnut,GITHUB_commits_daily,2024-01-22,1.0
Trail of Bits Security Reviews,GITHUB_releases_weekly,2024-01-22,4.0
Runtime Verification,GITHUB_releases_weekly,2024-01-22,32.0
thirdweb,GITHUB_commits_weekly,2024-01-22,55.0
Open Source Observer,GITHUB_commits_weekly,2024-01-22,43.0
Open Source Observer,GITHUB_comments_weekly,2024-01-22,58.0
Walnut,GITHUB_comments_weekly,2024-01-22,4.0
Trail of Bits Security Reviews,GITHUB_forks_daily,2024-01-22,4.0
Runtime Verification,GITHUB_repositories_daily,2024-01-22,14.0
Walnut,GITHUB_repositories_daily,2024-01-22,1.0
Pyth Network,GITHUB_repositories_daily,2024-01-22,4.0
Trail of Bits Security Reviews,GITHUB_repositories_daily,2024-01-22,16.0
Pyth Network,GITHUB_contributors_daily,2024-01-22,6.0
Open Source Observer,GITHUB_contributors_weekly,2024-01-22,5.0
Pyth Network,GITHUB_contributors_weekly,2024-01-22,10.0
Debid - Fairblock,GITHUB_contributors_weekly,2024-01-22,1.0
Runtime Verification,GITHUB_contributors_daily,2024-01-22,12.0
Pyth Network,GITHUB_active_developers_weekly,2024-01-22,6.0
Open Source Observer,GITHUB_active_developers_weekly,2024-01-22,4.0
Redstone Finance,GITHUB_active_developers_weekly,2024-01-22,2.0
WakeUp Labs,GITHUB_active_developers_weekly,2024-01-22,1.0
Trail of Bits Security Reviews,GITHUB_active_developers_weekly,2024-01-22,11.0
Open Source Observer,GITHUB_active_developers_daily,2024-01-22,3.0
thirdweb,GITHUB_active_developers_daily,2024-01-22,6.0
Syndicate Protocol,GITHUB_opened_pull_requests_weekly,2024-01-22,1.0
thirdweb,GITHUB_opened_pull_requests_weekly,2024-01-22,59.0
Open Source Observer,GITHUB_opened_pull_requests_weekly,2024-01-22,41.0
Debid - Fairblock,GITHUB_merged_pull_requests_weekly,2024-01-22,1.0
Trail of Bits Security Reviews,GITHUB_opened_pull_requests_daily,2024-01-22,26.0
Trail of Bits Security Reviews,GITHUB_merged_pull_requests_weekly,2024-01-22,51.0
thirdweb,GITHUB_opened_pull_requests_daily,2024-01-22,9.0
Pyth Network,GITHUB_opened_pull_requests_daily,2024-01-22,7.0
Pyth Network,GITHUB_merged_pull_requests_weekly,2024-01-22,26.0
Open Source Observer,GITHUB_merged_pull_requests_weekly,2024-01-22,39.0
Open Source Observer,GITHUB_opened_issues_weekly,2024-01-22,31.0
thirdweb,GITHUB_opened_issues_weekly,2024-01-22,12.0
Trail of Bits Security Reviews,GITHUB_opened_issues_weekly,2024-01-22,1.0
Runtime Verification,GITHUB_opened_issues_weekly,2024-01-22,10.0
Runtime Verification,GITHUB_closed_issues_daily,2024-01-22,3.0
Trail of Bits Security Reviews,GITHUB_closed_issues_daily,2024-01-22,6.0
Passport XYZ,GITHUB_comments_daily,2024-08-07,8.0
Pyth Network,GITHUB_stars_daily,2024-08-07,2.0
thirdweb,GITHUB_commits_daily,2024-08-07,7.0
thirdweb,GITHUB_releases_daily,2024-08-07,3.0
thirdweb,GITHUB_forks_daily,2024-08-07,2.0
Pyth Network,GITHUB_forks_daily,2024-08-07,2.0
Walnut,GITHUB_forks_daily,2024-08-07,1.0
Redstone Finance,GITHUB_repositories_daily,2024-08-07,3.0
Trail of Bits Security Reviews,GITHUB_repositories_daily,2024-08-07,14.0
Passport XYZ,GITHUB_repositories_daily,2024-08-07,3.0
Walnut,GITHUB_repositories_daily,2024-08-07,1.0
thirdweb,GITHUB_repositories_daily,2024-08-07,2.0
Arbos Foundry,GITHUB_repositories_daily,2024-08-07,1.0
Open Source Observer,GITHUB_repositories_daily,2024-08-07,3.0
Arbos Foundry,GITHUB_contributors_daily,2024-08-07,1.0
Open Source Observer,GITHUB_contributors_daily,2024-08-07,5.0
Remix IDE plugin for Arbitrum Stylus,GITHUB_contributors_daily,2024-08-07,1.0
Passport XYZ,GITHUB_contributors_daily,2024-08-07,2.0
Trail of Bits Security Reviews,GITHUB_opened_pull_requests_daily,2024-08-07,10.0
Pyth Network,GITHUB_opened_pull_requests_daily,2024-08-07,2.0
thirdweb,GITHUB_opened_pull_requests_daily,2024-08-07,9.0
Trail of Bits Security Reviews,GITHUB_merged_pull_requests_daily,2024-08-07,7.0
Runtime Verification,GITHUB_merged_pull_requests_daily,2024-08-07,13.0
Passport XYZ,GITHUB_merged_pull_requests_daily,2024-08-07,6.0
Open Source Observer,GITHUB_commits_daily,2024-09-15,2.0
Open Source Observer,GITHUB_stars_daily,2024-09-15,1.0
Enclave,GITHUB_repositories_daily,2024-09-15,1.0
Redstone Finance,GITHUB_repositories_daily,2024-09-15,1.0
Open Source Observer,GITHUB_contributors_daily,2024-09-15,2.0
Redstone Finance,GITHUB_contributors_daily,2024-09-15,1.0
thirdweb,GITHUB_active_developers_daily,2024-09-15,2.0
Open Source Observer,GITHUB_opened_pull_requests_daily,2024-09-15,2.0
Pyth Network,GITHUB_merged_pull_requests_daily,2024-09-15,2.0
thirdweb,GITHUB_merged_pull_requests_daily,2024-09-15,12.0
Debid - Fairblock,GITHUB_forks_weekly,2024-04-15,2.0
Runtime Verification,GITHUB_forks_weekly,2024-04-15,2.0
Pyth Network,GITHUB_stars_daily,2024-04-15,2.0
Open Source Observer,GITHUB_stars_daily,2024-04-15,3.0
Open Source Observer,GITHUB_stars_weekly,2024-04-15,10.0
Pyth Network,GITHUB_stars_weekly,2024-04-15,4.0
Redstone Finance,GITHUB_commits_daily,2024-04-15,9.0
Open Source Observer,GITHUB_commits_daily,2024-04-15,2.0
Runtime Verification,GITHUB_commits_daily,2024-04-15,28.0
Pyth Network,GITHUB_commits_daily,2024-04-15,6.0
Pyth Network,GITHUB_releases_weekly,2024-04-15,1.0
Redstone Finance,GITHUB_commits_weekly,2024-04-15,28.0
Syndicate Protocol,GITHUB_commits_weekly,2024-04-15,1.0
Open Source Observer,GITHUB_comments_weekly,2024-04-15,77.0
Runtime Verification,GITHUB_forks_daily,2024-04-15,1.0
thirdweb,GITHUB_repositories_weekly,2024-04-15,14.0
Syndicate Protocol,GITHUB_repositories_weekly,2024-04-15,2.0
Walnut,GITHUB_repositories_weekly,2024-04-15,1.0
Debid - Fairblock,GITHUB_repositories_weekly,2024-04-15,1.0
Redstone Finance,GITHUB_repositories_daily,2024-04-15,5.0
Runtime Verification,GITHUB_contributors_weekly,2024-04-15,27.0
Trail of Bits Security Reviews,GITHUB_contributors_daily,2024-04-15,5.0
Redstone Finance,GITHUB_contributors_weekly,2024-04-15,3.0
Runtime Verification,GITHUB_contributors_daily,2024-04-15,10.0
Open Source Observer,GITHUB_contributors_daily,2024-04-15,3.0
Redstone Finance,GITHUB_contributors_daily,2024-04-15,2.0
Runtime Verification,GITHUB_active_developers_weekly,2024-04-15,12.0
Open Source Observer,GITHUB_active_developers_daily,2024-04-15,2.0
Runtime Verification,GITHUB_active_developers_daily,2024-04-15,4.0
Syndicate Protocol,GITHUB_opened_pull_requests_weekly,2024-04-15,1.0
Walnut,GITHUB_opened_pull_requests_weekly,2024-04-15,2.0
thirdweb,GITHUB_opened_pull_requests_weekly,2024-04-15,89.0
thirdweb,GITHUB_opened_pull_requests_daily,2024-04-15,13.0
Walnut,GITHUB_opened_pull_requests_daily,2024-04-15,1.0
Syndicate Protocol,GITHUB_merged_pull_requests_daily,2024-04-15,1.0
thirdweb,GITHUB_merged_pull_requests_daily,2024-04-15,4.0
Pyth Network,GITHUB_merged_pull_requests_daily,2024-04-15,6.0
Open Source Observer,GITHUB_opened_issues_daily,2024-04-15,1.0
Runtime Verification,GITHUB_opened_issues_daily,2024-04-15,1.0
Runtime Verification,GITHUB_releases_daily,2024-02-04,3.0
Trail of Bits Security Reviews,GITHUB_repositories_daily,2024-02-04,8.0
Trail of Bits Security Reviews,GITHUB_active_developers_daily,2024-02-04,2.0
Debid - Fairblock,GITHUB_active_developers_daily,2024-02-04,1.0
Pyth Network,GITHUB_opened_pull_requests_daily,2024-02-04,2.0
Trail of Bits Security Reviews,GITHUB_merged_pull_requests_daily,2024-02-04,5.0
Pyth Network,GITHUB_comments_daily,2024-01-24,16.0
Runtime Verification,GITHUB_stars_daily,2024-01-24,1.0
Pyth Network,GITHUB_stars_daily,2024-01-24,3.0
Open Source Observer,GITHUB_stars_daily,2024-01-24,2.0
Remix IDE plugin for Arbitrum Stylus,GITHUB_commits_daily,2024-01-24,1.0
Redstone Finance,GITHUB_commits_daily,2024-01-24,3.0
Runtime Verification,GITHUB_releases_daily,2024-01-24,12.0
Redstone Finance,GITHUB_forks_daily,2024-01-24,2.0
Trail of Bits Security Reviews,GITHUB_forks_daily,2024-01-24,5.0
thirdweb,GITHUB_repositories_daily,2024-01-24,3.0
Walnut,GITHUB_repositories_daily,2024-01-24,1.0
Trail of Bits Security Reviews,GITHUB_repositories_daily,2024-01-24,15.0
Walnut,GITHUB_active_developers_daily,2024-01-24,1.0
thirdweb,GITHUB_active_developers_daily,2024-01-24,1.0
Trail of Bits Security Reviews,GITHUB_opened_pull_requests_daily,2024-01-24,8.0
Open Source Observer,GITHUB_opened_issues_daily,2024-01-24,4.0
Pyth Network,GITHUB_forks_weekly,2025-03-24,3.0
Remix IDE plugin for Arbitrum Stylus,GITHUB_forks_weekly,2025-03-24,1.0
Pyth Network,GITHUB_stars_weekly,2025-03-24,8.0
thirdweb,GITHUB_stars_weekly,2025-03-24,10.0
Passport XYZ,GITHUB_releases_weekly,2025-03-24,3.0
Sylow,GITHUB_releases_weekly,2025-03-24,1.0
CodeTracer,GITHUB_commits_weekly,2025-03-24,11.0
Arbos Foundry,GITHUB_commits_weekly,2025-03-24,26.0
Trail of Bits Security Reviews,GITHUB_commits_weekly,2025-03-24,100.0
Open Source Observer,GITHUB_comments_daily,2025-03-24,30.0
thirdweb,GITHUB_comments_daily,2025-03-24,76.0
CodeTracer,GITHUB_commits_daily,2025-03-24,11.0
thirdweb,GITHUB_commits_daily,2025-03-24,9.0
Trail of Bits Security Reviews,GITHUB_contributors_daily,2025-03-24,4.0
Runtime Verification,GITHUB_contributors_daily,2025-03-24,8.0
Walnut,GITHUB_contributors_daily,2025-03-24,4.0
CodeTracer,GITHUB_contributors_weekly,2025-03-24,5.0
thirdweb,GITHUB_contributors_weekly,2025-03-24,15.0
Runtime Verification,GITHUB_contributors_weekly,2025-03-24,16.0
Enclave,GITHUB_contributors_weekly,2025-03-24,4.0
Trail of Bits Security Reviews,GITHUB_contributors_weekly,2025-03-24,19.0
Trail of Bits Security Reviews,GITHUB_active_developers_daily,2025-03-24,3.0
Pyth Network,GITHUB_active_developers_daily,2025-03-24,5.0
Redstone Finance,GITHUB_active_developers_weekly,2025-03-24,5.0
CodeTracer,GITHUB_active_developers_weekly,2025-03-24,1.0
Solang,GITHUB_comments_weekly,2025-03-24,5.0
Walnut,GITHUB_repositories_daily,2025-03-24,3.0
Passport XYZ,GITHUB_repositories_weekly,2025-03-24,3.0
Pyth Network,GITHUB_repositories_weekly,2025-03-24,11.0
Debid - Fairblock,GITHUB_repositories_weekly,2025-03-24,2.0
Trail of Bits Security Reviews,GITHUB_opened_pull_requests_daily,2025-03-24,17.0
Passport XYZ,GITHUB_opened_pull_requests_daily,2025-03-24,1.0
Runtime Verification,GITHUB_opened_pull_requests_daily,2025-03-24,12.0
Trail of Bits Security Reviews,GITHUB_opened_pull_requests_weekly,2025-03-24,29.0
CoBuilders,GITHUB_opened_pull_requests_weekly,2025-03-24,3.0
Walnut,GITHUB_merged_pull_requests_daily,2025-03-24,4.0
Runtime Verification,GITHUB_merged_pull_requests_daily,2025-03-24,7.0
Trail of Bits Security Reviews,GITHUB_merged_pull_requests_weekly,2025-03-24,28.0
Enclave,GITHUB_merged_pull_requests_weekly,2025-03-24,1.0
CodeTracer,GITHUB_merged_pull_requests_weekly,2025-03-24,4.0
Trail of Bits Security Reviews,GITHUB_opened_issues_daily,2025-03-24,1.0
Runtime Verification,GITHUB_opened_issues_weekly,2025-03-24,6.0
thirdweb,GITHUB_opened_issues_weekly,2025-03-24,2.0
Trail of Bits Security Reviews,GITHUB_opened_issues_weekly,2025-03-24,7.0
Pyth Network,GITHUB_opened_issues_weekly,2025-03-24,1.0
Enclave,GITHUB_opened_issues_weekly,2025-03-24,19.0
Passport XYZ,GITHUB_closed_issues_daily,2025-03-24,2.0
Trail of Bits Security Reviews,GITHUB_closed_issues_weekly,2025-03-24,4.0
Open Source Observer,GITHUB_closed_issues_weekly,2025-03-24,27.0
Trail of Bits Security Reviews,GITHUB_stars_daily,2024-09-22,5.0
Runtime Verification,GITHUB_repositories_daily,2024-09-22,2.0
Open Source Observer,GITHUB_repositories_daily,2024-09-22,2.0
Runtime Verification,GITHUB_active_developers_daily,2024-09-22,1.0
Open Source Observer,GITHUB_contributors_daily,2024-09-22,3.0
Open Source Observer,GITHUB_merged_pull_requests_daily,2024-09-22,3.0
thirdweb,GITHUB_merged_pull_requests_daily,2024-09-22,1.0
Pyth Network,GITHUB_comments_daily,2025-01-12,3.0
Redstone Finance,GITHUB_comments_daily,2025-01-12,2.0
Pyth Network,GITHUB_stars_daily,2025-01-12,1.0
Syndicate Protocol,GITHUB_stars_daily,2025-01-12,1.0
Trail of Bits Security Reviews,GITHUB_contributors_daily,2025-01-12,2.0
9Lives,GITHUB_contributors_daily,2025-01-12,2.0
Open Source Observer,GITHUB_active_developers_daily,2025-01-12,1.0
Walnut,GITHUB_opened_pull_requests_daily,2025-01-12,1.0
Pyth Network,GITHUB_opened_pull_requests_daily,2025-01-12,1.0
Redstone Finance,GITHUB_comments_daily,2024-11-26,9.0
Redstone Finance,GITHUB_commits_daily,2024-11-26,5.0
Open Source Observer,GITHUB_commits_daily,2024-11-26,13.0
thirdweb,GITHUB_releases_daily,2024-11-26,1.0
Trail of Bits Security Reviews,GITHUB_releases_daily,2024-11-26,1.0
thirdweb,GITHUB_forks_daily,2024-11-26,2.0
Passport XYZ,GITHUB_repositories_daily,2024-11-26,2.0
Runtime Verification,GITHUB_repositories_daily,2024-11-26,5.0
Trail of Bits Security Reviews,GITHUB_contributors_daily,2024-11-26,3.0
Trail of Bits Security Reviews,GITHUB_active_developers_daily,2024-11-26,2.0
Redstone Finance,GITHUB_active_developers_daily,2024-11-26,2.0
Open Source Observer,GITHUB_active_developers_daily,2024-11-26,3.0
Runtime Verification,GITHUB_opened_pull_requests_daily,2024-11-26,8.0
Redstone Finance,GITHUB_opened_pull_requests_daily,2024-11-26,1.0
Trail of Bits Security Reviews,GITHUB_opened_pull_requests_daily,2024-11-26,1.0
Trail of Bits Security Reviews,GITHUB_opened_issues_daily,2024-11-26,1.0
Open Source Observer,GITHUB_comments_daily,2024-08-31,6.0
Runtime Verification,GITHUB_stars_daily,2024-08-31,3.0
Redstone Finance,GITHUB_commits_daily,2024-08-31,1.0
Trail of Bits Security Reviews,GITHUB_forks_daily,2024-08-31,1.0
thirdweb,GITHUB_repositories_daily,2024-08-31,4.0
Trail of Bits Security Reviews,GITHUB_repositories_daily,2024-08-31,6.0
Runtime Verification,GITHUB_contributors_daily,2024-08-31,2.0
Redstone Finance,GITHUB_active_developers_daily,2024-08-31,1.0
thirdweb,GITHUB_merged_pull_requests_daily,2024-08-31,8.0
Trail of Bits Security Reviews,GITHUB_merged_pull_requests_daily,2024-08-31,5.0
Redstone Finance,GITHUB_comments_daily,2024-10-30,2.0
Passport XYZ,GITHUB_commits_daily,2024-10-30,2.0
Runtime Verification,GITHUB_releases_daily,2024-10-30,4.0
Debid - Fairblock,GITHUB_repositories_daily,2024-10-30,1.0
thirdweb,GITHUB_repositories_daily,2024-10-30,5.0
Open Source Observer,GITHUB_merged_pull_requests_daily,2024-10-30,4.0
Debid - Fairblock,GITHUB_merged_pull_requests_daily,2024-10-30,1.0
Runtime Verification,GITHUB_merged_pull_requests_daily,2024-10-30,5.0
thirdweb,GITHUB_contributors_daily,2024-10-30,10.0
Passport XYZ,GITHUB_active_developers_daily,2024-10-30,1.0
Runtime Verification,GITHUB_active_developers_daily,2024-10-30,4.0
Redstone Finance,GITHUB_opened_pull_requests_daily,2024-10-30,3.0
Trail of Bits Security Reviews,GITHUB_opened_issues_daily,2024-10-30,1.0
thirdweb,GITHUB_closed_issues_daily,2024-10-30,3.0
Debid - Fairblock,GITHUB_forks_weekly,2024-02-26,3.0
Walnut,GITHUB_stars_weekly,2024-02-26,4.0
thirdweb,GITHUB_stars_weekly,2024-02-26,12.0
Redstone Finance,GITHUB_commits_daily,2024-02-26,26.0
Debid - Fairblock,GITHUB_commits_daily,2024-02-26,2.0
Debid - Fairblock,GITHUB_releases_weekly,2024-02-26,2.0
Runtime Verification,GITHUB_releases_weekly,2024-02-26,45.0
thirdweb,GITHUB_releases_daily,2024-02-26,1.0
thirdweb,GITHUB_commits_weekly,2024-02-26,58.0
Debid - Fairblock,GITHUB_commits_weekly,2024-02-26,12.0
Pyth Network,GITHUB_comments_weekly,2024-02-26,103.0
Trail of Bits Security Reviews,GITHUB_forks_daily,2024-02-26,7.0
Remix IDE plugin for Arbitrum Stylus,GITHUB_repositories_weekly,2024-02-26,1.0
Trail of Bits Security Reviews,GITHUB_repositories_weekly,2024-02-26,39.0
Debid - Fairblock,GITHUB_repositories_weekly,2024-02-26,5.0
Redstone Finance,GITHUB_repositories_daily,2024-02-26,2.0
Runtime Verification,GITHUB_contributors_weekly,2024-02-26,20.0
Walnut,GITHUB_contributors_weekly,2024-02-26,7.0
thirdweb,GITHUB_active_developers_weekly,2024-02-26,12.0
Open Source Observer,GITHUB_active_developers_weekly,2024-02-26,3.0
Runtime Verification,GITHUB_active_developers_weekly,2024-02-26,9.0
Trail of Bits Security Reviews,GITHUB_active_developers_weekly,2024-02-26,7.0
Open Source Observer,GITHUB_active_developers_daily,2024-02-26,2.0
Debid - Fairblock,GITHUB_opened_pull_requests_daily,2024-02-26,2.0
Walnut,GITHUB_merged_pull_requests_weekly,2024-02-26,2.0
Pyth Network,GITHUB_merged_pull_requests_daily,2024-02-26,1.0
Runtime Verification,GITHUB_opened_issues_weekly,2024-02-26,24.0
Walnut,GITHUB_closed_issues_weekly,2024-02-26,8.0
Walnut,GITHUB_closed_issues_daily,2024-02-26,2.0
Trail of Bits Security Reviews,GITHUB_comments_daily,2024-06-16,1.0
thirdweb,GITHUB_stars_daily,2024-06-16,11.0
Trail of Bits Security Reviews,GITHUB_stars_daily,2024-06-16,9.0
thirdweb,GITHUB_commits_daily,2024-06-16,4.0
Runtime Verification,GITHUB_forks_daily,2024-06-16,1.0
Pyth Network,GITHUB_forks_daily,2024-06-16,1.0
Trail of Bits Security Reviews,GITHUB_repositories_daily,2024-06-16,6.0
Pyth Network,GITHUB_opened_pull_requests_daily,2024-06-16,1.0
thirdweb,GITHUB_opened_issues_daily,2024-06-16,1.0
Pyth Network,GITHUB_comments_daily,2025-01-23,33.0
Walnut,GITHUB_commits_daily,2025-01-23,8.0
thirdweb,GITHUB_commits_daily,2025-01-23,3.0
Debid - Fairblock,GITHUB_forks_daily,2025-01-23,1.0
thirdweb,GITHUB_repositories_daily,2025-01-23,2.0
Open Source Observer,GITHUB_repositories_daily,2025-01-23,3.0
Passport XYZ,GITHUB_contributors_daily,2025-01-23,2.0
Runtime Verification,GITHUB_contributors_daily,2025-01-23,9.0
Runtime Verification,GITHUB_active_developers_daily,2025-01-23,3.0
Walnut,GITHUB_active_developers_daily,2025-01-23,1.0
thirdweb,GITHUB_active_developers_daily,2025-01-23,2.0
Open Source Observer,GITHUB_active_developers_daily,2025-01-23,5.0
Passport XYZ,GITHUB_active_developers_daily,2025-01-23,1.0
Redstone Finance,GITHUB_opened_pull_requests_daily,2025-01-23,2.0
thirdweb,GITHUB_merged_pull_requests_daily,2025-01-23,3.0
Runtime Verification,GITHUB_merged_pull_requests_daily,2025-01-23,7.0
Walnut,GITHUB_merged_pull_requests_daily,2025-01-23,1.0
Redstone Finance,GITHUB_merged_pull_requests_daily,2025-01-23,1.0
Trail of Bits Security Reviews,GITHUB_merged_pull_requests_daily,2025-01-23,2.0
Trail of Bits Security Reviews,GITHUB_commits_daily,2024-04-05,8.0
Debid - Fairblock,GITHUB_commits_daily,2024-04-05,1.0
Open Source Observer,GITHUB_repositories_daily,2024-04-05,3.0
Runtime Verification,GITHUB_contributors_daily,2024-04-05,10.0
Open Source Observer,GITHUB_contributors_daily,2024-04-05,3.0
Redstone Finance,GITHUB_active_developers_daily,2024-04-05,2.0
Debid - Fairblock,GITHUB_active_developers_daily,2024-04-05,1.0
Open Source Observer,GITHUB_opened_pull_requests_daily,2024-04-05,9.0
Runtime Verification,GITHUB_merged_pull_requests_daily,2024-04-05,7.0
Debid - Fairblock,GITHUB_merged_pull_requests_daily,2024-04-05,2.0
Trail of Bits Security Reviews,GITHUB_opened_issues_daily,2024-04-05,1.0
thirdweb,GITHUB_opened_issues_daily,2024-04-05,1.0
Runtime Verification,GITHUB_closed_issues_daily,2024-04-05,2.0
thirdweb,GITHUB_stars_daily,2024-05-05,3.0
Trail of Bits Security Reviews,GITHUB_commits_daily,2024-05-05,4.0
thirdweb,GITHUB_commits_daily,2024-05-05,2.0
Runtime Verification,GITHUB_repositories_daily,2024-05-05,1.0
Open Source Observer,GITHUB_repositories_daily,2024-05-05,3.0
thirdweb,GITHUB_active_developers_daily,2024-05-05,1.0
Trail of Bits Security Reviews,GITHUB_opened_pull_requests_daily,2024-05-05,4.0
thirdweb,GITHUB_opened_pull_requests_daily,2024-05-05,3.0
Trail of Bits Security Reviews,GITHUB_merged_pull_requests_daily,2024-05-05,4.0
thirdweb,GITHUB_opened_issues_daily,2024-05-05,1.0
thirdweb,GITHUB_closed_issues_daily,2024-05-05,1.0
Redstone Finance,GITHUB_closed_issues_daily,2024-05-05,1.0
thirdweb,GITHUB_comments_daily,2025-01-30,89.0
Trail of Bits Security Reviews,GITHUB_comments_daily,2025-01-30,1.0
Open Source Observer,GITHUB_comments_daily,2025-01-30,17.0
Pyth Network,GITHUB_stars_daily,2025-01-30,2.0
Walnut,GITHUB_commits_daily,2025-01-30,2.0
Redstone Finance,GITHUB_commits_daily,2025-01-30,9.0
Passport XYZ,GITHUB_repositories_daily,2025-01-30,3.0
Redstone Finance,GITHUB_repositories_daily,2025-01-30,3.0
Passport XYZ,GITHUB_contributors_daily,2025-01-30,3.0
Runtime Verification,GITHUB_active_developers_daily,2025-01-30,2.0
Pyth Network,GITHUB_active_developers_daily,2025-01-30,2.0
Redstone Finance,GITHUB_opened_pull_requests_daily,2025-01-30,2.0
Trail of Bits Security Reviews,GITHUB_opened_pull_requests_daily,2025-01-30,9.0
Walnut,GITHUB_merged_pull_requests_daily,2025-01-30,2.0
Open Source Observer,GITHUB_opened_issues_daily,2025-01-30,2.0
Runtime Verification,GITHUB_closed_issues_daily,2025-01-30,2.0
Enclave,GITHUB_comments_daily,2024-09-13,17.0
Debid - Fairblock,GITHUB_comments_daily,2024-09-13,4.0
Runtime Verification,GITHUB_stars_daily,2024-09-13,2.0
Trail of Bits Security Reviews,GITHUB_stars_daily,2024-09-13,12.0
Open Source Observer,GITHUB_commits_daily,2024-09-13,5.0
Trail of Bits Security Reviews,GITHUB_commits_daily,2024-09-13,3.0
thirdweb,GITHUB_releases_daily,2024-09-13,1.0
Pyth Network,GITHUB_releases_daily,2024-09-13,6.0
Pyth Network,GITHUB_forks_daily,2024-09-13,28.0
Open Source Observer,GITHUB_repositories_daily,2024-09-13,3.0
Pyth Network,GITHUB_repositories_daily,2024-09-13,29.0
Runtime Verification,GITHUB_repositories_daily,2024-09-13,6.0
Walnut,GITHUB_active_developers_daily,2024-09-13,2.0
Redstone Finance,GITHUB_contributors_daily,2024-09-13,3.0
Open Source Observer,GITHUB_contributors_daily,2024-09-13,2.0
Walnut,GITHUB_contributors_daily,2024-09-13,3.0
Runtime Verification,GITHUB_opened_pull_requests_daily,2024-09-13,4.0
Redstone Finance,GITHUB_opened_pull_requests_daily,2024-09-13,4.0
Walnut,GITHUB_opened_pull_requests_daily,2024-09-13,1.0
Walnut,GITHUB_merged_pull_requests_daily,2024-09-13,2.0
Enclave,GITHUB_closed_issues_daily,2024-09-13,1.0
Passport XYZ,GITHUB_closed_issues_daily,2024-09-13,2.0
Runtime Verification,GITHUB_comments_daily,2024-08-10,3.0
Trail of Bits Security Reviews,GITHUB_stars_daily,2024-08-10,11.0
thirdweb,GITHUB_forks_daily,2024-08-10,5.0
Trail of Bits Security Reviews,GITHUB_repositories_daily,2024-08-10,10.0
Walnut,GITHUB_contributors_daily,2024-08-10,3.0
thirdweb,GITHUB_opened_pull_requests_daily,2024-08-10,4.0
Walnut,GITHUB_closed_issues_daily,2024-08-10,1.0
Runtime Verification,GITHUB_comments_daily,2024-11-14,16.0
Pyth Network,GITHUB_comments_daily,2024-11-14,14.0
Passport XYZ,GITHUB_comments_daily,2024-11-14,12.0
thirdweb,GITHUB_stars_daily,2024-11-14,1.0
Runtime Verification,GITHUB_commits_daily,2024-11-14,26.0
thirdweb,GITHUB_forks_daily,2024-11-14,2.0
Enclave,GITHUB_repositories_daily,2024-11-14,1.0
Runtime Verification,GITHUB_repositories_daily,2024-11-14,8.0
Walnut,GITHUB_repositories_daily,2024-11-14,1.0
Pyth Network,GITHUB_active_developers_daily,2024-11-14,4.0
Passport XYZ,GITHUB_merged_pull_requests_daily,2024-11-14,10.0
Trail of Bits Security Reviews,GITHUB_comments_daily,2024-01-09,8.0
Open Source Observer,GITHUB_comments_daily,2024-01-09,2.0
Open Source Observer,GITHUB_commits_daily,2024-01-09,1.0
Trail of Bits Security Reviews,GITHUB_commits_daily,2024-01-09,7.0
Debid - Fairblock,GITHUB_stars_daily,2024-01-09,1.0
Trail of Bits Security Reviews,GITHUB_stars_daily,2024-01-09,15.0
thirdweb,GITHUB_repositories_daily,2024-01-09,5.0
thirdweb,GITHUB_merged_pull_requests_daily,2024-01-09,14.0
Solang,GITHUB_comments_daily,2025-01-27,1.0
Open Source Observer,GITHUB_comments_daily,2025-01-27,10.0
Pyth Network,GITHUB_commits_daily,2025-01-27,7.0
Pyth Network,GITHUB_stars_weekly,2025-01-27,2.0
thirdweb,GITHUB_stars_weekly,2025-01-27,35.0
Solang,GITHUB_stars_weekly,2025-01-27,1.0
Trail of Bits Security Reviews,GITHUB_stars_weekly,2025-01-27,65.0
Runtime Verification,GITHUB_releases_daily,2025-01-27,4.0
Passport XYZ,GITHUB_releases_weekly,2025-01-27,10.0
Trail of Bits Security Reviews,GITHUB_releases_weekly,2025-01-27,7.0
Runtime Verification,GITHUB_releases_weekly,2025-01-27,14.0
Pyth Network,GITHUB_commits_weekly,2025-01-27,28.0
Open Source Observer,GITHUB_commits_weekly,2025-01-27,64.0
Walnut,GITHUB_commits_weekly,2025-01-27,38.0
Runtime Verification,GITHUB_commits_weekly,2025-01-27,29.0
Solang,GITHUB_comments_weekly,2025-01-27,3.0
Passport XYZ,GITHUB_comments_weekly,2025-01-27,37.0
Enclave,GITHUB_comments_weekly,2025-01-27,2.0
Debid - Fairblock,GITHUB_repositories_daily,2025-01-27,1.0
Solang,GITHUB_repositories_daily,2025-01-27,1.0
Enclave,GITHUB_repositories_daily,2025-01-27,1.0
9Lives,GITHUB_repositories_daily,2025-01-27,1.0
Arbos Foundry,GITHUB_repositories_weekly,2025-01-27,1.0
Open Source Observer,GITHUB_repositories_weekly,2025-01-27,5.0
Debid - Fairblock,GITHUB_repositories_weekly,2025-01-27,2.0
Pyth Network,GITHUB_repositories_weekly,2025-01-27,6.0
Enclave,GITHUB_repositories_weekly,2025-01-27,1.0
Moving Stylus,GITHUB_repositories_weekly,2025-01-27,2.0
Solang,GITHUB_repositories_weekly,2025-01-27,1.0
Pyth Network,GITHUB_contributors_daily,2025-01-27,8.0
Enclave,GITHUB_contributors_daily,2025-01-27,1.0
Enclave,GITHUB_contributors_weekly,2025-01-27,1.0
Arbos Foundry,GITHUB_contributors_weekly,2025-01-27,1.0
9Lives,GITHUB_contributors_weekly,2025-01-27,3.0
Trail of Bits Security Reviews,GITHUB_contributors_weekly,2025-01-27,16.0
Passport XYZ,GITHUB_active_developers_weekly,2025-01-27,3.0
Runtime Verification,GITHUB_active_developers_weekly,2025-01-27,7.0
Pyth Network,GITHUB_active_developers_weekly,2025-01-27,11.0
9Lives,GITHUB_active_developers_weekly,2025-01-27,2.0
Redstone Finance,GITHUB_contributors_weekly,2025-01-27,6.0
Walnut,GITHUB_active_developers_daily,2025-01-27,1.0
Trail of Bits Security Reviews,GITHUB_active_developers_daily,2025-01-27,5.0
9Lives,GITHUB_active_developers_daily,2025-01-27,2.0
Debid - Fairblock,GITHUB_active_developers_daily,2025-01-27,1.0
Redstone Finance,GITHUB_opened_pull_requests_weekly,2025-01-27,9.0
Moving Stylus,GITHUB_opened_pull_requests_weekly,2025-01-27,3.0
Open Source Observer,GITHUB_opened_pull_requests_weekly,2025-01-27,46.0
thirdweb,GITHUB_opened_pull_requests_daily,2025-01-27,19.0
Passport XYZ,GITHUB_opened_pull_requests_daily,2025-01-27,1.0
thirdweb,GITHUB_merged_pull_requests_weekly,2025-01-27,76.0
Trail of Bits Security Reviews,GITHUB_merged_pull_requests_weekly,2025-01-27,37.0
Open Source Observer,GITHUB_merged_pull_requests_weekly,2025-01-27,43.0
9Lives,GITHUB_merged_pull_requests_weekly,2025-01-27,1.0
Moving Stylus,GITHUB_merged_pull_requests_weekly,2025-01-27,2.0
Open Source Observer,GITHUB_merged_pull_requests_daily,2025-01-27,1.0
thirdweb,GITHUB_merged_pull_requests_daily,2025-01-27,12.0
Walnut,GITHUB_opened_issues_daily,2025-01-27,4.0
Solang,GITHUB_opened_issues_weekly,2025-01-27,1.0
Open Source Observer,GITHUB_opened_issues_weekly,2025-01-27,29.0
Passport XYZ,GITHUB_opened_issues_weekly,2025-01-27,36.0
Open Source Observer,GITHUB_closed_issues_weekly,2025-01-27,21.0
Trail of Bits Security Reviews,GITHUB_closed_issues_weekly,2025-01-27,1.0
Trail of Bits Security Reviews,GITHUB_forks_weekly,2025-02-17,12.0
Runtime Verification,GITHUB_comments_daily,2025-02-17,11.0
Passport XYZ,GITHUB_comments_daily,2025-02-17,2.0
Solang,GITHUB_stars_weekly,2025-02-17,1.0
Trail of Bits Security Reviews,GITHUB_stars_weekly,2025-02-17,75.0
Sylow,GITHUB_stars_weekly,2025-02-17,1.0
9Lives,GITHUB_commits_daily,2025-02-17,6.0
Passport XYZ,GITHUB_commits_weekly,2025-02-17,19.0
thirdweb,GITHUB_commits_weekly,2025-02-17,44.0
Enclave,GITHUB_comments_weekly,2025-02-17,2.0
Pyth Network,GITHUB_repositories_daily,2025-02-17,3.0
Open Source Observer,GITHUB_repositories_daily,2025-02-17,1.0
Runtime Verification,GITHUB_repositories_daily,2025-02-17,3.0
Trail of Bits Security Reviews,GITHUB_repositories_daily,2025-02-17,16.0
Solang,GITHUB_contributors_weekly,2025-02-17,4.0
thirdweb,GITHUB_contributors_weekly,2025-02-17,22.0
Open Source Observer,GITHUB_contributors_weekly,2025-02-17,10.0
Runtime Verification,GITHUB_contributors_daily,2025-02-17,4.0
Redstone Finance,GITHUB_active_developers_weekly,2025-02-17,9.0
Passport XYZ,GITHUB_active_developers_weekly,2025-02-17,3.0
Open Source Observer,GITHUB_active_developers_weekly,2025-02-17,7.0
Trail of Bits Security Reviews,GITHUB_active_developers_weekly,2025-02-17,8.0
thirdweb,GITHUB_contributors_daily,2025-02-17,8.0
Open Source Observer,GITHUB_active_developers_daily,2025-02-17,1.0
9Lives,GITHUB_active_developers_daily,2025-02-17,1.0
thirdweb,GITHUB_active_developers_daily,2025-02-17,3.0
Trail of Bits Security Reviews,GITHUB_opened_pull_requests_weekly,2025-02-17,54.0
Passport XYZ,GITHUB_opened_pull_requests_weekly,2025-02-17,13.0
Solang,GITHUB_opened_pull_requests_weekly,2025-02-17,2.0
Walnut,GITHUB_opened_pull_requests_weekly,2025-02-17,26.0
Trail of Bits Security Reviews,GITHUB_merged_pull_requests_weekly,2025-02-17,40.0
Redstone Finance,GITHUB_merged_pull_requests_weekly,2025-02-17,10.0
Pyth Network,GITHUB_merged_pull_requests_weekly,2025-02-17,39.0
Walnut,GITHUB_opened_pull_requests_daily,2025-02-17,8.0
Runtime Verification,GITHUB_merged_pull_requests_daily,2025-02-17,2.0
Passport XYZ,GITHUB_opened_issues_weekly,2025-02-17,18.0
Open Source Observer,GITHUB_opened_issues_weekly,2025-02-17,11.0
Open Source Observer,GITHUB_closed_issues_weekly,2025-02-17,15.0
Solang,GITHUB_closed_issues_weekly,2025-02-17,2.0
thirdweb,GITHUB_closed_issues_weekly,2025-02-17,2.0
Debid - Fairblock,GITHUB_stars_daily,2025-03-13,1.0
CodeTracer,GITHUB_stars_daily,2025-03-13,10.0
Pyth Network,GITHUB_commits_daily,2025-03-13,12.0
Runtime Verification,GITHUB_releases_daily,2025-03-13,2.0
CodeTracer,GITHUB_repositories_daily,2025-03-13,1.0
Walnut,GITHUB_repositories_daily,2025-03-13,2.0
Trail of Bits Security Reviews,GITHUB_repositories_daily,2025-03-13,10.0
Pyth Network,GITHUB_repositories_daily,2025-03-13,5.0
Sylow,GITHUB_contributors_daily,2025-03-13,2.0
Walnut,GITHUB_contributors_daily,2025-03-13,3.0
Open Source Observer,GITHUB_contributors_daily,2025-03-13,7.0
9Lives,GITHUB_active_developers_daily,2025-03-13,1.0
thirdweb,GITHUB_active_developers_daily,2025-03-13,4.0
Trail of Bits Security Reviews,GITHUB_active_developers_daily,2025-03-13,4.0
Trail of Bits Security Reviews,GITHUB_merged_pull_requests_daily,2025-03-13,7.0
Passport XYZ,GITHUB_merged_pull_requests_daily,2025-03-13,2.0
thirdweb,GITHUB_closed_issues_daily,2025-03-13,1.0
Trail of Bits Security Reviews,GITHUB_comments_daily,2024-02-25,2.0
Open Source Observer,GITHUB_comments_daily,2024-02-25,3.0
Trail of Bits Security Reviews,GITHUB_stars_daily,2024-02-25,6.0
Runtime Verification,GITHUB_stars_daily,2024-02-25,2.0
Redstone Finance,GITHUB_commits_daily,2024-02-25,21.0
Debid - Fairblock,GITHUB_forks_daily,2024-02-25,1.0
thirdweb,GITHUB_repositories_daily,2024-02-25,2.0
Redstone Finance,GITHUB_contributors_daily,2024-02-25,2.0
Pyth Network,GITHUB_contributors_daily,2024-02-25,1.0
Open Source Observer,GITHUB_contributors_daily,2024-02-25,1.0
Pyth Network,GITHUB_merged_pull_requests_daily,2024-02-25,2.0
Walnut,GITHUB_merged_pull_requests_daily,2024-02-25,2.0
thirdweb,GITHUB_comments_daily,2024-08-09,159.0
Pyth Network,GITHUB_comments_daily,2024-08-09,7.0
Open Source Observer,GITHUB_commits_daily,2024-08-09,2.0
Walnut,GITHUB_commits_daily,2024-08-09,24.0
Debid - Fairblock,GITHUB_commits_daily,2024-08-09,1.0
Runtime Verification,GITHUB_releases_daily,2024-08-09,8.0
thirdweb,GITHUB_forks_daily,2024-08-09,2.0
Redstone Finance,GITHUB_forks_daily,2024-08-09,1.0
Redstone Finance,GITHUB_repositories_daily,2024-08-09,2.0
Passport XYZ,GITHUB_repositories_daily,2024-08-09,1.0
Debid - Fairblock,GITHUB_repositories_daily,2024-08-09,1.0
Debid - Fairblock,GITHUB_contributors_daily,2024-08-09,1.0
Walnut,GITHUB_active_developers_daily,2024-08-09,2.0
Trail of Bits Security Reviews,GITHUB_active_developers_daily,2024-08-09,4.0
Debid - Fairblock,GITHUB_active_developers_daily,2024-08-09,1.0
Walnut,GITHUB_opened_pull_requests_daily,2024-08-09,1.0
Pyth Network,GITHUB_opened_pull_requests_daily,2024-08-09,1.0
Runtime Verification,GITHUB_opened_pull_requests_daily,2024-08-09,14.0
Pyth Network,GITHUB_merged_pull_requests_daily,2024-08-09,4.0
Runtime Verification,GITHUB_opened_issues_daily,2024-08-09,1.0
Trail of Bits Security Reviews,GITHUB_opened_issues_daily,2024-08-09,1.0
Trail of Bits Security Reviews,GITHUB_closed_issues_daily,2024-08-09,2.0
Open Source Observer,GITHUB_closed_issues_daily,2024-08-09,2.0
Walnut,GITHUB_closed_issues_daily,2024-08-09,4.0
thirdweb,GITHUB_closed_issues_daily,2024-08-09,1.0
Walnut,GITHUB_comments_daily,2024-03-08,11.0
Debid - Fairblock,GITHUB_stars_daily,2024-03-08,2.0
Walnut,GITHUB_commits_daily,2024-03-08,2.0
Runtime Verification,GITHUB_commits_daily,2024-03-08,15.0
Pyth Network,GITHUB_commits_daily,2024-03-08,5.0
Open Source Observer,GITHUB_forks_daily,2024-03-08,1.0
Walnut,GITHUB_forks_daily,2024-03-08,1.0
Pyth Network,GITHUB_repositories_daily,2024-03-08,5.0
Trail of Bits Security Reviews,GITHUB_repositories_daily,2024-03-08,13.0
Open Source Observer,GITHUB_active_developers_daily,2024-03-08,2.0
Pyth Network,GITHUB_opened_pull_requests_daily,2024-03-08,7.0
Debid - Fairblock,GITHUB_opened_pull_requests_daily,2024-03-08,3.0
Walnut,GITHUB_merged_pull_requests_daily,2024-03-08,1.0
Runtime Verification,GITHUB_comments_daily,2025-02-27,7.0
Passport XYZ,GITHUB_comments_daily,2025-02-27,2.0
Trail of Bits Security Reviews,GITHUB_comments_daily,2025-02-27,7.0
Walnut,GITHUB_comments_daily,2025-02-27,6.0
Solang,GITHUB_stars_daily,2025-02-27,1.0
Runtime Verification,GITHUB_stars_daily,2025-02-27,1.0
CodeTracer,GITHUB_releases_daily,2025-02-27,1.0
Passport XYZ,GITHUB_forks_daily,2025-02-27,4.0
Pyth Network,GITHUB_forks_daily,2025-02-27,1.0
CodeTracer,GITHUB_repositories_daily,2025-02-27,1.0
Pyth Network,GITHUB_repositories_daily,2025-02-27,5.0
CodeTracer,GITHUB_contributors_daily,2025-02-27,4.0
Pyth Network,GITHUB_contributors_daily,2025-02-27,10.0
Pyth Network,GITHUB_merged_pull_requests_daily,2025-02-27,9.0
Walnut,GITHUB_merged_pull_requests_daily,2025-02-27,1.0
thirdweb,GITHUB_opened_issues_daily,2025-02-27,1.0
Open Source Observer,GITHUB_opened_issues_daily,2025-02-27,3.0
Passport XYZ,GITHUB_opened_issues_daily,2025-02-27,6.0
thirdweb,GITHUB_commits_daily,2024-01-13,2.0
Trail of Bits Security Reviews,GITHUB_repositories_daily,2024-01-13,13.0
Debid - Fairblock,GITHUB_repositories_daily,2024-01-13,1.0
Pyth Network,GITHUB_repositories_daily,2024-01-13,1.0
Open Source Observer,GITHUB_contributors_daily,2024-01-13,1.0
Trail of Bits Security Reviews,GITHUB_opened_pull_requests_daily,2024-01-13,2.0
Trail of Bits Security Reviews,GITHUB_merged_pull_requests_daily,2024-01-13,1.0
Trail of Bits Security Reviews,GITHUB_opened_issues_daily,2024-01-13,1.0
Trail of Bits Security Reviews,GITHUB_comments_daily,2024-12-03,3.0
Runtime Verification,GITHUB_stars_daily,2024-12-03,2.0
Trail of Bits Security Reviews,GITHUB_stars_daily,2024-12-03,16.0
Trail of Bits Security Reviews,GITHUB_commits_daily,2024-12-03,21.0
thirdweb,GITHUB_commits_daily,2024-12-03,9.0
Passport XYZ,GITHUB_commits_daily,2024-12-03,24.0
thirdweb,GITHUB_releases_daily,2024-12-03,4.0
Redstone Finance,GITHUB_repositories_daily,2024-12-03,2.0
Walnut,GITHUB_repositories_daily,2024-12-03,4.0
Debid - Fairblock,GITHUB_repositories_daily,2024-12-03,1.0
Trail of Bits Security Reviews,GITHUB_repositories_daily,2024-12-03,9.0
Syndicate Protocol,GITHUB_repositories_daily,2024-12-03,1.0
Debid - Fairblock,GITHUB_contributors_daily,2024-12-03,1.0
thirdweb,GITHUB_opened_pull_requests_daily,2024-12-03,8.0
Enclave,GITHUB_opened_pull_requests_daily,2024-12-03,1.0
Passport XYZ,GITHUB_opened_pull_requests_daily,2024-12-03,6.0
Syndicate Protocol,GITHUB_opened_pull_requests_daily,2024-12-03,1.0
Pyth Network,GITHUB_merged_pull_requests_daily,2024-12-03,9.0
Open Source Observer,GITHUB_merged_pull_requests_daily,2024-12-03,4.0
Walnut,GITHUB_active_developers_daily,2024-12-03,1.0
Enclave,GITHUB_opened_issues_daily,2024-12-03,1.0
Trail of Bits Security Reviews,GITHUB_closed_issues_daily,2024-12-03,1.0
Runtime Verification,GITHUB_closed_issues_daily,2024-12-03,1.0
Trail of Bits Security Reviews,GITHUB_stars_daily,2024-06-29,4.0
Passport XYZ,GITHUB_stars_daily,2024-06-29,3.0
thirdweb,GITHUB_commits_daily,2024-06-29,10.0
thirdweb,GITHUB_repositories_daily,2024-06-29,2.0
Redstone Finance,GITHUB_repositories_daily,2024-06-29,1.0
thirdweb,GITHUB_contributors_daily,2024-06-29,5.0
Redstone Finance,GITHUB_contributors_daily,2024-06-29,1.0
Walnut,GITHUB_active_developers_daily,2024-06-29,1.0
Pyth Network,GITHUB_opened_pull_requests_daily,2024-06-29,4.0
thirdweb,GITHUB_merged_pull_requests_daily,2024-06-29,8.0
Pyth Network,GITHUB_comments_daily,2024-01-05,12.0
Trail of Bits Security Reviews,GITHUB_stars_daily,2024-01-05,9.0
Pyth Network,GITHUB_stars_daily,2024-01-05,2.0
Remix IDE plugin for Arbitrum Stylus,GITHUB_commits_daily,2024-01-05,1.0
thirdweb,GITHUB_forks_daily,2024-01-05,4.0
Runtime Verification,GITHUB_repositories_daily,2024-01-05,1.0
Redstone Finance,GITHUB_repositories_daily,2024-01-05,1.0
Pyth Network,GITHUB_contributors_daily,2024-01-05,3.0
Redstone Finance,GITHUB_contributors_daily,2024-01-05,1.0
Redstone Finance,GITHUB_active_developers_daily,2024-01-05,1.0
thirdweb,GITHUB_active_developers_daily,2024-01-05,9.0
Trail of Bits Security Reviews,GITHUB_opened_pull_requests_daily,2024-01-05,3.0
Pyth Network,GITHUB_merged_pull_requests_daily,2024-01-05,1.0
thirdweb,GITHUB_closed_issues_daily,2024-01-05,1.0
Runtime Verification,GITHUB_comments_daily,2025-03-18,1.0
Redstone Finance,GITHUB_comments_daily,2025-03-18,3.0
Open Source Observer,GITHUB_comments_daily,2025-03-18,31.0
Debid - Fairblock,GITHUB_stars_daily,2025-03-18,1.0
Open Source Observer,GITHUB_stars_daily,2025-03-18,1.0
Redstone Finance,GITHUB_commits_daily,2025-03-18,9.0
Walnut,GITHUB_commits_daily,2025-03-18,1.0
Remix IDE plugin for Arbitrum Stylus,GITHUB_releases_daily,2025-03-18,4.0
Runtime Verification,GITHUB_releases_daily,2025-03-18,4.0
Trail of Bits Security Reviews,GITHUB_forks_daily,2025-03-18,1.0
thirdweb,GITHUB_repositories_daily,2025-03-18,5.0
Redstone Finance,GITHUB_repositories_daily,2025-03-18,3.0
Runtime Verification,GITHUB_repositories_daily,2025-03-18,8.0
Passport XYZ,GITHUB_repositories_daily,2025-03-18,3.0
Passport XYZ,GITHUB_contributors_daily,2025-03-18,2.0
Redstone Finance,GITHUB_contributors_daily,2025-03-18,3.0
Open Source Observer,GITHUB_active_developers_daily,2025-03-18,2.0
Pyth Network,GITHUB_opened_pull_requests_daily,2025-03-18,8.0
Passport XYZ,GITHUB_opened_pull_requests_daily,2025-03-18,6.0
Runtime Verification,GITHUB_opened_pull_requests_daily,2025-03-18,5.0
Passport XYZ,GITHUB_merged_pull_requests_daily,2025-03-18,12.0
Trail of Bits Security Reviews,GITHUB_merged_pull_requests_daily,2025-03-18,4.0
Runtime Verification,GITHUB_merged_pull_requests_daily,2025-03-18,5.0
Runtime Verification,GITHUB_opened_issues_daily,2025-03-18,4.0
Walnut,GITHUB_closed_issues_daily,2025-03-18,1.0
Passport XYZ,GITHUB_comments_daily,2025-02-12,12.0
Walnut,GITHUB_comments_daily,2025-02-12,8.0
Open Source Observer,GITHUB_stars_daily,2025-02-12,3.0
Open Source Observer,GITHUB_commits_daily,2025-02-12,4.0
Runtime Verification,GITHUB_commits_daily,2025-02-12,1.0
Redstone Finance,GITHUB_commits_daily,2025-02-12,14.0
Trail of Bits Security Reviews,GITHUB_forks_daily,2025-02-12,6.0
Walnut,GITHUB_repositories_daily,2025-02-12,4.0
9Lives,GITHUB_repositories_daily,2025-02-12,1.0
Pyth Network,GITHUB_contributors_daily,2025-02-12,10.0
Open Source Observer,GITHUB_contributors_daily,2025-02-12,2.0
Runtime Verification,GITHUB_contributors_daily,2025-02-12,3.0
Open Source Observer,GITHUB_active_developers_daily,2025-02-12,1.0
9Lives,GITHUB_active_developers_daily,2025-02-12,2.0
Walnut,GITHUB_opened_pull_requests_daily,2025-02-12,8.0
Passport XYZ,GITHUB_merged_pull_requests_daily,2025-02-12,4.0
Walnut,GITHUB_opened_issues_daily,2025-02-12,4.0
Trail of Bits Security Reviews,GITHUB_closed_issues_daily,2025-02-12,1.0
Solang,GITHUB_forks_weekly,2025-01-20,1.0
Redstone Finance,GITHUB_forks_weekly,2025-01-20,1.0
Passport XYZ,GITHUB_forks_weekly,2025-01-20,4.0
Open Source Observer,GITHUB_forks_weekly,2025-01-20,1.0
Trail of Bits Security Reviews,GITHUB_comments_daily,2025-01-20,3.0
Open Source Observer,GITHUB_comments_daily,2025-01-20,7.0
CoBuilders,GITHUB_comments_daily,2025-01-20,2.0
Runtime Verification,GITHUB_stars_weekly,2025-01-20,8.0
Solang,GITHUB_stars_weekly,2025-01-20,1.0
Open Source Observer,GITHUB_stars_weekly,2025-01-20,4.0
Trail of Bits Security Reviews,GITHUB_stars_weekly,2025-01-20,46.0
Debid - Fairblock,GITHUB_commits_weekly,2025-01-20,2.0
Redstone Finance,GITHUB_commits_weekly,2025-01-20,27.0
Pyth Network,GITHUB_commits_weekly,2025-01-20,53.0
thirdweb,GITHUB_comments_weekly,2025-01-20,416.0
Redstone Finance,GITHUB_repositories_weekly,2025-01-20,6.0
Enclave,GITHUB_repositories_weekly,2025-01-20,1.0
Passport XYZ,GITHUB_repositories_weekly,2025-01-20,4.0
Pyth Network,GITHUB_repositories_weekly,2025-01-20,13.0
Trail of Bits Security Reviews,GITHUB_repositories_daily,2025-01-20,12.0
Redstone Finance,GITHUB_repositories_daily,2025-01-20,2.0
Open Source Observer,GITHUB_repositories_daily,2025-01-20,2.0
thirdweb,GITHUB_contributors_weekly,2025-01-20,18.0
Debid - Fairblock,GITHUB_contributors_weekly,2025-01-20,2.0
Moving Stylus,GITHUB_contributors_weekly,2025-01-20,3.0
Solang,GITHUB_contributors_weekly,2025-01-20,2.0
Runtime Verification,GITHUB_contributors_weekly,2025-01-20,14.0
Debid - Fairblock,GITHUB_active_developers_weekly,2025-01-20,1.0
Redstone Finance,GITHUB_active_developers_weekly,2025-01-20,5.0
Moving Stylus,GITHUB_active_developers_weekly,2025-01-20,1.0
Redstone Finance,GITHUB_contributors_daily,2025-01-20,2.0
Solang,GITHUB_contributors_daily,2025-01-20,1.0
Solang,GITHUB_opened_pull_requests_weekly,2025-01-20,1.0
Redstone Finance,GITHUB_opened_pull_requests_weekly,2025-01-20,4.0
Open Source Observer,GITHUB_opened_pull_requests_daily,2025-01-20,3.0
thirdweb,GITHUB_opened_pull_requests_daily,2025-01-20,17.0
thirdweb,GITHUB_merged_pull_requests_weekly,2025-01-20,46.0
Moving Stylus,GITHUB_merged_pull_requests_weekly,2025-01-20,1.0
Trail of Bits Security Reviews,GITHUB_merged_pull_requests_weekly,2025-01-20,15.0
Enclave,GITHUB_opened_issues_weekly,2025-01-20,1.0
Solang,GITHUB_opened_issues_daily,2025-01-20,8.0
thirdweb,GITHUB_comments_daily,2024-07-21,19.0
Redstone Finance,GITHUB_stars_daily,2024-07-21,1.0
Trail of Bits Security Reviews,GITHUB_stars_daily,2024-07-21,12.0
Trail of Bits Security Reviews,GITHUB_commits_daily,2024-07-21,7.0
Runtime Verification,GITHUB_repositories_daily,2024-07-21,2.0
Open Source Observer,GITHUB_contributors_daily,2024-07-21,2.0
Open Source Observer,GITHUB_active_developers_daily,2024-07-21,1.0
Pyth Network,GITHUB_opened_pull_requests_daily,2024-07-21,1.0
thirdweb,GITHUB_merged_pull_requests_daily,2024-07-21,2.0
Open Source Observer,GITHUB_opened_issues_daily,2024-07-21,1.0
Walnut,GITHUB_comments_daily,2024-03-06,3.0
Trail of Bits Security Reviews,GITHUB_comments_daily,2024-03-06,14.0
Runtime Verification,GITHUB_stars_daily,2024-03-06,1.0
Runtime Verification,GITHUB_commits_daily,2024-03-06,24.0
Runtime Verification,GITHUB_releases_daily,2024-03-06,10.0
Trail of Bits Security Reviews,GITHUB_releases_daily,2024-03-06,1.0
Trail of Bits Security Reviews,GITHUB_forks_daily,2024-03-06,1.0
Pyth Network,GITHUB_forks_daily,2024-03-06,1.0
Debid - Fairblock,GITHUB_forks_daily,2024-03-06,12.0
Runtime Verification,GITHUB_forks_daily,2024-03-06,1.0
thirdweb,GITHUB_repositories_daily,2024-03-06,6.0
Pyth Network,GITHUB_repositories_daily,2024-03-06,8.0
Arbos Foundry,GITHUB_repositories_daily,2024-03-06,1.0
Trail of Bits Security Reviews,GITHUB_contributors_daily,2024-03-06,4.0
Redstone Finance,GITHUB_contributors_daily,2024-03-06,1.0
Walnut,GITHUB_contributors_daily,2024-03-06,1.0
thirdweb,GITHUB_contributors_daily,2024-03-06,12.0
Arbos Foundry,GITHUB_active_developers_daily,2024-03-06,1.0
Debid - Fairblock,GITHUB_active_developers_daily,2024-03-06,2.0
Pyth Network,GITHUB_merged_pull_requests_daily,2024-03-06,3.0
Open Source Observer,GITHUB_opened_issues_daily,2024-03-06,1.0
Walnut,GITHUB_opened_issues_daily,2024-03-06,1.0
Runtime Verification,GITHUB_opened_issues_daily,2024-03-06,10.0
Trail of Bits Security Reviews,GITHUB_comments_daily,2024-10-29,15.0
Open Source Observer,GITHUB_comments_daily,2024-10-29,3.0
thirdweb,GITHUB_comments_daily,2024-10-29,81.0
Pyth Network,GITHUB_comments_daily,2024-10-29,15.0
Passport XYZ,GITHUB_comments_daily,2024-10-29,2.0
Runtime Verification,GITHUB_stars_daily,2024-10-29,1.0
Trail of Bits Security Reviews,GITHUB_stars_daily,2024-10-29,8.0
Trail of Bits Security Reviews,GITHUB_commits_daily,2024-10-29,4.0
Passport XYZ,GITHUB_commits_daily,2024-10-29,4.0
thirdweb,GITHUB_releases_daily,2024-10-29,2.0
Pyth Network,GITHUB_forks_daily,2024-10-29,1.0
thirdweb,GITHUB_repositories_daily,2024-10-29,3.0
Pyth Network,GITHUB_repositories_daily,2024-10-29,6.0
thirdweb,GITHUB_contributors_daily,2024-10-29,14.0
Open Source Observer,GITHUB_contributors_daily,2024-10-29,2.0
Passport XYZ,GITHUB_active_developers_daily,2024-10-29,2.0
thirdweb,GITHUB_active_developers_daily,2024-10-29,3.0
Redstone Finance,GITHUB_active_developers_daily,2024-10-29,2.0
Enclave,GITHUB_opened_pull_requests_daily,2024-10-29,2.0
Open Source Observer,GITHUB_opened_pull_requests_daily,2024-10-29,3.0
Debid - Fairblock,GITHUB_merged_pull_requests_daily,2024-10-29,2.0
thirdweb,GITHUB_opened_issues_daily,2024-10-29,3.0
Runtime Verification,GITHUB_opened_issues_daily,2024-10-29,1.0
Trail of Bits Security Reviews,GITHUB_opened_issues_daily,2024-10-29,1.0
Trail of Bits Security Reviews,GITHUB_closed_issues_daily,2024-10-29,1.0
Passport XYZ,GITHUB_closed_issues_daily,2024-10-29,2.0
Runtime Verification,GITHUB_comments_daily,2024-08-17,6.0
Pyth Network,GITHUB_stars_daily,2024-08-17,1.0
Open Source Observer,GITHUB_commits_daily,2024-08-17,2.0
Trail of Bits Security Reviews,GITHUB_commits_daily,2024-08-17,8.0
Open Source Observer,GITHUB_contributors_daily,2024-08-17,2.0
Runtime Verification,GITHUB_contributors_daily,2024-08-17,2.0
thirdweb,GITHUB_opened_pull_requests_daily,2024-08-17,12.0
Open Source Observer,GITHUB_merged_pull_requests_daily,2024-08-17,2.0
Trail of Bits Security Reviews,GITHUB_merged_pull_requests_daily,2024-08-17,9.0
Walnut,GITHUB_comments_daily,2025-01-28,1.0
thirdweb,GITHUB_comments_daily,2025-01-28,59.0
Arbos Foundry,GITHUB_commits_daily,2025-01-28,10.0
Open Source Observer,GITHUB_commits_daily,2025-01-28,31.0
Runtime Verification,GITHUB_commits_daily,2025-01-28,9.0
Runtime Verification,GITHUB_releases_daily,2025-01-28,4.0
Trail of Bits Security Reviews,GITHUB_repositories_daily,2025-01-28,11.0
Passport XYZ,GITHUB_repositories_daily,2025-01-28,3.0
Passport XYZ,GITHUB_contributors_daily,2025-01-28,3.0
Trail of Bits Security Reviews,GITHUB_contributors_daily,2025-01-28,4.0
Redstone Finance,GITHUB_active_developers_daily,2025-01-28,2.0
Walnut,GITHUB_active_developers_daily,2025-01-28,2.0
Passport XYZ,GITHUB_merged_pull_requests_daily,2025-01-28,3.0
thirdweb,GITHUB_opened_issues_daily,2025-01-28,1.0
Trail of Bits Security Reviews,GITHUB_forks_weekly,2024-04-29,6.0
Pyth Network,GITHUB_forks_weekly,2024-04-29,15.0
Pyth Network,GITHUB_stars_daily,2024-04-29,2.0
Trail of Bits Security Reviews,GITHUB_stars_daily,2024-04-29,33.0
thirdweb,GITHUB_stars_weekly,2024-04-29,25.0
Runtime Verification,GITHUB_commits_daily,2024-04-29,20.0
Redstone Finance,GITHUB_commits_daily,2024-04-29,4.0
thirdweb,GITHUB_commits_daily,2024-04-29,23.0
Open Source Observer,GITHUB_commits_daily,2024-04-29,1.0
thirdweb,GITHUB_releases_weekly,2024-04-29,31.0
Redstone Finance,GITHUB_commits_weekly,2024-04-29,12.0
thirdweb,GITHUB_comments_weekly,2024-04-29,285.0
Syndicate Protocol,GITHUB_comments_weekly,2024-04-29,8.0
Trail of Bits Security Reviews,GITHUB_repositories_weekly,2024-04-29,43.0
Walnut,GITHUB_repositories_weekly,2024-04-29,2.0
Trail of Bits Security Reviews,GITHUB_forks_daily,2024-04-29,3.0
Open Source Observer,GITHUB_repositories_daily,2024-04-29,1.0
Trail of Bits Security Reviews,GITHUB_contributors_weekly,2024-04-29,22.0
Runtime Verification,GITHUB_contributors_weekly,2024-04-29,18.0
Debid - Fairblock,GITHUB_contributors_weekly,2024-04-29,4.0
thirdweb,GITHUB_contributors_weekly,2024-04-29,20.0
Debid - Fairblock,GITHUB_active_developers_weekly,2024-04-29,3.0
Debid - Fairblock,GITHUB_contributors_daily,2024-04-29,1.0
Syndicate Protocol,GITHUB_contributors_daily,2024-04-29,1.0
Runtime Verification,GITHUB_active_developers_daily,2024-04-29,4.0
Redstone Finance,GITHUB_active_developers_daily,2024-04-29,2.0
Debid - Fairblock,GITHUB_active_developers_daily,2024-04-29,1.0
Pyth Network,GITHUB_opened_pull_requests_daily,2024-04-29,9.0
Trail of Bits Security Reviews,GITHUB_opened_pull_requests_daily,2024-04-29,14.0
Syndicate Protocol,GITHUB_opened_pull_requests_daily,2024-04-29,1.0
thirdweb,GITHUB_opened_pull_requests_weekly,2024-04-29,75.0
Syndicate Protocol,GITHUB_opened_pull_requests_weekly,2024-04-29,5.0
Pyth Network,GITHUB_merged_pull_requests_daily,2024-04-29,6.0
Open Source Observer,GITHUB_merged_pull_requests_daily,2024-04-29,1.0
Open Source Observer,GITHUB_opened_issues_weekly,2024-04-29,25.0
Trail of Bits Security Reviews,GITHUB_opened_issues_weekly,2024-04-29,8.0
Redstone Finance,GITHUB_closed_issues_weekly,2024-04-29,1.0
Runtime Verification,GITHUB_closed_issues_weekly,2024-04-29,13.0
Pyth Network,GITHUB_closed_issues_weekly,2024-04-29,1.0
Open Source Observer,GITHUB_closed_issues_weekly,2024-04-29,12.0
thirdweb,GITHUB_closed_issues_daily,2024-04-29,1.0
Walnut,GITHUB_closed_issues_daily,2024-04-29,2.0
Debid - Fairblock,GITHUB_forks_weekly,2025-01-06,1.0
Trail of Bits Security Reviews,GITHUB_forks_weekly,2025-01-06,10.0
Enclave,GITHUB_comments_daily,2025-01-06,20.0
Walnut,GITHUB_comments_daily,2025-01-06,1.0
Trail of Bits Security Reviews,GITHUB_stars_daily,2025-01-06,8.0
Redstone Finance,GITHUB_stars_daily,2025-01-06,2.0
Redstone Finance,GITHUB_commits_daily,2025-01-06,3.0
thirdweb,GITHUB_commits_daily,2025-01-06,9.0
Runtime Verification,GITHUB_commits_daily,2025-01-06,3.0
thirdweb,GITHUB_stars_weekly,2025-01-06,14.0
Open Source Observer,GITHUB_stars_weekly,2025-01-06,1.0
Syndicate Protocol,GITHUB_stars_weekly,2025-01-06,3.0
thirdweb,GITHUB_releases_daily,2025-01-06,2.0
Walnut,GITHUB_releases_weekly,2025-01-06,3.0
thirdweb,GITHUB_releases_weekly,2025-01-06,10.0
thirdweb,GITHUB_commits_weekly,2025-01-06,44.0
Debid - Fairblock,GITHUB_commits_weekly,2025-01-06,3.0
Walnut,GITHUB_commits_weekly,2025-01-06,55.0
Redstone Finance,GITHUB_commits_weekly,2025-01-06,16.0
Open Source Observer,GITHUB_commits_weekly,2025-01-06,76.0
thirdweb,GITHUB_comments_weekly,2025-01-06,304.0
Trail of Bits Security Reviews,GITHUB_comments_weekly,2025-01-06,16.0
Redstone Finance,GITHUB_comments_weekly,2025-01-06,50.0
Runtime Verification,GITHUB_comments_weekly,2025-01-06,29.0
Pyth Network,GITHUB_forks_daily,2025-01-06,2.0
thirdweb,GITHUB_forks_daily,2025-01-06,2.0
Redstone Finance,GITHUB_forks_daily,2025-01-06,1.0
Passport XYZ,GITHUB_repositories_daily,2025-01-06,1.0
Pyth Network,GITHUB_repositories_daily,2025-01-06,6.0
Solang,GITHUB_repositories_weekly,2025-01-06,1.0
Runtime Verification,GITHUB_repositories_weekly,2025-01-06,14.0
Walnut,GITHUB_repositories_weekly,2025-01-06,7.0
Runtime Verification,GITHUB_contributors_daily,2025-01-06,5.0
thirdweb,GITHUB_contributors_daily,2025-01-06,9.0
9Lives,GITHUB_contributors_daily,2025-01-06,2.0
Trail of Bits Security Reviews,GITHUB_contributors_daily,2025-01-06,8.0
Solang,GITHUB_contributors_weekly,2025-01-06,1.0
Open Source Observer,GITHUB_contributors_weekly,2025-01-06,7.0
Walnut,GITHUB_active_developers_weekly,2025-01-06,5.0
Sylow,GITHUB_active_developers_weekly,2025-01-06,1.0
Passport XYZ,GITHUB_active_developers_weekly,2025-01-06,2.0
Open Source Observer,GITHUB_active_developers_weekly,2025-01-06,6.0
Open Source Observer,GITHUB_opened_pull_requests_weekly,2025-01-06,27.0
CoBuilders,GITHUB_opened_pull_requests_weekly,2025-01-06,1.0
Runtime Verification,GITHUB_opened_pull_requests_weekly,2025-01-06,19.0
Trail of Bits Security Reviews,GITHUB_opened_pull_requests_weekly,2025-01-06,34.0
Walnut,GITHUB_opened_pull_requests_weekly,2025-01-06,9.0
Open Source Observer,GITHUB_opened_pull_requests_daily,2025-01-06,3.0
9Lives,GITHUB_merged_pull_requests_weekly,2025-01-06,2.0
Walnut,GITHUB_merged_pull_requests_weekly,2025-01-06,8.0
Redstone Finance,GITHUB_merged_pull_requests_weekly,2025-01-06,3.0
Passport XYZ,GITHUB_merged_pull_requests_weekly,2025-01-06,8.0
Trail of Bits Security Reviews,GITHUB_merged_pull_requests_weekly,2025-01-06,23.0
thirdweb,GITHUB_merged_pull_requests_weekly,2025-01-06,41.0
Moving Stylus,GITHUB_merged_pull_requests_weekly,2025-01-06,1.0
Open Source Observer,GITHUB_opened_issues_weekly,2025-01-06,34.0
Walnut,GITHUB_closed_issues_weekly,2025-01-06,3.0
Open Source Observer,GITHUB_closed_issues_weekly,2025-01-06,15.0
Passport XYZ,GITHUB_closed_issues_weekly,2025-01-06,4.0
Pyth Network,GITHUB_comments_daily,2024-07-03,8.0
Passport XYZ,GITHUB_comments_daily,2024-07-03,2.0
Walnut,GITHUB_comments_daily,2024-07-03,1.0
Redstone Finance,GITHUB_stars_daily,2024-07-03,1.0
Runtime Verification,GITHUB_stars_daily,2024-07-03,1.0
Trail of Bits Security Reviews,GITHUB_commits_daily,2024-07-03,8.0
Remix IDE plugin for Arbitrum Stylus,GITHUB_releases_daily,2024-07-03,1.0
Runtime Verification,GITHUB_releases_daily,2024-07-03,6.0
Redstone Finance,GITHUB_forks_daily,2024-07-03,1.0
Pyth Network,GITHUB_forks_daily,2024-07-03,1.0
Trail of Bits Security Reviews,GITHUB_repositories_daily,2024-07-03,13.0
Trail of Bits Security Reviews,GITHUB_contributors_daily,2024-07-03,6.0
Runtime Verification,GITHUB_contributors_daily,2024-07-03,7.0
Remix IDE plugin for Arbitrum Stylus,GITHUB_active_developers_daily,2024-07-03,1.0
Redstone Finance,GITHUB_active_developers_daily,2024-07-03,2.0
Runtime Verification,GITHUB_active_developers_daily,2024-07-03,2.0
Debid - Fairblock,GITHUB_opened_pull_requests_daily,2024-07-03,1.0
Open Source Observer,GITHUB_opened_pull_requests_daily,2024-07-03,9.0
Debid - Fairblock,GITHUB_merged_pull_requests_daily,2024-07-03,1.0
Pyth Network,GITHUB_merged_pull_requests_daily,2024-07-03,1.0
Runtime Verification,GITHUB_opened_issues_daily,2024-07-03,1.0
Open Source Observer,GITHUB_opened_issues_daily,2024-07-03,1.0
Walnut,GITHUB_closed_issues_daily,2024-07-03,1.0
thirdweb,GITHUB_forks_weekly,2024-05-27,19.0
Redstone Finance,GITHUB_forks_weekly,2024-05-27,11.0
Pyth Network,GITHUB_comments_daily,2024-05-27,26.0
Trail of Bits Security Reviews,GITHUB_comments_daily,2024-05-27,3.0
Runtime Verification,GITHUB_stars_daily,2024-05-27,2.0
thirdweb,GITHUB_stars_weekly,2024-05-27,10.0
Arbos Foundry,GITHUB_commits_daily,2024-05-27,20.0
Pyth Network,GITHUB_commits_daily,2024-05-27,9.0
Redstone Finance,GITHUB_commits_daily,2024-05-27,4.0
Open Source Observer,GITHUB_commits_daily,2024-05-27,11.0
thirdweb,GITHUB_releases_weekly,2024-05-27,38.0
Runtime Verification,GITHUB_releases_weekly,2024-05-27,47.0
Trail of Bits Security Reviews,GITHUB_commits_weekly,2024-05-27,82.0
Open Source Observer,GITHUB_commits_weekly,2024-05-27,31.0
Pyth Network,GITHUB_comments_weekly,2024-05-27,95.0
Open Source Observer,GITHUB_comments_weekly,2024-05-27,93.0
thirdweb,GITHUB_comments_weekly,2024-05-27,333.0
Walnut,GITHUB_comments_weekly,2024-05-27,28.0
Walnut,GITHUB_repositories_daily,2024-05-27,2.0
Arbos Foundry,GITHUB_repositories_daily,2024-05-27,1.0
Remix IDE plugin for Arbitrum Stylus,GITHUB_repositories_daily,2024-05-27,1.0
thirdweb,GITHUB_contributors_weekly,2024-05-27,27.0
Walnut,GITHUB_contributors_weekly,2024-05-27,7.0
Trail of Bits Security Reviews,GITHUB_contributors_daily,2024-05-27,3.0
Trail of Bits Security Reviews,GITHUB_contributors_weekly,2024-05-27,11.0
Redstone Finance,GITHUB_active_developers_weekly,2024-05-27,3.0
Arbos Foundry,GITHUB_active_developers_weekly,2024-05-27,1.0
Pyth Network,GITHUB_opened_pull_requests_daily,2024-05-27,14.0
thirdweb,GITHUB_opened_pull_requests_daily,2024-05-27,16.0
Trail of Bits Security Reviews,GITHUB_opened_pull_requests_weekly,2024-05-27,27.0
Runtime Verification,GITHUB_opened_pull_requests_weekly,2024-05-27,55.0
Passport XYZ,GITHUB_opened_pull_requests_weekly,2024-05-27,2.0
Pyth Network,GITHUB_merged_pull_requests_weekly,2024-05-27,45.0
Runtime Verification,GITHUB_merged_pull_requests_weekly,2024-05-27,52.0
thirdweb,GITHUB_merged_pull_requests_daily,2024-05-27,7.0
Open Source Observer,GITHUB_opened_issues_weekly,2024-05-27,15.0
Trail of Bits Security Reviews,GITHUB_opened_issues_weekly,2024-05-27,5.0
Runtime Verification,GITHUB_opened_issues_daily,2024-05-27,4.0
Pyth Network,GITHUB_closed_issues_weekly,2024-05-27,2.0
Runtime Verification,GITHUB_comments_daily,2024-07-26,29.0
Trail of Bits Security Reviews,GITHUB_comments_daily,2024-07-26,15.0
Pyth Network,GITHUB_commits_daily,2024-07-26,9.0
Walnut,GITHUB_commits_daily,2024-07-26,2.0
Debid - Fairblock,GITHUB_releases_daily,2024-07-26,2.0
Debid - Fairblock,GITHUB_repositories_daily,2024-07-26,2.0
Open Source Observer,GITHUB_repositories_daily,2024-07-26,3.0
Pyth Network,GITHUB_repositories_daily,2024-07-26,7.0
Redstone Finance,GITHUB_contributors_daily,2024-07-26,4.0
Pyth Network,GITHUB_contributors_daily,2024-07-26,8.0
Trail of Bits Security Reviews,GITHUB_contributors_daily,2024-07-26,8.0
Pyth Network,GITHUB_active_developers_daily,2024-07-26,4.0
Redstone Finance,GITHUB_active_developers_daily,2024-07-26,3.0
Runtime Verification,GITHUB_active_developers_daily,2024-07-26,2.0
Debid - Fairblock,GITHUB_active_developers_daily,2024-07-26,2.0
Runtime Verification,GITHUB_closed_issues_daily,2024-07-26,2.0
Open Source Observer,GITHUB_closed_issues_daily,2024-07-26,2.0
Pyth Network,GITHUB_opened_pull_requests_daily,2024-07-26,13.0
Runtime Verification,GITHUB_opened_pull_requests_daily,2024-07-26,21.0
thirdweb,GITHUB_merged_pull_requests_daily,2024-07-26,13.0
Debid - Fairblock,GITHUB_merged_pull_requests_daily,2024-07-26,2.0
Runtime Verification,GITHUB_stars_daily,2024-12-22,1.0
Runtime Verification,GITHUB_repositories_daily,2024-12-22,1.0
thirdweb,GITHUB_repositories_daily,2024-12-22,2.0
Passport XYZ,GITHUB_repositories_daily,2024-12-22,1.0
Enclave,GITHUB_contributors_daily,2024-12-22,1.0
Pyth Network,GITHUB_active_developers_daily,2024-12-22,1.0
Trail of Bits Security Reviews,GITHUB_opened_pull_requests_daily,2024-12-22,6.0
Runtime Verification,GITHUB_forks_weekly,2024-10-21,1.0
Pyth Network,GITHUB_stars_weekly,2024-10-21,2.0
Trail of Bits Security Reviews,GITHUB_stars_weekly,2024-10-21,83.0
Open Source Observer,GITHUB_stars_weekly,2024-10-21,3.0
Debid - Fairblock,GITHUB_stars_daily,2024-10-21,1.0
Open Source Observer,GITHUB_stars_daily,2024-10-21,3.0
Solang,GITHUB_stars_daily,2024-10-21,1.0
Trail of Bits Security Reviews,GITHUB_releases_weekly,2024-10-21,5.0
Debid - Fairblock,GITHUB_releases_weekly,2024-10-21,18.0
Pyth Network,GITHUB_releases_weekly,2024-10-21,1.0
Passport XYZ,GITHUB_releases_weekly,2024-10-21,8.0
thirdweb,GITHUB_releases_weekly,2024-10-21,8.0
Debid - Fairblock,GITHUB_commits_daily,2024-10-21,1.0
Redstone Finance,GITHUB_commits_daily,2024-10-21,6.0
Open Source Observer,GITHUB_commits_daily,2024-10-21,32.0
thirdweb,GITHUB_commits_daily,2024-10-21,17.0
Passport XYZ,GITHUB_commits_weekly,2024-10-21,41.0
Enclave,GITHUB_commits_weekly,2024-10-21,5.0
Open Source Observer,GITHUB_commits_weekly,2024-10-21,92.0
Enclave,GITHUB_comments_weekly,2024-10-21,209.0
Trail of Bits Security Reviews,GITHUB_comments_weekly,2024-10-21,45.0
Pyth Network,GITHUB_comments_weekly,2024-10-21,118.0
Remix IDE plugin for Arbitrum Stylus,GITHUB_comments_weekly,2024-10-21,1.0
Syndicate Protocol,GITHUB_repositories_weekly,2024-10-21,1.0
Runtime Verification,GITHUB_repositories_weekly,2024-10-21,19.0
thirdweb,GITHUB_forks_daily,2024-10-21,2.0
Debid - Fairblock,GITHUB_forks_daily,2024-10-21,14.0
Passport XYZ,GITHUB_contributors_daily,2024-10-21,3.0
thirdweb,GITHUB_contributors_daily,2024-10-21,9.0
Passport XYZ,GITHUB_active_developers_daily,2024-10-21,3.0
Runtime Verification,GITHUB_active_developers_daily,2024-10-21,1.0
thirdweb,GITHUB_active_developers_daily,2024-10-21,3.0
Enclave,GITHUB_opened_pull_requests_weekly,2024-10-21,3.0
Redstone Finance,GITHUB_opened_pull_requests_weekly,2024-10-21,2.0
Pyth Network,GITHUB_opened_pull_requests_weekly,2024-10-21,47.0
Passport XYZ,GITHUB_opened_pull_requests_weekly,2024-10-21,34.0
Arbos Foundry,GITHUB_opened_pull_requests_weekly,2024-10-21,1.0
thirdweb,GITHUB_opened_pull_requests_daily,2024-10-21,26.0
Trail of Bits Security Reviews,GITHUB_repositories_daily,2024-10-21,19.0
thirdweb,GITHUB_repositories_daily,2024-10-21,5.0
Open Source Observer,GITHUB_repositories_daily,2024-10-21,8.0
Pyth Network,GITHUB_repositories_daily,2024-10-21,3.0
Pyth Network,GITHUB_contributors_weekly,2024-10-21,12.0
Redstone Finance,GITHUB_contributors_weekly,2024-10-21,3.0
Open Source Observer,GITHUB_active_developers_weekly,2024-10-21,10.0
Remix IDE plugin for Arbitrum Stylus,GITHUB_active_developers_weekly,2024-10-21,1.0
Passport XYZ,GITHUB_active_developers_weekly,2024-10-21,4.0
thirdweb,GITHUB_opened_issues_daily,2024-10-21,1.0
Remix IDE plugin for Arbitrum Stylus,GITHUB_merged_pull_requests_weekly,2024-10-21,1.0
Debid - Fairblock,GITHUB_merged_pull_requests_weekly,2024-10-21,25.0
Runtime Verification,GITHUB_active_contributors_quarterly,2024-02-01,30.0
Redstone Finance,GITHUB_new_contributors_quarterly,2024-02-01,2.0
Pyth Network,GITHUB_part_time_contributors_quarterly,2024-02-01,37.0
Syndicate Protocol,GITHUB_new_contributors_quarterly,2024-02-01,1.0
Arbos Foundry,GITHUB_part_time_contributors_quarterly,2024-02-01,1.0
Trail of Bits Security Reviews,GITHUB_part_time_contributors_quarterly,2024-02-01,48.0
Remix IDE plugin for Arbitrum Stylus,GITHUB_active_contributors_quarterly,2024-02-01,2.0
thirdweb,GITHUB_new_contributors_quarterly,2024-02-01,16.0
thirdweb,GITHUB_active_contributors_quarterly,2024-02-01,46.0
Runtime Verification,GITHUB_releases_biannually,2024-02-01,159.0
thirdweb,GITHUB_releases_quarterly,2024-02-01,74.0
Runtime Verification,GITHUB_releases_quarterly,2024-02-01,159.0
Syndicate Protocol,GITHUB_commits_biannually,2024-02-01,21.0
WakeUp Labs,GITHUB_commits_biannually,2024-02-01,11.0
Open Source Observer,GITHUB_commits_biannually,2024-02-01,115.0
Debid - Fairblock,GITHUB_commits_biannually,2024-02-01,53.0
Syndicate Protocol,GITHUB_active_developers_biannually,2024-02-01,2.0
Remix IDE plugin for Arbitrum Stylus,GITHUB_active_developers_biannually,2024-02-01,2.0
Pyth Network,GITHUB_comments_daily,2024-02-01,19.0
Walnut,GITHUB_comments_daily,2024-02-01,1.0
Walnut,GITHUB_repositories_quarterly,2024-02-01,3.0
Redstone Finance,GITHUB_repositories_quarterly,2024-02-01,13.0
Remix IDE plugin for Arbitrum Stylus,GITHUB_repositories_quarterly,2024-02-01,1.0
Runtime Verification,GITHUB_active_developers_quarterly,2024-02-01,19.0
Remix IDE plugin for Arbitrum Stylus,GITHUB_active_developers_quarterly,2024-02-01,2.0
Runtime Verification,GITHUB_forks_monthly,2024-02-01,3.0
Pyth Network,GITHUB_forks_monthly,2024-02-01,69.0
Open Source Observer,GITHUB_forks_monthly,2024-02-01,2.0
Debid - Fairblock,GITHUB_part_time_developers_quarterly,2024-02-01,2.0
WakeUp Labs,GITHUB_part_time_developers_quarterly,2024-02-01,2.0
Trail of Bits Security Reviews,GITHUB_stars_biannually,2024-02-01,411.0
Trail of Bits Security Reviews,GITHUB_stars_daily,2024-02-01,34.0
Pyth Network,GITHUB_stars_daily,2024-02-01,2.0
Runtime Verification,GITHUB_stars_daily,2024-02-01,1.0
thirdweb,GITHUB_stars_daily,2024-02-01,2.0
Pyth Network,GITHUB_commits_monthly,2024-02-01,141.0
Walnut,GITHUB_commits_monthly,2024-02-01,102.0
Open Source Observer,GITHUB_commits_monthly,2024-02-01,115.0
Debid - Fairblock,GITHUB_comments_monthly,2024-02-01,14.0
Runtime Verification,GITHUB_comments_monthly,2024-02-01,812.0
Open Source Observer,GITHUB_comments_monthly,2024-02-01,224.0
Redstone Finance,GITHUB_comments_monthly,2024-02-01,4.0
Syndicate Protocol,GITHUB_stars_quarterly,2024-02-01,4.0
Open Source Observer,GITHUB_stars_quarterly,2024-02-01,7.0
Runtime Verification,GITHUB_stars_quarterly,2024-02-01,24.0
Runtime Verification,GITHUB_commits_daily,2024-02-01,11.0
Debid - Fairblock,GITHUB_releases_monthly,2024-02-01,8.0
Pyth Network,GITHUB_releases_monthly,2024-02-01,14.0
thirdweb,GITHUB_releases_daily,2024-02-01,11.0
Runtime Verification,GITHUB_releases_daily,2024-02-01,4.0
Arbos Foundry,GITHUB_commits_quarterly,2024-02-01,75.0
Open Source Observer,GITHUB_commits_quarterly,2024-02-01,115.0
Remix IDE plugin for Arbitrum Stylus,GITHUB_commits_quarterly,2024-02-01,13.0
Walnut,GITHUB_commits_quarterly,2024-02-01,102.0
Pyth Network,GITHUB_forks_biannually,2024-02-01,69.0
Open Source Observer,GITHUB_forks_quarterly,2024-02-01,2.0
Remix IDE plugin for Arbitrum Stylus,GITHUB_forks_quarterly,2024-02-01,1.0
Runtime Verification,GITHUB_forks_quarterly,2024-02-01,3.0
Trail of Bits Security Reviews,GITHUB_forks_quarterly,2024-02-01,58.0
Debid - Fairblock,GITHUB_forks_quarterly,2024-02-01,8.0
Trail of Bits Security Reviews,GITHUB_forks_daily,2024-02-01,4.0
Open Source Observer,GITHUB_forks_daily,2024-02-01,1.0
Trail of Bits Security Reviews,GITHUB_repositories_daily,2024-02-01,19.0
thirdweb,GITHUB_repositories_daily,2024-02-01,5.0
Redstone Finance,GITHUB_repositories_monthly,2024-02-01,13.0
WakeUp Labs,GITHUB_repositories_monthly,2024-02-01,1.0
Pyth Network,GITHUB_repositories_monthly,2024-02-01,17.0
Remix IDE plugin for Arbitrum Stylus,GITHUB_repositories_monthly,2024-02-01,1.0
Pyth Network,GITHUB_repositories_biannually,2024-02-01,17.0
Redstone Finance,GITHUB_contributors_monthly,2024-02-01,7.0
Walnut,GITHUB_contributors_quarterly,2024-02-01,11.0
Open Source Observer,GITHUB_contributors_quarterly,2024-02-01,6.0
Pyth Network,GITHUB_contributors_quarterly,2024-02-01,37.0
Arbos Foundry,GITHUB_contributors_biannually,2024-02-01,1.0
Redstone Finance,GITHUB_part_time_developers_monthly,2024-02-01,4.0
Open Source Observer,GITHUB_active_developers_monthly,2024-02-01,4.0
thirdweb,GITHUB_part_time_developers_monthly,2024-02-01,14.0
Pyth Network,GITHUB_part_time_developers_monthly,2024-02-01,7.0
Open Source Observer,GITHUB_part_time_developers_biannually,2024-02-01,4.0
Trail of Bits Security Reviews,GITHUB_active_developers_daily,2024-02-01,2.0
thirdweb,GITHUB_active_developers_daily,2024-02-01,7.0
Walnut,GITHUB_part_time_contributors_monthly,2024-02-01,9.0
Open Source Observer,GITHUB_new_contributors_monthly,2024-02-01,2.0
Runtime Verification,GITHUB_active_contributors_monthly,2024-02-01,30.0
Trail of Bits Security Reviews,GITHUB_full_time_contributors_monthly,2024-02-01,2.0
Walnut,GITHUB_full_time_contributors_monthly,2024-02-01,2.0
Redstone Finance,GITHUB_full_time_contributors_monthly,2024-02-01,1.0
Open Source Observer,GITHUB_full_time_contributors_monthly,2024-02-01,3.0
thirdweb,GITHUB_new_contributors_monthly,2024-02-01,16.0
Redstone Finance,GITHUB_new_contributors_monthly,2024-02-01,2.0
Arbos Foundry,GITHUB_part_time_contributors_monthly,2024-02-01,1.0
Trail of Bits Security Reviews,GITHUB_active_contributors_monthly,2024-02-01,48.0
Trail of Bits Security Reviews,GITHUB_new_contributors_monthly,2024-02-01,19.0
Open Source Observer,GITHUB_new_contributors_biannually,2024-02-01,2.0
Walnut,GITHUB_new_contributors_biannually,2024-02-01,9.0
Arbos Foundry,GITHUB_active_contributors_biannually,2024-02-01,1.0
Redstone Finance,GITHUB_active_contributors_biannually,2024-02-01,7.0
thirdweb,GITHUB_new_contributors_biannually,2024-02-01,16.0
Syndicate Protocol,GITHUB_new_contributors_biannually,2024-02-01,1.0
Pyth Network,GITHUB_active_contributors_biannually,2024-02-01,37.0
Walnut,GITHUB_part_time_contributors_biannually,2024-02-01,11.0
Debid - Fairblock,GITHUB_part_time_contributors_biannually,2024-02-01,3.0
Remix IDE plugin for Arbitrum Stylus,GITHUB_part_time_contributors_biannually,2024-02-01,2.0
Walnut,GITHUB_change_in_full_time_contributors_monthly,2024-02-01,
WakeUp Labs,GITHUB_change_in_active_developers_monthly,2024-02-01,2.0
Arbos Foundry,GITHUB_change_in_active_developers_monthly,2024-02-01,0.0
Debid - Fairblock,GITHUB_change_in_full_time_contributors_monthly,2024-02-01,
Arbos Foundry,GITHUB_change_in_part_time_contributors_monthly,2024-02-01,0.0
Trail of Bits Security Reviews,GITHUB_change_in_part_time_contributors_monthly,2024-02-01,4.0
Pyth Network,GITHUB_change_in_active_developers_monthly,2024-02-01,-18.0
Runtime Verification,GITHUB_change_in_full_time_contributors_monthly,2024-02-01,-8.0
Pyth Network,GITHUB_change_in_part_time_contributors_monthly,2024-02-01,-15.0
Redstone Finance,GITHUB_change_in_full_time_contributors_monthly,2024-02-01,0.0
Redstone Finance,GITHUB_change_in_part_time_contributors_monthly,2024-02-01,-2.0
Redstone Finance,GITHUB_change_in_active_developers_quarterly,2024-02-01,-2.0
Runtime Verification,GITHUB_change_in_part_time_contributors_quarterly,2024-02-01,-1.0
Remix IDE plugin for Arbitrum Stylus,GITHUB_change_in_active_developers_quarterly,2024-02-01,0.0
Trail of Bits Security Reviews,GITHUB_change_in_active_developers_quarterly,2024-02-01,4.0
Debid - Fairblock,GITHUB_change_in_active_developers_quarterly,2024-02-01,12.0
Pyth Network,GITHUB_change_in_active_developers_quarterly,2024-02-01,-18.0
Open Source Observer,GITHUB_change_in_part_time_contributors_biannually,2024-02-01,0.0
Redstone Finance,GITHUB_change_in_part_time_contributors_biannually,2024-02-01,-2.0
thirdweb,GITHUB_change_in_active_developers_biannually,2024-02-01,2.0
Arbos Foundry,GITHUB_change_in_active_developers_biannually,2024-02-01,0.0
Walnut,GITHUB_change_in_part_time_contributors_biannually,2024-02-01,-9.0
thirdweb,GITHUB_opened_pull_requests_daily,2024-02-01,17.0
Pyth Network,GITHUB_opened_pull_requests_daily,2024-02-01,10.0
Pyth Network,GITHUB_opened_pull_requests_monthly,2024-02-01,155.0
WakeUp Labs,GITHUB_opened_pull_requests_monthly,2024-02-01,4.0
Trail of Bits Security Reviews,GITHUB_opened_pull_requests_monthly,2024-02-01,220.0
Pyth Network,GITHUB_opened_pull_requests_biannually,2024-02-01,155.0
WakeUp Labs,GITHUB_opened_pull_requests_biannually,2024-02-01,4.0
thirdweb,GITHUB_opened_pull_requests_biannually,2024-02-01,336.0
Runtime Verification,GITHUB_merged_pull_requests_monthly,2024-02-01,309.0
Open Source Observer,GITHUB_merged_pull_requests_monthly,2024-02-01,81.0
Redstone Finance,GITHUB_merged_pull_requests_biannually,2024-02-01,1.0
Runtime Verification,GITHUB_merged_pull_requests_biannually,2024-02-01,309.0
Trail of Bits Security Reviews,GITHUB_merged_pull_requests_biannually,2024-02-01,171.0
thirdweb,GITHUB_merged_pull_requests_biannually,2024-02-01,294.0
Open Source Observer,GITHUB_merged_pull_requests_biannually,2024-02-01,81.0
Walnut,GITHUB_merged_pull_requests_quarterly,2024-02-01,21.0
Pyth Network,GITHUB_merged_pull_requests_quarterly,2024-02-01,130.0
Runtime Verification,GITHUB_opened_issues_monthly,2024-02-01,112.0
Runtime Verification,GITHUB_opened_issues_quarterly,2024-02-01,112.0
thirdweb,GITHUB_opened_issues_quarterly,2024-02-01,12.0
thirdweb,GITHUB_opened_issues_daily,2024-02-01,1.0
Trail of Bits Security Reviews,GITHUB_opened_issues_daily,2024-02-01,1.0
Trail of Bits Security Reviews,GITHUB_opened_issues_biannually,2024-02-01,31.0
Walnut,GITHUB_closed_issues_quarterly,2024-02-01,21.0
Walnut,GITHUB_closed_issues_biannually,2024-02-01,21.0
thirdweb,GITHUB_closed_issues_biannually,2024-02-01,13.0
Redstone Finance,GITHUB_avg_prs_time_to_merge_quarterly,2024-02-01,0.0
Runtime Verification,GITHUB_avg_prs_time_to_merge_quarterly,2024-02-01,0.0
Walnut,GITHUB_avg_time_to_first_response_biannually,2024-02-01,380259.5283018868
Open Source Observer,GITHUB_avg_time_to_first_response_biannually,2024-02-01,1026228.5866666667
WakeUp Labs,GITHUB_change_in_new_contributors_quarterly,2024-02-01,0.0
Pyth Network,GITHUB_churned_contributors_quarterly,2024-02-01,-43.0
Remix IDE plugin for Arbitrum Stylus,GITHUB_churned_contributors_monthly,2024-02-01,0.0
Remix IDE plugin for Arbitrum Stylus,GITHUB_change_in_new_contributors_monthly,2024-02-01,0.0
Remix IDE plugin for Arbitrum Stylus,GITHUB_change_in_active_contributors_monthly,2024-02-01,0.0
Trail of Bits Security Reviews,GITHUB_change_in_new_contributors_quarterly,2024-02-01,2.0
Redstone Finance,GITHUB_change_in_new_contributors_quarterly,2024-02-01,-1.0
Trail of Bits Security Reviews,GITHUB_change_in_full_time_contributors_quarterly,2024-02-01,1.0
Redstone Finance,GITHUB_churned_contributors_monthly,2024-02-01,-4.0
Open Source Observer,GITHUB_change_in_new_contributors_monthly,2024-02-01,-1.0
Open Source Observer,GITHUB_change_in_new_contributors_quarterly,2024-02-01,-1.0
Open Source Observer,GITHUB_churned_contributors_quarterly,2024-02-01,-2.0
Debid - Fairblock,GITHUB_change_in_full_time_contributors_quarterly,2024-02-01,0.0
Runtime Verification,GITHUB_change_in_new_contributors_quarterly,2024-02-01,-2.0
WakeUp Labs,GITHUB_change_in_active_contributors_monthly,2024-02-01,2.0
WakeUp Labs,GITHUB_change_in_new_contributors_monthly,2024-02-01,0.0
WakeUp Labs,GITHUB_change_in_full_time_contributors_monthly,2024-02-01,0.0
thirdweb,GITHUB_churned_contributors_biannually,2024-02-01,-14.0
thirdweb,GITHUB_change_in_full_time_contributors_biannually,2024-02-01,0.0
Runtime Verification,GITHUB_change_in_new_contributors_biannually,2024-02-01,-2.0
Runtime Verification,GITHUB_change_in_full_time_contributors_biannually,2024-02-01,0.0
Open Source Observer,GITHUB_change_in_full_time_contributors_biannually,2024-02-01,0.0
Debid - Fairblock,GITHUB_change_in_active_contributors_monthly,2024-02-01,12.0
thirdweb,GITHUB_change_in_active_contributors_monthly,2024-02-01,2.0
Runtime Verification,GITHUB_churned_contributors_monthly,2024-02-01,-3.0
Runtime Verification,GITHUB_change_in_active_contributors_monthly,2024-02-01,-1.0
Remix IDE plugin for Arbitrum Stylus,GITHUB_churned_contributors_biannually,2024-02-01,0.0
WakeUp Labs,GITHUB_change_in_full_time_contributors_biannually,2024-02-01,0.0
WakeUp Labs,GITHUB_change_in_active_contributors_biannually,2024-02-01,2.0
Pyth Network,GITHUB_churned_contributors_biannually,2024-02-01,-43.0
Syndicate Protocol,GITHUB_change_in_active_contributors_biannually,2024-02-01,1.0
Redstone Finance,GITHUB_change_in_new_contributors_biannually,2024-02-01,-1.0
Redstone Finance,GITHUB_change_in_active_contributors_biannually,2024-02-01,-2.0
Walnut,GITHUB_change_in_full_time_contributors_biannually,2024-02-01,0.0
Pyth Network,GITHUB_comments_daily,2024-09-09,54.0
Runtime Verification,GITHUB_comments_daily,2024-09-09,28.0
Trail of Bits Security Reviews,GITHUB_comments_daily,2024-09-09,13.0
Passport XYZ,GITHUB_comments_daily,2024-09-09,12.0
Open Source Observer,GITHUB_forks_weekly,2024-09-09,4.0
Trail of Bits Security Reviews,GITHUB_forks_weekly,2024-09-09,11.0
Sylow,GITHUB_stars_daily,2024-09-09,6.0
Trail of Bits Security Reviews,GITHUB_stars_weekly,2024-09-09,81.0
Redstone Finance,GITHUB_stars_weekly,2024-09-09,2.0
Runtime Verification,GITHUB_stars_weekly,2024-09-09,4.0
Sylow,GITHUB_commits_daily,2024-09-09,1.0
Redstone Finance,GITHUB_releases_weekly,2024-09-09,1.0
Trail of Bits Security Reviews,GITHUB_releases_daily,2024-09-09,2.0
Sylow,GITHUB_commits_weekly,2024-09-09,1.0
thirdweb,GITHUB_commits_weekly,2024-09-09,138.0
Walnut,GITHUB_comments_weekly,2024-09-09,2.0
Sylow,GITHUB_comments_weekly,2024-09-09,1.0
thirdweb,GITHUB_comments_weekly,2024-09-09,927.0
Passport XYZ,GITHUB_comments_weekly,2024-09-09,32.0
Passport XYZ,GITHUB_repositories_weekly,2024-09-09,5.0
Trail of Bits Security Reviews,GITHUB_repositories_weekly,2024-09-09,43.0
Open Source Observer,GITHUB_repositories_weekly,2024-09-09,4.0
Debid - Fairblock,GITHUB_repositories_weekly,2024-09-09,1.0
Runtime Verification,GITHUB_repositories_daily,2024-09-09,14.0
Walnut,GITHUB_repositories_daily,2024-09-09,1.0
Sylow,GITHUB_contributors_weekly,2024-09-09,1.0
Passport XYZ,GITHUB_contributors_weekly,2024-09-09,5.0
Redstone Finance,GITHUB_active_developers_weekly,2024-09-09,7.0
Passport XYZ,GITHUB_active_developers_weekly,2024-09-09,4.0
Redstone Finance,GITHUB_contributors_daily,2024-09-09,3.0
thirdweb,GITHUB_contributors_daily,2024-09-09,12.0
Trail of Bits Security Reviews,GITHUB_merged_pull_requests_daily,2024-09-09,16.0
Pyth Network,GITHUB_merged_pull_requests_daily,2024-09-09,10.0
Runtime Verification,GITHUB_merged_pull_requests_daily,2024-09-09,13.0
Sylow,GITHUB_merged_pull_requests_daily,2024-09-09,2.0
Redstone Finance,GITHUB_active_developers_daily,2024-09-09,2.0
Passport XYZ,GITHUB_active_developers_daily,2024-09-09,2.0
Open Source Observer,GITHUB_active_developers_daily,2024-09-09,2.0
thirdweb,GITHUB_opened_pull_requests_daily,2024-09-09,26.0
Pyth Network,GITHUB_opened_pull_requests_daily,2024-09-09,12.0
Redstone Finance,GITHUB_opened_pull_requests_weekly,2024-09-09,11.0
Runtime Verification,GITHUB_opened_pull_requests_weekly,2024-09-09,36.0
Sylow,GITHUB_merged_pull_requests_weekly,2024-09-09,2.0
Enclave,GITHUB_merged_pull_requests_weekly,2024-09-09,12.0
Passport XYZ,GITHUB_merged_pull_requests_weekly,2024-09-09,20.0
Walnut,GITHUB_merged_pull_requests_weekly,2024-09-09,2.0
thirdweb,GITHUB_merged_pull_requests_weekly,2024-09-09,132.0
Trail of Bits Security Reviews,GITHUB_merged_pull_requests_weekly,2024-09-09,41.0
Open Source Observer,GITHUB_opened_issues_weekly,2024-09-09,16.0
Walnut,GITHUB_opened_issues_daily,2024-09-09,1.0
Open Source Observer,GITHUB_closed_issues_weekly,2024-09-09,24.0
Open Source Observer,GITHUB_closed_issues_daily,2024-09-09,4.0
Trail of Bits Security Reviews,GITHUB_closed_issues_daily,2024-09-09,1.0
Trail of Bits Security Reviews,GITHUB_comments_daily,2024-03-10,9.0
Debid - Fairblock,GITHUB_stars_daily,2024-03-10,2.0
Open Source Observer,GITHUB_stars_daily,2024-03-10,1.0
Open Source Observer,GITHUB_commits_daily,2024-03-10,2.0
Walnut,GITHUB_commits_daily,2024-03-10,4.0
Redstone Finance,GITHUB_forks_daily,2024-03-10,3.0
Pyth Network,GITHUB_forks_daily,2024-03-10,1.0
Redstone Finance,GITHUB_repositories_daily,2024-03-10,3.0
Debid - Fairblock,GITHUB_repositories_daily,2024-03-10,2.0
Walnut,GITHUB_contributors_daily,2024-03-10,2.0
Trail of Bits Security Reviews,GITHUB_contributors_daily,2024-03-10,4.0
Pyth Network,GITHUB_active_developers_daily,2024-03-10,1.0
Open Source Observer,GITHUB_closed_issues_daily,2024-03-10,1.0
Passport XYZ,GITHUB_comments_daily,2024-11-05,4.0
Pyth Network,GITHUB_comments_daily,2024-11-05,59.0
Runtime Verification,GITHUB_comments_daily,2024-11-05,1.0
thirdweb,GITHUB_stars_daily,2024-11-05,2.0
Runtime Verification,GITHUB_releases_daily,2024-11-05,1.0
Passport XYZ,GITHUB_commits_daily,2024-11-05,4.0
Runtime Verification,GITHUB_commits_daily,2024-11-05,1.0
Pyth Network,GITHUB_forks_daily,2024-11-05,1.0
Trail of Bits Security Reviews,GITHUB_forks_daily,2024-11-05,1.0
Trail of Bits Security Reviews,GITHUB_repositories_daily,2024-11-05,6.0
Sylow,GITHUB_contributors_daily,2024-11-05,1.0
Trail of Bits Security Reviews,GITHUB_contributors_daily,2024-11-05,3.0
Enclave,GITHUB_merged_pull_requests_daily,2024-11-05,2.0
Pyth Network,GITHUB_merged_pull_requests_daily,2024-11-05,9.0
Debid - Fairblock,GITHUB_commits_daily,2024-05-15,5.0
Redstone Finance,GITHUB_commits_daily,2024-05-15,4.0
Pyth Network,GITHUB_comments_daily,2024-05-15,20.0
Runtime Verification,GITHUB_releases_daily,2024-05-15,13.0
thirdweb,GITHUB_releases_daily,2024-05-15,17.0
Open Source Observer,GITHUB_forks_daily,2024-05-15,1.0
thirdweb,GITHUB_repositories_daily,2024-05-15,6.0
Trail of Bits Security Reviews,GITHUB_repositories_daily,2024-05-15,14.0
Trail of Bits Security Reviews,GITHUB_contributors_daily,2024-05-15,6.0
Trail of Bits Security Reviews,GITHUB_active_developers_daily,2024-05-15,4.0
Redstone Finance,GITHUB_active_developers_daily,2024-05-15,1.0
Runtime Verification,GITHUB_active_developers_daily,2024-05-15,4.0
Open Source Observer,GITHUB_opened_pull_requests_daily,2024-05-15,15.0
Debid - Fairblock,GITHUB_opened_pull_requests_daily,2024-05-15,1.0
Trail of Bits Security Reviews,GITHUB_opened_pull_requests_daily,2024-05-15,16.0
Pyth Network,GITHUB_merged_pull_requests_daily,2024-05-15,4.0
Trail of Bits Security Reviews,GITHUB_merged_pull_requests_daily,2024-05-15,15.0
Trail of Bits Security Reviews,GITHUB_closed_issues_daily,2024-05-15,4.0
Redstone Finance,GITHUB_comments_daily,2024-09-02,1.0
Runtime Verification,GITHUB_comments_daily,2024-09-02,34.0
Trail of Bits Security Reviews,GITHUB_comments_daily,2024-09-02,7.0
Pyth Network,GITHUB_stars_weekly,2024-09-02,7.0
Trail of Bits Security Reviews,GITHUB_stars_weekly,2024-09-02,67.0
Passport XYZ,GITHUB_stars_weekly,2024-09-02,1.0
Pyth Network,GITHUB_stars_daily,2024-09-02,3.0
thirdweb,GITHUB_releases_weekly,2024-09-02,10.0
Trail of Bits Security Reviews,GITHUB_commits_weekly,2024-09-02,60.0
thirdweb,GITHUB_commits_weekly,2024-09-02,119.0
Runtime Verification,GITHUB_comments_weekly,2024-09-02,181.0
Passport XYZ,GITHUB_comments_weekly,2024-09-02,20.0
Passport XYZ,GITHUB_releases_daily,2024-09-02,4.0
WakeUp Labs,GITHUB_repositories_weekly,2024-09-02,1.0
Passport XYZ,GITHUB_repositories_weekly,2024-09-02,7.0
Enclave,GITHUB_repositories_weekly,2024-09-02,1.0
Trail of Bits Security Reviews,GITHUB_forks_daily,2024-09-02,3.0
thirdweb,GITHUB_repositories_daily,2024-09-02,4.0
Syndicate Protocol,GITHUB_contributors_weekly,2024-09-02,1.0
Pyth Network,GITHUB_contributors_weekly,2024-09-02,12.0
thirdweb,GITHUB_contributors_weekly,2024-09-02,25.0
Runtime Verification,GITHUB_contributors_weekly,2024-09-02,19.0
Syndicate Protocol,GITHUB_active_developers_weekly,2024-09-02,1.0
Enclave,GITHUB_contributors_daily,2024-09-02,2.0
Pyth Network,GITHUB_active_developers_daily,2024-09-02,3.0
Trail of Bits Security Reviews,GITHUB_active_developers_daily,2024-09-02,1.0
Redstone Finance,GITHUB_opened_pull_requests_weekly,2024-09-02,3.0
Syndicate Protocol,GITHUB_opened_pull_requests_weekly,2024-09-02,1.0
thirdweb,GITHUB_opened_pull_requests_weekly,2024-09-02,128.0
Pyth Network,GITHUB_opened_pull_requests_weekly,2024-09-02,35.0
Redstone Finance,GITHUB_opened_pull_requests_daily,2024-09-02,1.0
Pyth Network,GITHUB_merged_pull_requests_weekly,2024-09-02,28.0
Runtime Verification,GITHUB_merged_pull_requests_daily,2024-09-02,7.0
Walnut,GITHUB_merged_pull_requests_daily,2024-09-02,1.0
Trail of Bits Security Reviews,GITHUB_opened_issues_daily,2024-09-02,1.0
Enclave,GITHUB_closed_issues_weekly,2024-09-02,4.0
Passport XYZ,GITHUB_closed_issues_daily,2024-09-02,2.0
Pyth Network,GITHUB_stars_daily,2024-03-09,10.0
Pyth Network,GITHUB_commits_daily,2024-03-09,1.0
Pyth Network,GITHUB_repositories_daily,2024-03-09,9.0
Trail of Bits Security Reviews,GITHUB_active_developers_daily,2024-03-09,2.0
Pyth Network,GITHUB_active_developers_daily,2024-03-09,1.0
Debid - Fairblock,GITHUB_active_developers_daily,2024-03-09,1.0
Trail of Bits Security Reviews,GITHUB_opened_pull_requests_daily,2024-03-09,1.0
Debid - Fairblock,GITHUB_forks_weekly,2024-05-06,4.0
Walnut,GITHUB_forks_weekly,2024-05-06,1.0
Redstone Finance,GITHUB_forks_weekly,2024-05-06,11.0
Pyth Network,GITHUB_comments_daily,2024-05-06,21.0
thirdweb,GITHUB_comments_daily,2024-05-06,88.0
thirdweb,GITHUB_stars_daily,2024-05-06,1.0
Debid - Fairblock,GITHUB_stars_daily,2024-05-06,1.0
Trail of Bits Security Reviews,GITHUB_stars_weekly,2024-05-06,83.0
Pyth Network,GITHUB_stars_weekly,2024-05-06,16.0
Debid - Fairblock,GITHUB_stars_weekly,2024-05-06,1.0
Trail of Bits Security Reviews,GITHUB_commits_daily,2024-05-06,9.0
thirdweb,GITHUB_commits_daily,2024-05-06,12.0
Pyth Network,GITHUB_releases_daily,2024-05-06,1.0
Trail of Bits Security Reviews,GITHUB_commits_weekly,2024-05-06,72.0
Runtime Verification,GITHUB_commits_weekly,2024-05-06,109.0
Open Source Observer,GITHUB_commits_weekly,2024-05-06,19.0
Remix IDE plugin for Arbitrum Stylus,GITHUB_commits_weekly,2024-05-06,1.0
Passport XYZ,GITHUB_commits_weekly,2024-05-06,12.0
Debid - Fairblock,GITHUB_commits_weekly,2024-05-06,2.0
Runtime Verification,GITHUB_comments_weekly,2024-05-06,147.0
Walnut,GITHUB_comments_weekly,2024-05-06,1.0
Trail of Bits Security Reviews,GITHUB_comments_weekly,2024-05-06,58.0
Trail of Bits Security Reviews,GITHUB_forks_daily,2024-05-06,2.0
thirdweb,GITHUB_forks_daily,2024-05-06,2.0
WakeUp Labs,GITHUB_repositories_weekly,2024-05-06,1.0
Walnut,GITHUB_repositories_weekly,2024-05-06,3.0
Open Source Observer,GITHUB_repositories_weekly,2024-05-06,3.0
Trail of Bits Security Reviews,GITHUB_repositories_weekly,2024-05-06,36.0
Runtime Verification,GITHUB_repositories_daily,2024-05-06,8.0
Passport XYZ,GITHUB_repositories_daily,2024-05-06,1.0
Open Source Observer,GITHUB_repositories_daily,2024-05-06,1.0
Redstone Finance,GITHUB_repositories_daily,2024-05-06,5.0
Trail of Bits Security Reviews,GITHUB_contributors_daily,2024-05-06,4.0
Pyth Network,GITHUB_contributors_daily,2024-05-06,7.0
Open Source Observer,GITHUB_contributors_weekly,2024-05-06,6.0
Pyth Network,GITHUB_contributors_weekly,2024-05-06,16.0
Remix IDE plugin for Arbitrum Stylus,GITHUB_contributors_weekly,2024-05-06,1.0
Walnut,GITHUB_active_developers_daily,2024-05-06,1.0
Runtime Verification,GITHUB_active_developers_daily,2024-05-06,2.0
Trail of Bits Security Reviews,GITHUB_opened_pull_requests_weekly,2024-05-06,72.0
Walnut,GITHUB_opened_pull_requests_weekly,2024-05-06,2.0
Redstone Finance,GITHUB_opened_pull_requests_weekly,2024-05-06,2.0
Open Source Observer,GITHUB_opened_pull_requests_weekly,2024-05-06,20.0
Runtime Verification,GITHUB_opened_pull_requests_weekly,2024-05-06,54.0
thirdweb,GITHUB_opened_pull_requests_daily,2024-05-06,23.0
Trail of Bits Security Reviews,GITHUB_opened_pull_requests_daily,2024-05-06,21.0
Debid - Fairblock,GITHUB_merged_pull_requests_daily,2024-05-06,1.0
Runtime Verification,GITHUB_opened_issues_weekly,2024-05-06,15.0
Pyth Network,GITHUB_opened_issues_weekly,2024-05-06,1.0
Trail of Bits Security Reviews,GITHUB_closed_issues_weekly,2024-05-06,7.0
Runtime Verification,GITHUB_closed_issues_weekly,2024-05-06,15.0
Open Source Observer,GITHUB_closed_issues_weekly,2024-05-06,12.0
thirdweb,GITHUB_closed_issues_weekly,2024-05-06,19.0
Open Source Observer,GITHUB_closed_issues_daily,2024-05-06,3.0
Trail of Bits Security Reviews,GITHUB_closed_issues_daily,2024-05-06,1.0
Runtime Verification,GITHUB_closed_issues_daily,2024-05-06,1.0
Runtime Verification,GITHUB_forks_weekly,2024-11-04,3.0
Passport XYZ,GITHUB_forks_weekly,2024-11-04,6.0
Trail of Bits Security Reviews,GITHUB_comments_daily,2024-11-04,14.0
Runtime Verification,GITHUB_comments_daily,2024-11-04,1.0
Open Source Observer,GITHUB_comments_daily,2024-11-04,15.0
Trail of Bits Security Reviews,GITHUB_stars_daily,2024-11-04,10.0
Debid - Fairblock,GITHUB_stars_daily,2024-11-04,7.0
Passport XYZ,GITHUB_commits_daily,2024-11-04,10.0
Redstone Finance,GITHUB_commits_daily,2024-11-04,3.0
thirdweb,GITHUB_commits_daily,2024-11-04,10.0
Remix IDE plugin for Arbitrum Stylus,GITHUB_commits_daily,2024-11-04,2.0
Open Source Observer,GITHUB_commits_daily,2024-11-04,6.0
Runtime Verification,GITHUB_stars_weekly,2024-11-04,7.0
Remix IDE plugin for Arbitrum Stylus,GITHUB_releases_weekly,2024-11-04,2.0
Runtime Verification,GITHUB_releases_weekly,2024-11-04,7.0
Enclave,GITHUB_commits_weekly,2024-11-04,2.0
Pyth Network,GITHUB_commits_weekly,2024-11-04,35.0
Debid - Fairblock,GITHUB_commits_weekly,2024-11-04,11.0
Walnut,GITHUB_commits_weekly,2024-11-04,40.0
Runtime Verification,GITHUB_commits_weekly,2024-11-04,41.0
thirdweb,GITHUB_commits_weekly,2024-11-04,77.0
Walnut,GITHUB_comments_weekly,2024-11-04,2.0
Open Source Observer,GITHUB_comments_weekly,2024-11-04,54.0
Sylow,GITHUB_comments_weekly,2024-11-04,1.0
thirdweb,GITHUB_comments_weekly,2024-11-04,725.0
Debid - Fairblock,GITHUB_comments_weekly,2024-11-04,3.0
Solang,GITHUB_comments_weekly,2024-11-04,3.0
Trail of Bits Security Reviews,GITHUB_forks_daily,2024-11-04,1.0
Open Source Observer,GITHUB_forks_daily,2024-11-04,1.0
Solang,GITHUB_forks_daily,2024-11-04,1.0
Debid - Fairblock,GITHUB_repositories_daily,2024-11-04,7.0
Enclave,GITHUB_comments_weekly,2024-11-04,53.0
Remix IDE plugin for Arbitrum Stylus,GITHUB_repositories_daily,2024-11-04,1.0
Syndicate Protocol,GITHUB_repositories_weekly,2024-11-04,1.0
Open Source Observer,GITHUB_repositories_weekly,2024-11-04,5.0
Runtime Verification,GITHUB_contributors_daily,2024-11-04,2.0
Runtime Verification,GITHUB_contributors_weekly,2024-11-04,10.0
Open Source Observer,GITHUB_contributors_weekly,2024-11-04,11.0
Trail of Bits Security Reviews,GITHUB_active_developers_weekly,2024-11-04,7.0
Passport XYZ,GITHUB_active_developers_weekly,2024-11-04,5.0
Runtime Verification,GITHUB_active_developers_weekly,2024-11-04,5.0
thirdweb,GITHUB_active_developers_weekly,2024-11-04,6.0
Enclave,GITHUB_active_developers_weekly,2024-11-04,1.0
Redstone Finance,GITHUB_active_developers_daily,2024-11-04,1.0
Passport XYZ,GITHUB_active_developers_daily,2024-11-04,2.0
Enclave,GITHUB_opened_pull_requests_weekly,2024-11-04,1.0
Runtime Verification,GITHUB_opened_pull_requests_weekly,2024-11-04,17.0
Sylow,GITHUB_opened_pull_requests_weekly,2024-11-04,1.0
Pyth Network,GITHUB_opened_pull_requests_daily,2024-11-04,6.0
Trail of Bits Security Reviews,GITHUB_opened_pull_requests_daily,2024-11-04,22.0
Runtime Verification,GITHUB_opened_pull_requests_daily,2024-11-04,2.0
thirdweb,GITHUB_merged_pull_requests_weekly,2024-11-04,78.0
thirdweb,GITHUB_merged_pull_requests_daily,2024-11-04,9.0
Trail of Bits Security Reviews,GITHUB_merged_pull_requests_daily,2024-11-04,17.0
Open Source Observer,GITHUB_merged_pull_requests_daily,2024-11-04,6.0
Passport XYZ,GITHUB_merged_pull_requests_daily,2024-11-04,10.0
Open Source Observer,GITHUB_opened_issues_daily,2024-11-04,5.0
Passport XYZ,GITHUB_opened_issues_weekly,2024-11-04,20.0
Passport XYZ,GITHUB_closed_issues_weekly,2024-11-04,16.0
Trail of Bits Security Reviews,GITHUB_comments_daily,2025-02-04,13.0
Open Source Observer,GITHUB_comments_daily,2025-02-04,35.0
Enclave,GITHUB_comments_daily,2025-02-04,4.0
Passport XYZ,GITHUB_stars_daily,2025-02-04,2.0
Trail of Bits Security Reviews,GITHUB_commits_daily,2025-02-04,5.0
Pyth Network,GITHUB_commits_daily,2025-02-04,3.0
Moving Stylus,GITHUB_commits_daily,2025-02-04,11.0
Open Source Observer,GITHUB_commits_daily,2025-02-04,9.0
thirdweb,GITHUB_forks_daily,2025-02-04,3.0
Solang,GITHUB_repositories_daily,2025-02-04,1.0
Runtime Verification,GITHUB_repositories_daily,2025-02-04,6.0
Trail of Bits Security Reviews,GITHUB_repositories_daily,2025-02-04,12.0
Runtime Verification,GITHUB_contributors_daily,2025-02-04,7.0
Open Source Observer,GITHUB_contributors_daily,2025-02-04,6.0
Passport XYZ,GITHUB_contributors_daily,2025-02-04,1.0
Redstone Finance,GITHUB_active_developers_daily,2025-02-04,5.0
Trail of Bits Security Reviews,GITHUB_active_developers_daily,2025-02-04,3.0
Trail of Bits Security Reviews,GITHUB_opened_pull_requests_daily,2025-02-04,6.0
Trail of Bits Security Reviews,GITHUB_merged_pull_requests_daily,2025-02-04,6.0
Moving Stylus,GITHUB_merged_pull_requests_daily,2025-02-04,5.0
Trail of Bits Security Reviews,GITHUB_closed_issues_daily,2025-02-04,2.0
Runtime Verification,GITHUB_forks_weekly,2024-10-28,2.0
Pyth Network,GITHUB_forks_weekly,2024-10-28,5.0
Enclave,GITHUB_comments_daily,2024-10-28,83.0
Redstone Finance,GITHUB_comments_daily,2024-10-28,1.0
thirdweb,GITHUB_comments_daily,2024-10-28,181.0
Trail of Bits Security Reviews,GITHUB_stars_daily,2024-10-28,13.0
Trail of Bits Security Reviews,GITHUB_stars_weekly,2024-10-28,84.0
Passport XYZ,GITHUB_stars_weekly,2024-10-28,24.0
Passport XYZ,GITHUB_commits_daily,2024-10-28,2.0
thirdweb,GITHUB_commits_daily,2024-10-28,27.0
Trail of Bits Security Reviews,GITHUB_commits_daily,2024-10-28,24.0
Remix IDE plugin for Arbitrum Stylus,GITHUB_commits_daily,2024-10-28,2.0
thirdweb,GITHUB_releases_weekly,2024-10-28,9.0
Pyth Network,GITHUB_releases_weekly,2024-10-28,2.0
Debid - Fairblock,GITHUB_releases_daily,2024-10-28,2.0
Debid - Fairblock,GITHUB_commits_weekly,2024-10-28,8.0
Open Source Observer,GITHUB_commits_weekly,2024-10-28,78.0
Pyth Network,GITHUB_comments_weekly,2024-10-28,94.0
Open Source Observer,GITHUB_comments_weekly,2024-10-28,51.0
thirdweb,GITHUB_comments_weekly,2024-10-28,628.0
thirdweb,GITHUB_forks_daily,2024-10-28,2.0
Pyth Network,GITHUB_repositories_weekly,2024-10-28,9.0
Trail of Bits Security Reviews,GITHUB_repositories_weekly,2024-10-28,34.0
Debid - Fairblock,GITHUB_repositories_daily,2024-10-28,2.0
Solang,GITHUB_contributors_weekly,2024-10-28,2.0
Enclave,GITHUB_contributors_weekly,2024-10-28,2.0
Open Source Observer,GITHUB_contributors_weekly,2024-10-28,12.0
Debid - Fairblock,GITHUB_contributors_weekly,2024-10-28,5.0
Redstone Finance,GITHUB_contributors_daily,2024-10-28,2.0
Passport XYZ,GITHUB_contributors_daily,2024-10-28,3.0
Pyth Network,GITHUB_contributors_daily,2024-10-28,6.0
Trail of Bits Security Reviews,GITHUB_active_developers_weekly,2024-10-28,10.0
Open Source Observer,GITHUB_active_developers_weekly,2024-10-28,7.0
Passport XYZ,GITHUB_active_developers_weekly,2024-10-28,3.0
Remix IDE plugin for Arbitrum Stylus,GITHUB_active_developers_weekly,2024-10-28,2.0
Pyth Network,GITHUB_active_developers_daily,2024-10-28,6.0
Passport XYZ,GITHUB_active_developers_daily,2024-10-28,1.0
Walnut,GITHUB_opened_pull_requests_weekly,2024-10-28,1.0
Open Source Observer,GITHUB_opened_pull_requests_weekly,2024-10-28,26.0
Pyth Network,GITHUB_merged_pull_requests_weekly,2024-10-28,40.0
Redstone Finance,GITHUB_merged_pull_requests_weekly,2024-10-28,6.0
Walnut,GITHUB_merged_pull_requests_weekly,2024-10-28,1.0
Runtime Verification,GITHUB_opened_pull_requests_daily,2024-10-28,3.0
Trail of Bits Security Reviews,GITHUB_opened_pull_requests_daily,2024-10-28,17.0
Open Source Observer,GITHUB_merged_pull_requests_daily,2024-10-28,2.0
Debid - Fairblock,GITHUB_opened_issues_weekly,2024-10-28,3.0
thirdweb,GITHUB_opened_issues_weekly,2024-10-28,4.0
Runtime Verification,GITHUB_opened_issues_weekly,2024-10-28,5.0
Trail of Bits Security Reviews,GITHUB_opened_issues_weekly,2024-10-28,4.0
Open Source Observer,GITHUB_opened_issues_weekly,2024-10-28,10.0
Pyth Network,GITHUB_closed_issues_weekly,2024-10-28,2.0
Open Source Observer,GITHUB_closed_issues_daily,2024-10-28,1.0
Open Source Observer,GITHUB_comments_daily,2024-10-11,12.0
Runtime Verification,GITHUB_comments_daily,2024-10-11,2.0
thirdweb,GITHUB_comments_daily,2024-10-11,58.0
Solang,GITHUB_comments_daily,2024-10-11,1.0
Walnut,GITHUB_comments_daily,2024-10-11,1.0
Passport XYZ,GITHUB_stars_daily,2024-10-11,2.0
Sylow,GITHUB_stars_daily,2024-10-11,1.0
Passport XYZ,GITHUB_commits_daily,2024-10-11,2.0
Runtime Verification,GITHUB_repositories_daily,2024-10-11,6.0
Redstone Finance,GITHUB_repositories_daily,2024-10-11,2.0
Trail of Bits Security Reviews,GITHUB_forks_daily,2024-10-11,1.0
thirdweb,GITHUB_forks_daily,2024-10-11,3.0
thirdweb,GITHUB_contributors_daily,2024-10-11,10.0
Solang,GITHUB_contributors_daily,2024-10-11,1.0
Passport XYZ,GITHUB_contributors_daily,2024-10-11,2.0
Runtime Verification,GITHUB_active_developers_daily,2024-10-11,3.0
Trail of Bits Security Reviews,GITHUB_active_developers_daily,2024-10-11,2.0
Walnut,GITHUB_active_developers_daily,2024-10-11,1.0
thirdweb,GITHUB_opened_pull_requests_daily,2024-10-11,16.0
Trail of Bits Security Reviews,GITHUB_opened_pull_requests_daily,2024-10-11,3.0
Runtime Verification,GITHUB_merged_pull_requests_daily,2024-10-11,3.0
Trail of Bits Security Reviews,GITHUB_merged_pull_requests_daily,2024-10-11,2.0
thirdweb,GITHUB_merged_pull_requests_daily,2024-10-11,10.0
Walnut,GITHUB_merged_pull_requests_daily,2024-10-11,1.0
Pyth Network,GITHUB_merged_pull_requests_daily,2024-10-11,10.0
Passport XYZ,GITHUB_closed_issues_daily,2024-10-11,2.0
Runtime Verification,GITHUB_comments_daily,2024-08-27,2.0
Arbos Foundry,GITHUB_commits_daily,2024-08-27,40.0
Passport XYZ,GITHUB_commits_daily,2024-08-27,6.0
Redstone Finance,GITHUB_commits_daily,2024-08-27,5.0
Trail of Bits Security Reviews,GITHUB_commits_daily,2024-08-27,11.0
Pyth Network,GITHUB_stars_daily,2024-08-27,3.0
Runtime Verification,GITHUB_releases_daily,2024-08-27,4.0
Pyth Network,GITHUB_releases_daily,2024-08-27,4.0
Pyth Network,GITHUB_forks_daily,2024-08-27,1.0
Redstone Finance,GITHUB_repositories_daily,2024-08-27,1.0
thirdweb,GITHUB_contributors_daily,2024-08-27,13.0
Runtime Verification,GITHUB_contributors_daily,2024-08-27,7.0
Enclave,GITHUB_contributors_daily,2024-08-27,2.0
thirdweb,GITHUB_active_developers_daily,2024-08-27,5.0
Open Source Observer,GITHUB_active_developers_daily,2024-08-27,2.0
Redstone Finance,GITHUB_active_developers_daily,2024-08-27,1.0
Walnut,GITHUB_opened_pull_requests_daily,2024-08-27,2.0
Pyth Network,GITHUB_opened_pull_requests_daily,2024-08-27,9.0
thirdweb,GITHUB_merged_pull_requests_daily,2024-08-27,11.0
Walnut,GITHUB_merged_pull_requests_daily,2024-08-27,3.0
Enclave,GITHUB_merged_pull_requests_daily,2024-08-27,6.0
Passport XYZ,GITHUB_opened_issues_daily,2024-08-27,4.0
Trail of Bits Security Reviews,GITHUB_opened_issues_daily,2024-08-27,1.0
thirdweb,GITHUB_closed_issues_daily,2024-08-27,1.0
Open Source Observer,GITHUB_closed_issues_daily,2024-08-27,10.0
Trail of Bits Security Reviews,GITHUB_comments_daily,2024-07-20,2.0
thirdweb,GITHUB_comments_daily,2024-07-20,45.0
Runtime Verification,GITHUB_releases_daily,2024-07-20,1.0
Trail of Bits Security Reviews,GITHUB_forks_daily,2024-07-20,4.0
thirdweb,GITHUB_forks_daily,2024-07-20,5.0
Runtime Verification,GITHUB_forks_daily,2024-07-20,1.0
thirdweb,GITHUB_repositories_daily,2024-07-20,6.0
Trail of Bits Security Reviews,GITHUB_contributors_daily,2024-07-20,1.0
thirdweb,GITHUB_comments_daily,2025-02-05,105.0
thirdweb,GITHUB_stars_daily,2025-02-05,2.0
Trail of Bits Security Reviews,GITHUB_stars_daily,2025-02-05,7.0
Pyth Network,GITHUB_commits_daily,2025-02-05,8.0
Passport XYZ,GITHUB_commits_daily,2025-02-05,9.0
Walnut,GITHUB_commits_daily,2025-02-05,1.0
Runtime Verification,GITHUB_releases_daily,2025-02-05,2.0
Trail of Bits Security Reviews,GITHUB_repositories_daily,2025-02-05,10.0
Passport XYZ,GITHUB_repositories_daily,2025-02-05,3.0
Redstone Finance,GITHUB_contributors_daily,2025-02-05,3.0
9Lives,GITHUB_contributors_daily,2025-02-05,2.0
Walnut,GITHUB_contributors_daily,2025-02-05,4.0
Trail of Bits Security Reviews,GITHUB_opened_pull_requests_daily,2025-02-05,4.0
Trail of Bits Security Reviews,GITHUB_merged_pull_requests_daily,2025-02-05,8.0
Open Source Observer,GITHUB_opened_issues_daily,2025-02-05,4.0
thirdweb,GITHUB_closed_issues_daily,2025-02-05,1.0
Runtime Verification,GITHUB_comments_daily,2024-10-31,15.0
Enclave,GITHUB_comments_daily,2024-10-31,3.0
Runtime Verification,GITHUB_stars_daily,2024-10-31,1.0
thirdweb,GITHUB_stars_daily,2024-10-31,2.0
Pyth Network,GITHUB_commits_daily,2024-10-31,8.0
Trail of Bits Security Reviews,GITHUB_commits_daily,2024-10-31,3.0
Passport XYZ,GITHUB_commits_daily,2024-10-31,2.0
Redstone Finance,GITHUB_commits_daily,2024-10-31,4.0
Runtime Verification,GITHUB_releases_daily,2024-10-31,4.0
Enclave,GITHUB_repositories_daily,2024-10-31,1.0
Trail of Bits Security Reviews,GITHUB_repositories_daily,2024-10-31,12.0
Open Source Observer,GITHUB_repositories_daily,2024-10-31,3.0
thirdweb,GITHUB_repositories_daily,2024-10-31,3.0
Debid - Fairblock,GITHUB_repositories_daily,2024-10-31,2.0
Trail of Bits Security Reviews,GITHUB_contributors_daily,2024-10-31,7.0
Redstone Finance,GITHUB_contributors_daily,2024-10-31,2.0
Walnut,GITHUB_contributors_daily,2024-10-31,1.0
Redstone Finance,GITHUB_active_developers_daily,2024-10-31,1.0
Open Source Observer,GITHUB_active_developers_daily,2024-10-31,5.0
Pyth Network,GITHUB_active_developers_daily,2024-10-31,2.0
Redstone Finance,GITHUB_opened_pull_requests_daily,2024-10-31,1.0
Enclave,GITHUB_opened_pull_requests_daily,2024-10-31,2.0
Trail of Bits Security Reviews,GITHUB_merged_pull_requests_daily,2024-10-31,2.0
Redstone Finance,GITHUB_merged_pull_requests_daily,2024-10-31,1.0
Runtime Verification,GITHUB_opened_issues_daily,2024-10-31,2.0
Debid - Fairblock,GITHUB_opened_issues_daily,2024-10-31,1.0
Enclave,GITHUB_closed_issues_daily,2024-10-31,1.0
Open Source Observer,GITHUB_comments_daily,2024-11-03,2.0
thirdweb,GITHUB_stars_daily,2024-11-03,4.0
Open Source Observer,GITHUB_commits_daily,2024-11-03,4.0
Open Source Observer,GITHUB_contributors_daily,2024-11-03,2.0
Trail of Bits Security Reviews,GITHUB_contributors_daily,2024-11-03,2.0
thirdweb,GITHUB_contributors_daily,2024-11-03,2.0
Enclave,GITHUB_opened_pull_requests_daily,2024-11-03,2.0
Pyth Network,GITHUB_opened_pull_requests_daily,2024-11-03,2.0
thirdweb,GITHUB_opened_pull_requests_daily,2024-11-03,3.0
Trail of Bits Security Reviews,GITHUB_comments_daily,2025-01-09,4.0
Runtime Verification,GITHUB_comments_daily,2025-01-09,6.0
Passport XYZ,GITHUB_stars_daily,2025-01-09,2.0
9Lives,GITHUB_stars_daily,2025-01-09,1.0
9Lives,GITHUB_commits_daily,2025-01-09,20.0
thirdweb,GITHUB_commits_daily,2025-01-09,11.0
Walnut,GITHUB_commits_daily,2025-01-09,9.0
thirdweb,GITHUB_forks_daily,2025-01-09,1.0
Passport XYZ,GITHUB_repositories_daily,2025-01-09,2.0
Redstone Finance,GITHUB_repositories_daily,2025-01-09,2.0
Trail of Bits Security Reviews,GITHUB_releases_daily,2025-01-09,1.0
Pyth Network,GITHUB_contributors_daily,2025-01-09,8.0
Passport XYZ,GITHUB_contributors_daily,2025-01-09,3.0
9Lives,GITHUB_active_developers_daily,2025-01-09,2.0
Open Source Observer,GITHUB_active_developers_daily,2025-01-09,2.0
thirdweb,GITHUB_active_developers_daily,2025-01-09,4.0
Walnut,GITHUB_active_developers_daily,2025-01-09,2.0
Trail of Bits Security Reviews,GITHUB_opened_pull_requests_daily,2025-01-09,1.0
thirdweb,GITHUB_merged_pull_requests_daily,2025-01-09,9.0
Sylow,GITHUB_merged_pull_requests_daily,2025-01-09,1.0
Walnut,GITHUB_merged_pull_requests_daily,2025-01-09,2.0
Open Source Observer,GITHUB_closed_issues_daily,2025-01-09,1.0
Trail of Bits Security Reviews,GITHUB_comments_daily,2024-04-23,12.0
Open Source Observer,GITHUB_comments_daily,2024-04-23,20.0
Runtime Verification,GITHUB_stars_daily,2024-04-23,1.0
Trail of Bits Security Reviews,GITHUB_commits_daily,2024-04-23,5.0
Trail of Bits Security Reviews,GITHUB_repositories_daily,2024-04-23,14.0
Walnut,GITHUB_repositories_daily,2024-04-23,1.0
Arbos Foundry,GITHUB_repositories_daily,2024-04-23,1.0
Pyth Network,GITHUB_contributors_daily,2024-04-23,8.0
Open Source Observer,GITHUB_contributors_daily,2024-04-23,4.0
thirdweb,GITHUB_contributors_daily,2024-04-23,12.0
Runtime Verification,GITHUB_active_developers_daily,2024-04-23,2.0
Walnut,GITHUB_merged_pull_requests_daily,2024-04-23,2.0
Walnut,GITHUB_closed_issues_daily,2024-04-23,2.0
Pyth Network,GITHUB_stars_daily,2024-01-20,2.0
Trail of Bits Security Reviews,GITHUB_stars_daily,2024-01-20,6.0
Runtime Verification,GITHUB_releases_daily,2024-01-20,1.0
Open Source Observer,GITHUB_forks_daily,2024-01-20,1.0
Runtime Verification,GITHUB_contributors_daily,2024-01-20,2.0
Runtime Verification,GITHUB_active_developers_daily,2024-01-20,1.0
thirdweb,GITHUB_opened_pull_requests_daily,2024-01-20,2.0
Runtime Verification,GITHUB_merged_pull_requests_daily,2024-01-20,2.0
Open Source Observer,GITHUB_closed_issues_daily,2024-01-20,1.0
Trail of Bits Security Reviews,GITHUB_comments_daily,2024-05-11,1.0
Open Source Observer,GITHUB_comments_daily,2024-05-11,5.0
thirdweb,GITHUB_comments_daily,2024-05-11,31.0
thirdweb,GITHUB_stars_daily,2024-05-11,3.0
Pyth Network,GITHUB_stars_daily,2024-05-11,3.0
Trail of Bits Security Reviews,GITHUB_commits_daily,2024-05-11,9.0
thirdweb,GITHUB_commits_daily,2024-05-11,4.0
Redstone Finance,GITHUB_forks_daily,2024-05-11,5.0
Open Source Observer,GITHUB_repositories_daily,2024-05-11,2.0
Pyth Network,GITHUB_repositories_daily,2024-05-11,3.0
Redstone Finance,GITHUB_contributors_daily,2024-05-11,1.0
Open Source Observer,GITHUB_active_developers_daily,2024-05-11,1.0
Pyth Network,GITHUB_opened_pull_requests_daily,2024-05-11,2.0
Open Source Observer,GITHUB_opened_pull_requests_daily,2024-05-11,2.0
Open Source Observer,GITHUB_opened_issues_daily,2024-05-11,2.0
Pyth Network,GITHUB_active_contributors_quarterly,2024-09-01,17.0
Debid - Fairblock,GITHUB_part_time_contributors_quarterly,2024-09-01,3.0
Runtime Verification,GITHUB_new_contributors_quarterly,2024-09-01,3.0
Syndicate Protocol,GITHUB_active_contributors_quarterly,2024-09-01,1.0
Open Source Observer,GITHUB_new_contributors_quarterly,2024-09-01,19.0
Enclave,GITHUB_new_contributors_quarterly,2024-09-01,4.0
WakeUp Labs,GITHUB_active_contributors_quarterly,2024-09-01,2.0
Arbos Foundry,GITHUB_active_contributors_quarterly,2024-09-01,2.0
WakeUp Labs,GITHUB_new_contributors_quarterly,2024-09-01,1.0
Trail of Bits Security Reviews,GITHUB_releases_biannually,2024-09-01,23.0
Passport XYZ,GITHUB_releases_biannually,2024-09-01,29.0
thirdweb,GITHUB_releases_biannually,2024-09-01,46.0
thirdweb,GITHUB_commits_biannually,2024-09-01,512.0
Passport XYZ,GITHUB_active_developers_biannually,2024-09-01,6.0
Solang,GITHUB_active_developers_biannually,2024-09-01,1.0
Sylow,GITHUB_active_developers_biannually,2024-09-01,1.0
Remix IDE plugin for Arbitrum Stylus,GITHUB_active_developers_biannually,2024-09-01,2.0
Arbos Foundry,GITHUB_repositories_quarterly,2024-09-01,1.0
Pyth Network,GITHUB_repositories_quarterly,2024-09-01,31.0
Trail of Bits Security Reviews,GITHUB_repositories_quarterly,2024-09-01,76.0
Debid - Fairblock,GITHUB_repositories_quarterly,2024-09-01,5.0
Sylow,GITHUB_repositories_quarterly,2024-09-01,1.0
Solang,GITHUB_repositories_quarterly,2024-09-01,1.0
WakeUp Labs,GITHUB_repositories_quarterly,2024-09-01,1.0
Runtime Verification,GITHUB_repositories_quarterly,2024-09-01,33.0
Pyth Network,GITHUB_active_developers_quarterly,2024-09-01,13.0
Open Source Observer,GITHUB_active_developers_quarterly,2024-09-01,16.0
Remix IDE plugin for Arbitrum Stylus,GITHUB_active_developers_quarterly,2024-09-01,2.0
Arbos Foundry,GITHUB_active_developers_quarterly,2024-09-01,1.0
Passport XYZ,GITHUB_active_developers_quarterly,2024-09-01,6.0
Sylow,GITHUB_active_developers_quarterly,2024-09-01,1.0
Syndicate Protocol,GITHUB_active_developers_quarterly,2024-09-01,1.0
Redstone Finance,GITHUB_forks_monthly,2024-09-01,5.0
Passport XYZ,GITHUB_forks_monthly,2024-09-01,9.0
Debid - Fairblock,GITHUB_forks_monthly,2024-09-01,1.0
thirdweb,GITHUB_forks_monthly,2024-09-01,40.0
Walnut,GITHUB_forks_monthly,2024-09-01,1.0
thirdweb,GITHUB_part_time_developers_quarterly,2024-09-01,12.0
Redstone Finance,GITHUB_part_time_developers_quarterly,2024-09-01,8.0
Pyth Network,GITHUB_part_time_developers_quarterly,2024-09-01,13.0
Passport XYZ,GITHUB_stars_biannually,2024-09-01,23.0
Redstone Finance,GITHUB_stars_biannually,2024-09-01,3.0
Open Source Observer,GITHUB_comments_daily,2024-09-01,4.0
Trail of Bits Security Reviews,GITHUB_comments_daily,2024-09-01,1.0
thirdweb,GITHUB_stars_monthly,2024-09-01,43.0
Walnut,GITHUB_stars_monthly,2024-09-01,2.0
Redstone Finance,GITHUB_stars_monthly,2024-09-01,3.0
Trail of Bits Security Reviews,GITHUB_stars_daily,2024-09-01,12.0
Trail of Bits Security Reviews,GITHUB_commits_daily,2024-09-01,1.0
Runtime Verification,GITHUB_commits_monthly,2024-09-01,336.0
Solang,GITHUB_commits_monthly,2024-09-01,1.0
thirdweb,GITHUB_comments_monthly,2024-09-01,3727.0
Passport XYZ,GITHUB_commits_monthly,2024-09-01,138.0
Enclave,GITHUB_comments_monthly,2024-09-01,286.0
Remix IDE plugin for Arbitrum Stylus,GITHUB_comments_monthly,2024-09-01,2.0
Runtime Verification,GITHUB_stars_quarterly,2024-09-01,16.0
Sylow,GITHUB_stars_quarterly,2024-09-01,16.0
Redstone Finance,GITHUB_stars_quarterly,2024-09-01,3.0
Solang,GITHUB_stars_quarterly,2024-09-01,2.0
Trail of Bits Security Reviews,GITHUB_stars_quarterly,2024-09-01,335.0
Runtime Verification,GITHUB_releases_monthly,2024-09-01,116.0
Enclave,GITHUB_releases_monthly,2024-09-01,4.0
Debid - Fairblock,GITHUB_releases_monthly,2024-09-01,2.0
Pyth Network,GITHUB_releases_monthly,2024-09-01,29.0
Open Source Observer,GITHUB_commits_quarterly,2024-09-01,218.0
Walnut,GITHUB_commits_quarterly,2024-09-01,138.0
Redstone Finance,GITHUB_forks_quarterly,2024-09-01,5.0
WakeUp Labs,GITHUB_forks_quarterly,2024-09-01,1.0
Trail of Bits Security Reviews,GITHUB_forks_biannually,2024-09-01,35.0
WakeUp Labs,GITHUB_forks_biannually,2024-09-01,1.0
Syndicate Protocol,GITHUB_repositories_biannually,2024-09-01,1.0
Sylow,GITHUB_repositories_biannually,2024-09-01,1.0
Debid - Fairblock,GITHUB_repositories_monthly,2024-09-01,5.0
Pyth Network,GITHUB_repositories_monthly,2024-09-01,31.0
Sylow,GITHUB_contributors_monthly,2024-09-01,2.0
Enclave,GITHUB_contributors_monthly,2024-09-01,4.0
Trail of Bits Security Reviews,GITHUB_contributors_daily,2024-09-01,2.0
Passport XYZ,GITHUB_contributors_quarterly,2024-09-01,7.0
Enclave,GITHUB_contributors_quarterly,2024-09-01,4.0
Pyth Network,GITHUB_contributors_biannually,2024-09-01,17.0
Redstone Finance,GITHUB_contributors_biannually,2024-09-01,12.0
Walnut,GITHUB_contributors_biannually,2024-09-01,7.0
Sylow,GITHUB_contributors_biannually,2024-09-01,2.0
thirdweb,GITHUB_contributors_biannually,2024-09-01,50.0
Passport XYZ,GITHUB_part_time_developers_monthly,2024-09-01,5.0
Sylow,GITHUB_part_time_developers_monthly,2024-09-01,1.0
thirdweb,GITHUB_active_developers_monthly,2024-09-01,12.0
thirdweb,GITHUB_part_time_developers_monthly,2024-09-01,7.0
WakeUp Labs,GITHUB_part_time_developers_monthly,2024-09-01,1.0
Syndicate Protocol,GITHUB_part_time_developers_monthly,2024-09-01,1.0
Syndicate Protocol,GITHUB_contributors_quarterly,2024-09-01,1.0
Open Source Observer,GITHUB_active_developers_monthly,2024-09-01,16.0
thirdweb,GITHUB_full_time_developers_monthly,2024-09-01,5.0
Open Source Observer,GITHUB_part_time_developers_biannually,2024-09-01,16.0
Arbos Foundry,GITHUB_part_time_developers_biannually,2024-09-01,1.0
Trail of Bits Security Reviews,GITHUB_part_time_developers_biannually,2024-09-01,20.0
thirdweb,GITHUB_new_contributors_monthly,2024-09-01,31.0
Open Source Observer,GITHUB_part_time_contributors_biannually,2024-09-01,24.0
Pyth Network,GITHUB_part_time_contributors_biannually,2024-09-01,17.0
Pyth Network,GITHUB_new_contributors_biannually,2024-09-01,9.0
Walnut,GITHUB_active_contributors_biannually,2024-09-01,7.0
Runtime Verification,GITHUB_active_contributors_biannually,2024-09-01,29.0
Trail of Bits Security Reviews,GITHUB_part_time_contributors_biannually,2024-09-01,40.0
Walnut,GITHUB_part_time_contributors_biannually,2024-09-01,7.0
Runtime Verification,GITHUB_part_time_contributors_biannually,2024-09-01,29.0
Solang,GITHUB_active_contributors_biannually,2024-09-01,2.0
WakeUp Labs,GITHUB_active_contributors_biannually,2024-09-01,2.0
Enclave,GITHUB_active_contributors_biannually,2024-09-01,4.0
Walnut,GITHUB_active_contributors_monthly,2024-09-01,7.0
Enclave,GITHUB_active_contributors_monthly,2024-09-01,4.0
Arbos Foundry,GITHUB_active_contributors_monthly,2024-09-01,2.0
Remix IDE plugin for Arbitrum Stylus,GITHUB_active_contributors_monthly,2024-09-01,2.0
Debid - Fairblock,GITHUB_part_time_contributors_monthly,2024-09-01,3.0
Pyth Network,GITHUB_active_contributors_monthly,2024-09-01,17.0
Passport XYZ,GITHUB_new_contributors_monthly,2024-09-01,7.0
Passport XYZ,GITHUB_part_time_contributors_monthly,2024-09-01,3.0
Runtime Verification,GITHUB_active_contributors_monthly,2024-09-01,29.0
Enclave,GITHUB_full_time_contributors_monthly,2024-09-01,2.0
WakeUp Labs,GITHUB_part_time_contributors_monthly,2024-09-01,2.0
Redstone Finance,GITHUB_active_contributors_monthly,2024-09-01,12.0
Sylow,GITHUB_new_contributors_biannually,2024-09-01,2.0
Debid - Fairblock,GITHUB_part_time_contributors_biannually,2024-09-01,3.0
Arbos Foundry,GITHUB_part_time_contributors_biannually,2024-09-01,2.0
Solang,GITHUB_part_time_contributors_biannually,2024-09-01,2.0
Remix IDE plugin for Arbitrum Stylus,GITHUB_part_time_contributors_biannually,2024-09-01,2.0
Remix IDE plugin for Arbitrum Stylus,GITHUB_active_contributors_biannually,2024-09-01,2.0
Trail of Bits Security Reviews,GITHUB_change_in_active_developers_monthly,2024-09-01,9.0
Sylow,GITHUB_change_in_part_time_contributors_monthly,2024-09-01,
Passport XYZ,GITHUB_change_in_active_developers_monthly,2024-09-01,4.0
Debid - Fairblock,GITHUB_change_in_active_developers_monthly,2024-09-01,12.0
Open Source Observer,GITHUB_change_in_full_time_contributors_monthly,2024-09-01,-1.0
WakeUp Labs,GITHUB_change_in_active_developers_monthly,2024-09-01,-1.0
Remix IDE plugin for Arbitrum Stylus,GITHUB_change_in_part_time_contributors_monthly,2024-09-01,0.0
Arbos Foundry,GITHUB_change_in_active_developers_monthly,2024-09-01,0.0
Redstone Finance,GITHUB_change_in_active_developers_monthly,2024-09-01,-1.0
Walnut,GITHUB_change_in_active_developers_monthly,2024-09-01,13.0
Syndicate Protocol,GITHUB_change_in_part_time_contributors_monthly,2024-09-01,0.0
WakeUp Labs,GITHUB_change_in_part_time_contributors_monthly,2024-09-01,-1.0
Runtime Verification,GITHUB_change_in_full_time_contributors_monthly,2024-09-01,0.0
Debid - Fairblock,GITHUB_change_in_part_time_contributors_monthly,2024-09-01,12.0
thirdweb,GITHUB_change_in_part_time_contributors_quarterly,2024-09-01,1.0
Passport XYZ,GITHUB_change_in_part_time_contributors_quarterly,2024-09-01,4.0
Enclave,GITHUB_change_in_active_developers_quarterly,2024-09-01,0.0
Remix IDE plugin for Arbitrum Stylus,GITHUB_change_in_part_time_contributors_quarterly,2024-09-01,0.0
Arbos Foundry,GITHUB_change_in_active_developers_quarterly,2024-09-01,0.0
WakeUp Labs,GITHUB_change_in_active_developers_quarterly,2024-09-01,-1.0
Arbos Foundry,GITHUB_change_in_part_time_contributors_quarterly,2024-09-01,0.0
thirdweb,GITHUB_change_in_active_developers_quarterly,2024-09-01,1.0
Trail of Bits Security Reviews,GITHUB_change_in_part_time_contributors_quarterly,2024-09-01,9.0
Walnut,GITHUB_change_in_part_time_contributors_biannually,2024-09-01,13.0
Trail of Bits Security Reviews,GITHUB_change_in_active_developers_biannually,2024-09-01,9.0
Passport XYZ,GITHUB_change_in_part_time_contributors_biannually,2024-09-01,4.0
Remix IDE plugin for Arbitrum Stylus,GITHUB_change_in_part_time_contributors_biannually,2024-09-01,0.0
Passport XYZ,GITHUB_change_in_active_developers_biannually,2024-09-01,4.0
Runtime Verification,GITHUB_change_in_part_time_contributors_biannually,2024-09-01,4.0
Pyth Network,GITHUB_change_in_part_time_contributors_biannually,2024-09-01,8.0
WakeUp Labs,GITHUB_change_in_active_developers_biannually,2024-09-01,-1.0
Syndicate Protocol,GITHUB_change_in_part_time_contributors_biannually,2024-09-01,0.0
Redstone Finance,GITHUB_change_in_active_developers_biannually,2024-09-01,-1.0
Trail of Bits Security Reviews,GITHUB_change_in_part_time_contributors_biannually,2024-09-01,9.0
Sylow,GITHUB_change_in_active_developers_biannually,2024-09-01,
Runtime Verification,GITHUB_change_in_active_developers_biannually,2024-09-01,4.0
Arbos Foundry,GITHUB_opened_pull_requests_monthly,2024-09-01,1.0
Runtime Verification,GITHUB_opened_pull_requests_monthly,2024-09-01,160.0
Pyth Network,GITHUB_opened_pull_requests_monthly,2024-09-01,200.0
Debid - Fairblock,GITHUB_opened_pull_requests_monthly,2024-09-01,3.0
Trail of Bits Security Reviews,GITHUB_opened_pull_requests_biannually,2024-09-01,222.0
Walnut,GITHUB_opened_pull_requests_biannually,2024-09-01,11.0
Syndicate Protocol,GITHUB_opened_pull_requests_biannually,2024-09-01,1.0
Debid - Fairblock,GITHUB_opened_pull_requests_quarterly,2024-09-01,3.0
Runtime Verification,GITHUB_opened_pull_requests_quarterly,2024-09-01,160.0
Syndicate Protocol,GITHUB_opened_pull_requests_quarterly,2024-09-01,1.0
Runtime Verification,GITHUB_opened_pull_requests_biannually,2024-09-01,160.0
Enclave,GITHUB_opened_pull_requests_biannually,2024-09-01,52.0
Enclave,GITHUB_opened_pull_requests_quarterly,2024-09-01,52.0
Trail of Bits Security Reviews,GITHUB_opened_pull_requests_daily,2024-09-01,1.0
Pyth Network,GITHUB_merged_pull_requests_monthly,2024-09-01,190.0
Walnut,GITHUB_merged_pull_requests_monthly,2024-09-01,13.0
Sylow,GITHUB_merged_pull_requests_monthly,2024-09-01,2.0
Remix IDE plugin for Arbitrum Stylus,GITHUB_merged_pull_requests_biannually,2024-09-01,1.0
Solang,GITHUB_merged_pull_requests_biannually,2024-09-01,1.0
Trail of Bits Security Reviews,GITHUB_merged_pull_requests_biannually,2024-09-01,152.0
Walnut,GITHUB_merged_pull_requests_biannually,2024-09-01,13.0
Enclave,GITHUB_merged_pull_requests_biannually,2024-09-01,55.0
Passport XYZ,GITHUB_merged_pull_requests_biannually,2024-09-01,112.0
Trail of Bits Security Reviews,GITHUB_merged_pull_requests_quarterly,2024-09-01,152.0
Solang,GITHUB_merged_pull_requests_quarterly,2024-09-01,1.0
Passport XYZ,GITHUB_opened_issues_monthly,2024-09-01,58.0
Enclave,GITHUB_opened_issues_monthly,2024-09-01,25.0
Runtime Verification,GITHUB_opened_issues_quarterly,2024-09-01,21.0
Trail of Bits Security Reviews,GITHUB_opened_issues_quarterly,2024-09-01,15.0
Walnut,GITHUB_opened_issues_quarterly,2024-09-01,2.0
Trail of Bits Security Reviews,GITHUB_opened_issues_biannually,2024-09-01,15.0
thirdweb,GITHUB_opened_issues_biannually,2024-09-01,16.0
Open Source Observer,GITHUB_closed_issues_monthly,2024-09-01,98.0
Walnut,GITHUB_closed_issues_monthly,2024-09-01,1.0
Passport XYZ,GITHUB_closed_issues_biannually,2024-09-01,60.0
Runtime Verification,GITHUB_closed_issues_biannually,2024-09-01,9.0
Solang,GITHUB_closed_issues_quarterly,2024-09-01,1.0
Enclave,GITHUB_closed_issues_biannually,2024-09-01,22.0
Trail of Bits Security Reviews,GITHUB_closed_issues_quarterly,2024-09-01,11.0
Open Source Observer,GITHUB_closed_issues_quarterly,2024-09-01,98.0
Walnut,GITHUB_avg_prs_time_to_merge_quarterly,2024-09-01,0.0
thirdweb,GITHUB_avg_prs_time_to_merge_quarterly,2024-09-01,0.0
Solang,GITHUB_avg_prs_time_to_merge_quarterly,2024-09-01,0.0
Remix IDE plugin for Arbitrum Stylus,GITHUB_avg_prs_time_to_merge_quarterly,2024-09-01,0.0
Trail of Bits Security Reviews,GITHUB_avg_prs_time_to_merge_quarterly,2024-09-01,0.0
WakeUp Labs,GITHUB_avg_prs_time_to_merge_quarterly,2024-09-01,0.0
Solang,GITHUB_avg_prs_time_to_merge_biannually,2024-09-01,0.0
Enclave,GITHUB_avg_prs_time_to_merge_biannually,2024-09-01,0.0
thirdweb,GITHUB_avg_time_to_first_response_quarterly,2024-09-01,53712.916666666664
Solang,GITHUB_avg_time_to_first_response_biannually,2024-09-01,32575.0
Redstone Finance,GITHUB_avg_time_to_first_response_biannually,2024-09-01,987934.4423076923
thirdweb,GITHUB_avg_prs_time_to_merge_biannually,2024-09-01,0.0
Redstone Finance,GITHUB_avg_prs_time_to_merge_biannually,2024-09-01,0.0
Redstone Finance,GITHUB_avg_time_to_first_response_quarterly,2024-09-01,987934.4423076923
Passport XYZ,GITHUB_avg_time_to_first_response_quarterly,2024-09-01,276081.66972477065
Trail of Bits Security Reviews,GITHUB_avg_time_to_first_response_quarterly,2024-09-01,1657942.6893617022
Remix IDE plugin for Arbitrum Stylus,GITHUB_change_in_new_contributors_biannually,2024-09-01,0.0
Debid - Fairblock,GITHUB_change_in_full_time_contributors_monthly,2024-09-01,0.0
Debid - Fairblock,GITHUB_change_in_active_contributors_monthly,2024-09-01,12.0
Open Source Observer,GITHUB_change_in_new_contributors_monthly,2024-09-01,-6.0
Open Source Observer,GITHUB_churned_contributors_monthly,2024-09-01,-27.0
Arbos Foundry,GITHUB_change_in_full_time_contributors_monthly,2024-09-01,0.0
Arbos Foundry,GITHUB_change_in_active_contributors_monthly,2024-09-01,0.0
Sylow,GITHUB_change_in_full_time_contributors_monthly,2024-09-01,
Sylow,GITHUB_change_in_new_contributors_monthly,2024-09-01,
Walnut,GITHUB_churned_contributors_monthly,2024-09-01,8.0
Trail of Bits Security Reviews,GITHUB_change_in_new_contributors_monthly,2024-09-01,5.0
Redstone Finance,GITHUB_change_in_new_contributors_monthly,2024-09-01,0.0
Sylow,GITHUB_change_in_active_contributors_quarterly,2024-09-01,
Arbos Foundry,GITHUB_change_in_full_time_contributors_biannually,2024-09-01,0.0
Sylow,GITHUB_churned_contributors_biannually,2024-09-01,
Sylow,GITHUB_change_in_full_time_contributors_biannually,2024-09-01,
Sylow,GITHUB_change_in_new_contributors_biannually,2024-09-01,
Pyth Network,GITHUB_churned_contributors_biannually,2024-09-01,-1.0
Syndicate Protocol,GITHUB_change_in_full_time_contributors_biannually,2024-09-01,0.0
Enclave,GITHUB_change_in_full_time_contributors_biannually,2024-09-01,0.0
Debid - Fairblock,GITHUB_churned_contributors_quarterly,2024-09-01,12.0
thirdweb,GITHUB_change_in_active_contributors_quarterly,2024-09-01,1.0
thirdweb,GITHUB_churned_contributors_quarterly,2024-09-01,-30.0
Runtime Verification,GITHUB_churned_contributors_quarterly,2024-09-01,1.0
Runtime Verification,GITHUB_change_in_active_contributors_quarterly,2024-09-01,4.0
Runtime Verification,GITHUB_change_in_full_time_contributors_quarterly,2024-09-01,0.0
WakeUp Labs,GITHUB_change_in_full_time_contributors_monthly,2024-09-01,0.0
WakeUp Labs,GITHUB_churned_contributors_monthly,2024-09-01,-2.0
Pyth Network,GITHUB_change_in_active_contributors_monthly,2024-09-01,8.0
Syndicate Protocol,GITHUB_churned_contributors_monthly,2024-09-01,0.0
Syndicate Protocol,GITHUB_change_in_full_time_contributors_monthly,2024-09-01,0.0
Passport XYZ,GITHUB_change_in_active_contributors_monthly,2024-09-01,4.0
WakeUp Labs,GITHUB_change_in_full_time_contributors_quarterly,2024-09-01,0.0
Passport XYZ,GITHUB_change_in_new_contributors_quarterly,2024-09-01,4.0
Enclave,GITHUB_change_in_new_contributors_quarterly,2024-09-01,0.0
Remix IDE plugin for Arbitrum Stylus,GITHUB_churned_contributors_monthly,2024-09-01,-1.0
Solang,GITHUB_churned_contributors_quarterly,2024-09-01,
Solang,GITHUB_change_in_full_time_contributors_quarterly,2024-09-01,
Remix IDE plugin for Arbitrum Stylus,GITHUB_churned_contributors_quarterly,2024-09-01,-1.0
Redstone Finance,GITHUB_change_in_active_contributors_biannually,2024-09-01,-1.0
Walnut,GITHUB_change_in_full_time_contributors_biannually,2024-09-01,0.0
Walnut,GITHUB_change_in_active_contributors_biannually,2024-09-01,13.0
Walnut,GITHUB_churned_contributors_biannually,2024-09-01,8.0
Redstone Finance,GITHUB_churned_contributors_biannually,2024-09-01,-7.0
Solang,GITHUB_change_in_new_contributors_quarterly,2024-09-01,
thirdweb,GITHUB_change_in_new_contributors_biannually,2024-09-01,5.0
thirdweb,GITHUB_churned_contributors_biannually,2024-09-01,-30.0
Runtime Verification,GITHUB_change_in_full_time_contributors_biannually,2024-09-01,0.0
Enclave,GITHUB_change_in_active_contributors_quarterly,2024-09-01,0.0
Trail of Bits Security Reviews,GITHUB_change_in_new_contributors_quarterly,2024-09-01,5.0
Redstone Finance,GITHUB_change_in_new_contributors_quarterly,2024-09-01,0.0
Walnut,GITHUB_change_in_new_contributors_quarterly,2024-09-01,13.0
Trail of Bits Security Reviews,GITHUB_change_in_full_time_contributors_quarterly,2024-09-01,0.0
Trail of Bits Security Reviews,GITHUB_commits_daily,2024-11-24,1.0
Runtime Verification,GITHUB_repositories_daily,2024-11-24,2.0
Open Source Observer,GITHUB_repositories_daily,2024-11-24,3.0
Sylow,GITHUB_repositories_daily,2024-11-24,1.0
Runtime Verification,GITHUB_releases_daily,2024-11-24,1.0
thirdweb,GITHUB_contributors_daily,2024-11-24,3.0
Open Source Observer,GITHUB_opened_pull_requests_daily,2024-11-24,1.0
Trail of Bits Security Reviews,GITHUB_opened_pull_requests_daily,2024-11-24,6.0
Trail of Bits Security Reviews,GITHUB_merged_pull_requests_daily,2024-11-24,1.0
thirdweb,GITHUB_merged_pull_requests_daily,2024-11-24,2.0
Open Source Observer,GITHUB_closed_issues_daily,2024-11-24,1.0
thirdweb,GITHUB_comments_daily,2025-01-17,91.0
Sylow,GITHUB_stars_daily,2025-01-17,1.0
Pyth Network,GITHUB_stars_daily,2025-01-17,2.0
thirdweb,GITHUB_stars_daily,2025-01-17,2.0
Pyth Network,GITHUB_repositories_daily,2025-01-17,5.0
thirdweb,GITHUB_repositories_daily,2025-01-17,5.0
9Lives,GITHUB_active_developers_daily,2025-01-17,2.0
Runtime Verification,GITHUB_active_developers_daily,2025-01-17,3.0
Trail of Bits Security Reviews,GITHUB_opened_pull_requests_daily,2025-01-17,7.0
thirdweb,GITHUB_opened_pull_requests_daily,2025-01-17,13.0
thirdweb,GITHUB_merged_pull_requests_daily,2025-01-17,11.0
Passport XYZ,GITHUB_opened_issues_daily,2025-01-17,2.0
thirdweb,GITHUB_opened_issues_daily,2025-01-17,1.0
Runtime Verification,GITHUB_stars_daily,2024-07-07,1.0
thirdweb,GITHUB_stars_daily,2024-07-07,2.0
Trail of Bits Security Reviews,GITHUB_commits_daily,2024-07-07,4.0
Trail of Bits Security Reviews,GITHUB_forks_daily,2024-07-07,2.0
Runtime Verification,GITHUB_contributors_daily,2024-07-07,3.0
Runtime Verification,GITHUB_merged_pull_requests_daily,2024-07-07,2.0
thirdweb,GITHUB_opened_issues_daily,2024-07-07,1.0
thirdweb,GITHUB_comments_daily,2024-02-20,25.0
Trail of Bits Security Reviews,GITHUB_stars_daily,2024-02-20,15.0
Debid - Fairblock,GITHUB_commits_daily,2024-02-20,6.0
Walnut,GITHUB_commits_daily,2024-02-20,5.0
Redstone Finance,GITHUB_commits_daily,2024-02-20,3.0
Pyth Network,GITHUB_releases_daily,2024-02-20,1.0
Syndicate Protocol,GITHUB_repositories_daily,2024-02-20,1.0
Open Source Observer,GITHUB_repositories_daily,2024-02-20,1.0
Syndicate Protocol,GITHUB_contributors_daily,2024-02-20,1.0
Pyth Network,GITHUB_contributors_daily,2024-02-20,11.0
Open Source Observer,GITHUB_contributors_daily,2024-02-20,2.0
Debid - Fairblock,GITHUB_contributors_daily,2024-02-20,1.0
Runtime Verification,GITHUB_contributors_daily,2024-02-20,15.0
Runtime Verification,GITHUB_active_developers_daily,2024-02-20,1.0
Walnut,GITHUB_active_developers_daily,2024-02-20,1.0
Redstone Finance,GITHUB_active_developers_daily,2024-02-20,2.0
Pyth Network,GITHUB_merged_pull_requests_daily,2024-02-20,5.0
Trail of Bits Security Reviews,GITHUB_merged_pull_requests_daily,2024-02-20,15.0
Trail of Bits Security Reviews,GITHUB_comments_daily,2025-03-20,5.0
Redstone Finance,GITHUB_comments_daily,2025-03-20,1.0
Runtime Verification,GITHUB_comments_daily,2025-03-20,13.0
Trail of Bits Security Reviews,GITHUB_stars_daily,2025-03-20,5.0
Runtime Verification,GITHUB_stars_daily,2025-03-20,3.0
Trail of Bits Security Reviews,GITHUB_commits_daily,2025-03-20,4.0
Pyth Network,GITHUB_releases_daily,2025-03-20,3.0
thirdweb,GITHUB_releases_daily,2025-03-20,3.0
Runtime Verification,GITHUB_releases_daily,2025-03-20,7.0
Open Source Observer,GITHUB_forks_daily,2025-03-20,1.0
thirdweb,GITHUB_forks_daily,2025-03-20,1.0
Trail of Bits Security Reviews,GITHUB_repositories_daily,2025-03-20,9.0
Enclave,GITHUB_repositories_daily,2025-03-20,1.0
Runtime Verification,GITHUB_repositories_daily,2025-03-20,10.0
CodeTracer,GITHUB_repositories_daily,2025-03-20,1.0
Debid - Fairblock,GITHUB_repositories_daily,2025-03-20,1.0
Open Source Observer,GITHUB_contributors_daily,2025-03-20,4.0
Passport XYZ,GITHUB_contributors_daily,2025-03-20,2.0
Trail of Bits Security Reviews,GITHUB_active_developers_daily,2025-03-20,2.0
Runtime Verification,GITHUB_active_developers_daily,2025-03-20,5.0
Solang,GITHUB_opened_pull_requests_daily,2025-03-20,1.0
Trail of Bits Security Reviews,GITHUB_opened_pull_requests_daily,2025-03-20,4.0
CodeTracer,GITHUB_merged_pull_requests_daily,2025-03-20,1.0
Redstone Finance,GITHUB_merged_pull_requests_daily,2025-03-20,2.0
Open Source Observer,GITHUB_opened_issues_daily,2025-03-20,6.0
CodeTracer,GITHUB_closed_issues_daily,2025-03-20,1.0
Open Source Observer,GITHUB_closed_issues_daily,2025-03-20,3.0
thirdweb,GITHUB_active_contributors_quarterly,2024-05-01,46.0
Runtime Verification,GITHUB_new_contributors_quarterly,2024-05-01,2.0
Syndicate Protocol,GITHUB_part_time_contributors_quarterly,2024-05-01,2.0
WakeUp Labs,GITHUB_active_contributors_quarterly,2024-05-01,1.0
Trail of Bits Security Reviews,GITHUB_active_contributors_quarterly,2024-05-01,46.0
Redstone Finance,GITHUB_active_contributors_quarterly,2024-05-01,7.0
Walnut,GITHUB_new_contributors_quarterly,2024-05-01,9.0
Pyth Network,GITHUB_releases_biannually,2024-05-01,26.0
Trail of Bits Security Reviews,GITHUB_releases_quarterly,2024-05-01,15.0
thirdweb,GITHUB_releases_quarterly,2024-05-01,147.0
Redstone Finance,GITHUB_commits_biannually,2024-05-01,114.0
Remix IDE plugin for Arbitrum Stylus,GITHUB_commits_biannually,2024-05-01,2.0
Open Source Observer,GITHUB_commits_biannually,2024-05-01,205.0
Pyth Network,GITHUB_comments_daily,2024-05-01,24.0
Open Source Observer,GITHUB_comments_daily,2024-05-01,27.0
Syndicate Protocol,GITHUB_active_developers_biannually,2024-05-01,2.0
Redstone Finance,GITHUB_active_developers_biannually,2024-05-01,5.0
Open Source Observer,GITHUB_active_developers_biannually,2024-05-01,12.0
Runtime Verification,GITHUB_repositories_quarterly,2024-05-01,35.0
Walnut,GITHUB_repositories_quarterly,2024-05-01,6.0
Pyth Network,GITHUB_repositories_quarterly,2024-05-01,17.0
thirdweb,GITHUB_active_developers_quarterly,2024-05-01,25.0
Debid - Fairblock,GITHUB_active_developers_quarterly,2024-05-01,3.0
Runtime Verification,GITHUB_active_developers_quarterly,2024-05-01,16.0
Redstone Finance,GITHUB_active_developers_quarterly,2024-05-01,5.0
thirdweb,GITHUB_forks_monthly,2024-05-01,60.0
Walnut,GITHUB_forks_monthly,2024-05-01,20.0
Debid - Fairblock,GITHUB_forks_monthly,2024-05-01,6.0
Syndicate Protocol,GITHUB_part_time_developers_quarterly,2024-05-01,2.0
Pyth Network,GITHUB_stars_biannually,2024-05-01,42.0
Open Source Observer,GITHUB_stars_biannually,2024-05-01,7.0
thirdweb,GITHUB_stars_biannually,2024-05-01,73.0
Passport XYZ,GITHUB_stars_biannually,2024-05-01,6.0
Trail of Bits Security Reviews,GITHUB_stars_monthly,2024-05-01,381.0
Open Source Observer,GITHUB_stars_monthly,2024-05-01,7.0
Debid - Fairblock,GITHUB_commits_monthly,2024-05-01,68.0
Arbos Foundry,GITHUB_commits_monthly,2024-05-01,20.0
Runtime Verification,GITHUB_commits_monthly,2024-05-01,598.0
Walnut,GITHUB_comments_monthly,2024-05-01,126.0
Runtime Verification,GITHUB_comments_monthly,2024-05-01,748.0
thirdweb,GITHUB_comments_monthly,2024-05-01,1665.0
Runtime Verification,GITHUB_stars_quarterly,2024-05-01,33.0
Walnut,GITHUB_stars_quarterly,2024-05-01,9.0
thirdweb,GITHUB_commits_daily,2024-05-01,7.0
Debid - Fairblock,GITHUB_commits_daily,2024-05-01,20.0
Pyth Network,GITHUB_commits_daily,2024-05-01,6.0
Remix IDE plugin for Arbitrum Stylus,GITHUB_releases_monthly,2024-05-01,1.0
Debid - Fairblock,GITHUB_releases_daily,2024-05-01,1.0
Pyth Network,GITHUB_commits_quarterly,2024-05-01,160.0
Passport XYZ,GITHUB_commits_quarterly,2024-05-01,28.0
Open Source Observer,GITHUB_forks_quarterly,2024-05-01,19.0
Open Source Observer,GITHUB_forks_biannually,2024-05-01,19.0
Passport XYZ,GITHUB_forks_biannually,2024-05-01,2.0
Walnut,GITHUB_forks_biannually,2024-05-01,20.0
Trail of Bits Security Reviews,GITHUB_forks_biannually,2024-05-01,41.0
thirdweb,GITHUB_forks_quarterly,2024-05-01,60.0
Debid - Fairblock,GITHUB_forks_quarterly,2024-05-01,6.0
Redstone Finance,GITHUB_forks_quarterly,2024-05-01,40.0
Debid - Fairblock,GITHUB_repositories_daily,2024-05-01,1.0
Trail of Bits Security Reviews,GITHUB_repositories_biannually,2024-05-01,81.0
Walnut,GITHUB_repositories_biannually,2024-05-01,6.0
WakeUp Labs,GITHUB_repositories_biannually,2024-05-01,1.0
Open Source Observer,GITHUB_repositories_monthly,2024-05-01,4.0
WakeUp Labs,GITHUB_repositories_monthly,2024-05-01,1.0
Passport XYZ,GITHUB_contributors_monthly,2024-05-01,2.0
Arbos Foundry,GITHUB_contributors_monthly,2024-05-01,1.0
thirdweb,GITHUB_contributors_monthly,2024-05-01,46.0
Redstone Finance,GITHUB_contributors_quarterly,2024-05-01,7.0
Debid - Fairblock,GITHUB_contributors_biannually,2024-05-01,4.0
Syndicate Protocol,GITHUB_contributors_daily,2024-05-01,1.0
Trail of Bits Security Reviews,GITHUB_contributors_daily,2024-05-01,8.0
Debid - Fairblock,GITHUB_contributors_daily,2024-05-01,2.0
Debid - Fairblock,GITHUB_active_developers_monthly,2024-05-01,3.0
Open Source Observer,GITHUB_part_time_developers_monthly,2024-05-01,9.0
Walnut,GITHUB_part_time_developers_biannually,2024-05-01,2.0
Redstone Finance,GITHUB_part_time_developers_biannually,2024-05-01,5.0
WakeUp Labs,GITHUB_part_time_developers_biannually,2024-05-01,1.0
Arbos Foundry,GITHUB_part_time_developers_biannually,2024-05-01,1.0
Syndicate Protocol,GITHUB_part_time_developers_biannually,2024-05-01,2.0
Runtime Verification,GITHUB_active_developers_daily,2024-05-01,3.0
Arbos Foundry,GITHUB_part_time_contributors_monthly,2024-05-01,1.0
Remix IDE plugin for Arbitrum Stylus,GITHUB_active_contributors_monthly,2024-05-01,1.0
Runtime Verification,GITHUB_new_contributors_monthly,2024-05-01,2.0
Trail of Bits Security Reviews,GITHUB_active_contributors_monthly,2024-05-01,46.0
Redstone Finance,GITHUB_part_time_contributors_monthly,2024-05-01,5.0
Passport XYZ,GITHUB_new_contributors_biannually,2024-05-01,2.0
Debid - Fairblock,GITHUB_new_contributors_biannually,2024-05-01,1.0
Passport XYZ,GITHUB_part_time_contributors_biannually,2024-05-01,2.0
Remix IDE plugin for Arbitrum Stylus,GITHUB_active_contributors_biannually,2024-05-01,1.0
Arbos Foundry,GITHUB_active_contributors_biannually,2024-05-01,1.0
WakeUp Labs,GITHUB_change_in_active_developers_monthly,2024-05-01,0.0
thirdweb,GITHUB_change_in_part_time_contributors_monthly,2024-05-01,-2.0
Trail of Bits Security Reviews,GITHUB_change_in_full_time_contributors_monthly,2024-05-01,1.0
Pyth Network,GITHUB_change_in_part_time_contributors_quarterly,2024-05-01,8.0
Redstone Finance,GITHUB_change_in_active_developers_quarterly,2024-05-01,1.0
Debid - Fairblock,GITHUB_change_in_active_developers_biannually,2024-05-01,0.0
Syndicate Protocol,GITHUB_change_in_part_time_contributors_biannually,2024-05-01,0.0
Trail of Bits Security Reviews,GITHUB_change_in_part_time_contributors_biannually,2024-05-01,0.0
Open Source Observer,GITHUB_change_in_part_time_contributors_quarterly,2024-05-01,-19.0
Arbos Foundry,GITHUB_change_in_active_developers_biannually,2024-05-01,1.0
Walnut,GITHUB_change_in_part_time_contributors_biannually,2024-05-01,-4.0
Remix IDE plugin for Arbitrum Stylus,GITHUB_change_in_part_time_contributors_quarterly,2024-05-01,0.0
Syndicate Protocol,GITHUB_change_in_part_time_contributors_quarterly,2024-05-01,0.0
Trail of Bits Security Reviews,GITHUB_change_in_active_developers_quarterly,2024-05-01,0.0
Arbos Foundry,GITHUB_change_in_part_time_contributors_quarterly,2024-05-01,1.0
Pyth Network,GITHUB_change_in_active_developers_quarterly,2024-05-01,8.0
Trail of Bits Security Reviews,GITHUB_opened_pull_requests_daily,2024-05-01,7.0
Open Source Observer,GITHUB_opened_pull_requests_daily,2024-05-01,8.0
Passport XYZ,GITHUB_opened_pull_requests_monthly,2024-05-01,18.0
Walnut,GITHUB_opened_pull_requests_monthly,2024-05-01,22.0
thirdweb,GITHUB_opened_pull_requests_monthly,2024-05-01,450.0
thirdweb,GITHUB_opened_pull_requests_biannually,2024-05-01,450.0
Runtime Verification,GITHUB_opened_pull_requests_quarterly,2024-05-01,290.0
thirdweb,GITHUB_opened_pull_requests_quarterly,2024-05-01,450.0
Open Source Observer,GITHUB_opened_pull_requests_quarterly,2024-05-01,176.0
Pyth Network,GITHUB_opened_pull_requests_quarterly,2024-05-01,211.0
Debid - Fairblock,GITHUB_opened_pull_requests_biannually,2024-05-01,3.0
Trail of Bits Security Reviews,GITHUB_opened_pull_requests_biannually,2024-05-01,233.0
Walnut,GITHUB_opened_pull_requests_biannually,2024-05-01,22.0
Debid - Fairblock,GITHUB_merged_pull_requests_daily,2024-05-01,1.0
Debid - Fairblock,GITHUB_merged_pull_requests_monthly,2024-05-01,5.0
Trail of Bits Security Reviews,GITHUB_merged_pull_requests_biannually,2024-05-01,196.0
Redstone Finance,GITHUB_merged_pull_requests_biannually,2024-05-01,6.0
Open Source Observer,GITHUB_merged_pull_requests_quarterly,2024-05-01,161.0
Runtime Verification,GITHUB_merged_pull_requests_quarterly,2024-05-01,262.0
thirdweb,GITHUB_merged_pull_requests_quarterly,2024-05-01,378.0
Syndicate Protocol,GITHUB_merged_pull_requests_quarterly,2024-05-01,5.0
Trail of Bits Security Reviews,GITHUB_merged_pull_requests_quarterly,2024-05-01,196.0
Open Source Observer,GITHUB_opened_issues_monthly,2024-05-01,96.0
Pyth Network,GITHUB_opened_issues_monthly,2024-05-01,2.0
Trail of Bits Security Reviews,GITHUB_opened_issues_monthly,2024-05-01,31.0
Walnut,GITHUB_opened_issues_monthly,2024-05-01,17.0
Trail of Bits Security Reviews,GITHUB_opened_issues_quarterly,2024-05-01,31.0
Runtime Verification,GITHUB_opened_issues_daily,2024-05-01,3.0
thirdweb,GITHUB_opened_issues_biannually,2024-05-01,24.0
Redstone Finance,GITHUB_opened_issues_biannually,2024-05-01,2.0
Redstone Finance,GITHUB_closed_issues_monthly,2024-05-01,2.0
Walnut,GITHUB_closed_issues_quarterly,2024-05-01,10.0
Open Source Observer,GITHUB_closed_issues_quarterly,2024-05-01,71.0
thirdweb,GITHUB_closed_issues_biannually,2024-05-01,35.0
Runtime Verification,GITHUB_closed_issues_biannually,2024-05-01,60.0
Runtime Verification,GITHUB_avg_prs_time_to_merge_quarterly,2024-05-01,0.0
Pyth Network,GITHUB_avg_prs_time_to_merge_quarterly,2024-05-01,0.0
Trail of Bits Security Reviews,GITHUB_avg_prs_time_to_merge_biannually,2024-05-01,0.0
Walnut,GITHUB_avg_prs_time_to_merge_biannually,2024-05-01,0.0
Open Source Observer,GITHUB_avg_prs_time_to_merge_biannually,2024-05-01,0.0
Trail of Bits Security Reviews,GITHUB_avg_time_to_first_response_quarterly,2024-05-01,901821.1704918033
Redstone Finance,GITHUB_avg_time_to_first_response_quarterly,2024-05-01,32636.125
Redstone Finance,GITHUB_avg_prs_time_to_merge_biannually,2024-05-01,0.0
Runtime Verification,GITHUB_avg_prs_time_to_merge_biannually,2024-05-01,0.0
Trail of Bits Security Reviews,GITHUB_avg_time_to_first_response_biannually,2024-05-01,901821.1704918033
thirdweb,GITHUB_avg_time_to_first_response_biannually,2024-05-01,1206034.9641025641
Pyth Network,GITHUB_avg_time_to_first_response_biannually,2024-05-01,71989.27403846153
Pyth Network,GITHUB_change_in_active_contributors_monthly,2024-05-01,8.0
Syndicate Protocol,GITHUB_churned_contributors_monthly,2024-05-01,0.0
Debid - Fairblock,GITHUB_churned_contributors_quarterly,2024-05-01,-1.0
Debid - Fairblock,GITHUB_change_in_active_contributors_quarterly,2024-05-01,0.0
Debid - Fairblock,GITHUB_change_in_full_time_contributors_quarterly,2024-05-01,0.0
Runtime Verification,GITHUB_churned_contributors_quarterly,2024-05-01,6.0
Trail of Bits Security Reviews,GITHUB_change_in_new_contributors_monthly,2024-05-01,-4.0
Redstone Finance,GITHUB_change_in_active_contributors_monthly,2024-05-01,1.0
Walnut,GITHUB_change_in_new_contributors_monthly,2024-05-01,-4.0
Passport XYZ,GITHUB_change_in_active_contributors_quarterly,2024-05-01,
Open Source Observer,GITHUB_change_in_new_contributors_monthly,2024-05-01,-17.0
Trail of Bits Security Reviews,GITHUB_change_in_active_contributors_quarterly,2024-05-01,0.0
Trail of Bits Security Reviews,GITHUB_churned_contributors_quarterly,2024-05-01,-22.0
Arbos Foundry,GITHUB_change_in_new_contributors_monthly,2024-05-01,0.0
thirdweb,GITHUB_churned_contributors_monthly,2024-05-01,-24.0
Runtime Verification,GITHUB_churned_contributors_monthly,2024-05-01,6.0
Remix IDE plugin for Arbitrum Stylus,GITHUB_change_in_active_contributors_quarterly,2024-05-01,0.0
Remix IDE plugin for Arbitrum Stylus,GITHUB_change_in_new_contributors_quarterly,2024-05-01,0.0
Pyth Network,GITHUB_churned_contributors_biannually,2024-05-01,-4.0
Passport XYZ,GITHUB_churned_contributors_biannually,2024-05-01,
Passport XYZ,GITHUB_change_in_active_contributors_biannually,2024-05-01,
Syndicate Protocol,GITHUB_churned_contributors_biannually,2024-05-01,0.0
Remix IDE plugin for Arbitrum Stylus,GITHUB_change_in_full_time_contributors_biannually,2024-05-01,0.0
Walnut,GITHUB_change_in_new_contributors_biannually,2024-05-01,-4.0
Walnut,GITHUB_churned_contributors_biannually,2024-05-01,-13.0
Open Source Observer,GITHUB_churned_contributors_biannually,2024-05-01,-42.0
Remix IDE plugin for Arbitrum Stylus,GITHUB_change_in_active_contributors_monthly,2024-05-01,0.0
thirdweb,GITHUB_change_in_new_contributors_biannually,2024-05-01,-2.0
thirdweb,GITHUB_change_in_active_contributors_biannually,2024-05-01,-1.0
thirdweb,GITHUB_change_in_full_time_contributors_biannually,2024-05-01,0.0
Runtime Verification,GITHUB_change_in_full_time_contributors_biannually,2024-05-01,0.0
Open Source Observer,GITHUB_change_in_new_contributors_biannually,2024-05-01,-17.0
Arbos Foundry,GITHUB_churned_contributors_biannually,2024-05-01,1.0
Walnut,GITHUB_forks_weekly,2024-03-04,1.0
thirdweb,GITHUB_forks_weekly,2024-03-04,18.0
Redstone Finance,GITHUB_forks_weekly,2024-03-04,5.0
Walnut,GITHUB_comments_daily,2024-03-04,3.0
thirdweb,GITHUB_stars_daily,2024-03-04,1.0
Trail of Bits Security Reviews,GITHUB_stars_weekly,2024-03-04,88.0
Pyth Network,GITHUB_stars_weekly,2024-03-04,17.0
Debid - Fairblock,GITHUB_commits_daily,2024-03-04,4.0
Pyth Network,GITHUB_releases_weekly,2024-03-04,4.0
Pyth Network,GITHUB_releases_daily,2024-03-04,1.0
Runtime Verification,GITHUB_commits_weekly,2024-03-04,113.0
thirdweb,GITHUB_comments_weekly,2024-03-04,264.0
Redstone Finance,GITHUB_comments_weekly,2024-03-04,3.0
thirdweb,GITHUB_commits_weekly,2024-03-04,92.0
thirdweb,GITHUB_repositories_weekly,2024-03-04,10.0
Redstone Finance,GITHUB_forks_daily,2024-03-04,1.0
Pyth Network,GITHUB_forks_daily,2024-03-04,1.0
Walnut,GITHUB_contributors_weekly,2024-03-04,3.0
Syndicate Protocol,GITHUB_active_developers_weekly,2024-03-04,2.0
thirdweb,GITHUB_active_developers_weekly,2024-03-04,13.0
thirdweb,GITHUB_contributors_daily,2024-03-04,9.0
Debid - Fairblock,GITHUB_contributors_daily,2024-03-04,1.0
Debid - Fairblock,GITHUB_active_developers_daily,2024-03-04,1.0
thirdweb,GITHUB_opened_pull_requests_daily,2024-03-04,22.0
Debid - Fairblock,GITHUB_opened_pull_requests_weekly,2024-03-04,18.0
Runtime Verification,GITHUB_opened_pull_requests_weekly,2024-03-04,108.0
thirdweb,GITHUB_opened_pull_requests_weekly,2024-03-04,92.0
Open Source Observer,GITHUB_merged_pull_requests_weekly,2024-03-04,14.0
Debid - Fairblock,GITHUB_merged_pull_requests_weekly,2024-03-04,15.0
Pyth Network,GITHUB_merged_pull_requests_weekly,2024-03-04,17.0
thirdweb,GITHUB_merged_pull_requests_weekly,2024-03-04,74.0
Runtime Verification,GITHUB_merged_pull_requests_weekly,2024-03-04,96.0
Trail of Bits Security Reviews,GITHUB_opened_issues_weekly,2024-03-04,8.0
Runtime Verification,GITHUB_opened_issues_weekly,2024-03-04,25.0
Walnut,GITHUB_opened_issues_weekly,2024-03-04,1.0
thirdweb,GITHUB_opened_issues_weekly,2024-03-04,5.0
Trail of Bits Security Reviews,GITHUB_opened_issues_daily,2024-03-04,2.0
thirdweb,GITHUB_closed_issues_weekly,2024-03-04,3.0
Walnut,GITHUB_closed_issues_weekly,2024-03-04,6.0
Open Source Observer,GITHUB_closed_issues_weekly,2024-03-04,16.0
Trail of Bits Security Reviews,GITHUB_closed_issues_weekly,2024-03-04,8.0
Open Source Observer,GITHUB_comments_daily,2024-03-19,24.0
Trail of Bits Security Reviews,GITHUB_comments_daily,2024-03-19,8.0
Runtime Verification,GITHUB_comments_daily,2024-03-19,38.0
Redstone Finance,GITHUB_comments_daily,2024-03-19,1.0
Debid - Fairblock,GITHUB_comments_daily,2024-03-19,1.0
Pyth Network,GITHUB_commits_daily,2024-03-19,3.0
Trail of Bits Security Reviews,GITHUB_forks_daily,2024-03-19,1.0
Walnut,GITHUB_forks_daily,2024-03-19,4.0
Redstone Finance,GITHUB_repositories_daily,2024-03-19,4.0
Runtime Verification,GITHUB_repositories_daily,2024-03-19,12.0
Open Source Observer,GITHUB_contributors_daily,2024-03-19,4.0
Pyth Network,GITHUB_contributors_daily,2024-03-19,4.0
Redstone Finance,GITHUB_contributors_daily,2024-03-19,2.0
Runtime Verification,GITHUB_active_developers_daily,2024-03-19,3.0
Walnut,GITHUB_active_developers_daily,2024-03-19,1.0
Walnut,GITHUB_opened_pull_requests_daily,2024-03-19,3.0
Open Source Observer,GITHUB_merged_pull_requests_daily,2024-03-19,15.0
Redstone Finance,GITHUB_merged_pull_requests_daily,2024-03-19,1.0
thirdweb,GITHUB_merged_pull_requests_daily,2024-03-19,25.0
Walnut,GITHUB_closed_issues_daily,2024-03-19,4.0
thirdweb,GITHUB_comments_daily,2025-01-25,3.0
Solang,GITHUB_comments_daily,2025-01-25,1.0
Trail of Bits Security Reviews,GITHUB_comments_daily,2025-01-25,11.0
Pyth Network,GITHUB_commits_daily,2025-01-25,3.0
9Lives,GITHUB_commits_daily,2025-01-25,2.0
thirdweb,GITHUB_releases_daily,2025-01-25,1.0
Walnut,GITHUB_repositories_daily,2025-01-25,1.0
Walnut,GITHUB_contributors_daily,2025-01-25,1.0
Open Source Observer,GITHUB_contributors_daily,2025-01-25,4.0
Open Source Observer,GITHUB_merged_pull_requests_daily,2025-01-25,3.0
Pyth Network,GITHUB_merged_pull_requests_daily,2025-01-25,2.0
Open Source Observer,GITHUB_opened_issues_daily,2025-01-25,3.0
Open Source Observer,GITHUB_closed_issues_daily,2025-01-25,2.0
Pyth Network,GITHUB_comments_daily,2024-10-05,2.0
Open Source Observer,GITHUB_stars_daily,2024-10-05,1.0
Enclave,GITHUB_stars_daily,2024-10-05,1.0
Trail of Bits Security Reviews,GITHUB_commits_daily,2024-10-05,1.0
Trail of Bits Security Reviews,GITHUB_forks_daily,2024-10-05,1.0
Arbos Foundry,GITHUB_repositories_daily,2024-10-05,1.0
Enclave,GITHUB_repositories_daily,2024-10-05,1.0
Runtime Verification,GITHUB_repositories_daily,2024-10-05,1.0
thirdweb,GITHUB_repositories_daily,2024-10-05,3.0
Open Source Observer,GITHUB_repositories_daily,2024-10-05,3.0
Runtime Verification,GITHUB_contributors_daily,2024-10-05,1.0
thirdweb,GITHUB_contributors_daily,2024-10-05,6.0
Open Source Observer,GITHUB_active_developers_daily,2024-10-05,2.0
Open Source Observer,GITHUB_merged_pull_requests_daily,2024-10-05,4.0
Trail of Bits Security Reviews,GITHUB_merged_pull_requests_daily,2024-10-05,1.0
Open Source Observer,GITHUB_closed_issues_daily,2024-10-05,2.0
thirdweb,GITHUB_comments_daily,2024-12-12,84.0
Pyth Network,GITHUB_comments_daily,2024-12-12,28.0
Redstone Finance,GITHUB_comments_daily,2024-12-12,1.0
Trail of Bits Security Reviews,GITHUB_stars_daily,2024-12-12,11.0
thirdweb,GITHUB_stars_daily,2024-12-12,1.0
Passport XYZ,GITHUB_stars_daily,2024-12-12,2.0
thirdweb,GITHUB_commits_daily,2024-12-12,17.0
Runtime Verification,GITHUB_releases_daily,2024-12-12,2.0
thirdweb,GITHUB_releases_daily,2024-12-12,4.0
Pyth Network,GITHUB_releases_daily,2024-12-12,1.0
Passport XYZ,GITHUB_releases_daily,2024-12-12,2.0
Trail of Bits Security Reviews,GITHUB_forks_daily,2024-12-12,3.0
Open Source Observer,GITHUB_repositories_daily,2024-12-12,3.0
Runtime Verification,GITHUB_repositories_daily,2024-12-12,2.0
Arbos Foundry,GITHUB_active_developers_daily,2024-12-12,1.0
Walnut,GITHUB_contributors_daily,2024-12-12,2.0
Trail of Bits Security Reviews,GITHUB_contributors_daily,2024-12-12,5.0
Enclave,GITHUB_contributors_daily,2024-12-12,1.0
Debid - Fairblock,GITHUB_contributors_daily,2024-12-12,1.0
thirdweb,GITHUB_contributors_daily,2024-12-12,11.0
Runtime Verification,GITHUB_opened_pull_requests_daily,2024-12-12,2.0
Walnut,GITHUB_opened_pull_requests_daily,2024-12-12,2.0
Trail of Bits Security Reviews,GITHUB_opened_pull_requests_daily,2024-12-12,3.0
Open Source Observer,GITHUB_opened_pull_requests_daily,2024-12-12,6.0
Pyth Network,GITHUB_merged_pull_requests_daily,2024-12-12,6.0
Trail of Bits Security Reviews,GITHUB_merged_pull_requests_daily,2024-12-12,2.0
thirdweb,GITHUB_merged_pull_requests_daily,2024-12-12,17.0
Open Source Observer,GITHUB_opened_issues_daily,2024-12-12,4.0
Trail of Bits Security Reviews,GITHUB_stars_daily,2024-12-15,16.0
Open Source Observer,GITHUB_commits_daily,2024-12-15,8.0
Ember,GITHUB_commits_daily,2024-12-15,4.0
Ember,GITHUB_repositories_daily,2024-12-15,1.0
Runtime Verification,GITHUB_repositories_daily,2024-12-15,2.0
thirdweb,GITHUB_forks_daily,2024-12-15,2.0
Trail of Bits Security Reviews,GITHUB_forks_daily,2024-12-15,4.0
Runtime Verification,GITHUB_opened_pull_requests_daily,2024-12-15,1.0
Open Source Observer,GITHUB_merged_pull_requests_daily,2024-12-15,4.0
thirdweb,GITHUB_merged_pull_requests_daily,2024-12-15,1.0
Ember,GITHUB_active_developers_daily,2024-12-15,1.0
Walnut,GITHUB_active_developers_daily,2024-12-15,1.0
Runtime Verification,GITHUB_contributors_daily,2024-12-15,1.0
Open Source Observer,GITHUB_contributors_daily,2024-12-15,2.0
Open Source Observer,GITHUB_closed_issues_daily,2024-12-15,1.0
Open Source Observer,GITHUB_opened_issues_daily,2024-12-15,2.0
thirdweb,GITHUB_stars_daily,2025-02-21,2.0
thirdweb,GITHUB_commits_daily,2025-02-21,5.0
Redstone Finance,GITHUB_commits_daily,2025-02-21,15.0
Walnut,GITHUB_repositories_daily,2025-02-21,4.0
Open Source Observer,GITHUB_repositories_daily,2025-02-21,1.0
Open Source Observer,GITHUB_contributors_daily,2025-02-21,4.0
Open Source Observer,GITHUB_active_developers_daily,2025-02-21,2.0
Solang,GITHUB_opened_pull_requests_daily,2025-02-21,1.0
Open Source Observer,GITHUB_opened_pull_requests_daily,2025-02-21,6.0
Runtime Verification,GITHUB_closed_issues_daily,2025-02-21,4.0
Trail of Bits Security Reviews,GITHUB_comments_daily,2025-01-29,9.0
Runtime Verification,GITHUB_comments_daily,2025-01-29,5.0
Pyth Network,GITHUB_comments_daily,2025-01-29,31.0
Trail of Bits Security Reviews,GITHUB_commits_daily,2025-01-29,3.0
Moving Stylus,GITHUB_commits_daily,2025-01-29,2.0
thirdweb,GITHUB_forks_daily,2025-01-29,4.0
Trail of Bits Security Reviews,GITHUB_repositories_daily,2025-01-29,11.0
thirdweb,GITHUB_repositories_daily,2025-01-29,6.0
Walnut,GITHUB_contributors_daily,2025-01-29,2.0
Passport XYZ,GITHUB_contributors_daily,2025-01-29,4.0
thirdweb,GITHUB_active_developers_daily,2025-01-29,4.0
Open Source Observer,GITHUB_active_developers_daily,2025-01-29,4.0
Runtime Verification,GITHUB_opened_pull_requests_daily,2025-01-29,5.0
thirdweb,GITHUB_opened_pull_requests_daily,2025-01-29,22.0
thirdweb,GITHUB_merged_pull_requests_daily,2025-01-29,18.0
Passport XYZ,GITHUB_merged_pull_requests_daily,2025-01-29,17.0
Trail of Bits Security Reviews,GITHUB_merged_pull_requests_daily,2025-01-29,4.0
Pyth Network,GITHUB_merged_pull_requests_daily,2025-01-29,6.0
Passport XYZ,GITHUB_closed_issues_daily,2025-01-29,12.0
Runtime Verification,GITHUB_stars_daily,2025-01-22,1.0
Pyth Network,GITHUB_commits_daily,2025-01-22,16.0
Trail of Bits Security Reviews,GITHUB_commits_daily,2025-01-22,24.0
Pyth Network,GITHUB_repositories_daily,2025-01-22,4.0
Trail of Bits Security Reviews,GITHUB_repositories_daily,2025-01-22,8.0
Walnut,GITHUB_repositories_daily,2025-01-22,2.0
9Lives,GITHUB_contributors_daily,2025-01-22,1.0
Passport XYZ,GITHUB_contributors_daily,2025-01-22,5.0
Walnut,GITHUB_active_developers_daily,2025-01-22,1.0
Solang,GITHUB_opened_pull_requests_daily,2025-01-22,1.0
Walnut,GITHUB_opened_pull_requests_daily,2025-01-22,1.0
thirdweb,GITHUB_opened_pull_requests_daily,2025-01-22,15.0
Runtime Verification,GITHUB_merged_pull_requests_daily,2025-01-22,3.0
Open Source Observer,GITHUB_opened_issues_daily,2025-01-22,3.0
Pyth Network,GITHUB_forks_weekly,2024-07-15,5.0
Trail of Bits Security Reviews,GITHUB_stars_daily,2024-07-15,9.0
Debid - Fairblock,GITHUB_stars_weekly,2024-07-15,1.0
thirdweb,GITHUB_commits_daily,2024-07-15,11.0
Trail of Bits Security Reviews,GITHUB_commits_daily,2024-07-15,13.0
Runtime Verification,GITHUB_releases_weekly,2024-07-15,50.0
Runtime Verification,GITHUB_releases_daily,2024-07-15,6.0
Arbos Foundry,GITHUB_commits_weekly,2024-07-15,20.0
Passport XYZ,GITHUB_commits_weekly,2024-07-15,58.0
Pyth Network,GITHUB_commits_weekly,2024-07-15,27.0
Runtime Verification,GITHUB_comments_weekly,2024-07-15,117.0
thirdweb,GITHUB_repositories_weekly,2024-07-15,7.0
Trail of Bits Security Reviews,GITHUB_forks_daily,2024-07-15,3.0
Open Source Observer,GITHUB_repositories_daily,2024-07-15,2.0
Redstone Finance,GITHUB_repositories_daily,2024-07-15,2.0
Redstone Finance,GITHUB_contributors_weekly,2024-07-15,4.0
Passport XYZ,GITHUB_active_developers_weekly,2024-07-15,3.0
Enclave,GITHUB_active_developers_weekly,2024-07-15,1.0
Walnut,GITHUB_active_developers_weekly,2024-07-15,1.0
Pyth Network,GITHUB_contributors_daily,2024-07-15,5.0
Walnut,GITHUB_contributors_daily,2024-07-15,3.0
Redstone Finance,GITHUB_contributors_daily,2024-07-15,2.0
thirdweb,GITHUB_contributors_daily,2024-07-15,10.0
Open Source Observer,GITHUB_contributors_daily,2024-07-15,3.0
Trail of Bits Security Reviews,GITHUB_active_developers_daily,2024-07-15,4.0
Pyth Network,GITHUB_active_developers_daily,2024-07-15,3.0
Walnut,GITHUB_opened_pull_requests_daily,2024-07-15,1.0
thirdweb,GITHUB_opened_pull_requests_daily,2024-07-15,17.0
Runtime Verification,GITHUB_opened_pull_requests_weekly,2024-07-15,63.0
Runtime Verification,GITHUB_merged_pull_requests_daily,2024-07-15,8.0
Pyth Network,GITHUB_merged_pull_requests_weekly,2024-07-15,24.0
Walnut,GITHUB_merged_pull_requests_weekly,2024-07-15,4.0
Trail of Bits Security Reviews,GITHUB_closed_issues_weekly,2024-07-15,5.0
Pyth Network,GITHUB_closed_issues_daily,2024-07-15,1.0
Trail of Bits Security Reviews,GITHUB_comments_daily,2024-11-19,20.0
Pyth Network,GITHUB_releases_daily,2024-11-19,1.0
Trail of Bits Security Reviews,GITHUB_stars_daily,2024-11-19,18.0
Trail of Bits Security Reviews,GITHUB_commits_daily,2024-11-19,11.0
Walnut,GITHUB_commits_daily,2024-11-19,4.0
Trail of Bits Security Reviews,GITHUB_forks_daily,2024-11-19,1.0
Redstone Finance,GITHUB_repositories_daily,2024-11-19,4.0
thirdweb,GITHUB_repositories_daily,2024-11-19,5.0
Runtime Verification,GITHUB_contributors_daily,2024-11-19,5.0
Open Source Observer,GITHUB_contributors_daily,2024-11-19,3.0
Redstone Finance,GITHUB_contributors_daily,2024-11-19,3.0
thirdweb,GITHUB_contributors_daily,2024-11-19,12.0
Redstone Finance,GITHUB_active_developers_daily,2024-11-19,2.0
thirdweb,GITHUB_opened_pull_requests_daily,2024-11-19,10.0
Trail of Bits Security Reviews,GITHUB_merged_pull_requests_daily,2024-11-19,9.0
Pyth Network,GITHUB_merged_pull_requests_daily,2024-11-19,8.0
Passport XYZ,GITHUB_merged_pull_requests_daily,2024-11-19,3.0
Runtime Verification,GITHUB_merged_pull_requests_daily,2024-11-19,2.0
Open Source Observer,GITHUB_opened_issues_daily,2024-11-19,5.0
Open Source Observer,GITHUB_closed_issues_daily,2024-11-19,10.0
Passport XYZ,GITHUB_comments_daily,2024-05-09,4.0
Redstone Finance,GITHUB_comments_daily,2024-05-09,1.0
Open Source Observer,GITHUB_comments_daily,2024-05-09,17.0
Trail of Bits Security Reviews,GITHUB_comments_daily,2024-05-09,5.0
thirdweb,GITHUB_stars_daily,2024-05-09,1.0
Runtime Verification,GITHUB_commits_daily,2024-05-09,29.0
Open Source Observer,GITHUB_commits_daily,2024-05-09,7.0
Trail of Bits Security Reviews,GITHUB_forks_daily,2024-05-09,4.0
thirdweb,GITHUB_forks_daily,2024-05-09,2.0
Trail of Bits Security Reviews,GITHUB_repositories_daily,2024-05-09,9.0
Remix IDE plugin for Arbitrum Stylus,GITHUB_contributors_daily,2024-05-09,1.0
Runtime Verification,GITHUB_contributors_daily,2024-05-09,12.0
Redstone Finance,GITHUB_contributors_daily,2024-05-09,3.0
Passport XYZ,GITHUB_active_developers_daily,2024-05-09,1.0
Redstone Finance,GITHUB_active_developers_daily,2024-05-09,3.0
Open Source Observer,GITHUB_active_developers_daily,2024-05-09,2.0
thirdweb,GITHUB_active_developers_daily,2024-05-09,9.0
Trail of Bits Security Reviews,GITHUB_opened_pull_requests_daily,2024-05-09,6.0
Redstone Finance,GITHUB_merged_pull_requests_daily,2024-05-09,1.0
Runtime Verification,GITHUB_merged_pull_requests_daily,2024-05-09,14.0
Runtime Verification,GITHUB_opened_issues_daily,2024-05-09,7.0
Trail of Bits Security Reviews,GITHUB_closed_issues_daily,2024-05-09,2.0
Runtime Verification,GITHUB_closed_issues_daily,2024-05-09,1.0
Open Source Observer,GITHUB_closed_issues_daily,2024-05-09,2.0
Pyth Network,GITHUB_stars_daily,2024-10-20,1.0
Open Source Observer,GITHUB_commits_daily,2024-10-20,42.0
thirdweb,GITHUB_forks_daily,2024-10-20,4.0
thirdweb,GITHUB_repositories_daily,2024-10-20,1.0
Redstone Finance,GITHUB_repositories_daily,2024-10-20,1.0
Trail of Bits Security Reviews,GITHUB_contributors_daily,2024-10-20,2.0
Redstone Finance,GITHUB_contributors_daily,2024-10-20,1.0
Trail of Bits Security Reviews,GITHUB_opened_pull_requests_daily,2024-10-20,6.0
Open Source Observer,GITHUB_opened_pull_requests_daily,2024-10-20,12.0
thirdweb,GITHUB_opened_pull_requests_daily,2024-10-20,2.0
Trail of Bits Security Reviews,GITHUB_comments_daily,2024-08-26,12.0
Runtime Verification,GITHUB_comments_daily,2024-08-26,23.0
Pyth Network,GITHUB_releases_weekly,2024-08-26,10.0
thirdweb,GITHUB_releases_weekly,2024-08-26,5.0
Passport XYZ,GITHUB_commits_daily,2024-08-26,4.0
Trail of Bits Security Reviews,GITHUB_commits_daily,2024-08-26,14.0
Debid - Fairblock,GITHUB_commits_daily,2024-08-26,20.0
Arbos Foundry,GITHUB_commits_weekly,2024-08-26,40.0
Open Source Observer,GITHUB_commits_weekly,2024-08-26,26.0
thirdweb,GITHUB_commits_weekly,2024-08-26,58.0
thirdweb,GITHUB_comments_weekly,2024-08-26,550.0
Passport XYZ,GITHUB_comments_weekly,2024-08-26,42.0
Trail of Bits Security Reviews,GITHUB_releases_daily,2024-08-26,1.0
thirdweb,GITHUB_repositories_weekly,2024-08-26,6.0
Runtime Verification,GITHUB_repositories_weekly,2024-08-26,22.0
Trail of Bits Security Reviews,GITHUB_repositories_weekly,2024-08-26,40.0
Arbos Foundry,GITHUB_repositories_weekly,2024-08-26,2.0
Pyth Network,GITHUB_repositories_weekly,2024-08-26,12.0
thirdweb,GITHUB_forks_daily,2024-08-26,1.0
Passport XYZ,GITHUB_repositories_daily,2024-08-26,1.0
Redstone Finance,GITHUB_repositories_daily,2024-08-26,4.0
Passport XYZ,GITHUB_contributors_weekly,2024-08-26,4.0
Walnut,GITHUB_contributors_weekly,2024-08-26,3.0
Arbos Foundry,GITHUB_active_developers_weekly,2024-08-26,1.0
thirdweb,GITHUB_active_developers_weekly,2024-08-26,7.0
Walnut,GITHUB_active_developers_weekly,2024-08-26,1.0
Trail of Bits Security Reviews,GITHUB_active_developers_weekly,2024-08-26,10.0
Debid - Fairblock,GITHUB_contributors_daily,2024-08-26,1.0
Pyth Network,GITHUB_active_developers_daily,2024-08-26,4.0
Debid - Fairblock,GITHUB_active_developers_daily,2024-08-26,1.0
thirdweb,GITHUB_active_developers_daily,2024-08-26,3.0
Enclave,GITHUB_opened_pull_requests_weekly,2024-08-26,14.0
Open Source Observer,GITHUB_opened_pull_requests_weekly,2024-08-26,23.0
Runtime Verification,GITHUB_opened_pull_requests_weekly,2024-08-26,49.0
Trail of Bits Security Reviews,GITHUB_opened_pull_requests_weekly,2024-08-26,50.0
Enclave,GITHUB_opened_pull_requests_daily,2024-08-26,3.0
Open Source Observer,GITHUB_merged_pull_requests_weekly,2024-08-26,23.0
Enclave,GITHUB_opened_issues_weekly,2024-08-26,6.0
Trail of Bits Security Reviews,GITHUB_closed_issues_weekly,2024-08-26,1.0
thirdweb,GITHUB_closed_issues_weekly,2024-08-26,6.0
Runtime Verification,GITHUB_closed_issues_weekly,2024-08-26,1.0
Passport XYZ,GITHUB_closed_issues_daily,2024-08-26,4.0
Open Source Observer,GITHUB_closed_issues_daily,2024-08-26,1.0
thirdweb,GITHUB_stars_daily,2024-05-26,1.0
Runtime Verification,GITHUB_stars_daily,2024-05-26,1.0
Open Source Observer,GITHUB_commits_daily,2024-05-26,1.0
Trail of Bits Security Reviews,GITHUB_forks_daily,2024-05-26,1.0
thirdweb,GITHUB_repositories_daily,2024-05-26,5.0
thirdweb,GITHUB_contributors_daily,2024-05-26,5.0
thirdweb,GITHUB_comments_daily,2025-03-04,33.0
Pyth Network,GITHUB_comments_daily,2025-03-04,18.0
Debid - Fairblock,GITHUB_stars_daily,2025-03-04,2.0
Redstone Finance,GITHUB_stars_daily,2025-03-04,4.0
Runtime Verification,GITHUB_commits_daily,2025-03-04,3.0
Trail of Bits Security Reviews,GITHUB_releases_daily,2025-03-04,1.0
thirdweb,GITHUB_releases_daily,2025-03-04,1.0
Trail of Bits Security Reviews,GITHUB_forks_daily,2025-03-04,2.0
Pyth Network,GITHUB_repositories_daily,2025-03-04,6.0
Solang,GITHUB_repositories_daily,2025-03-04,1.0
Redstone Finance,GITHUB_active_developers_daily,2025-03-04,3.0
Trail of Bits Security Reviews,GITHUB_active_developers_daily,2025-03-04,2.0
9Lives,GITHUB_active_developers_daily,2025-03-04,3.0
Runtime Verification,GITHUB_contributors_daily,2025-03-04,7.0
9Lives,GITHUB_contributors_daily,2025-03-04,3.0
Pyth Network,GITHUB_contributors_daily,2025-03-04,8.0
Redstone Finance,GITHUB_contributors_daily,2025-03-04,5.0
Passport XYZ,GITHUB_contributors_daily,2025-03-04,3.0
Pyth Network,GITHUB_opened_pull_requests_daily,2025-03-04,6.0
CodeTracer,GITHUB_merged_pull_requests_daily,2025-03-04,1.0
Pyth Network,GITHUB_merged_pull_requests_daily,2025-03-04,5.0
Runtime Verification,GITHUB_merged_pull_requests_daily,2025-03-04,2.0
Walnut,GITHUB_merged_pull_requests_daily,2025-03-04,3.0
thirdweb,GITHUB_opened_issues_daily,2025-03-04,1.0
Pyth Network,GITHUB_opened_issues_daily,2025-03-04,1.0
Open Source Observer,GITHUB_closed_issues_daily,2025-03-04,7.0
Remix IDE plugin for Arbitrum Stylus,GITHUB_opened_pull_requests_over_all_time,2025-04-14,60.0
Syndicate Protocol,GITHUB_opened_pull_requests_over_all_time,2025-04-14,17.0
Passport XYZ,GITHUB_opened_pull_requests_over_all_time,2025-04-14,509.0
Walnut,GITHUB_active_developers_over_all_time,2025-04-14,10.0
Pyth Network,GITHUB_stars_over_all_time,2025-04-14,988.0
thirdweb,GITHUB_merged_pull_requests_over_all_time,2025-04-14,10276.0
Syndicate Protocol,GITHUB_merged_pull_requests_over_all_time,2025-04-14,13.0
Runtime Verification,GITHUB_merged_pull_requests_over_all_time,2025-04-14,8009.0
Redstone Finance,GITHUB_merged_pull_requests_over_all_time,2025-04-14,1123.0
CodeTracer,GITHUB_active_developers_over_all_time,2025-04-14,6.0
Ember,GITHUB_active_developers_over_all_time,2025-04-14,1.0
Moving Stylus,GITHUB_avg_time_to_first_response_over_all_time,2025-04-14,1.6956521739130435
Remix IDE plugin for Arbitrum Stylus,GITHUB_avg_time_to_first_response_over_all_time,2025-04-14,129110.60655737705
9Lives,GITHUB_avg_time_to_first_response_over_all_time,2025-04-14,1209576.875
WakeUp Labs,GITHUB_opened_issues_over_all_time,2025-04-14,2.0
Arbos Foundry,GITHUB_releases_over_all_time,2025-04-14,15.0
Sylow,GITHUB_stars_over_all_time,2025-04-14,42.0
Solang,GITHUB_stars_over_all_time,2025-04-14,68.0
Enclave,GITHUB_opened_pull_requests_over_all_time,2025-04-14,140.0
Trail of Bits Security Reviews,GITHUB_avg_time_to_first_response_over_all_time,2025-04-14,1653466.9743329466
Debid - Fairblock,GITHUB_opened_pull_requests_over_all_time,2025-04-14,185.0
Trail of Bits Security Reviews,GITHUB_stars_over_all_time,2025-04-14,57501.0
Arbos Foundry,GITHUB_stars_over_all_time,2025-04-14,6.0
Redstone Finance,GITHUB_stars_over_all_time,2025-04-14,464.0
Open Source Observer,GITHUB_stars_over_all_time,2025-04-14,216.0
Debid - Fairblock,GITHUB_closed_issues_over_all_time,2025-04-14,1.0
Pyth Network,GITHUB_closed_issues_over_all_time,2025-04-14,119.0
Walnut,GITHUB_releases_over_all_time,2025-04-14,5.0
Passport XYZ,GITHUB_releases_over_all_time,2025-04-14,91.0
CodeTracer,GITHUB_opened_issues_over_all_time,2025-04-14,37.0
9Lives,GITHUB_opened_issues_over_all_time,2025-04-14,1.0
Passport XYZ,GITHUB_opened_issues_over_all_time,2025-04-14,279.0
thirdweb,GITHUB_opened_issues_over_all_time,2025-04-14,585.0
Open Source Observer,GITHUB_opened_issues_over_all_time,2025-04-14,1618.0
Runtime Verification,GITHUB_contributors_over_all_time,2025-04-14,249.0
Sylow,GITHUB_contributors_over_all_time,2025-04-14,3.0
Passport XYZ,GITHUB_contributors_over_all_time,2025-04-14,21.0
Solang,GITHUB_contributors_over_all_time,2025-04-14,21.0
Pyth Network,GITHUB_contributors_over_all_time,2025-04-14,315.0
Enclave,GITHUB_contributors_over_all_time,2025-04-14,10.0
CoBuilders,GITHUB_comments_over_all_time,2025-04-14,12.0
9Lives,GITHUB_comments_over_all_time,2025-04-14,6.0
Trail of Bits Security Reviews,GITHUB_forks_over_all_time,2025-04-14,6856.0
Walnut,GITHUB_forks_over_all_time,2025-04-14,50.0
Sylow,GITHUB_commits_over_all_time,2025-04-14,37.0
Trail of Bits Security Reviews,GITHUB_commits_over_all_time,2025-04-14,20705.0
Moving Stylus,GITHUB_commits_over_all_time,2025-04-14,137.0
Debid - Fairblock,GITHUB_forks_over_all_time,2025-04-14,94.0
thirdweb,GITHUB_forks_over_all_time,2025-04-14,2432.0
Solang,GITHUB_forks_over_all_time,2025-04-14,28.0
Moving Stylus,GITHUB_avg_prs_time_to_merge_over_all_time,2025-04-14,0.0
Trail of Bits Security Reviews,GITHUB_avg_prs_time_to_merge_over_all_time,2025-04-14,0.0
Redstone Finance,GITHUB_avg_prs_time_to_merge_over_all_time,2025-04-14,0.0
Pyth Network,GITHUB_avg_prs_time_to_merge_over_all_time,2025-04-14,0.0
Redstone Finance,GITHUB_repositories_over_all_time,2025-04-14,103.0
Arbos Foundry,GITHUB_repositories_over_all_time,2025-04-14,16.0
Debid - Fairblock,GITHUB_repositories_over_all_time,2025-04-14,33.0
WakeUp Labs,GITHUB_repositories_over_all_time,2025-04-14,6.0
Remix IDE plugin for Arbitrum Stylus,GITHUB_repositories_over_all_time,2025-04-14,3.0
thirdweb,GITHUB_releases_daily,2024-11-23,1.0
thirdweb,GITHUB_commits_daily,2024-11-23,3.0
Trail of Bits Security Reviews,GITHUB_forks_daily,2024-11-23,1.0
Trail of Bits Security Reviews,GITHUB_repositories_daily,2024-11-23,11.0
Runtime Verification,GITHUB_repositories_daily,2024-11-23,1.0
Pyth Network,GITHUB_repositories_daily,2024-11-23,2.0
Open Source Observer,GITHUB_contributors_daily,2024-11-23,1.0
thirdweb,GITHUB_contributors_daily,2024-11-23,6.0
Runtime Verification,GITHUB_active_developers_daily,2024-11-23,1.0
Pyth Network,GITHUB_active_developers_daily,2024-11-23,1.0
Open Source Observer,GITHUB_merged_pull_requests_daily,2024-11-23,1.0
Pyth Network,GITHUB_merged_pull_requests_daily,2024-11-23,1.0
thirdweb,GITHUB_merged_pull_requests_daily,2024-11-23,3.0
Runtime Verification,GITHUB_merged_pull_requests_daily,2024-11-23,1.0
Trail of Bits Security Reviews,GITHUB_forks_weekly,2024-02-19,10.0
Redstone Finance,GITHUB_forks_weekly,2024-02-19,7.0
Pyth Network,GITHUB_forks_weekly,2024-02-19,25.0
Runtime Verification,GITHUB_comments_daily,2024-02-19,29.0
Runtime Verification,GITHUB_stars_weekly,2024-02-19,7.0
Open Source Observer,GITHUB_stars_weekly,2024-02-19,3.0
Redstone Finance,GITHUB_stars_weekly,2024-02-19,10.0
thirdweb,GITHUB_commits_daily,2024-02-19,6.0
Pyth Network,GITHUB_releases_daily,2024-02-19,1.0
Runtime Verification,GITHUB_comments_weekly,2024-02-19,227.0
Pyth Network,GITHUB_comments_weekly,2024-02-19,108.0
Debid - Fairblock,GITHUB_commits_weekly,2024-02-19,10.0
Walnut,GITHUB_repositories_weekly,2024-02-19,2.0
thirdweb,GITHUB_repositories_weekly,2024-02-19,9.0
Pyth Network,GITHUB_repositories_daily,2024-02-19,8.0
Redstone Finance,GITHUB_repositories_daily,2024-02-19,2.0
Redstone Finance,GITHUB_contributors_weekly,2024-02-19,5.0
Open Source Observer,GITHUB_contributors_weekly,2024-02-19,4.0
Runtime Verification,GITHUB_contributors_daily,2024-02-19,12.0
Debid - Fairblock,GITHUB_active_developers_weekly,2024-02-19,2.0
Syndicate Protocol,GITHUB_active_developers_weekly,2024-02-19,1.0
Pyth Network,GITHUB_active_developers_daily,2024-02-19,2.0
Pyth Network,GITHUB_merged_pull_requests_weekly,2024-02-19,32.0
Debid - Fairblock,GITHUB_merged_pull_requests_weekly,2024-02-19,6.0
Runtime Verification,GITHUB_merged_pull_requests_weekly,2024-02-19,95.0
Walnut,GITHUB_opened_pull_requests_daily,2024-02-19,1.0
thirdweb,GITHUB_opened_pull_requests_daily,2024-02-19,13.0
Pyth Network,GITHUB_merged_pull_requests_daily,2024-02-19,3.0
Open Source Observer,GITHUB_merged_pull_requests_daily,2024-02-19,3.0
Open Source Observer,GITHUB_opened_issues_weekly,2024-02-19,19.0
Runtime Verification,GITHUB_opened_issues_weekly,2024-02-19,27.0
Pyth Network,GITHUB_opened_issues_daily,2024-02-19,1.0
Pyth Network,GITHUB_comments_daily,2024-10-26,7.0
Trail of Bits Security Reviews,GITHUB_stars_daily,2024-10-26,13.0
Passport XYZ,GITHUB_stars_daily,2024-10-26,4.0
thirdweb,GITHUB_forks_daily,2024-10-26,3.0
thirdweb,GITHUB_repositories_daily,2024-10-26,2.0
Redstone Finance,GITHUB_repositories_daily,2024-10-26,2.0
Trail of Bits Security Reviews,GITHUB_repositories_daily,2024-10-26,12.0
Open Source Observer,GITHUB_contributors_daily,2024-10-26,3.0
Pyth Network,GITHUB_opened_pull_requests_daily,2024-10-26,2.0
CoBuilders,GITHUB_part_time_contributors_quarterly,2025-01-01,1.0
Open Source Observer,GITHUB_part_time_contributors_quarterly,2025-01-01,15.0
Syndicate Protocol,GITHUB_active_contributors_quarterly,2025-01-01,1.0
Passport XYZ,GITHUB_part_time_contributors_quarterly,2025-01-01,6.0
Runtime Verification,GITHUB_part_time_contributors_quarterly,2025-01-01,25.0
Debid - Fairblock,GITHUB_part_time_contributors_quarterly,2025-01-01,5.0
Redstone Finance,GITHUB_new_contributors_quarterly,2025-01-01,1.0
Enclave,GITHUB_active_contributors_quarterly,2025-01-01,2.0
Walnut,GITHUB_part_time_contributors_quarterly,2025-01-01,8.0
Open Source Observer,GITHUB_active_contributors_quarterly,2025-01-01,15.0
Redstone Finance,GITHUB_active_contributors_quarterly,2025-01-01,11.0
Passport XYZ,GITHUB_active_contributors_quarterly,2025-01-01,6.0
Walnut,GITHUB_releases_biannually,2025-01-01,3.0
Debid - Fairblock,GITHUB_releases_quarterly,2025-01-01,2.0
Passport XYZ,GITHUB_commits_biannually,2025-01-01,70.0
Enclave,GITHUB_commits_biannually,2025-01-01,1.0
Runtime Verification,GITHUB_commits_biannually,2025-01-01,141.0
Trail of Bits Security Reviews,GITHUB_commits_biannually,2025-01-01,285.0
Syndicate Protocol,GITHUB_commits_biannually,2025-01-01,5.0
Runtime Verification,GITHUB_active_developers_biannually,2025-01-01,13.0
Passport XYZ,GITHUB_active_developers_biannually,2025-01-01,4.0
Redstone Finance,GITHUB_active_developers_biannually,2025-01-01,10.0
Enclave,GITHUB_comments_daily,2025-01-01,6.0
Walnut,GITHUB_comments_daily,2025-01-01,2.0
Arbos Foundry,GITHUB_repositories_quarterly,2025-01-01,1.0
Enclave,GITHUB_repositories_quarterly,2025-01-01,1.0
Sylow,GITHUB_repositories_quarterly,2025-01-01,1.0
CoBuilders,GITHUB_repositories_quarterly,2025-01-01,1.0
Redstone Finance,GITHUB_repositories_quarterly,2025-01-01,10.0
Open Source Observer,GITHUB_repositories_quarterly,2025-01-01,7.0
Passport XYZ,GITHUB_repositories_quarterly,2025-01-01,6.0
Walnut,GITHUB_active_developers_quarterly,2025-01-01,7.0
Moving Stylus,GITHUB_active_developers_quarterly,2025-01-01,3.0
Redstone Finance,GITHUB_active_developers_quarterly,2025-01-01,10.0
9Lives,GITHUB_active_developers_quarterly,2025-01-01,3.0
thirdweb,GITHUB_active_developers_quarterly,2025-01-01,13.0
Pyth Network,GITHUB_active_developers_quarterly,2025-01-01,19.0
Solang,GITHUB_forks_monthly,2025-01-01,3.0
Syndicate Protocol,GITHUB_part_time_developers_quarterly,2025-01-01,1.0
Arbos Foundry,GITHUB_part_time_developers_quarterly,2025-01-01,1.0
Walnut,GITHUB_part_time_developers_quarterly,2025-01-01,7.0
9Lives,GITHUB_part_time_developers_quarterly,2025-01-01,3.0
Pyth Network,GITHUB_part_time_developers_quarterly,2025-01-01,19.0
Passport XYZ,GITHUB_stars_biannually,2025-01-01,64.0
Sylow,GITHUB_stars_biannually,2025-01-01,3.0
thirdweb,GITHUB_stars_biannually,2025-01-01,69.0
Open Source Observer,GITHUB_stars_biannually,2025-01-01,9.0
Redstone Finance,GITHUB_stars_biannually,2025-01-01,16.0
Pyth Network,GITHUB_stars_biannually,2025-01-01,24.0
9Lives,GITHUB_stars_biannually,2025-01-01,2.0
Debid - Fairblock,GITHUB_stars_biannually,2025-01-01,2.0
Solang,GITHUB_stars_biannually,2025-01-01,7.0
thirdweb,GITHUB_stars_monthly,2025-01-01,69.0
Open Source Observer,GITHUB_stars_monthly,2025-01-01,9.0
Runtime Verification,GITHUB_stars_monthly,2025-01-01,20.0
Sylow,GITHUB_commits_monthly,2025-01-01,22.0
Pyth Network,GITHUB_commits_monthly,2025-01-01,201.0
Passport XYZ,GITHUB_commits_monthly,2025-01-01,70.0
Arbos Foundry,GITHUB_commits_monthly,2025-01-01,10.0
Open Source Observer,GITHUB_comments_monthly,2025-01-01,477.0
Passport XYZ,GITHUB_stars_quarterly,2025-01-01,64.0
Open Source Observer,GITHUB_stars_quarterly,2025-01-01,9.0
9Lives,GITHUB_stars_quarterly,2025-01-01,2.0
Passport XYZ,GITHUB_comments_monthly,2025-01-01,131.0
Enclave,GITHUB_comments_monthly,2025-01-01,36.0
Debid - Fairblock,GITHUB_stars_quarterly,2025-01-01,2.0
CoBuilders,GITHUB_comments_monthly,2025-01-01,10.0
Runtime Verification,GITHUB_comments_monthly,2025-01-01,202.0
thirdweb,GITHUB_releases_monthly,2025-01-01,51.0
Debid - Fairblock,GITHUB_releases_monthly,2025-01-01,2.0
Walnut,GITHUB_releases_monthly,2025-01-01,3.0
Sylow,GITHUB_commits_quarterly,2025-01-01,22.0
Runtime Verification,GITHUB_commits_quarterly,2025-01-01,141.0
Passport XYZ,GITHUB_commits_quarterly,2025-01-01,70.0
Redstone Finance,GITHUB_commits_quarterly,2025-01-01,132.0
Moving Stylus,GITHUB_commits_quarterly,2025-01-01,42.0
Debid - Fairblock,GITHUB_forks_biannually,2025-01-01,4.0
Redstone Finance,GITHUB_forks_quarterly,2025-01-01,4.0
Open Source Observer,GITHUB_forks_biannually,2025-01-01,1.0
Trail of Bits Security Reviews,GITHUB_forks_biannually,2025-01-01,36.0
Passport XYZ,GITHUB_forks_biannually,2025-01-01,8.0
Trail of Bits Security Reviews,GITHUB_forks_daily,2025-01-01,1.0
Open Source Observer,GITHUB_repositories_biannually,2025-01-01,7.0
Passport XYZ,GITHUB_repositories_monthly,2025-01-01,6.0
Redstone Finance,GITHUB_repositories_monthly,2025-01-01,10.0
Sylow,GITHUB_repositories_monthly,2025-01-01,1.0
CoBuilders,GITHUB_repositories_monthly,2025-01-01,1.0
Solang,GITHUB_repositories_monthly,2025-01-01,1.0
CoBuilders,GITHUB_repositories_biannually,2025-01-01,1.0
Runtime Verification,GITHUB_repositories_biannually,2025-01-01,26.0
Arbos Foundry,GITHUB_repositories_monthly,2025-01-01,1.0
Trail of Bits Security Reviews,GITHUB_contributors_monthly,2025-01-01,41.0
Sylow,GITHUB_contributors_monthly,2025-01-01,1.0
thirdweb,GITHUB_contributors_monthly,2025-01-01,41.0
9Lives,GITHUB_contributors_monthly,2025-01-01,4.0
Runtime Verification,GITHUB_contributors_monthly,2025-01-01,25.0
Debid - Fairblock,GITHUB_contributors_biannually,2025-01-01,5.0
Enclave,GITHUB_contributors_quarterly,2025-01-01,2.0
Enclave,GITHUB_contributors_biannually,2025-01-01,2.0
Passport XYZ,GITHUB_contributors_biannually,2025-01-01,6.0
Runtime Verification,GITHUB_contributors_biannually,2025-01-01,25.0
Moving Stylus,GITHUB_contributors_biannually,2025-01-01,4.0
Debid - Fairblock,GITHUB_contributors_quarterly,2025-01-01,5.0
CoBuilders,GITHUB_contributors_quarterly,2025-01-01,1.0
thirdweb,GITHUB_contributors_quarterly,2025-01-01,41.0
Runtime Verification,GITHUB_contributors_quarterly,2025-01-01,25.0
Passport XYZ,GITHUB_contributors_quarterly,2025-01-01,6.0
Debid - Fairblock,GITHUB_active_developers_monthly,2025-01-01,3.0
Enclave,GITHUB_active_developers_monthly,2025-01-01,1.0
thirdweb,GITHUB_full_time_developers_monthly,2025-01-01,3.0
thirdweb,GITHUB_part_time_developers_monthly,2025-01-01,10.0
Open Source Observer,GITHUB_full_time_developers_monthly,2025-01-01,3.0
Runtime Verification,GITHUB_full_time_developers_monthly,2025-01-01,2.0
Redstone Finance,GITHUB_part_time_developers_monthly,2025-01-01,9.0
Trail of Bits Security Reviews,GITHUB_full_time_developers_monthly,2025-01-01,1.0
9Lives,GITHUB_full_time_developers_monthly,2025-01-01,2.0
thirdweb,GITHUB_contributors_daily,2025-01-01,5.0
Syndicate Protocol,GITHUB_part_time_developers_biannually,2025-01-01,1.0
Debid - Fairblock,GITHUB_part_time_developers_biannually,2025-01-01,3.0
Redstone Finance,GITHUB_part_time_developers_biannually,2025-01-01,10.0
Walnut,GITHUB_part_time_developers_biannually,2025-01-01,7.0
9Lives,GITHUB_part_time_contributors_monthly,2025-01-01,2.0
Passport XYZ,GITHUB_part_time_contributors_monthly,2025-01-01,3.0
CoBuilders,GITHUB_part_time_contributors_monthly,2025-01-01,1.0
Walnut,GITHUB_part_time_contributors_monthly,2025-01-01,6.0
Syndicate Protocol,GITHUB_active_contributors_monthly,2025-01-01,1.0
Sylow,GITHUB_active_contributors_monthly,2025-01-01,1.0
Runtime Verification,GITHUB_part_time_contributors_monthly,2025-01-01,22.0
Moving Stylus,GITHUB_new_contributors_monthly,2025-01-01,2.0
Trail of Bits Security Reviews,GITHUB_part_time_contributors_monthly,2025-01-01,39.0
Pyth Network,GITHUB_full_time_contributors_monthly,2025-01-01,7.0
Enclave,GITHUB_part_time_contributors_monthly,2025-01-01,2.0
Trail of Bits Security Reviews,GITHUB_full_time_contributors_monthly,2025-01-01,2.0
Runtime Verification,GITHUB_full_time_contributors_monthly,2025-01-01,3.0
Debid - Fairblock,GITHUB_active_contributors_monthly,2025-01-01,5.0
Passport XYZ,GITHUB_active_contributors_monthly,2025-01-01,6.0
Debid - Fairblock,GITHUB_active_contributors_biannually,2025-01-01,5.0
Enclave,GITHUB_part_time_contributors_biannually,2025-01-01,2.0
Sylow,GITHUB_part_time_contributors_biannually,2025-01-01,1.0
Open Source Observer,GITHUB_part_time_contributors_biannually,2025-01-01,15.0
Sylow,GITHUB_active_contributors_biannually,2025-01-01,1.0
Trail of Bits Security Reviews,GITHUB_part_time_contributors_biannually,2025-01-01,41.0
Moving Stylus,GITHUB_active_contributors_biannually,2025-01-01,4.0
Solang,GITHUB_part_time_contributors_biannually,2025-01-01,4.0
Moving Stylus,GITHUB_new_contributors_biannually,2025-01-01,2.0
Walnut,GITHUB_change_in_active_developers_monthly,2025-01-01,-1.0
thirdweb,GITHUB_change_in_part_time_contributors_monthly,2025-01-01,11.0
Trail of Bits Security Reviews,GITHUB_change_in_full_time_contributors_monthly,2025-01-01,2.0
Passport XYZ,GITHUB_change_in_active_developers_monthly,2025-01-01,0.0
Open Source Observer,GITHUB_change_in_part_time_contributors_monthly,2025-01-01,-1.0
Sylow,GITHUB_change_in_active_developers_monthly,2025-01-01,0.0
Arbos Foundry,GITHUB_change_in_part_time_contributors_quarterly,2025-01-01,1.0
Trail of Bits Security Reviews,GITHUB_change_in_part_time_contributors_quarterly,2025-01-01,13.0
Debid - Fairblock,GITHUB_change_in_part_time_contributors_biannually,2025-01-01,0.0
9Lives,GITHUB_change_in_part_time_contributors_biannually,2025-01-01,
Enclave,GITHUB_change_in_active_developers_biannually,2025-01-01,0.0
Pyth Network,GITHUB_change_in_active_developers_biannually,2025-01-01,3.0
Passport XYZ,GITHUB_change_in_active_developers_biannually,2025-01-01,0.0
CoBuilders,GITHUB_change_in_part_time_contributors_biannually,2025-01-01,0.0
Pyth Network,GITHUB_change_in_part_time_contributors_monthly,2025-01-01,7.0
Moving Stylus,GITHUB_change_in_active_developers_monthly,2025-01-01,-2.0
Debid - Fairblock,GITHUB_change_in_part_time_contributors_monthly,2025-01-01,0.0
Walnut,GITHUB_change_in_part_time_contributors_biannually,2025-01-01,-1.0
thirdweb,GITHUB_change_in_part_time_contributors_biannually,2025-01-01,11.0
Debid - Fairblock,GITHUB_change_in_active_developers_biannually,2025-01-01,0.0
Pyth Network,GITHUB_change_in_part_time_contributors_quarterly,2025-01-01,3.0
thirdweb,GITHUB_change_in_part_time_contributors_quarterly,2025-01-01,11.0
Moving Stylus,GITHUB_change_in_active_developers_quarterly,2025-01-01,-2.0
Enclave,GITHUB_change_in_part_time_contributors_quarterly,2025-01-01,0.0
Passport XYZ,GITHUB_change_in_part_time_contributors_biannually,2025-01-01,0.0
Syndicate Protocol,GITHUB_change_in_active_developers_quarterly,2025-01-01,0.0
Debid - Fairblock,GITHUB_change_in_part_time_contributors_quarterly,2025-01-01,0.0
Moving Stylus,GITHUB_change_in_part_time_contributors_quarterly,2025-01-01,-2.0
Walnut,GITHUB_change_in_active_developers_quarterly,2025-01-01,-1.0
Pyth Network,GITHUB_opened_pull_requests_monthly,2025-01-01,197.0
Open Source Observer,GITHUB_opened_pull_requests_monthly,2025-01-01,143.0
Sylow,GITHUB_opened_pull_requests_monthly,2025-01-01,1.0
thirdweb,GITHUB_opened_pull_requests_daily,2025-01-01,5.0
Trail of Bits Security Reviews,GITHUB_opened_pull_requests_daily,2025-01-01,1.0
Trail of Bits Security Reviews,GITHUB_opened_pull_requests_biannually,2025-01-01,164.0
Debid - Fairblock,GITHUB_opened_pull_requests_quarterly,2025-01-01,3.0
Redstone Finance,GITHUB_opened_pull_requests_quarterly,2025-01-01,22.0
Passport XYZ,GITHUB_opened_pull_requests_quarterly,2025-01-01,54.0
Syndicate Protocol,GITHUB_opened_pull_requests_quarterly,2025-01-01,1.0
Open Source Observer,GITHUB_opened_pull_requests_quarterly,2025-01-01,143.0
Walnut,GITHUB_opened_pull_requests_quarterly,2025-01-01,32.0
Trail of Bits Security Reviews,GITHUB_opened_pull_requests_quarterly,2025-01-01,164.0
Open Source Observer,GITHUB_merged_pull_requests_daily,2025-01-01,1.0
Sylow,GITHUB_merged_pull_requests_monthly,2025-01-01,2.0
Enclave,GITHUB_merged_pull_requests_monthly,2025-01-01,3.0
thirdweb,GITHUB_merged_pull_requests_monthly,2025-01-01,238.0
9Lives,GITHUB_merged_pull_requests_quarterly,2025-01-01,3.0
Debid - Fairblock,GITHUB_merged_pull_requests_quarterly,2025-01-01,2.0
Open Source Observer,GITHUB_merged_pull_requests_quarterly,2025-01-01,138.0
Trail of Bits Security Reviews,GITHUB_merged_pull_requests_quarterly,2025-01-01,137.0
Redstone Finance,GITHUB_merged_pull_requests_quarterly,2025-01-01,20.0
Redstone Finance,GITHUB_merged_pull_requests_biannually,2025-01-01,20.0
Moving Stylus,GITHUB_merged_pull_requests_biannually,2025-01-01,5.0
Sylow,GITHUB_merged_pull_requests_biannually,2025-01-01,2.0
Passport XYZ,GITHUB_merged_pull_requests_biannually,2025-01-01,55.0
Enclave,GITHUB_merged_pull_requests_biannually,2025-01-01,3.0
9Lives,GITHUB_merged_pull_requests_biannually,2025-01-01,3.0
Pyth Network,GITHUB_merged_pull_requests_biannually,2025-01-01,178.0
thirdweb,GITHUB_opened_issues_monthly,2025-01-01,20.0
Runtime Verification,GITHUB_opened_issues_biannually,2025-01-01,27.0
Moving Stylus,GITHUB_opened_issues_biannually,2025-01-01,1.0
Open Source Observer,GITHUB_opened_issues_biannually,2025-01-01,128.0
Trail of Bits Security Reviews,GITHUB_closed_issues_quarterly,2025-01-01,6.0
Trail of Bits Security Reviews,GITHUB_closed_issues_biannually,2025-01-01,6.0
Open Source Observer,GITHUB_closed_issues_biannually,2025-01-01,85.0
thirdweb,GITHUB_closed_issues_biannually,2025-01-01,17.0
Enclave,GITHUB_closed_issues_biannually,2025-01-01,11.0
Pyth Network,GITHUB_avg_prs_time_to_merge_quarterly,2025-01-01,0.0
Enclave,GITHUB_avg_prs_time_to_merge_quarterly,2025-01-01,0.0
thirdweb,GITHUB_avg_prs_time_to_merge_biannually,2025-01-01,0.0
Redstone Finance,GITHUB_avg_time_to_first_response_quarterly,2025-01-01,925.3333333333334
Trail of Bits Security Reviews,GITHUB_avg_time_to_first_response_quarterly,2025-01-01,925529.218579235
Open Source Observer,GITHUB_avg_time_to_first_response_quarterly,2025-01-01,1088522.913857678
Passport XYZ,GITHUB_avg_time_to_first_response_quarterly,2025-01-01,846518.2644628099
Pyth Network,GITHUB_avg_prs_time_to_merge_biannually,2025-01-01,0.0
Trail of Bits Security Reviews,GITHUB_avg_prs_time_to_merge_biannually,2025-01-01,0.0
Passport XYZ,GITHUB_avg_prs_time_to_merge_biannually,2025-01-01,0.0
9Lives,GITHUB_avg_prs_time_to_merge_biannually,2025-01-01,0.0
Sylow,GITHUB_avg_prs_time_to_merge_biannually,2025-01-01,0.0
Enclave,GITHUB_avg_time_to_first_response_quarterly,2025-01-01,405275.3333333333
Passport XYZ,GITHUB_avg_time_to_first_response_biannually,2025-01-01,846518.2644628099
Moving Stylus,GITHUB_avg_time_to_first_response_biannually,2025-01-01,2.6
Open Source Observer,GITHUB_avg_time_to_first_response_biannually,2025-01-01,1088522.913857678
Trail of Bits Security Reviews,GITHUB_closed_issues_monthly,2025-01-01,6.0
Runtime Verification,GITHUB_closed_issues_monthly,2025-01-01,12.0
Arbos Foundry,GITHUB_change_in_active_contributors_biannually,2025-01-01,1.0
Arbos Foundry,GITHUB_churned_contributors_biannually,2025-01-01,1.0
Solang,GITHUB_churned_contributors_monthly,2025-01-01,-4.0
Pyth Network,GITHUB_change_in_full_time_contributors_biannually,2025-01-01,0.0
Syndicate Protocol,GITHUB_change_in_active_contributors_biannually,2025-01-01,0.0
9Lives,GITHUB_churned_contributors_biannually,2025-01-01,
Enclave,GITHUB_change_in_active_contributors_biannually,2025-01-01,0.0
Moving Stylus,GITHUB_change_in_new_contributors_biannually,2025-01-01,0.0
Arbos Foundry,GITHUB_change_in_full_time_contributors_monthly,2025-01-01,0.0
Sylow,GITHUB_change_in_full_time_contributors_monthly,2025-01-01,0.0
Sylow,GITHUB_change_in_new_contributors_monthly,2025-01-01,1.0
Solang,GITHUB_change_in_active_contributors_monthly,2025-01-01,0.0
thirdweb,GITHUB_change_in_full_time_contributors_quarterly,2025-01-01,0.0
Runtime Verification,GITHUB_change_in_full_time_contributors_quarterly,2025-01-01,0.0
Debid - Fairblock,GITHUB_churned_contributors_monthly,2025-01-01,-1.0
thirdweb,GITHUB_change_in_active_contributors_monthly,2025-01-01,11.0
Runtime Verification,GITHUB_change_in_new_contributors_monthly,2025-01-01,10.0
Sylow,GITHUB_churned_contributors_quarterly,2025-01-01,0.0
Open Source Observer,GITHUB_change_in_full_time_contributors_biannually,2025-01-01,0.0
Pyth Network,GITHUB_change_in_active_contributors_monthly,2025-01-01,3.0
Syndicate Protocol,GITHUB_change_in_full_time_contributors_monthly,2025-01-01,0.0
9Lives,GITHUB_churned_contributors_monthly,2025-01-01,
Enclave,GITHUB_change_in_full_time_contributors_monthly,2025-01-01,1.0
Enclave,GITHUB_change_in_new_contributors_monthly,2025-01-01,2.0
Enclave,GITHUB_churned_contributors_monthly,2025-01-01,0.0
Moving Stylus,GITHUB_change_in_new_contributors_monthly,2025-01-01,0.0
Open Source Observer,GITHUB_change_in_active_contributors_quarterly,2025-01-01,-3.0
Open Source Observer,GITHUB_change_in_new_contributors_quarterly,2025-01-01,8.0
Walnut,GITHUB_change_in_new_contributors_monthly,2025-01-01,5.0
Redstone Finance,GITHUB_change_in_new_contributors_monthly,2025-01-01,5.0
Solang,GITHUB_change_in_active_contributors_quarterly,2025-01-01,0.0
Open Source Observer,GITHUB_change_in_full_time_contributors_quarterly,2025-01-01,0.0
Solang,GITHUB_churned_contributors_quarterly,2025-01-01,-4.0
Walnut,GITHUB_churned_contributors_biannually,2025-01-01,-1.0
Trail of Bits Security Reviews,GITHUB_churned_contributors_biannually,2025-01-01,3.0
Walnut,GITHUB_change_in_active_contributors_biannually,2025-01-01,-1.0
Trail of Bits Security Reviews,GITHUB_change_in_new_contributors_biannually,2025-01-01,21.0
CoBuilders,GITHUB_change_in_new_contributors_quarterly,2025-01-01,1.0
Syndicate Protocol,GITHUB_change_in_full_time_contributors_quarterly,2025-01-01,0.0
Passport XYZ,GITHUB_change_in_active_contributors_quarterly,2025-01-01,0.0
Moving Stylus,GITHUB_change_in_new_contributors_quarterly,2025-01-01,0.0
Enclave,GITHUB_change_in_full_time_contributors_quarterly,2025-01-01,0.0
Runtime Verification,GITHUB_change_in_full_time_contributors_biannually,2025-01-01,0.0
Runtime Verification,GITHUB_churned_contributors_biannually,2025-01-01,2.0
Pyth Network,GITHUB_comments_daily,2024-02-11,2.0
Pyth Network,GITHUB_forks_daily,2024-02-11,5.0
Open Source Observer,GITHUB_active_developers_daily,2024-02-11,1.0
Runtime Verification,GITHUB_merged_pull_requests_daily,2024-02-11,1.0
thirdweb,GITHUB_forks_weekly,2025-01-13,17.0
Redstone Finance,GITHUB_forks_weekly,2025-01-13,1.0
Open Source Observer,GITHUB_comments_daily,2025-01-13,19.0
thirdweb,GITHUB_comments_daily,2025-01-13,100.0
Runtime Verification,GITHUB_stars_weekly,2025-01-13,3.0
Solang,GITHUB_stars_weekly,2025-01-13,2.0
Pyth Network,GITHUB_stars_weekly,2025-01-13,5.0
Open Source Observer,GITHUB_stars_daily,2025-01-13,1.0
Debid - Fairblock,GITHUB_releases_weekly,2025-01-13,2.0
Passport XYZ,GITHUB_releases_weekly,2025-01-13,8.0
Trail of Bits Security Reviews,GITHUB_commits_daily,2025-01-13,13.0
9Lives,GITHUB_commits_daily,2025-01-13,26.0
thirdweb,GITHUB_commits_daily,2025-01-13,3.0
Walnut,GITHUB_commits_daily,2025-01-13,16.0
Open Source Observer,GITHUB_commits_weekly,2025-01-13,66.0
Pyth Network,GITHUB_commits_weekly,2025-01-13,65.0
CoBuilders,GITHUB_comments_weekly,2025-01-13,4.0
Trail of Bits Security Reviews,GITHUB_releases_daily,2025-01-13,1.0
thirdweb,GITHUB_repositories_weekly,2025-01-13,9.0
Walnut,GITHUB_repositories_weekly,2025-01-13,5.0
Open Source Observer,GITHUB_repositories_weekly,2025-01-13,5.0
Solang,GITHUB_repositories_weekly,2025-01-13,1.0
9Lives,GITHUB_repositories_weekly,2025-01-13,1.0
Trail of Bits Security Reviews,GITHUB_forks_daily,2025-01-13,1.0
Pyth Network,GITHUB_repositories_daily,2025-01-13,4.0
Runtime Verification,GITHUB_repositories_daily,2025-01-13,6.0
Passport XYZ,GITHUB_repositories_daily,2025-01-13,2.0
Passport XYZ,GITHUB_contributors_weekly,2025-01-13,4.0
thirdweb,GITHUB_contributors_weekly,2025-01-13,24.0
Trail of Bits Security Reviews,GITHUB_contributors_weekly,2025-01-13,18.0
9Lives,GITHUB_contributors_weekly,2025-01-13,2.0
Redstone Finance,GITHUB_active_developers_weekly,2025-01-13,6.0
Walnut,GITHUB_active_developers_weekly,2025-01-13,5.0
thirdweb,GITHUB_contributors_daily,2025-01-13,8.0
Runtime Verification,GITHUB_contributors_daily,2025-01-13,9.0
Passport XYZ,GITHUB_contributors_daily,2025-01-13,4.0
Open Source Observer,GITHUB_contributors_daily,2025-01-13,5.0
Pyth Network,GITHUB_active_developers_daily,2025-01-13,7.0
Solang,GITHUB_opened_pull_requests_weekly,2025-01-13,1.0
thirdweb,GITHUB_opened_pull_requests_weekly,2025-01-13,58.0
Trail of Bits Security Reviews,GITHUB_opened_pull_requests_daily,2025-01-13,11.0
Pyth Network,GITHUB_opened_pull_requests_daily,2025-01-13,13.0
Open Source Observer,GITHUB_merged_pull_requests_weekly,2025-01-13,52.0
Runtime Verification,GITHUB_merged_pull_requests_weekly,2025-01-13,23.0
Moving Stylus,GITHUB_merged_pull_requests_weekly,2025-01-13,1.0
Redstone Finance,GITHUB_merged_pull_requests_weekly,2025-01-13,6.0
Walnut,GITHUB_merged_pull_requests_daily,2025-01-13,4.0
thirdweb,GITHUB_merged_pull_requests_daily,2025-01-13,3.0
Runtime Verification,GITHUB_merged_pull_requests_daily,2025-01-13,4.0
thirdweb,GITHUB_opened_issues_daily,2025-01-13,1.0
Walnut,GITHUB_closed_issues_weekly,2025-01-13,3.0
Runtime Verification,GITHUB_closed_issues_weekly,2025-01-13,4.0
Passport XYZ,GITHUB_closed_issues_daily,2025-01-13,18.0
Open Source Observer,GITHUB_comments_daily,2024-06-02,7.0
Runtime Verification,GITHUB_comments_daily,2024-06-02,2.0
Runtime Verification,GITHUB_stars_daily,2024-06-02,2.0
Pyth Network,GITHUB_commits_daily,2024-06-02,1.0
Runtime Verification,GITHUB_forks_daily,2024-06-02,1.0
thirdweb,GITHUB_repositories_daily,2024-06-02,4.0
Runtime Verification,GITHUB_contributors_daily,2024-06-02,1.0
Runtime Verification,GITHUB_opened_pull_requests_daily,2024-06-02,1.0
Trail of Bits Security Reviews,GITHUB_opened_pull_requests_daily,2024-06-02,1.0
Pyth Network,GITHUB_merged_pull_requests_daily,2024-06-02,1.0
Open Source Observer,GITHUB_opened_issues_daily,2024-06-02,1.0
Trail of Bits Security Reviews,GITHUB_comments_daily,2024-04-11,6.0
thirdweb,GITHUB_comments_daily,2024-04-11,96.0
thirdweb,GITHUB_commits_daily,2024-04-11,21.0
Syndicate Protocol,GITHUB_commits_daily,2024-04-11,1.0
Open Source Observer,GITHUB_commits_daily,2024-04-11,3.0
Pyth Network,GITHUB_releases_daily,2024-04-11,1.0
Runtime Verification,GITHUB_forks_daily,2024-04-11,1.0
Trail of Bits Security Reviews,GITHUB_forks_daily,2024-04-11,1.0
Runtime Verification,GITHUB_repositories_daily,2024-04-11,11.0
Walnut,GITHUB_active_developers_daily,2024-04-11,1.0
Open Source Observer,GITHUB_contributors_daily,2024-04-11,2.0
Walnut,GITHUB_opened_pull_requests_daily,2024-04-11,2.0
Trail of Bits Security Reviews,GITHUB_opened_pull_requests_daily,2024-04-11,5.0
Trail of Bits Security Reviews,GITHUB_merged_pull_requests_daily,2024-04-11,9.0
Open Source Observer,GITHUB_merged_pull_requests_daily,2024-04-11,3.0
Trail of Bits Security Reviews,GITHUB_closed_issues_daily,2024-04-11,1.0
Runtime Verification,GITHUB_comments_daily,2024-10-22,6.0
Passport XYZ,GITHUB_comments_daily,2024-10-22,20.0
thirdweb,GITHUB_comments_daily,2024-10-22,124.0
Pyth Network,GITHUB_comments_daily,2024-10-22,18.0
Runtime Verification,GITHUB_stars_daily,2024-10-22,1.0
thirdweb,GITHUB_stars_daily,2024-10-22,2.0
Trail of Bits Security Reviews,GITHUB_stars_daily,2024-10-22,14.0
Enclave,GITHUB_commits_daily,2024-10-22,3.0
thirdweb,GITHUB_commits_daily,2024-10-22,13.0
Redstone Finance,GITHUB_commits_daily,2024-10-22,6.0
Trail of Bits Security Reviews,GITHUB_commits_daily,2024-10-22,16.0
Runtime Verification,GITHUB_releases_daily,2024-10-22,3.0
Trail of Bits Security Reviews,GITHUB_releases_daily,2024-10-22,4.0
Open Source Observer,GITHUB_forks_daily,2024-10-22,2.0
Walnut,GITHUB_forks_daily,2024-10-22,1.0
Walnut,GITHUB_repositories_daily,2024-10-22,1.0
Runtime Verification,GITHUB_repositories_daily,2024-10-22,6.0
Pyth Network,GITHUB_repositories_daily,2024-10-22,2.0
Open Source Observer,GITHUB_repositories_daily,2024-10-22,4.0
Enclave,GITHUB_contributors_daily,2024-10-22,2.0
Passport XYZ,GITHUB_contributors_daily,2024-10-22,3.0
Walnut,GITHUB_contributors_daily,2024-10-22,1.0
Runtime Verification,GITHUB_active_developers_daily,2024-10-22,1.0
thirdweb,GITHUB_active_developers_daily,2024-10-22,2.0
Pyth Network,GITHUB_active_developers_daily,2024-10-22,4.0
Enclave,GITHUB_active_developers_daily,2024-10-22,1.0
Open Source Observer,GITHUB_active_developers_daily,2024-10-22,2.0
Passport XYZ,GITHUB_active_developers_daily,2024-10-22,1.0
Passport XYZ,GITHUB_opened_pull_requests_daily,2024-10-22,8.0
Open Source Observer,GITHUB_closed_issues_daily,2024-10-22,6.0
Redstone Finance,GITHUB_commits_daily,2024-10-23,6.0
Passport XYZ,GITHUB_repositories_daily,2024-10-23,1.0
Open Source Observer,GITHUB_contributors_daily,2024-10-23,9.0
Trail of Bits Security Reviews,GITHUB_contributors_daily,2024-10-23,8.0
Pyth Network,GITHUB_active_developers_daily,2024-10-23,1.0
Pyth Network,GITHUB_opened_pull_requests_daily,2024-10-23,5.0
Pyth Network,GITHUB_merged_pull_requests_daily,2024-10-23,2.0
Trail of Bits Security Reviews,GITHUB_merged_pull_requests_daily,2024-10-23,8.0
Open Source Observer,GITHUB_merged_pull_requests_daily,2024-10-23,8.0
Runtime Verification,GITHUB_merged_pull_requests_daily,2024-10-23,7.0
Open Source Observer,GITHUB_opened_issues_daily,2024-10-23,6.0
Trail of Bits Security Reviews,GITHUB_closed_issues_daily,2024-10-23,1.0
thirdweb,GITHUB_forks_weekly,2024-03-25,23.0
Pyth Network,GITHUB_comments_daily,2024-03-25,21.0
Pyth Network,GITHUB_stars_daily,2024-03-25,1.0
Redstone Finance,GITHUB_commits_daily,2024-03-25,5.0
thirdweb,GITHUB_commits_daily,2024-03-25,8.0
Open Source Observer,GITHUB_stars_weekly,2024-03-25,1.0
Pyth Network,GITHUB_stars_weekly,2024-03-25,7.0
thirdweb,GITHUB_stars_weekly,2024-03-25,21.0
Runtime Verification,GITHUB_releases_daily,2024-03-25,4.0
Open Source Observer,GITHUB_commits_weekly,2024-03-25,16.0
thirdweb,GITHUB_comments_weekly,2024-03-25,390.0
Redstone Finance,GITHUB_repositories_daily,2024-03-25,3.0
thirdweb,GITHUB_repositories_daily,2024-03-25,5.0
Debid - Fairblock,GITHUB_repositories_daily,2024-03-25,3.0
thirdweb,GITHUB_repositories_weekly,2024-03-25,6.0
Trail of Bits Security Reviews,GITHUB_repositories_weekly,2024-03-25,42.0
Pyth Network,GITHUB_repositories_weekly,2024-03-25,11.0
Syndicate Protocol,GITHUB_repositories_weekly,2024-03-25,1.0
Walnut,GITHUB_repositories_weekly,2024-03-25,3.0
thirdweb,GITHUB_contributors_daily,2024-03-25,11.0
Walnut,GITHUB_contributors_daily,2024-03-25,3.0
thirdweb,GITHUB_contributors_weekly,2024-03-25,32.0
Walnut,GITHUB_contributors_weekly,2024-03-25,7.0
Pyth Network,GITHUB_active_developers_weekly,2024-03-25,9.0
Debid - Fairblock,GITHUB_active_developers_weekly,2024-03-25,1.0
Pyth Network,GITHUB_active_developers_daily,2024-03-25,2.0
Pyth Network,GITHUB_opened_pull_requests_weekly,2024-03-25,27.0
Runtime Verification,GITHUB_opened_pull_requests_daily,2024-03-25,17.0
Debid - Fairblock,GITHUB_merged_pull_requests_weekly,2024-03-25,6.0
thirdweb,GITHUB_merged_pull_requests_daily,2024-03-25,9.0
Runtime Verification,GITHUB_merged_pull_requests_daily,2024-03-25,16.0
Open Source Observer,GITHUB_opened_issues_daily,2024-03-25,2.0
Trail of Bits Security Reviews,GITHUB_opened_issues_daily,2024-03-25,2.0
Runtime Verification,GITHUB_comments_daily,2024-10-03,6.0
Runtime Verification,GITHUB_commits_daily,2024-10-03,28.0
Open Source Observer,GITHUB_forks_daily,2024-10-03,1.0
Debid - Fairblock,GITHUB_repositories_daily,2024-10-03,1.0
Redstone Finance,GITHUB_repositories_daily,2024-10-03,3.0
Redstone Finance,GITHUB_contributors_daily,2024-10-03,3.0
thirdweb,GITHUB_contributors_daily,2024-10-03,12.0
Passport XYZ,GITHUB_active_developers_daily,2024-10-03,1.0
Runtime Verification,GITHUB_opened_pull_requests_daily,2024-10-03,12.0
Passport XYZ,GITHUB_opened_pull_requests_daily,2024-10-03,7.0
Pyth Network,GITHUB_merged_pull_requests_daily,2024-10-03,5.0
Open Source Observer,GITHUB_opened_issues_daily,2024-10-03,11.0
Runtime Verification,GITHUB_opened_issues_daily,2024-10-03,1.0
Trail of Bits Security Reviews,GITHUB_opened_issues_daily,2024-10-03,1.0
thirdweb,GITHUB_closed_issues_daily,2024-10-03,1.0
thirdweb,GITHUB_stars_daily,2025-04-06,1.0
Solang,GITHUB_stars_daily,2025-04-06,1.0
Trail of Bits Security Reviews,GITHUB_stars_daily,2025-04-06,3.0
Pyth Network,GITHUB_commits_daily,2025-04-06,8.0
Passport XYZ,GITHUB_repositories_daily,2025-04-06,1.0
CodeTracer,GITHUB_repositories_daily,2025-04-06,1.0
Passport XYZ,GITHUB_forks_daily,2025-04-06,1.0
Trail of Bits Security Reviews,GITHUB_opened_pull_requests_daily,2025-04-06,1.0
thirdweb,GITHUB_comments_daily,2024-04-06,25.0
thirdweb,GITHUB_stars_daily,2024-04-06,1.0
Trail of Bits Security Reviews,GITHUB_stars_daily,2024-04-06,13.0
Trail of Bits Security Reviews,GITHUB_commits_daily,2024-04-06,2.0
Trail of Bits Security Reviews,GITHUB_active_developers_daily,2024-04-06,1.0
thirdweb,GITHUB_opened_pull_requests_daily,2024-04-06,5.0
Trail of Bits Security Reviews,GITHUB_repositories_daily,2024-04-06,11.0
Pyth Network,GITHUB_comments_daily,2024-12-13,11.0
Runtime Verification,GITHUB_comments_daily,2024-12-13,12.0
thirdweb,GITHUB_comments_daily,2024-12-13,141.0
Open Source Observer,GITHUB_comments_daily,2024-12-13,14.0
Debid - Fairblock,GITHUB_stars_daily,2024-12-13,2.0
Debid - Fairblock,GITHUB_commits_daily,2024-12-13,13.0
Open Source Observer,GITHUB_commits_daily,2024-12-13,9.0
Pyth Network,GITHUB_commits_daily,2024-12-13,3.0
Trail of Bits Security Reviews,GITHUB_commits_daily,2024-12-13,1.0
Open Source Observer,GITHUB_forks_daily,2024-12-13,1.0
Debid - Fairblock,GITHUB_repositories_daily,2024-12-13,2.0
Runtime Verification,GITHUB_repositories_daily,2024-12-13,5.0
Trail of Bits Security Reviews,GITHUB_repositories_daily,2024-12-13,15.0
Moving Stylus,GITHUB_repositories_daily,2024-12-13,1.0
Trail of Bits Security Reviews,GITHUB_contributors_daily,2024-12-13,4.0
Enclave,GITHUB_contributors_daily,2024-12-13,1.0
thirdweb,GITHUB_contributors_daily,2024-12-13,14.0
Moving Stylus,GITHUB_active_developers_daily,2024-12-13,1.0
Debid - Fairblock,GITHUB_active_developers_daily,2024-12-13,1.0
Debid - Fairblock,GITHUB_opened_pull_requests_daily,2024-12-13,1.0
Passport XYZ,GITHUB_opened_pull_requests_daily,2024-12-13,2.0
thirdweb,GITHUB_merged_pull_requests_daily,2024-12-13,23.0
Debid - Fairblock,GITHUB_merged_pull_requests_daily,2024-12-13,2.0
thirdweb,GITHUB_opened_issues_daily,2024-12-13,2.0
Passport XYZ,GITHUB_opened_issues_daily,2024-12-13,2.0
Enclave,GITHUB_opened_issues_daily,2024-12-13,1.0
Open Source Observer,GITHUB_closed_issues_daily,2024-12-13,3.0
Open Source Observer,GITHUB_comments_daily,2024-07-27,9.0
Walnut,GITHUB_stars_daily,2024-07-27,1.0
Trail of Bits Security Reviews,GITHUB_commits_daily,2024-07-27,1.0
Trail of Bits Security Reviews,GITHUB_repositories_daily,2024-07-27,9.0
thirdweb,GITHUB_repositories_daily,2024-07-27,4.0
thirdweb,GITHUB_opened_pull_requests_daily,2024-07-27,13.0
Open Source Observer,GITHUB_merged_pull_requests_daily,2024-07-27,4.0
Open Source Observer,GITHUB_opened_issues_daily,2024-07-27,3.0
thirdweb,GITHUB_opened_issues_daily,2024-07-27,1.0
thirdweb,GITHUB_comments_daily,2025-02-22,40.0
Pyth Network,GITHUB_comments_daily,2025-02-22,1.0
thirdweb,GITHUB_commits_daily,2025-02-22,5.0
Open Source Observer,GITHUB_commits_daily,2025-02-22,3.0
Solang,GITHUB_commits_daily,2025-02-22,1.0
Pyth Network,GITHUB_stars_daily,2025-02-22,1.0
Trail of Bits Security Reviews,GITHUB_contributors_daily,2025-02-22,1.0
thirdweb,GITHUB_contributors_daily,2025-02-22,9.0
Solang,GITHUB_active_developers_daily,2025-02-22,1.0
Trail of Bits Security Reviews,GITHUB_active_developers_daily,2025-02-22,1.0
Open Source Observer,GITHUB_opened_pull_requests_daily,2025-02-22,1.0
thirdweb,GITHUB_opened_pull_requests_daily,2025-02-22,8.0
Open Source Observer,GITHUB_merged_pull_requests_daily,2025-02-22,2.0
Walnut,GITHUB_comments_daily,2024-07-31,4.0
Runtime Verification,GITHUB_comments_daily,2024-07-31,15.0
Pyth Network,GITHUB_stars_daily,2024-07-31,3.0
thirdweb,GITHUB_stars_daily,2024-07-31,6.0
Passport XYZ,GITHUB_commits_daily,2024-07-31,8.0
Walnut,GITHUB_commits_daily,2024-07-31,2.0
Trail of Bits Security Reviews,GITHUB_commits_daily,2024-07-31,8.0
Pyth Network,GITHUB_commits_daily,2024-07-31,8.0
Runtime Verification,GITHUB_releases_daily,2024-07-31,7.0
thirdweb,GITHUB_releases_daily,2024-07-31,4.0
Debid - Fairblock,GITHUB_releases_daily,2024-07-31,2.0
thirdweb,GITHUB_repositories_daily,2024-07-31,6.0
Pyth Network,GITHUB_repositories_daily,2024-07-31,8.0
Pyth Network,GITHUB_contributors_daily,2024-07-31,8.0
Walnut,GITHUB_contributors_daily,2024-07-31,4.0
Pyth Network,GITHUB_opened_pull_requests_daily,2024-07-31,10.0
Open Source Observer,GITHUB_opened_pull_requests_daily,2024-07-31,6.0
thirdweb,GITHUB_opened_pull_requests_daily,2024-07-31,14.0
Passport XYZ,GITHUB_merged_pull_requests_daily,2024-07-31,4.0
Walnut,GITHUB_merged_pull_requests_daily,2024-07-31,1.0
Trail of Bits Security Reviews,GITHUB_merged_pull_requests_daily,2024-07-31,8.0
Runtime Verification,GITHUB_merged_pull_requests_daily,2024-07-31,7.0
Debid - Fairblock,GITHUB_merged_pull_requests_daily,2024-07-31,3.0
thirdweb,GITHUB_merged_pull_requests_daily,2024-07-31,9.0
Pyth Network,GITHUB_merged_pull_requests_daily,2024-07-31,9.0
thirdweb,GITHUB_comments_daily,2024-06-12,111.0
Walnut,GITHUB_comments_daily,2024-06-12,4.0
Passport XYZ,GITHUB_comments_daily,2024-06-12,2.0
Trail of Bits Security Reviews,GITHUB_commits_daily,2024-06-12,26.0
Open Source Observer,GITHUB_commits_daily,2024-06-12,8.0
Passport XYZ,GITHUB_commits_daily,2024-06-12,12.0
thirdweb,GITHUB_releases_daily,2024-06-12,11.0
Trail of Bits Security Reviews,GITHUB_forks_daily,2024-06-12,1.0
thirdweb,GITHUB_repositories_daily,2024-06-12,5.0
Redstone Finance,GITHUB_contributors_daily,2024-06-12,3.0
Passport XYZ,GITHUB_contributors_daily,2024-06-12,3.0
Open Source Observer,GITHUB_contributors_daily,2024-06-12,4.0
Remix IDE plugin for Arbitrum Stylus,GITHUB_contributors_daily,2024-06-12,2.0
Pyth Network,GITHUB_active_developers_daily,2024-06-12,3.0
Remix IDE plugin for Arbitrum Stylus,GITHUB_active_developers_daily,2024-06-12,1.0
Redstone Finance,GITHUB_active_developers_daily,2024-06-12,3.0
Runtime Verification,GITHUB_opened_pull_requests_daily,2024-06-12,17.0
Passport XYZ,GITHUB_merged_pull_requests_daily,2024-06-12,2.0
Open Source Observer,GITHUB_merged_pull_requests_daily,2024-06-12,9.0
Remix IDE plugin for Arbitrum Stylus,GITHUB_merged_pull_requests_daily,2024-06-12,1.0
thirdweb,GITHUB_closed_issues_daily,2024-06-12,1.0
Trail of Bits Security Reviews,GITHUB_closed_issues_daily,2024-06-12,1.0
Walnut,GITHUB_closed_issues_daily,2024-06-12,1.0
Trail of Bits Security Reviews,GITHUB_comments_daily,2024-11-12,3.0
Solang,GITHUB_comments_daily,2024-11-12,5.0
Open Source Observer,GITHUB_comments_daily,2024-11-12,3.0
Redstone Finance,GITHUB_comments_daily,2024-11-12,4.0
thirdweb,GITHUB_comments_daily,2024-11-12,122.0
Remix IDE plugin for Arbitrum Stylus,GITHUB_commits_daily,2024-11-12,4.0
thirdweb,GITHUB_commits_daily,2024-11-12,7.0
Runtime Verification,GITHUB_repositories_daily,2024-11-12,7.0
Pyth Network,GITHUB_repositories_daily,2024-11-12,5.0
Trail of Bits Security Reviews,GITHUB_contributors_daily,2024-11-12,6.0
Runtime Verification,GITHUB_contributors_daily,2024-11-12,4.0
Passport XYZ,GITHUB_contributors_daily,2024-11-12,3.0
Remix IDE plugin for Arbitrum Stylus,GITHUB_active_developers_daily,2024-11-12,1.0
Redstone Finance,GITHUB_active_developers_daily,2024-11-12,2.0
Trail of Bits Security Reviews,GITHUB_active_developers_daily,2024-11-12,3.0
Solang,GITHUB_opened_pull_requests_daily,2024-11-12,1.0
Trail of Bits Security Reviews,GITHUB_merged_pull_requests_daily,2024-11-12,10.0
Solang,GITHUB_merged_pull_requests_daily,2024-11-12,1.0
thirdweb,GITHUB_merged_pull_requests_daily,2024-11-12,8.0
Passport XYZ,GITHUB_opened_issues_daily,2024-11-12,4.0
Open Source Observer,GITHUB_comments_daily,2024-06-30,9.0
Runtime Verification,GITHUB_stars_daily,2024-06-30,1.0
thirdweb,GITHUB_commits_daily,2024-06-30,1.0
Trail of Bits Security Reviews,GITHUB_repositories_daily,2024-06-30,12.0
thirdweb,GITHUB_opened_pull_requests_daily,2024-06-30,3.0
thirdweb,GITHUB_contributors_daily,2024-06-30,3.0
Runtime Verification,GITHUB_contributors_daily,2024-06-30,2.0
Open Source Observer,GITHUB_active_developers_daily,2024-06-30,2.0
Runtime Verification,GITHUB_active_developers_daily,2024-06-30,1.0
Redstone Finance,GITHUB_active_developers_daily,2024-06-30,1.0
Runtime Verification,GITHUB_merged_pull_requests_daily,2024-06-30,2.0
Runtime Verification,GITHUB_comments_daily,2024-03-29,4.0
Open Source Observer,GITHUB_comments_daily,2024-03-29,12.0
thirdweb,GITHUB_comments_daily,2024-03-29,98.0
Trail of Bits Security Reviews,GITHUB_stars_daily,2024-03-29,27.0
Trail of Bits Security Reviews,GITHUB_forks_daily,2024-03-29,3.0
Runtime Verification,GITHUB_repositories_daily,2024-03-29,4.0
thirdweb,GITHUB_repositories_daily,2024-03-29,6.0
Open Source Observer,GITHUB_repositories_daily,2024-03-29,1.0
Trail of Bits Security Reviews,GITHUB_active_developers_daily,2024-03-29,1.0
Runtime Verification,GITHUB_active_developers_daily,2024-03-29,1.0
thirdweb,GITHUB_merged_pull_requests_daily,2024-03-29,27.0
Trail of Bits Security Reviews,GITHUB_merged_pull_requests_daily,2024-03-29,1.0
Open Source Observer,GITHUB_opened_issues_daily,2024-03-29,1.0
Runtime Verification,GITHUB_closed_issues_daily,2024-03-29,1.0
Open Source Observer,GITHUB_comments_daily,2024-09-11,8.0
thirdweb,GITHUB_commits_daily,2024-09-11,37.0
Open Source Observer,GITHUB_commits_daily,2024-09-11,7.0
Trail of Bits Security Reviews,GITHUB_commits_daily,2024-09-11,24.0
thirdweb,GITHUB_releases_daily,2024-09-11,1.0
Walnut,GITHUB_repositories_daily,2024-09-11,1.0
Sylow,GITHUB_repositories_daily,2024-09-11,1.0
Runtime Verification,GITHUB_repositories_daily,2024-09-11,9.0
Redstone Finance,GITHUB_repositories_daily,2024-09-11,3.0
Remix IDE plugin for Arbitrum Stylus,GITHUB_repositories_daily,2024-09-11,1.0
Trail of Bits Security Reviews,GITHUB_repositories_daily,2024-09-11,13.0
Passport XYZ,GITHUB_repositories_daily,2024-09-11,3.0
Trail of Bits Security Reviews,GITHUB_contributors_daily,2024-09-11,10.0
Open Source Observer,GITHUB_contributors_daily,2024-09-11,5.0
Pyth Network,GITHUB_active_developers_daily,2024-09-11,6.0
Runtime Verification,GITHUB_opened_pull_requests_daily,2024-09-11,8.0
Runtime Verification,GITHUB_merged_pull_requests_daily,2024-09-11,8.0
Passport XYZ,GITHUB_opened_issues_daily,2024-09-11,4.0
Trail of Bits Security Reviews,GITHUB_opened_issues_daily,2024-09-11,2.0
Passport XYZ,GITHUB_closed_issues_daily,2024-09-11,6.0
Open Source Observer,GITHUB_comments_daily,2024-07-16,9.0
Pyth Network,GITHUB_comments_daily,2024-07-16,13.0
Trail of Bits Security Reviews,GITHUB_stars_daily,2024-07-16,10.0
thirdweb,GITHUB_forks_daily,2024-07-16,3.0
Pyth Network,GITHUB_repositories_daily,2024-07-16,4.0
Debid - Fairblock,GITHUB_repositories_daily,2024-07-16,1.0
thirdweb,GITHUB_repositories_daily,2024-07-16,4.0
Pyth Network,GITHUB_contributors_daily,2024-07-16,3.0
Open Source Observer,GITHUB_contributors_daily,2024-07-16,2.0
Redstone Finance,GITHUB_contributors_daily,2024-07-16,3.0
Trail of Bits Security Reviews,GITHUB_contributors_daily,2024-07-16,5.0
Enclave,GITHUB_active_developers_daily,2024-07-16,1.0
thirdweb,GITHUB_active_developers_daily,2024-07-16,4.0
Open Source Observer,GITHUB_active_developers_daily,2024-07-16,1.0
Pyth Network,GITHUB_opened_pull_requests_daily,2024-07-16,1.0
Open Source Observer,GITHUB_opened_pull_requests_daily,2024-07-16,1.0
Open Source Observer,GITHUB_merged_pull_requests_daily,2024-07-16,1.0
Runtime Verification,GITHUB_closed_issues_daily,2024-07-16,6.0
Passport XYZ,GITHUB_new_contributors_quarterly,2024-07-01,6.0
Open Source Observer,GITHUB_new_contributors_quarterly,2024-07-01,10.0
Walnut,GITHUB_active_contributors_quarterly,2024-07-01,11.0
Pyth Network,GITHUB_active_contributors_quarterly,2024-07-01,33.0
Passport XYZ,GITHUB_active_contributors_quarterly,2024-07-01,6.0
Walnut,GITHUB_part_time_contributors_quarterly,2024-07-01,11.0
Passport XYZ,GITHUB_part_time_contributors_quarterly,2024-07-01,6.0
Trail of Bits Security Reviews,GITHUB_new_contributors_quarterly,2024-07-01,21.0
thirdweb,GITHUB_part_time_contributors_quarterly,2024-07-01,40.0
Trail of Bits Security Reviews,GITHUB_releases_biannually,2024-07-01,12.0
Runtime Verification,GITHUB_releases_biannually,2024-07-01,218.0
Passport XYZ,GITHUB_releases_biannually,2024-07-01,4.0
thirdweb,GITHUB_releases_biannually,2024-07-01,26.0
thirdweb,GITHUB_forks_weekly,2024-07-01,15.0
Trail of Bits Security Reviews,GITHUB_forks_weekly,2024-07-01,14.0
Pyth Network,GITHUB_forks_weekly,2024-07-01,5.0
Open Source Observer,GITHUB_forks_weekly,2024-07-01,1.0
Debid - Fairblock,GITHUB_releases_quarterly,2024-07-01,14.0
Remix IDE plugin for Arbitrum Stylus,GITHUB_releases_quarterly,2024-07-01,3.0
Passport XYZ,GITHUB_releases_quarterly,2024-07-01,4.0
Runtime Verification,GITHUB_releases_quarterly,2024-07-01,218.0
Enclave,GITHUB_commits_biannually,2024-07-01,2.0
Walnut,GITHUB_commits_biannually,2024-07-01,83.0
thirdweb,GITHUB_commits_biannually,2024-07-01,362.0
Passport XYZ,GITHUB_commits_biannually,2024-07-01,166.0
Remix IDE plugin for Arbitrum Stylus,GITHUB_commits_biannually,2024-07-01,16.0
Debid - Fairblock,GITHUB_commits_biannually,2024-07-01,64.0
Arbos Foundry,GITHUB_active_developers_biannually,2024-07-01,1.0
Redstone Finance,GITHUB_active_developers_biannually,2024-07-01,5.0
Open Source Observer,GITHUB_active_developers_biannually,2024-07-01,9.0
Trail of Bits Security Reviews,GITHUB_active_developers_biannually,2024-07-01,20.0
Enclave,GITHUB_repositories_quarterly,2024-07-01,1.0
Arbos Foundry,GITHUB_repositories_quarterly,2024-07-01,1.0
Walnut,GITHUB_repositories_quarterly,2024-07-01,4.0
thirdweb,GITHUB_repositories_quarterly,2024-07-01,17.0
Pyth Network,GITHUB_repositories_quarterly,2024-07-01,17.0
Runtime Verification,GITHUB_active_developers_quarterly,2024-07-01,17.0
Passport XYZ,GITHUB_forks_monthly,2024-07-01,1.0
Open Source Observer,GITHUB_forks_monthly,2024-07-01,5.0
thirdweb,GITHUB_part_time_developers_quarterly,2024-07-01,18.0
Passport XYZ,GITHUB_stars_biannually,2024-07-01,2.0
Pyth Network,GITHUB_stars_biannually,2024-07-01,29.0
Walnut,GITHUB_comments_daily,2024-07-01,6.0
thirdweb,GITHUB_comments_daily,2024-07-01,119.0
Trail of Bits Security Reviews,GITHUB_comments_daily,2024-07-01,21.0
Open Source Observer,GITHUB_stars_monthly,2024-07-01,8.0
Trail of Bits Security Reviews,GITHUB_stars_monthly,2024-07-01,366.0
Passport XYZ,GITHUB_stars_weekly,2024-07-01,2.0
Pyth Network,GITHUB_commits_daily,2024-07-01,2.0
Walnut,GITHUB_commits_daily,2024-07-01,13.0
Trail of Bits Security Reviews,GITHUB_commits_daily,2024-07-01,9.0
Redstone Finance,GITHUB_commits_daily,2024-07-01,3.0
Arbos Foundry,GITHUB_commits_monthly,2024-07-01,20.0
thirdweb,GITHUB_commits_monthly,2024-07-01,362.0
Pyth Network,GITHUB_commits_monthly,2024-07-01,107.0
Open Source Observer,GITHUB_commits_monthly,2024-07-01,133.0
Pyth Network,GITHUB_comments_monthly,2024-07-01,439.0
Open Source Observer,GITHUB_stars_quarterly,2024-07-01,8.0
Pyth Network,GITHUB_releases_monthly,2024-07-01,17.0
Debid - Fairblock,GITHUB_releases_monthly,2024-07-01,14.0
Remix IDE plugin for Arbitrum Stylus,GITHUB_releases_monthly,2024-07-01,3.0
Open Source Observer,GITHUB_commits_weekly,2024-07-01,21.0
Walnut,GITHUB_commits_weekly,2024-07-01,42.0
Trail of Bits Security Reviews,GITHUB_comments_weekly,2024-07-01,70.0
Runtime Verification,GITHUB_commits_quarterly,2024-07-01,610.0
Pyth Network,GITHUB_commits_quarterly,2024-07-01,107.0
Passport XYZ,GITHUB_comments_weekly,2024-07-01,6.0
Open Source Observer,GITHUB_forks_quarterly,2024-07-01,5.0
Redstone Finance,GITHUB_forks_quarterly,2024-07-01,11.0
Debid - Fairblock,GITHUB_forks_quarterly,2024-07-01,10.0
Pyth Network,GITHUB_forks_biannually,2024-07-01,22.0
Redstone Finance,GITHUB_repositories_weekly,2024-07-01,8.0
thirdweb,GITHUB_repositories_weekly,2024-07-01,7.0
Runtime Verification,GITHUB_repositories_daily,2024-07-01,9.0
Remix IDE plugin for Arbitrum Stylus,GITHUB_repositories_biannually,2024-07-01,2.0
Pyth Network,GITHUB_repositories_monthly,2024-07-01,17.0
Open Source Observer,GITHUB_repositories_monthly,2024-07-01,3.0
Walnut,GITHUB_repositories_monthly,2024-07-01,4.0
Redstone Finance,GITHUB_repositories_monthly,2024-07-01,16.0
Remix IDE plugin for Arbitrum Stylus,GITHUB_repositories_monthly,2024-07-01,2.0
Trail of Bits Security Reviews,GITHUB_repositories_biannually,2024-07-01,81.0
Arbos Foundry,GITHUB_repositories_biannually,2024-07-01,1.0
Passport XYZ,GITHUB_repositories_biannually,2024-07-01,8.0
Debid - Fairblock,GITHUB_repositories_monthly,2024-07-01,8.0
Open Source Observer,GITHUB_contributors_monthly,2024-07-01,15.0
Debid - Fairblock,GITHUB_contributors_weekly,2024-07-01,3.0
Passport XYZ,GITHUB_contributors_weekly,2024-07-01,1.0
Runtime Verification,GITHUB_contributors_weekly,2024-07-01,24.0
Debid - Fairblock,GITHUB_contributors_monthly,2024-07-01,18.0
Walnut,GITHUB_contributors_monthly,2024-07-01,11.0
Redstone Finance,GITHUB_contributors_daily,2024-07-01,2.0
Debid - Fairblock,GITHUB_contributors_quarterly,2024-07-01,18.0
Redstone Finance,GITHUB_contributors_biannually,2024-07-01,9.0
Runtime Verification,GITHUB_contributors_biannually,2024-07-01,39.0
Pyth Network,GITHUB_contributors_quarterly,2024-07-01,33.0
Walnut,GITHUB_contributors_quarterly,2024-07-01,11.0
Runtime Verification,GITHUB_contributors_quarterly,2024-07-01,39.0
Walnut,GITHUB_active_developers_weekly,2024-07-01,2.0
thirdweb,GITHUB_active_developers_weekly,2024-07-01,8.0
Redstone Finance,GITHUB_part_time_developers_monthly,2024-07-01,3.0
Runtime Verification,GITHUB_full_time_developers_monthly,2024-07-01,2.0
Arbos Foundry,GITHUB_part_time_developers_monthly,2024-07-01,1.0
Enclave,GITHUB_active_developers_monthly,2024-07-01,1.0
Trail of Bits Security Reviews,GITHUB_full_time_developers_monthly,2024-07-01,3.0
Pyth Network,GITHUB_part_time_developers_monthly,2024-07-01,13.0
Arbos Foundry,GITHUB_part_time_developers_biannually,2024-07-01,1.0
Enclave,GITHUB_part_time_developers_biannually,2024-07-01,1.0
Remix IDE plugin for Arbitrum Stylus,GITHUB_part_time_developers_biannually,2024-07-01,1.0
Walnut,GITHUB_part_time_developers_biannually,2024-07-01,3.0
Trail of Bits Security Reviews,GITHUB_part_time_developers_biannually,2024-07-01,20.0
Runtime Verification,GITHUB_part_time_developers_biannually,2024-07-01,17.0
Runtime Verification,GITHUB_new_contributors_monthly,2024-07-01,9.0
Redstone Finance,GITHUB_full_time_contributors_monthly,2024-07-01,2.0
Remix IDE plugin for Arbitrum Stylus,GITHUB_new_contributors_monthly,2024-07-01,1.0
Arbos Foundry,GITHUB_active_contributors_monthly,2024-07-01,1.0
Redstone Finance,GITHUB_new_contributors_monthly,2024-07-01,4.0
Pyth Network,GITHUB_part_time_contributors_monthly,2024-07-01,30.0
Runtime Verification,GITHUB_part_time_contributors_monthly,2024-07-01,30.0
Passport XYZ,GITHUB_part_time_contributors_monthly,2024-07-01,6.0
thirdweb,GITHUB_active_contributors_monthly,2024-07-01,40.0
Trail of Bits Security Reviews,GITHUB_active_contributors_monthly,2024-07-01,49.0
Redstone Finance,GITHUB_part_time_contributors_monthly,2024-07-01,7.0
Remix IDE plugin for Arbitrum Stylus,GITHUB_new_contributors_biannually,2024-07-01,1.0
Pyth Network,GITHUB_new_contributors_biannually,2024-07-01,21.0
Walnut,GITHUB_part_time_contributors_biannually,2024-07-01,11.0
Open Source Observer,GITHUB_part_time_contributors_biannually,2024-07-01,15.0
Arbos Foundry,GITHUB_part_time_contributors_biannually,2024-07-01,1.0
Arbos Foundry,GITHUB_active_contributors_biannually,2024-07-01,1.0
Trail of Bits Security Reviews,GITHUB_part_time_contributors_biannually,2024-07-01,49.0
Enclave,GITHUB_new_contributors_biannually,2024-07-01,1.0
Runtime Verification,GITHUB_change_in_active_developers_monthly,2024-07-01,-6.0
Pyth Network,GITHUB_change_in_full_time_contributors_monthly,2024-07-01,4.0
Redstone Finance,GITHUB_change_in_active_developers_monthly,2024-07-01,-5.0
thirdweb,GITHUB_change_in_active_developers_monthly,2024-07-01,15.0
Trail of Bits Security Reviews,GITHUB_change_in_full_time_contributors_monthly,2024-07-01,2.0
Runtime Verification,GITHUB_change_in_full_time_contributors_monthly,2024-07-01,2.0
Redstone Finance,GITHUB_change_in_part_time_contributors_monthly,2024-07-01,-4.0
Walnut,GITHUB_change_in_part_time_contributors_biannually,2024-07-01,11.0
Passport XYZ,GITHUB_change_in_active_developers_quarterly,2024-07-01,-1.0
Passport XYZ,GITHUB_change_in_part_time_contributors_quarterly,2024-07-01,-1.0
Enclave,GITHUB_change_in_part_time_contributors_quarterly,2024-07-01,2.0
Debid - Fairblock,GITHUB_change_in_active_developers_quarterly,2024-07-01,-14.0
Redstone Finance,GITHUB_change_in_part_time_contributors_quarterly,2024-07-01,-5.0
Pyth Network,GITHUB_change_in_part_time_contributors_biannually,2024-07-01,5.0
Debid - Fairblock,GITHUB_change_in_active_developers_biannually,2024-07-01,-14.0
Enclave,GITHUB_change_in_active_developers_biannually,2024-07-01,2.0
Walnut,GITHUB_opened_pull_requests_weekly,2024-07-01,9.0
Redstone Finance,GITHUB_opened_pull_requests_monthly,2024-07-01,8.0
Trail of Bits Security Reviews,GITHUB_opened_pull_requests_quarterly,2024-07-01,278.0
Passport XYZ,GITHUB_opened_pull_requests_biannually,2024-07-01,50.0
Open Source Observer,GITHUB_opened_pull_requests_quarterly,2024-07-01,106.0
Debid - Fairblock,GITHUB_merged_pull_requests_weekly,2024-07-01,3.0
Passport XYZ,GITHUB_merged_pull_requests_weekly,2024-07-01,4.0
Remix IDE plugin for Arbitrum Stylus,GITHUB_merged_pull_requests_monthly,2024-07-01,1.0
Debid - Fairblock,GITHUB_merged_pull_requests_monthly,2024-07-01,14.0
Walnut,GITHUB_merged_pull_requests_quarterly,2024-07-01,23.0
Open Source Observer,GITHUB_merged_pull_requests_quarterly,2024-07-01,102.0
thirdweb,GITHUB_merged_pull_requests_biannually,2024-07-01,344.0
thirdweb,GITHUB_merged_pull_requests_daily,2024-07-01,12.0
Trail of Bits Security Reviews,GITHUB_merged_pull_requests_daily,2024-07-01,11.0
Walnut,GITHUB_merged_pull_requests_daily,2024-07-01,3.0
Runtime Verification,GITHUB_opened_issues_weekly,2024-07-01,8.0
thirdweb,GITHUB_opened_issues_weekly,2024-07-01,1.0
Pyth Network,GITHUB_opened_issues_daily,2024-07-01,2.0
Open Source Observer,GITHUB_opened_issues_daily,2024-07-01,4.0
Open Source Observer,GITHUB_opened_issues_monthly,2024-07-01,68.0
Pyth Network,GITHUB_opened_issues_monthly,2024-07-01,6.0
Trail of Bits Security Reviews,GITHUB_opened_issues_monthly,2024-07-01,54.0
Runtime Verification,GITHUB_opened_issues_quarterly,2024-07-01,50.0
thirdweb,GITHUB_opened_issues_quarterly,2024-07-01,13.0
Redstone Finance,GITHUB_opened_issues_biannually,2024-07-01,4.0
thirdweb,GITHUB_opened_issues_biannually,2024-07-01,13.0
Trail of Bits Security Reviews,GITHUB_closed_issues_weekly,2024-07-01,6.0
Pyth Network,GITHUB_closed_issues_monthly,2024-07-01,2.0
Open Source Observer,GITHUB_closed_issues_daily,2024-07-01,4.0
thirdweb,GITHUB_closed_issues_quarterly,2024-07-01,10.0
Passport XYZ,GITHUB_closed_issues_biannually,2024-07-01,6.0
Pyth Network,GITHUB_closed_issues_biannually,2024-07-01,2.0
Redstone Finance,GITHUB_closed_issues_biannually,2024-07-01,1.0
Walnut,GITHUB_closed_issues_biannually,2024-07-01,9.0
Pyth Network,GITHUB_closed_issues_quarterly,2024-07-01,2.0
Runtime Verification,GITHUB_closed_issues_quarterly,2024-07-01,77.0
Walnut,GITHUB_closed_issues_quarterly,2024-07-01,9.0
Sylow,GITHUB_avg_prs_time_to_merge_quarterly,2024-07-01,0.0
Passport XYZ,GITHUB_avg_prs_time_to_merge_quarterly,2024-07-01,0.0
Trail of Bits Security Reviews,GITHUB_avg_prs_time_to_merge_biannually,2024-07-01,0.0
Open Source Observer,GITHUB_avg_time_to_first_response_quarterly,2024-07-01,517610.6408839779
Open Source Observer,GITHUB_avg_prs_time_to_merge_biannually,2024-07-01,0.0
thirdweb,GITHUB_avg_prs_time_to_merge_biannually,2024-07-01,0.0
Redstone Finance,GITHUB_avg_prs_time_to_merge_biannually,2024-07-01,0.0
Open Source Observer,GITHUB_avg_time_to_first_response_biannually,2024-07-01,517610.6408839779
Redstone Finance,GITHUB_avg_time_to_first_response_biannually,2024-07-01,53178.1
Passport XYZ,GITHUB_avg_time_to_first_response_biannually,2024-07-01,9128.763636363636
Pyth Network,GITHUB_churned_contributors_monthly,2024-07-01,-16.0
Open Source Observer,GITHUB_change_in_full_time_contributors_quarterly,2024-07-01,0.0
Open Source Observer,GITHUB_change_in_new_contributors_quarterly,2024-07-01,32.0
Open Source Observer,GITHUB_churned_contributors_quarterly,2024-07-01,23.0
Enclave,GITHUB_churned_contributors_quarterly,2024-07-01,1.0
Enclave,GITHUB_change_in_active_contributors_quarterly,2024-07-01,2.0
Walnut,GITHUB_change_in_new_contributors_quarterly,2024-07-01,11.0
Redstone Finance,GITHUB_change_in_active_contributors_quarterly,2024-07-01,-5.0
Trail of Bits Security Reviews,GITHUB_churned_contributors_quarterly,2024-07-01,-29.0
Pyth Network,GITHUB_churned_contributors_quarterly,2024-07-01,-16.0
Pyth Network,GITHUB_change_in_new_contributors_quarterly,2024-07-01,5.0
Passport XYZ,GITHUB_change_in_active_contributors_quarterly,2024-07-01,-1.0
Passport XYZ,GITHUB_change_in_new_contributors_monthly,2024-07-01,-1.0
Walnut,GITHUB_churned_contributors_monthly,2024-07-01,2.0
Trail of Bits Security Reviews,GITHUB_change_in_active_contributors_monthly,2024-07-01,-8.0
Redstone Finance,GITHUB_change_in_active_contributors_monthly,2024-07-01,-5.0
Debid - Fairblock,GITHUB_change_in_active_contributors_biannually,2024-07-01,-14.0
Debid - Fairblock,GITHUB_change_in_full_time_contributors_biannually,2024-07-01,0.0
Runtime Verification,GITHUB_churned_contributors_biannually,2024-07-01,-15.0
Runtime Verification,GITHUB_change_in_new_contributors_biannually,2024-07-01,-5.0
Pyth Network,GITHUB_change_in_new_contributors_biannually,2024-07-01,5.0
Enclave,GITHUB_change_in_new_contributors_biannually,2024-07-01,2.0
Walnut,GITHUB_change_in_new_contributors_biannually,2024-07-01,11.0
Walnut,GITHUB_churned_contributors_biannually,2024-07-01,2.0
Open Source Observer,GITHUB_churned_contributors_biannually,2024-07-01,23.0
Debid - Fairblock,GITHUB_change_in_active_contributors_quarterly,2024-07-01,-14.0
thirdweb,GITHUB_change_in_new_contributors_quarterly,2024-07-01,13.0
thirdweb,GITHUB_churned_contributors_quarterly,2024-07-01,-7.0
Runtime Verification,GITHUB_change_in_active_contributors_quarterly,2024-07-01,-6.0
thirdweb,GITHUB_churned_contributors_monthly,2024-07-01,-7.0
Runtime Verification,GITHUB_change_in_active_contributors_monthly,2024-07-01,-6.0
Runtime Verification,GITHUB_churned_contributors_monthly,2024-07-01,-15.0
Arbos Foundry,GITHUB_change_in_full_time_contributors_quarterly,2024-07-01,0.0
Arbos Foundry,GITHUB_change_in_active_contributors_quarterly,2024-07-01,0.0
Open Source Observer,GITHUB_change_in_full_time_contributors_biannually,2024-07-01,0.0
Arbos Foundry,GITHUB_change_in_full_time_contributors_biannually,2024-07-01,0.0
Arbos Foundry,GITHUB_change_in_active_contributors_biannually,2024-07-01,0.0
Debid - Fairblock,GITHUB_churned_contributors_biannually,2024-07-01,-29.0
Passport XYZ,GITHUB_comments_daily,2024-11-21,8.0
Runtime Verification,GITHUB_commits_daily,2024-11-21,10.0
Trail of Bits Security Reviews,GITHUB_commits_daily,2024-11-21,3.0
Passport XYZ,GITHUB_commits_daily,2024-11-21,3.0
thirdweb,GITHUB_releases_daily,2024-11-21,2.0
Trail of Bits Security Reviews,GITHUB_stars_daily,2024-11-21,6.0
Pyth Network,GITHUB_stars_daily,2024-11-21,1.0
Solang,GITHUB_stars_daily,2024-11-21,1.0
Trail of Bits Security Reviews,GITHUB_contributors_daily,2024-11-21,3.0
Redstone Finance,GITHUB_contributors_daily,2024-11-21,2.0
Passport XYZ,GITHUB_contributors_daily,2024-11-21,2.0
Debid - Fairblock,GITHUB_contributors_daily,2024-11-21,1.0
Trail of Bits Security Reviews,GITHUB_repositories_daily,2024-11-21,6.0
Passport XYZ,GITHUB_repositories_daily,2024-11-21,2.0
Passport XYZ,GITHUB_active_developers_daily,2024-11-21,2.0
thirdweb,GITHUB_active_developers_daily,2024-11-21,3.0
Trail of Bits Security Reviews,GITHUB_active_developers_daily,2024-11-21,3.0
Redstone Finance,GITHUB_active_developers_daily,2024-11-21,2.0
Passport XYZ,GITHUB_opened_pull_requests_daily,2024-11-21,3.0
thirdweb,GITHUB_merged_pull_requests_daily,2024-11-21,4.0
Open Source Observer,GITHUB_opened_issues_daily,2024-11-21,3.0
Runtime Verification,GITHUB_closed_issues_daily,2024-11-21,2.0
Pyth Network,GITHUB_stars_daily,2024-08-25,1.0
Runtime Verification,GITHUB_stars_daily,2024-08-25,2.0
Passport XYZ,GITHUB_stars_daily,2024-08-25,2.0
Runtime Verification,GITHUB_forks_daily,2024-08-25,1.0
Passport XYZ,GITHUB_repositories_daily,2024-08-25,1.0
Trail of Bits Security Reviews,GITHUB_repositories_daily,2024-08-25,8.0
Redstone Finance,GITHUB_repositories_daily,2024-08-25,2.0
Open Source Observer,GITHUB_opened_pull_requests_daily,2024-08-25,1.0
Runtime Verification,GITHUB_merged_pull_requests_daily,2024-08-25,3.0
Trail of Bits Security Reviews,GITHUB_opened_issues_daily,2024-08-25,2.0
Open Source Observer,GITHUB_opened_issues_daily,2024-08-25,3.0
Open Source Observer,GITHUB_closed_issues_daily,2024-08-25,4.0
Pyth Network,GITHUB_comments_daily,2025-03-21,12.0
Enclave,GITHUB_stars_daily,2025-03-21,1.0
Trail of Bits Security Reviews,GITHUB_stars_daily,2025-03-21,11.0
CodeTracer,GITHUB_commits_daily,2025-03-21,7.0
Trail of Bits Security Reviews,GITHUB_commits_daily,2025-03-21,1.0
thirdweb,GITHUB_commits_daily,2025-03-21,5.0
Walnut,GITHUB_commits_daily,2025-03-21,6.0
Open Source Observer,GITHUB_commits_daily,2025-03-21,10.0
Trail of Bits Security Reviews,GITHUB_forks_daily,2025-03-21,1.0
thirdweb,GITHUB_repositories_daily,2025-03-21,4.0
9Lives,GITHUB_repositories_daily,2025-03-21,1.0
Runtime Verification,GITHUB_repositories_daily,2025-03-21,8.0
Walnut,GITHUB_repositories_daily,2025-03-21,1.0
Runtime Verification,GITHUB_contributors_daily,2025-03-21,5.0
Solang,GITHUB_contributors_daily,2025-03-21,1.0
thirdweb,GITHUB_contributors_daily,2025-03-21,3.0
Passport XYZ,GITHUB_active_developers_daily,2025-03-21,1.0
Pyth Network,GITHUB_active_developers_daily,2025-03-21,2.0
9Lives,GITHUB_active_developers_daily,2025-03-21,1.0
Redstone Finance,GITHUB_active_developers_daily,2025-03-21,1.0
Walnut,GITHUB_active_developers_daily,2025-03-21,1.0
Open Source Observer,GITHUB_active_developers_daily,2025-03-21,3.0
CodeTracer,GITHUB_opened_pull_requests_daily,2025-03-21,4.0
Passport XYZ,GITHUB_opened_pull_requests_daily,2025-03-21,6.0
9Lives,GITHUB_opened_pull_requests_daily,2025-03-21,1.0
Passport XYZ,GITHUB_merged_pull_requests_daily,2025-03-21,2.0
Walnut,GITHUB_merged_pull_requests_daily,2025-03-21,2.0
Pyth Network,GITHUB_opened_issues_daily,2025-03-21,2.0
Runtime Verification,GITHUB_opened_issues_daily,2025-03-21,2.0
Open Source Observer,GITHUB_closed_issues_daily,2025-03-21,7.0
Trail of Bits Security Reviews,GITHUB_stars_daily,2024-07-11,14.0
Pyth Network,GITHUB_stars_daily,2024-07-11,3.0
thirdweb,GITHUB_stars_daily,2024-07-11,2.0
Runtime Verification,GITHUB_commits_daily,2024-07-11,18.0
Pyth Network,GITHUB_forks_daily,2024-07-11,1.0
thirdweb,GITHUB_repositories_daily,2024-07-11,5.0
Runtime Verification,GITHUB_repositories_daily,2024-07-11,8.0
Trail of Bits Security Reviews,GITHUB_contributors_daily,2024-07-11,9.0
Runtime Verification,GITHUB_contributors_daily,2024-07-11,10.0
thirdweb,GITHUB_active_developers_daily,2024-07-11,5.0
Pyth Network,GITHUB_opened_pull_requests_daily,2024-07-11,2.0
thirdweb,GITHUB_opened_pull_requests_daily,2024-07-11,15.0
Trail of Bits Security Reviews,GITHUB_opened_pull_requests_daily,2024-07-11,5.0
Runtime Verification,GITHUB_merged_pull_requests_daily,2024-07-11,11.0
Open Source Observer,GITHUB_merged_pull_requests_daily,2024-07-11,13.0
Runtime Verification,GITHUB_closed_issues_daily,2024-07-11,2.0
Walnut,GITHUB_comments_daily,2024-02-29,4.0
Pyth Network,GITHUB_stars_daily,2024-02-29,3.0
Walnut,GITHUB_stars_daily,2024-02-29,1.0
Walnut,GITHUB_commits_daily,2024-02-29,24.0
Pyth Network,GITHUB_releases_daily,2024-02-29,1.0
Trail of Bits Security Reviews,GITHUB_forks_daily,2024-02-29,1.0
Pyth Network,GITHUB_forks_daily,2024-02-29,2.0
Trail of Bits Security Reviews,GITHUB_repositories_daily,2024-02-29,11.0
Debid - Fairblock,GITHUB_repositories_daily,2024-02-29,4.0
Pyth Network,GITHUB_repositories_daily,2024-02-29,6.0
Walnut,GITHUB_active_developers_daily,2024-02-29,2.0
Debid - Fairblock,GITHUB_active_developers_daily,2024-02-29,1.0
Open Source Observer,GITHUB_active_developers_daily,2024-02-29,1.0
Open Source Observer,GITHUB_merged_pull_requests_daily,2024-02-29,1.0
Trail of Bits Security Reviews,GITHUB_opened_issues_daily,2024-02-29,2.0
Open Source Observer,GITHUB_opened_issues_daily,2024-02-29,1.0
Runtime Verification,GITHUB_comments_daily,2024-05-10,27.0
Syndicate Protocol,GITHUB_comments_daily,2024-05-10,1.0
thirdweb,GITHUB_comments_daily,2024-05-10,73.0
thirdweb,GITHUB_stars_daily,2024-05-10,2.0
Trail of Bits Security Reviews,GITHUB_stars_daily,2024-05-10,14.0
thirdweb,GITHUB_commits_daily,2024-05-10,27.0
Trail of Bits Security Reviews,GITHUB_releases_daily,2024-05-10,1.0
thirdweb,GITHUB_forks_daily,2024-05-10,2.0
Pyth Network,GITHUB_repositories_daily,2024-05-10,5.0
thirdweb,GITHUB_contributors_daily,2024-05-10,13.0
Redstone Finance,GITHUB_contributors_daily,2024-05-10,2.0
Redstone Finance,GITHUB_active_developers_daily,2024-05-10,2.0
Walnut,GITHUB_active_developers_daily,2024-05-10,1.0
Runtime Verification,GITHUB_active_developers_daily,2024-05-10,3.0
thirdweb,GITHUB_active_developers_daily,2024-05-10,8.0
Open Source Observer,GITHUB_opened_pull_requests_daily,2024-05-10,3.0
Runtime Verification,GITHUB_merged_pull_requests_daily,2024-05-10,9.0
Pyth Network,GITHUB_merged_pull_requests_daily,2024-05-10,2.0
Runtime Verification,GITHUB_opened_issues_daily,2024-05-10,3.0
Open Source Observer,GITHUB_closed_issues_daily,2024-05-10,2.0
thirdweb,GITHUB_comments_daily,2024-02-12,20.0
Trail of Bits Security Reviews,GITHUB_stars_daily,2024-02-12,13.0
Redstone Finance,GITHUB_stars_daily,2024-02-12,1.0
thirdweb,GITHUB_commits_daily,2024-02-12,9.0
Pyth Network,GITHUB_commits_daily,2024-02-12,3.0
Pyth Network,GITHUB_releases_weekly,2024-02-12,5.0
Pyth Network,GITHUB_releases_daily,2024-02-12,1.0
Runtime Verification,GITHUB_releases_daily,2024-02-12,5.0
Trail of Bits Security Reviews,GITHUB_commits_weekly,2024-02-12,25.0
thirdweb,GITHUB_commits_weekly,2024-02-12,68.0
Redstone Finance,GITHUB_comments_weekly,2024-02-12,1.0
Walnut,GITHUB_comments_weekly,2024-02-12,34.0
thirdweb,GITHUB_comments_weekly,2024-02-12,187.0
Remix IDE plugin for Arbitrum Stylus,GITHUB_repositories_weekly,2024-02-12,1.0
Debid - Fairblock,GITHUB_repositories_weekly,2024-02-12,2.0
thirdweb,GITHUB_contributors_weekly,2024-02-12,24.0
Remix IDE plugin for Arbitrum Stylus,GITHUB_contributors_weekly,2024-02-12,1.0
Debid - Fairblock,GITHUB_contributors_daily,2024-02-12,1.0
Debid - Fairblock,GITHUB_active_developers_weekly,2024-02-12,1.0
Trail of Bits Security Reviews,GITHUB_active_developers_daily,2024-02-12,2.0
thirdweb,GITHUB_active_developers_daily,2024-02-12,6.0
Open Source Observer,GITHUB_opened_pull_requests_weekly,2024-02-12,31.0
Open Source Observer,GITHUB_opened_pull_requests_daily,2024-02-12,1.0
thirdweb,GITHUB_opened_pull_requests_daily,2024-02-12,9.0
Walnut,GITHUB_opened_pull_requests_daily,2024-02-12,2.0
thirdweb,GITHUB_merged_pull_requests_daily,2024-02-12,9.0
Runtime Verification,GITHUB_opened_issues_weekly,2024-02-12,24.0
thirdweb,GITHUB_opened_issues_daily,2024-02-12,1.0
Walnut,GITHUB_closed_issues_weekly,2024-02-12,8.0
thirdweb,GITHUB_closed_issues_weekly,2024-02-12,3.0
Runtime Verification,GITHUB_closed_issues_daily,2024-02-12,1.0
Walnut,GITHUB_closed_issues_daily,2024-02-12,1.0
Open Source Observer,GITHUB_closed_issues_daily,2024-02-12,4.0
Enclave,GITHUB_comments_daily,2024-12-29,4.0
Runtime Verification,GITHUB_comments_daily,2024-12-29,1.0
thirdweb,GITHUB_stars_daily,2024-12-29,2.0
Pyth Network,GITHUB_stars_daily,2024-12-29,1.0
Trail of Bits Security Reviews,GITHUB_stars_daily,2024-12-29,12.0
Runtime Verification,GITHUB_releases_daily,2024-12-29,2.0
Open Source Observer,GITHUB_repositories_daily,2024-12-29,3.0
Runtime Verification,GITHUB_repositories_daily,2024-12-29,6.0
Runtime Verification,GITHUB_opened_pull_requests_daily,2024-12-29,4.0
Pyth Network,GITHUB_opened_pull_requests_daily,2024-12-29,1.0
Enclave,GITHUB_opened_pull_requests_daily,2024-12-29,2.0
thirdweb,GITHUB_stars_daily,2024-11-30,2.0
Runtime Verification,GITHUB_stars_daily,2024-11-30,1.0
Open Source Observer,GITHUB_commits_daily,2024-11-30,2.0
Trail of Bits Security Reviews,GITHUB_releases_daily,2024-11-30,1.0
thirdweb,GITHUB_forks_daily,2024-11-30,1.0
Enclave,GITHUB_repositories_daily,2024-11-30,1.0
Debid - Fairblock,GITHUB_repositories_daily,2024-11-30,1.0
Solang,GITHUB_repositories_daily,2024-11-30,1.0
thirdweb,GITHUB_contributors_daily,2024-11-30,1.0
Pyth Network,GITHUB_contributors_daily,2024-11-30,2.0
Open Source Observer,GITHUB_merged_pull_requests_daily,2024-11-30,2.0
Runtime Verification,GITHUB_opened_pull_requests_daily,2024-11-30,1.0
Enclave,GITHUB_closed_issues_daily,2024-11-30,1.0
Runtime Verification,GITHUB_comments_daily,2024-06-06,21.0
Pyth Network,GITHUB_comments_daily,2024-06-06,21.0
Open Source Observer,GITHUB_comments_daily,2024-06-06,54.0
Enclave,GITHUB_commits_daily,2024-06-06,4.0
Pyth Network,GITHUB_commits_daily,2024-06-06,12.0
Runtime Verification,GITHUB_releases_daily,2024-06-06,11.0
thirdweb,GITHUB_forks_daily,2024-06-06,1.0
Open Source Observer,GITHUB_repositories_daily,2024-06-06,3.0
Trail of Bits Security Reviews,GITHUB_contributors_daily,2024-06-06,5.0
Runtime Verification,GITHUB_contributors_daily,2024-06-06,11.0
Redstone Finance,GITHUB_active_developers_daily,2024-06-06,1.0
Runtime Verification,GITHUB_active_developers_daily,2024-06-06,3.0
Runtime Verification,GITHUB_merged_pull_requests_daily,2024-06-06,13.0
thirdweb,GITHUB_merged_pull_requests_daily,2024-06-06,7.0
Runtime Verification,GITHUB_commits_daily,2024-02-03,5.0
thirdweb,GITHUB_stars_daily,2024-02-03,1.0
Trail of Bits Security Reviews,GITHUB_repositories_daily,2024-02-03,7.0
thirdweb,GITHUB_repositories_daily,2024-02-03,3.0
Trail of Bits Security Reviews,GITHUB_forks_daily,2024-02-03,3.0
thirdweb,GITHUB_comments_daily,2024-10-27,4.0
Open Source Observer,GITHUB_commits_daily,2024-10-27,6.0
Debid - Fairblock,GITHUB_releases_daily,2024-10-27,3.0
Trail of Bits Security Reviews,GITHUB_repositories_daily,2024-10-27,7.0
Debid - Fairblock,GITHUB_opened_pull_requests_daily,2024-10-27,2.0
Trail of Bits Security Reviews,GITHUB_opened_pull_requests_daily,2024-10-27,5.0
Open Source Observer,GITHUB_merged_pull_requests_daily,2024-10-27,4.0
thirdweb,GITHUB_comments_daily,2024-09-05,199.0
Enclave,GITHUB_comments_daily,2024-09-05,8.0
Pyth Network,GITHUB_comments_daily,2024-09-05,88.0
Open Source Observer,GITHUB_comments_daily,2024-09-05,42.0
thirdweb,GITHUB_commits_daily,2024-09-05,27.0
Remix IDE plugin for Arbitrum Stylus,GITHUB_commits_daily,2024-09-05,3.0
Enclave,GITHUB_commits_daily,2024-09-05,5.0
Passport XYZ,GITHUB_releases_daily,2024-09-05,6.0
thirdweb,GITHUB_releases_daily,2024-09-05,1.0
Runtime Verification,GITHUB_repositories_daily,2024-09-05,10.0
Remix IDE plugin for Arbitrum Stylus,GITHUB_repositories_daily,2024-09-05,1.0
Trail of Bits Security Reviews,GITHUB_contributors_daily,2024-09-05,4.0
Open Source Observer,GITHUB_contributors_daily,2024-09-05,9.0
Runtime Verification,GITHUB_active_developers_daily,2024-09-05,5.0
Syndicate Protocol,GITHUB_active_developers_daily,2024-09-05,1.0
Open Source Observer,GITHUB_opened_pull_requests_daily,2024-09-05,14.0
Syndicate Protocol,GITHUB_opened_pull_requests_daily,2024-09-05,1.0
Passport XYZ,GITHUB_merged_pull_requests_daily,2024-09-05,2.0
Open Source Observer,GITHUB_merged_pull_requests_daily,2024-09-05,14.0
Trail of Bits Security Reviews,GITHUB_merged_pull_requests_daily,2024-09-05,7.0
thirdweb,GITHUB_merged_pull_requests_daily,2024-09-05,23.0
Runtime Verification,GITHUB_merged_pull_requests_daily,2024-09-05,7.0
Runtime Verification,GITHUB_closed_issues_daily,2024-09-05,1.0
Open Source Observer,GITHUB_opened_issues_daily,2024-09-05,8.0
Runtime Verification,GITHUB_comments_daily,2024-11-15,1.0
Redstone Finance,GITHUB_comments_daily,2024-11-15,15.0
Open Source Observer,GITHUB_stars_daily,2024-11-15,1.0
thirdweb,GITHUB_stars_daily,2024-11-15,1.0
Runtime Verification,GITHUB_stars_daily,2024-11-15,4.0
Redstone Finance,GITHUB_commits_daily,2024-11-15,3.0
thirdweb,GITHUB_repositories_daily,2024-11-15,4.0
Pyth Network,GITHUB_repositories_daily,2024-11-15,4.0
Open Source Observer,GITHUB_repositories_daily,2024-11-15,3.0
Trail of Bits Security Reviews,GITHUB_repositories_daily,2024-11-15,18.0
Walnut,GITHUB_repositories_daily,2024-11-15,1.0
Passport XYZ,GITHUB_repositories_daily,2024-11-15,3.0
thirdweb,GITHUB_contributors_daily,2024-11-15,11.0
thirdweb,GITHUB_active_developers_daily,2024-11-15,3.0
Runtime Verification,GITHUB_active_developers_daily,2024-11-15,1.0
Passport XYZ,GITHUB_opened_pull_requests_daily,2024-11-15,12.0
Open Source Observer,GITHUB_opened_pull_requests_daily,2024-11-15,1.0
thirdweb,GITHUB_opened_pull_requests_daily,2024-11-15,11.0
Trail of Bits Security Reviews,GITHUB_comments_daily,2024-04-25,8.0
Pyth Network,GITHUB_stars_daily,2024-04-25,5.0
Walnut,GITHUB_commits_daily,2024-04-25,7.0
Syndicate Protocol,GITHUB_commits_daily,2024-04-25,5.0
Pyth Network,GITHUB_commits_daily,2024-04-25,14.0
Runtime Verification,GITHUB_releases_daily,2024-04-25,3.0
Redstone Finance,GITHUB_repositories_daily,2024-04-25,3.0
Open Source Observer,GITHUB_repositories_daily,2024-04-25,2.0
Trail of Bits Security Reviews,GITHUB_repositories_daily,2024-04-25,14.0
Trail of Bits Security Reviews,GITHUB_active_developers_daily,2024-04-25,3.0
Pyth Network,GITHUB_active_developers_daily,2024-04-25,8.0
Runtime Verification,GITHUB_active_developers_daily,2024-04-25,2.0
Redstone Finance,GITHUB_active_developers_daily,2024-04-25,2.0
thirdweb,GITHUB_active_developers_daily,2024-04-25,10.0
Pyth Network,GITHUB_opened_pull_requests_daily,2024-04-25,13.0
Trail of Bits Security Reviews,GITHUB_opened_issues_daily,2024-04-25,13.0
Runtime Verification,GITHUB_opened_issues_daily,2024-04-25,5.0
Debid - Fairblock,GITHUB_forks_weekly,2025-03-31,4.0
Trail of Bits Security Reviews,GITHUB_stars_daily,2025-03-31,7.0
Trail of Bits Security Reviews,GITHUB_comments_daily,2025-03-31,15.0
Enclave,GITHUB_comments_daily,2025-03-31,1.0
Runtime Verification,GITHUB_commits_daily,2025-03-31,4.0
Redstone Finance,GITHUB_commits_daily,2025-03-31,15.0
Solang,GITHUB_stars_weekly,2025-03-31,6.0
Open Source Observer,GITHUB_stars_weekly,2025-03-31,2.0
Walnut,GITHUB_stars_weekly,2025-03-31,5.0
thirdweb,GITHUB_stars_weekly,2025-03-31,7.0
Passport XYZ,GITHUB_stars_weekly,2025-03-31,5.0
Passport XYZ,GITHUB_releases_weekly,2025-03-31,2.0
CodeTracer,GITHUB_releases_weekly,2025-03-31,2.0
Runtime Verification,GITHUB_comments_weekly,2025-03-31,47.0
9Lives,GITHUB_comments_weekly,2025-03-31,3.0
CodeTracer,GITHUB_repositories_daily,2025-03-31,1.0
Moving Stylus,GITHUB_repositories_daily,2025-03-31,2.0
9Lives,GITHUB_repositories_weekly,2025-03-31,1.0
Passport XYZ,GITHUB_contributors_daily,2025-03-31,3.0
Pyth Network,GITHUB_contributors_daily,2025-03-31,8.0
thirdweb,GITHUB_contributors_daily,2025-03-31,6.0
CoBuilders,GITHUB_contributors_weekly,2025-03-31,1.0
Runtime Verification,GITHUB_contributors_weekly,2025-03-31,15.0
Pyth Network,GITHUB_contributors_weekly,2025-03-31,20.0
Runtime Verification,GITHUB_active_developers_daily,2025-03-31,3.0
CodeTracer,GITHUB_active_developers_daily,2025-03-31,1.0
Trail of Bits Security Reviews,GITHUB_active_developers_daily,2025-03-31,6.0
Trail of Bits Security Reviews,GITHUB_opened_pull_requests_daily,2025-03-31,17.0
Walnut,GITHUB_opened_pull_requests_daily,2025-03-31,2.0
thirdweb,GITHUB_opened_pull_requests_daily,2025-03-31,11.0
CodeTracer,GITHUB_opened_pull_requests_weekly,2025-03-31,2.0
9Lives,GITHUB_opened_pull_requests_weekly,2025-03-31,3.0
Runtime Verification,GITHUB_merged_pull_requests_daily,2025-03-31,3.0
thirdweb,GITHUB_merged_pull_requests_daily,2025-03-31,7.0
Trail of Bits Security Reviews,GITHUB_opened_issues_daily,2025-03-31,1.0
Open Source Observer,GITHUB_opened_issues_daily,2025-03-31,6.0
Open Source Observer,GITHUB_opened_issues_weekly,2025-03-31,36.0
thirdweb,GITHUB_comments_daily,2024-11-20,66.0
Trail of Bits Security Reviews,GITHUB_comments_daily,2024-11-20,5.0
Runtime Verification,GITHUB_comments_daily,2024-11-20,32.0
thirdweb,GITHUB_commits_daily,2024-11-20,9.0
Debid - Fairblock,GITHUB_commits_daily,2024-11-20,3.0
Runtime Verification,GITHUB_releases_daily,2024-11-20,3.0
Moving Stylus,GITHUB_repositories_daily,2024-11-20,1.0
Runtime Verification,GITHUB_repositories_daily,2024-11-20,6.0
Remix IDE plugin for Arbitrum Stylus,GITHUB_repositories_daily,2024-11-20,1.0
Debid - Fairblock,GITHUB_contributors_daily,2024-11-20,2.0
Moving Stylus,GITHUB_contributors_daily,2024-11-20,1.0
Open Source Observer,GITHUB_contributors_daily,2024-11-20,4.0
Trail of Bits Security Reviews,GITHUB_active_developers_daily,2024-11-20,3.0
Open Source Observer,GITHUB_active_developers_daily,2024-11-20,1.0
thirdweb,GITHUB_active_developers_daily,2024-11-20,2.0
Remix IDE plugin for Arbitrum Stylus,GITHUB_opened_pull_requests_daily,2024-11-20,3.0
Runtime Verification,GITHUB_opened_issues_daily,2024-11-20,1.0
Passport XYZ,GITHUB_closed_issues_daily,2024-11-20,2.0
Walnut,GITHUB_stars_daily,2025-04-03,1.0
thirdweb,GITHUB_stars_daily,2025-04-03,1.0
Passport XYZ,GITHUB_commits_daily,2025-04-03,6.0
Passport XYZ,GITHUB_releases_daily,2025-04-03,2.0
Runtime Verification,GITHUB_repositories_daily,2025-04-03,8.0
Debid - Fairblock,GITHUB_repositories_daily,2025-04-03,4.0
Pyth Network,GITHUB_repositories_daily,2025-04-03,4.0
StylusPort,GITHUB_repositories_daily,2025-04-03,1.0
StylusPort,GITHUB_contributors_daily,2025-04-03,1.0
Runtime Verification,GITHUB_contributors_daily,2025-04-03,6.0
thirdweb,GITHUB_active_developers_daily,2025-04-03,3.0
Open Source Observer,GITHUB_active_developers_daily,2025-04-03,4.0
CodeTracer,GITHUB_opened_pull_requests_daily,2025-04-03,1.0
Passport XYZ,GITHUB_opened_pull_requests_daily,2025-04-03,9.0
CodeTracer,GITHUB_merged_pull_requests_daily,2025-04-03,1.0
Runtime Verification,GITHUB_opened_issues_daily,2025-04-03,1.0
Open Source Observer,GITHUB_closed_issues_daily,2025-04-03,4.0
Trail of Bits Security Reviews,GITHUB_comments_daily,2024-02-10,4.0
Walnut,GITHUB_comments_daily,2024-02-10,3.0
thirdweb,GITHUB_commits_daily,2024-02-10,8.0
Open Source Observer,GITHUB_commits_daily,2024-02-10,5.0
Walnut,GITHUB_repositories_daily,2024-02-10,1.0
thirdweb,GITHUB_contributors_daily,2024-02-10,6.0
Trail of Bits Security Reviews,GITHUB_contributors_daily,2024-02-10,3.0
Open Source Observer,GITHUB_active_developers_daily,2024-02-10,2.0
Runtime Verification,GITHUB_active_developers_daily,2024-02-10,1.0
thirdweb,GITHUB_opened_pull_requests_daily,2024-02-10,9.0
Runtime Verification,GITHUB_opened_pull_requests_daily,2024-02-10,3.0
Walnut,GITHUB_opened_pull_requests_daily,2024-02-10,1.0
Open Source Observer,GITHUB_opened_pull_requests_daily,2024-02-10,3.0
thirdweb,GITHUB_merged_pull_requests_daily,2024-02-10,8.0
Open Source Observer,GITHUB_comments_daily,2024-12-24,7.0
Solang,GITHUB_stars_daily,2024-12-24,1.0
Runtime Verification,GITHUB_forks_daily,2024-12-24,2.0
Pyth Network,GITHUB_forks_daily,2024-12-24,1.0
Redstone Finance,GITHUB_contributors_daily,2024-12-24,1.0
thirdweb,GITHUB_contributors_daily,2024-12-24,5.0
Moving Stylus,GITHUB_contributors_daily,2024-12-24,1.0
Open Source Observer,GITHUB_active_developers_daily,2024-12-24,2.0
Redstone Finance,GITHUB_active_developers_daily,2024-12-24,1.0
thirdweb,GITHUB_opened_pull_requests_daily,2024-12-24,4.0
Open Source Observer,GITHUB_opened_pull_requests_daily,2024-12-24,1.0
thirdweb,GITHUB_merged_pull_requests_daily,2024-12-24,1.0
Moving Stylus,GITHUB_merged_pull_requests_daily,2024-12-24,1.0
Open Source Observer,GITHUB_merged_pull_requests_daily,2024-12-24,3.0
Open Source Observer,GITHUB_opened_issues_daily,2024-12-24,1.0
Runtime Verification,GITHUB_forks_weekly,2024-12-30,1.0
Enclave,GITHUB_comments_daily,2024-12-30,14.0
Pyth Network,GITHUB_comments_daily,2024-12-30,11.0
Trail of Bits Security Reviews,GITHUB_comments_daily,2024-12-30,3.0
Trail of Bits Security Reviews,GITHUB_stars_daily,2024-12-30,4.0
Enclave,GITHUB_stars_weekly,2024-12-30,2.0
Passport XYZ,GITHUB_stars_weekly,2024-12-30,14.0
thirdweb,GITHUB_commits_daily,2024-12-30,2.0
Walnut,GITHUB_commits_daily,2024-12-30,7.0
thirdweb,GITHUB_releases_weekly,2024-12-30,1.0
Runtime Verification,GITHUB_releases_weekly,2024-12-30,1.0
Walnut,GITHUB_commits_weekly,2024-12-30,26.0
Trail of Bits Security Reviews,GITHUB_comments_weekly,2024-12-30,7.0
Trail of Bits Security Reviews,GITHUB_repositories_weekly,2024-12-30,37.0
Passport XYZ,GITHUB_repositories_weekly,2024-12-30,3.0
Walnut,GITHUB_forks_daily,2024-12-30,1.0
Passport XYZ,GITHUB_forks_daily,2024-12-30,2.0
Trail of Bits Security Reviews,GITHUB_active_developers_weekly,2024-12-30,7.0
Passport XYZ,GITHUB_contributors_daily,2024-12-30,1.0
Walnut,GITHUB_active_developers_daily,2024-12-30,1.0
thirdweb,GITHUB_opened_pull_requests_daily,2024-12-30,7.0
Passport XYZ,GITHUB_opened_pull_requests_daily,2024-12-30,2.0
Redstone Finance,GITHUB_opened_pull_requests_daily,2024-12-30,1.0
Passport XYZ,GITHUB_opened_pull_requests_weekly,2024-12-30,4.0
thirdweb,GITHUB_opened_pull_requests_weekly,2024-12-30,37.0
Open Source Observer,GITHUB_merged_pull_requests_weekly,2024-12-30,8.0
Pyth Network,GITHUB_merged_pull_requests_weekly,2024-12-30,17.0
thirdweb,GITHUB_opened_issues_weekly,2024-12-30,5.0
Trail of Bits Security Reviews,GITHUB_opened_issues_daily,2024-12-30,1.0
thirdweb,GITHUB_opened_issues_daily,2024-12-30,1.0
Trail of Bits Security Reviews,GITHUB_closed_issues_weekly,2024-12-30,1.0
Trail of Bits Security Reviews,GITHUB_comments_daily,2024-04-17,2.0
Pyth Network,GITHUB_comments_daily,2024-04-17,24.0
thirdweb,GITHUB_opened_pull_requests_daily,2024-04-17,20.0
Open Source Observer,GITHUB_opened_pull_requests_daily,2024-04-17,7.0
Trail of Bits Security Reviews,GITHUB_merged_pull_requests_daily,2024-04-17,7.0
thirdweb,GITHUB_active_developers_daily,2024-04-17,7.0
Redstone Finance,GITHUB_contributors_daily,2024-04-17,2.0
Open Source Observer,GITHUB_opened_issues_daily,2024-04-17,6.0
Debid - Fairblock,GITHUB_comments_daily,2024-08-22,1.0
Pyth Network,GITHUB_comments_daily,2024-08-22,23.0
Redstone Finance,GITHUB_commits_daily,2024-08-22,5.0
Open Source Observer,GITHUB_forks_daily,2024-08-22,1.0
thirdweb,GITHUB_forks_daily,2024-08-22,1.0
Trail of Bits Security Reviews,GITHUB_forks_daily,2024-08-22,1.0
Open Source Observer,GITHUB_repositories_daily,2024-08-22,2.0
Debid - Fairblock,GITHUB_repositories_daily,2024-08-22,1.0
Pyth Network,GITHUB_contributors_daily,2024-08-22,4.0
Walnut,GITHUB_contributors_daily,2024-08-22,1.0
Trail of Bits Security Reviews,GITHUB_active_developers_daily,2024-08-22,1.0
Runtime Verification,GITHUB_active_developers_daily,2024-08-22,4.0
Trail of Bits Security Reviews,GITHUB_opened_pull_requests_daily,2024-08-22,3.0
Debid - Fairblock,GITHUB_opened_pull_requests_daily,2024-08-22,2.0
Debid - Fairblock,GITHUB_merged_pull_requests_daily,2024-08-22,3.0
Pyth Network,GITHUB_merged_pull_requests_daily,2024-08-22,5.0
Open Source Observer,GITHUB_merged_pull_requests_daily,2024-08-22,3.0
thirdweb,GITHUB_merged_pull_requests_daily,2024-08-22,19.0
thirdweb,GITHUB_opened_issues_daily,2024-08-22,2.0
Passport XYZ,GITHUB_closed_issues_daily,2024-08-22,8.0
CodeTracer,GITHUB_new_contributors_quarterly,2025-03-01,7.0
Remix IDE plugin for Arbitrum Stylus,GITHUB_active_contributors_quarterly,2025-03-01,1.0
Arbos Foundry,GITHUB_active_contributors_quarterly,2025-03-01,1.0
Walnut,GITHUB_active_contributors_quarterly,2025-03-01,12.0
thirdweb,GITHUB_part_time_contributors_quarterly,2025-03-01,39.0
Redstone Finance,GITHUB_new_contributors_quarterly,2025-03-01,1.0
Arbos Foundry,GITHUB_part_time_contributors_quarterly,2025-03-01,1.0
Trail of Bits Security Reviews,GITHUB_active_contributors_quarterly,2025-03-01,41.0
Enclave,GITHUB_new_contributors_quarterly,2025-03-01,2.0
Trail of Bits Security Reviews,GITHUB_new_contributors_quarterly,2025-03-01,19.0
Open Source Observer,GITHUB_active_contributors_quarterly,2025-03-01,19.0
Pyth Network,GITHUB_active_contributors_quarterly,2025-03-01,34.0
Sylow,GITHUB_part_time_contributors_quarterly,2025-03-01,3.0
thirdweb,GITHUB_active_contributors_quarterly,2025-03-01,39.0
Remix IDE plugin for Arbitrum Stylus,GITHUB_part_time_contributors_quarterly,2025-03-01,1.0
CoBuilders,GITHUB_active_contributors_quarterly,2025-03-01,1.0
thirdweb,GITHUB_releases_biannually,2025-03-01,49.0
CodeTracer,GITHUB_releases_biannually,2025-03-01,7.0
Walnut,GITHUB_releases_biannually,2025-03-01,2.0
Trail of Bits Security Reviews,GITHUB_releases_biannually,2025-03-01,13.0
Walnut,GITHUB_releases_quarterly,2025-03-01,2.0
Trail of Bits Security Reviews,GITHUB_releases_quarterly,2025-03-01,13.0
Runtime Verification,GITHUB_releases_quarterly,2025-03-01,51.0
Moving Stylus,GITHUB_commits_biannually,2025-03-01,4.0
Runtime Verification,GITHUB_commits_biannually,2025-03-01,167.0
9Lives,GITHUB_active_developers_biannually,2025-03-01,3.0
Enclave,GITHUB_active_developers_biannually,2025-03-01,1.0
Open Source Observer,GITHUB_active_developers_biannually,2025-03-01,13.0
Sylow,GITHUB_repositories_quarterly,2025-03-01,1.0
Open Source Observer,GITHUB_repositories_quarterly,2025-03-01,7.0
9Lives,GITHUB_active_developers_quarterly,2025-03-01,3.0
Passport XYZ,GITHUB_active_developers_quarterly,2025-03-01,3.0
Moving Stylus,GITHUB_active_developers_quarterly,2025-03-01,1.0
Arbos Foundry,GITHUB_active_developers_quarterly,2025-03-01,1.0
Debid - Fairblock,GITHUB_active_developers_quarterly,2025-03-01,2.0
Solang,GITHUB_active_developers_quarterly,2025-03-01,1.0
Remix IDE plugin for Arbitrum Stylus,GITHUB_active_developers_quarterly,2025-03-01,1.0
thirdweb,GITHUB_active_developers_quarterly,2025-03-01,12.0
Sylow,GITHUB_active_developers_quarterly,2025-03-01,1.0
Remix IDE plugin for Arbitrum Stylus,GITHUB_forks_monthly,2025-03-01,2.0
Sylow,GITHUB_forks_monthly,2025-03-01,1.0
Debid - Fairblock,GITHUB_forks_monthly,2025-03-01,1.0
Pyth Network,GITHUB_part_time_developers_quarterly,2025-03-01,16.0
CodeTracer,GITHUB_stars_biannually,2025-03-01,934.0
Solang,GITHUB_stars_biannually,2025-03-01,8.0
Runtime Verification,GITHUB_stars_biannually,2025-03-01,31.0
Remix IDE plugin for Arbitrum Stylus,GITHUB_stars_biannually,2025-03-01,2.0
thirdweb,GITHUB_stars_biannually,2025-03-01,47.0
Passport XYZ,GITHUB_stars_biannually,2025-03-01,32.0
Redstone Finance,GITHUB_part_time_developers_quarterly,2025-03-01,10.0
Trail of Bits Security Reviews,GITHUB_part_time_developers_quarterly,2025-03-01,18.0
Enclave,GITHUB_part_time_developers_quarterly,2025-03-01,1.0
Sylow,GITHUB_part_time_developers_quarterly,2025-03-01,1.0
Solang,GITHUB_stars_monthly,2025-03-01,8.0
CodeTracer,GITHUB_stars_monthly,2025-03-01,934.0
thirdweb,GITHUB_stars_monthly,2025-03-01,47.0
9Lives,GITHUB_stars_monthly,2025-03-01,2.0
Enclave,GITHUB_stars_monthly,2025-03-01,1.0
Runtime Verification,GITHUB_stars_daily,2025-03-01,1.0
Arbos Foundry,GITHUB_commits_monthly,2025-03-01,26.0
Solang,GITHUB_comments_monthly,2025-03-01,8.0
Redstone Finance,GITHUB_comments_monthly,2025-03-01,14.0
Trail of Bits Security Reviews,GITHUB_commits_monthly,2025-03-01,274.0
Remix IDE plugin for Arbitrum Stylus,GITHUB_commits_monthly,2025-03-01,1.0
Moving Stylus,GITHUB_commits_monthly,2025-03-01,4.0
Open Source Observer,GITHUB_comments_monthly,2025-03-01,528.0
Pyth Network,GITHUB_comments_monthly,2025-03-01,548.0
thirdweb,GITHUB_commits_monthly,2025-03-01,222.0
Passport XYZ,GITHUB_commits_monthly,2025-03-01,122.0
Trail of Bits Security Reviews,GITHUB_comments_monthly,2025-03-01,212.0
Runtime Verification,GITHUB_stars_quarterly,2025-03-01,31.0
Debid - Fairblock,GITHUB_stars_quarterly,2025-03-01,6.0
CodeTracer,GITHUB_releases_monthly,2025-03-01,7.0
Passport XYZ,GITHUB_releases_monthly,2025-03-01,20.0
Remix IDE plugin for Arbitrum Stylus,GITHUB_releases_monthly,2025-03-01,4.0
Pyth Network,GITHUB_releases_monthly,2025-03-01,18.0
Trail of Bits Security Reviews,GITHUB_releases_monthly,2025-03-01,13.0
Trail of Bits Security Reviews,GITHUB_commits_quarterly,2025-03-01,274.0
Redstone Finance,GITHUB_commits_quarterly,2025-03-01,196.0
Arbos Foundry,GITHUB_commits_quarterly,2025-03-01,26.0
Sylow,GITHUB_commits_quarterly,2025-03-01,14.0
9Lives,GITHUB_commits_quarterly,2025-03-01,73.0
Pyth Network,GITHUB_commits_quarterly,2025-03-01,258.0
CodeTracer,GITHUB_forks_biannually,2025-03-01,15.0
thirdweb,GITHUB_forks_quarterly,2025-03-01,58.0
Debid - Fairblock,GITHUB_forks_quarterly,2025-03-01,1.0
Sylow,GITHUB_forks_biannually,2025-03-01,1.0
thirdweb,GITHUB_forks_daily,2025-03-01,2.0
Moving Stylus,GITHUB_repositories_monthly,2025-03-01,2.0
Remix IDE plugin for Arbitrum Stylus,GITHUB_repositories_monthly,2025-03-01,3.0
Solang,GITHUB_repositories_biannually,2025-03-01,1.0
Debid - Fairblock,GITHUB_repositories_biannually,2025-03-01,5.0
CodeTracer,GITHUB_repositories_biannually,2025-03-01,1.0
CodeTracer,GITHUB_repositories_monthly,2025-03-01,1.0
Arbos Foundry,GITHUB_repositories_monthly,2025-03-01,1.0
Runtime Verification,GITHUB_repositories_monthly,2025-03-01,30.0
Debid - Fairblock,GITHUB_repositories_monthly,2025-03-01,5.0
thirdweb,GITHUB_repositories_monthly,2025-03-01,15.0
Open Source Observer,GITHUB_repositories_biannually,2025-03-01,7.0
Moving Stylus,GITHUB_repositories_biannually,2025-03-01,2.0
Redstone Finance,GITHUB_repositories_biannually,2025-03-01,9.0
Enclave,GITHUB_repositories_biannually,2025-03-01,1.0
Redstone Finance,GITHUB_contributors_monthly,2025-03-01,11.0
CoBuilders,GITHUB_contributors_monthly,2025-03-01,1.0
Walnut,GITHUB_contributors_daily,2025-03-01,3.0
Trail of Bits Security Reviews,GITHUB_contributors_quarterly,2025-03-01,41.0
Sylow,GITHUB_contributors_quarterly,2025-03-01,3.0
Remix IDE plugin for Arbitrum Stylus,GITHUB_contributors_quarterly,2025-03-01,1.0
Pyth Network,GITHUB_contributors_biannually,2025-03-01,34.0
thirdweb,GITHUB_contributors_biannually,2025-03-01,39.0
Moving Stylus,GITHUB_contributors_biannually,2025-03-01,1.0
Walnut,GITHUB_contributors_quarterly,2025-03-01,12.0
CodeTracer,GITHUB_contributors_quarterly,2025-03-01,7.0
Open Source Observer,GITHUB_contributors_quarterly,2025-03-01,19.0
Runtime Verification,GITHUB_contributors_biannually,2025-03-01,27.0
Arbos Foundry,GITHUB_contributors_biannually,2025-03-01,1.0
Arbos Foundry,GITHUB_active_developers_monthly,2025-03-01,1.0
Debid - Fairblock,GITHUB_part_time_developers_monthly,2025-03-01,2.0
Trail of Bits Security Reviews,GITHUB_active_developers_monthly,2025-03-01,18.0
Walnut,GITHUB_active_developers_monthly,2025-03-01,4.0
Redstone Finance,GITHUB_active_developers_monthly,2025-03-01,10.0
9Lives,GITHUB_part_time_developers_monthly,2025-03-01,2.0
Pyth Network,GITHUB_part_time_developers_biannually,2025-03-01,16.0
Redstone Finance,GITHUB_part_time_developers_biannually,2025-03-01,10.0
thirdweb,GITHUB_part_time_developers_biannually,2025-03-01,12.0
Open Source Observer,GITHUB_part_time_developers_biannually,2025-03-01,13.0
Enclave,GITHUB_new_contributors_monthly,2025-03-01,2.0
Redstone Finance,GITHUB_active_contributors_monthly,2025-03-01,11.0
Sylow,GITHUB_active_contributors_monthly,2025-03-01,3.0
Walnut,GITHUB_new_contributors_monthly,2025-03-01,5.0
Sylow,GITHUB_part_time_developers_biannually,2025-03-01,1.0
Runtime Verification,GITHUB_part_time_developers_biannually,2025-03-01,16.0
Passport XYZ,GITHUB_part_time_contributors_monthly,2025-03-01,3.0
Enclave,GITHUB_part_time_contributors_monthly,2025-03-01,5.0
9Lives,GITHUB_new_contributors_monthly,2025-03-01,5.0
Open Source Observer,GITHUB_part_time_contributors_monthly,2025-03-01,14.0
Pyth Network,GITHUB_part_time_contributors_monthly,2025-03-01,27.0
CodeTracer,GITHUB_new_contributors_monthly,2025-03-01,7.0
Passport XYZ,GITHUB_active_contributors_biannually,2025-03-01,6.0
CoBuilders,GITHUB_new_contributors_biannually,2025-03-01,1.0
Pyth Network,GITHUB_new_contributors_biannually,2025-03-01,14.0
Trail of Bits Security Reviews,GITHUB_new_contributors_biannually,2025-03-01,19.0
Redstone Finance,GITHUB_new_contributors_biannually,2025-03-01,1.0
Enclave,GITHUB_part_time_contributors_biannually,2025-03-01,5.0
Redstone Finance,GITHUB_active_contributors_biannually,2025-03-01,11.0
Sylow,GITHUB_active_contributors_biannually,2025-03-01,3.0
CoBuilders,GITHUB_active_contributors_biannually,2025-03-01,1.0
Sylow,GITHUB_part_time_contributors_biannually,2025-03-01,3.0
Redstone Finance,GITHUB_part_time_contributors_biannually,2025-03-01,11.0
Walnut,GITHUB_new_contributors_biannually,2025-03-01,5.0
Moving Stylus,GITHUB_part_time_contributors_biannually,2025-03-01,1.0
Open Source Observer,GITHUB_part_time_contributors_biannually,2025-03-01,19.0
Runtime Verification,GITHUB_change_in_active_developers_monthly,2025-03-01,-3.0
CoBuilders,GITHUB_change_in_active_developers_quarterly,2025-03-01,0.0
Sylow,GITHUB_change_in_active_developers_quarterly,2025-03-01,-2.0
Moving Stylus,GITHUB_change_in_part_time_contributors_quarterly,2025-03-01,1.0
9Lives,GITHUB_change_in_active_developers_quarterly,2025-03-01,-1.0
Pyth Network,GITHUB_change_in_full_time_contributors_monthly,2025-03-01,0.0
Enclave,GITHUB_change_in_part_time_contributors_monthly,2025-03-01,-4.0
thirdweb,GITHUB_change_in_full_time_contributors_monthly,2025-03-01,1.0
Redstone Finance,GITHUB_change_in_part_time_contributors_biannually,2025-03-01,6.0
Pyth Network,GITHUB_change_in_active_developers_biannually,2025-03-01,-3.0
CodeTracer,GITHUB_change_in_part_time_contributors_biannually,2025-03-01,-1.0
Solang,GITHUB_change_in_part_time_contributors_biannually,2025-03-01,7.0
Sylow,GITHUB_change_in_part_time_contributors_monthly,2025-03-01,-2.0
Passport XYZ,GITHUB_change_in_active_developers_monthly,2025-03-01,1.0
Enclave,GITHUB_change_in_active_developers_monthly,2025-03-01,-4.0
Remix IDE plugin for Arbitrum Stylus,GITHUB_change_in_active_developers_monthly,2025-03-01,1.0
CodeTracer,GITHUB_change_in_active_developers_quarterly,2025-03-01,-1.0
Enclave,GITHUB_opened_pull_requests_monthly,2025-03-01,3.0
CodeTracer,GITHUB_change_in_active_developers_monthly,2025-03-01,-1.0
Pyth Network,GITHUB_change_in_part_time_contributors_monthly,2025-03-01,-3.0
Walnut,GITHUB_change_in_part_time_contributors_monthly,2025-03-01,-4.0
Sylow,GITHUB_change_in_part_time_contributors_biannually,2025-03-01,-2.0
Solang,GITHUB_opened_pull_requests_biannually,2025-03-01,8.0
CoBuilders,GITHUB_opened_pull_requests_biannually,2025-03-01,6.0
Walnut,GITHUB_opened_pull_requests_quarterly,2025-03-01,60.0
CodeTracer,GITHUB_opened_pull_requests_biannually,2025-03-01,21.0
Open Source Observer,GITHUB_opened_pull_requests_biannually,2025-03-01,214.0
Trail of Bits Security Reviews,GITHUB_opened_pull_requests_quarterly,2025-03-01,180.0
Debid - Fairblock,GITHUB_opened_pull_requests_quarterly,2025-03-01,2.0
thirdweb,GITHUB_opened_pull_requests_quarterly,2025-03-01,234.0
CoBuilders,GITHUB_change_in_part_time_contributors_quarterly,2025-03-01,0.0
Trail of Bits Security Reviews,GITHUB_change_in_active_developers_quarterly,2025-03-01,7.0
thirdweb,GITHUB_change_in_active_developers_quarterly,2025-03-01,8.0
CodeTracer,GITHUB_opened_pull_requests_daily,2025-03-01,1.0
Open Source Observer,GITHUB_opened_pull_requests_daily,2025-03-01,3.0
Remix IDE plugin for Arbitrum Stylus,GITHUB_merged_pull_requests_monthly,2025-03-01,1.0
Trail of Bits Security Reviews,GITHUB_merged_pull_requests_monthly,2025-03-01,152.0
Solang,GITHUB_merged_pull_requests_quarterly,2025-03-01,2.0
CodeTracer,GITHUB_merged_pull_requests_biannually,2025-03-01,20.0
Debid - Fairblock,GITHUB_merged_pull_requests_biannually,2025-03-01,3.0
Passport XYZ,GITHUB_merged_pull_requests_biannually,2025-03-01,74.0
Open Source Observer,GITHUB_merged_pull_requests_biannually,2025-03-01,191.0
thirdweb,GITHUB_opened_issues_daily,2025-03-01,1.0
Passport XYZ,GITHUB_opened_issues_quarterly,2025-03-01,60.0
Sylow,GITHUB_opened_issues_quarterly,2025-03-01,1.0
CodeTracer,GITHUB_opened_issues_quarterly,2025-03-01,33.0
Open Source Observer,GITHUB_opened_issues_quarterly,2025-03-01,138.0
thirdweb,GITHUB_opened_issues_quarterly,2025-03-01,10.0
Sylow,GITHUB_opened_issues_monthly,2025-03-01,1.0
Trail of Bits Security Reviews,GITHUB_opened_issues_monthly,2025-03-01,21.0
Pyth Network,GITHUB_opened_issues_monthly,2025-03-01,4.0
CodeTracer,GITHUB_opened_issues_biannually,2025-03-01,33.0
Pyth Network,GITHUB_opened_issues_biannually,2025-03-01,4.0
CodeTracer,GITHUB_closed_issues_monthly,2025-03-01,25.0
Walnut,GITHUB_closed_issues_quarterly,2025-03-01,39.0
CodeTracer,GITHUB_closed_issues_quarterly,2025-03-01,25.0
Trail of Bits Security Reviews,GITHUB_closed_issues_quarterly,2025-03-01,18.0
Pyth Network,GITHUB_closed_issues_quarterly,2025-03-01,2.0
CodeTracer,GITHUB_closed_issues_biannually,2025-03-01,25.0
Open Source Observer,GITHUB_closed_issues_biannually,2025-03-01,100.0
Pyth Network,GITHUB_closed_issues_biannually,2025-03-01,2.0
Redstone Finance,GITHUB_avg_prs_time_to_merge_quarterly,2025-03-01,0.0
Open Source Observer,GITHUB_avg_prs_time_to_merge_quarterly,2025-03-01,0.0
Runtime Verification,GITHUB_avg_prs_time_to_merge_biannually,2025-03-01,0.0
Passport XYZ,GITHUB_avg_time_to_first_response_quarterly,2025-03-01,1587094.851851852
Passport XYZ,GITHUB_avg_prs_time_to_merge_biannually,2025-03-01,0.0
Redstone Finance,GITHUB_avg_prs_time_to_merge_biannually,2025-03-01,0.0
Remix IDE plugin for Arbitrum Stylus,GITHUB_avg_prs_time_to_merge_quarterly,2025-03-01,0.0
thirdweb,GITHUB_avg_prs_time_to_merge_quarterly,2025-03-01,0.0
Sylow,GITHUB_avg_time_to_first_response_quarterly,2025-03-01,2214.0
CodeTracer,GITHUB_avg_time_to_first_response_quarterly,2025-03-01,65727.75609756098
CodeTracer,GITHUB_avg_prs_time_to_merge_biannually,2025-03-01,0.0
Walnut,GITHUB_avg_time_to_first_response_quarterly,2025-03-01,662286.9166666666
Solang,GITHUB_avg_time_to_first_response_biannually,2025-03-01,38510.0
Open Source Observer,GITHUB_churned_contributors_monthly,2025-03-01,1.0
Solang,GITHUB_change_in_new_contributors_monthly,2025-03-01,4.0
Debid - Fairblock,GITHUB_change_in_full_time_contributors_quarterly,2025-03-01,0.0
CodeTracer,GITHUB_change_in_active_contributors_quarterly,2025-03-01,-1.0
CodeTracer,GITHUB_churned_contributors_quarterly,2025-03-01,-8.0
Runtime Verification,GITHUB_churned_contributors_quarterly,2025-03-01,-6.0
thirdweb,GITHUB_churned_contributors_quarterly,2025-03-01,-11.0
Remix IDE plugin for Arbitrum Stylus,GITHUB_change_in_active_contributors_monthly,2025-03-01,1.0
Remix IDE plugin for Arbitrum Stylus,GITHUB_change_in_new_contributors_monthly,2025-03-01,2.0
Arbos Foundry,GITHUB_change_in_full_time_contributors_monthly,2025-03-01,0.0
CoBuilders,GITHUB_change_in_active_contributors_monthly,2025-03-01,0.0
CoBuilders,GITHUB_change_in_full_time_contributors_monthly,2025-03-01,0.0
Moving Stylus,GITHUB_change_in_active_contributors_monthly,2025-03-01,1.0
Enclave,GITHUB_change_in_active_contributors_monthly,2025-03-01,-4.0
Enclave,GITHUB_churned_contributors_monthly,2025-03-01,-6.0
Moving Stylus,GITHUB_change_in_full_time_contributors_monthly,2025-03-01,0.0
Redstone Finance,GITHUB_change_in_new_contributors_monthly,2025-03-01,3.0
Redstone Finance,GITHUB_change_in_active_contributors_monthly,2025-03-01,6.0
Debid - Fairblock,GITHUB_change_in_active_contributors_monthly,2025-03-01,-2.0
CodeTracer,GITHUB_change_in_active_contributors_monthly,2025-03-01,-1.0
CodeTracer,GITHUB_change_in_new_contributors_monthly,2025-03-01,-1.0
Runtime Verification,GITHUB_change_in_new_contributors_monthly,2025-03-01,-1.0
Arbos Foundry,GITHUB_churned_contributors_monthly,2025-03-01,0.0
Remix IDE plugin for Arbitrum Stylus,GITHUB_change_in_active_contributors_biannually,2025-03-01,1.0
Solang,GITHUB_change_in_active_contributors_biannually,2025-03-01,7.0
CoBuilders,GITHUB_change_in_full_time_contributors_quarterly,2025-03-01,0.0
Passport XYZ,GITHUB_churned_contributors_quarterly,2025-03-01,0.0
Passport XYZ,GITHUB_change_in_active_contributors_quarterly,2025-03-01,1.0
Moving Stylus,GITHUB_churned_contributors_quarterly,2025-03-01,1.0
Moving Stylus,GITHUB_change_in_active_contributors_quarterly,2025-03-01,1.0
Solang,GITHUB_change_in_active_contributors_quarterly,2025-03-01,7.0
Arbos Foundry,GITHUB_change_in_active_contributors_quarterly,2025-03-01,0.0
Arbos Foundry,GITHUB_change_in_active_contributors_biannually,2025-03-01,0.0
Debid - Fairblock,GITHUB_churned_contributors_biannually,2025-03-01,-3.0
Open Source Observer,GITHUB_change_in_active_contributors_quarterly,2025-03-01,11.0
thirdweb,GITHUB_change_in_full_time_contributors_biannually,2025-03-01,0.0
CodeTracer,GITHUB_change_in_new_contributors_biannually,2025-03-01,-1.0
CodeTracer,GITHUB_churned_contributors_biannually,2025-03-01,-8.0
Runtime Verification,GITHUB_change_in_full_time_contributors_biannually,2025-03-01,0.0
Solang,GITHUB_change_in_new_contributors_biannually,2025-03-01,4.0
Redstone Finance,GITHUB_change_in_full_time_contributors_quarterly,2025-03-01,0.0
Walnut,GITHUB_change_in_new_contributors_quarterly,2025-03-01,-4.0
Trail of Bits Security Reviews,GITHUB_change_in_new_contributors_quarterly,2025-03-01,0.0
CoBuilders,GITHUB_change_in_active_contributors_biannually,2025-03-01,0.0
CoBuilders,GITHUB_change_in_full_time_contributors_biannually,2025-03-01,0.0
Pyth Network,GITHUB_change_in_active_contributors_biannually,2025-03-01,-3.0
9Lives,GITHUB_churned_contributors_biannually,2025-03-01,-6.0
9Lives,GITHUB_change_in_new_contributors_biannually,2025-03-01,-1.0
Moving Stylus,GITHUB_change_in_active_contributors_biannually,2025-03-01,1.0
Moving Stylus,GITHUB_change_in_full_time_contributors_biannually,2025-03-01,0.0
Walnut,GITHUB_change_in_new_contributors_biannually,2025-03-01,-4.0
Walnut,GITHUB_change_in_active_contributors_biannually,2025-03-01,-3.0
Pyth Network,GITHUB_comments_daily,2024-11-27,49.0
thirdweb,GITHUB_comments_daily,2024-11-27,39.0
Pyth Network,GITHUB_commits_daily,2024-11-27,3.0
Trail of Bits Security Reviews,GITHUB_releases_daily,2024-11-27,4.0
Runtime Verification,GITHUB_releases_daily,2024-11-27,9.0
Passport XYZ,GITHUB_releases_daily,2024-11-27,2.0
Runtime Verification,GITHUB_repositories_daily,2024-11-27,9.0
Trail of Bits Security Reviews,GITHUB_repositories_daily,2024-11-27,19.0
Enclave,GITHUB_repositories_daily,2024-11-27,1.0
thirdweb,GITHUB_contributors_daily,2024-11-27,7.0
Solang,GITHUB_contributors_daily,2024-11-27,2.0
Passport XYZ,GITHUB_active_developers_daily,2024-11-27,1.0
Trail of Bits Security Reviews,GITHUB_active_developers_daily,2024-11-27,5.0
thirdweb,GITHUB_active_developers_daily,2024-11-27,2.0
Open Source Observer,GITHUB_opened_pull_requests_daily,2024-11-27,3.0
thirdweb,GITHUB_merged_pull_requests_daily,2024-11-27,4.0
Open Source Observer,GITHUB_commits_daily,2024-04-30,9.0
Redstone Finance,GITHUB_commits_daily,2024-04-30,5.0
Open Source Observer,GITHUB_opened_pull_requests_daily,2024-04-30,9.0
thirdweb,GITHUB_opened_pull_requests_daily,2024-04-30,17.0
Trail of Bits Security Reviews,GITHUB_opened_pull_requests_daily,2024-04-30,11.0
Open Source Observer,GITHUB_closed_issues_daily,2024-04-30,5.0
thirdweb,GITHUB_releases_daily,2024-04-26,10.0
Runtime Verification,GITHUB_releases_daily,2024-04-26,8.0
Debid - Fairblock,GITHUB_commits_daily,2024-04-26,1.0
Trail of Bits Security Reviews,GITHUB_commits_daily,2024-04-26,5.0
Redstone Finance,GITHUB_forks_daily,2024-04-26,3.0
thirdweb,GITHUB_forks_daily,2024-04-26,8.0
Redstone Finance,GITHUB_active_developers_daily,2024-04-26,4.0
thirdweb,GITHUB_contributors_daily,2024-04-26,9.0
Open Source Observer,GITHUB_opened_issues_daily,2024-04-26,2.0
Runtime Verification,GITHUB_closed_issues_daily,2024-04-26,3.0
Open Source Observer,GITHUB_closed_issues_daily,2024-04-26,1.0
Walnut,GITHUB_comments_daily,2025-02-26,2.0
Pyth Network,GITHUB_comments_daily,2025-02-26,24.0
Open Source Observer,GITHUB_comments_daily,2025-02-26,27.0
Open Source Observer,GITHUB_commits_daily,2025-02-26,17.0
9Lives,GITHUB_commits_daily,2025-02-26,4.0
Trail of Bits Security Reviews,GITHUB_commits_daily,2025-02-26,4.0
Runtime Verification,GITHUB_commits_daily,2025-02-26,5.0
Redstone Finance,GITHUB_stars_daily,2025-02-26,5.0
Trail of Bits Security Reviews,GITHUB_forks_daily,2025-02-26,1.0
Open Source Observer,GITHUB_forks_daily,2025-02-26,1.0
Trail of Bits Security Reviews,GITHUB_repositories_daily,2025-02-26,11.0
Pyth Network,GITHUB_repositories_daily,2025-02-26,4.0
Solang,GITHUB_repositories_daily,2025-02-26,1.0
CodeTracer,GITHUB_repositories_daily,2025-02-26,1.0
CodeTracer,GITHUB_contributors_daily,2025-02-26,5.0
Trail of Bits Security Reviews,GITHUB_contributors_daily,2025-02-26,5.0
Redstone Finance,GITHUB_active_developers_daily,2025-02-26,5.0
Runtime Verification,GITHUB_opened_pull_requests_daily,2025-02-26,1.0
Trail of Bits Security Reviews,GITHUB_merged_pull_requests_daily,2025-02-26,3.0
Walnut,GITHUB_merged_pull_requests_daily,2025-02-26,3.0
CodeTracer,GITHUB_opened_issues_daily,2025-02-26,1.0
Trail of Bits Security Reviews,GITHUB_opened_issues_daily,2025-02-26,1.0
Passport XYZ,GITHUB_opened_issues_daily,2025-02-26,8.0
Passport XYZ,GITHUB_comments_daily,2024-09-17,22.0
thirdweb,GITHUB_stars_daily,2024-09-17,1.0
Open Source Observer,GITHUB_commits_daily,2024-09-17,32.0
Pyth Network,GITHUB_releases_daily,2024-09-17,3.0
Passport XYZ,GITHUB_releases_daily,2024-09-17,1.0
Runtime Verification,GITHUB_releases_daily,2024-09-17,5.0
Runtime Verification,GITHUB_repositories_daily,2024-09-17,12.0
Pyth Network,GITHUB_repositories_daily,2024-09-17,5.0
Passport XYZ,GITHUB_contributors_daily,2024-09-17,3.0
Trail of Bits Security Reviews,GITHUB_contributors_daily,2024-09-17,7.0
Pyth Network,GITHUB_contributors_daily,2024-09-17,5.0
Enclave,GITHUB_contributors_daily,2024-09-17,2.0
thirdweb,GITHUB_active_developers_daily,2024-09-17,3.0
Trail of Bits Security Reviews,GITHUB_opened_pull_requests_daily,2024-09-17,11.0
Enclave,GITHUB_merged_pull_requests_daily,2024-09-17,7.0
thirdweb,GITHUB_merged_pull_requests_daily,2024-09-17,20.0
thirdweb,GITHUB_opened_issues_daily,2024-09-17,1.0
Enclave,GITHUB_closed_issues_daily,2024-09-17,2.0
Runtime Verification,GITHUB_closed_issues_daily,2024-09-17,1.0
Open Source Observer,GITHUB_comments_daily,2025-01-14,16.0
thirdweb,GITHUB_comments_daily,2025-01-14,69.0
Runtime Verification,GITHUB_comments_daily,2025-01-14,10.0
Solang,GITHUB_stars_daily,2025-01-14,1.0
Trail of Bits Security Reviews,GITHUB_stars_daily,2025-01-14,9.0
Redstone Finance,GITHUB_commits_daily,2025-01-14,6.0
thirdweb,GITHUB_commits_daily,2025-01-14,13.0
thirdweb,GITHUB_releases_daily,2025-01-14,1.0
Trail of Bits Security Reviews,GITHUB_releases_daily,2025-01-14,2.0
thirdweb,GITHUB_repositories_daily,2025-01-14,6.0
Redstone Finance,GITHUB_repositories_daily,2025-01-14,3.0
Trail of Bits Security Reviews,GITHUB_forks_daily,2025-01-14,1.0
Redstone Finance,GITHUB_contributors_daily,2025-01-14,3.0
Runtime Verification,GITHUB_contributors_daily,2025-01-14,7.0
Passport XYZ,GITHUB_contributors_daily,2025-01-14,3.0
Pyth Network,GITHUB_active_developers_daily,2025-01-14,5.0
Moving Stylus,GITHUB_active_developers_daily,2025-01-14,1.0
9Lives,GITHUB_active_developers_daily,2025-01-14,2.0
Trail of Bits Security Reviews,GITHUB_opened_pull_requests_daily,2025-01-14,9.0
Debid - Fairblock,GITHUB_opened_pull_requests_daily,2025-01-14,1.0
Debid - Fairblock,GITHUB_merged_pull_requests_daily,2025-01-14,1.0
Moving Stylus,GITHUB_merged_pull_requests_daily,2025-01-14,1.0
thirdweb,GITHUB_opened_issues_daily,2025-01-14,1.0
Enclave,GITHUB_comments_daily,2024-09-24,63.0
thirdweb,GITHUB_comments_daily,2024-09-24,117.0
Sylow,GITHUB_stars_daily,2024-09-24,1.0
Trail of Bits Security Reviews,GITHUB_stars_daily,2024-09-24,15.0
Redstone Finance,GITHUB_commits_daily,2024-09-24,28.0
Pyth Network,GITHUB_commits_daily,2024-09-24,11.0
Trail of Bits Security Reviews,GITHUB_commits_daily,2024-09-24,3.0
Runtime Verification,GITHUB_commits_daily,2024-09-24,8.0
Pyth Network,GITHUB_releases_daily,2024-09-24,3.0
thirdweb,GITHUB_forks_daily,2024-09-24,1.0
Trail of Bits Security Reviews,GITHUB_repositories_daily,2024-09-24,12.0
Runtime Verification,GITHUB_repositories_daily,2024-09-24,13.0
Enclave,GITHUB_repositories_daily,2024-09-24,1.0
Debid - Fairblock,GITHUB_repositories_daily,2024-09-24,2.0
Pyth Network,GITHUB_repositories_daily,2024-09-24,3.0
Passport XYZ,GITHUB_repositories_daily,2024-09-24,1.0
Debid - Fairblock,GITHUB_contributors_daily,2024-09-24,1.0
Open Source Observer,GITHUB_contributors_daily,2024-09-24,5.0
Redstone Finance,GITHUB_active_developers_daily,2024-09-24,2.0
Passport XYZ,GITHUB_active_developers_daily,2024-09-24,1.0
Runtime Verification,GITHUB_active_developers_daily,2024-09-24,2.0
Open Source Observer,GITHUB_opened_pull_requests_daily,2024-09-24,3.0
thirdweb,GITHUB_opened_pull_requests_daily,2024-09-24,19.0
Passport XYZ,GITHUB_merged_pull_requests_daily,2024-09-24,2.0
Runtime Verification,GITHUB_opened_issues_daily,2024-09-24,1.0
thirdweb,GITHUB_opened_issues_daily,2024-09-24,1.0
thirdweb,GITHUB_closed_issues_daily,2024-09-24,1.0
Pyth Network,GITHUB_comments_daily,2025-02-24,19.0
Open Source Observer,GITHUB_comments_daily,2025-02-24,22.0
Trail of Bits Security Reviews,GITHUB_stars_daily,2025-02-24,9.0
Open Source Observer,GITHUB_stars_daily,2025-02-24,1.0
thirdweb,GITHUB_stars_daily,2025-02-24,2.0
Redstone Finance,GITHUB_stars_weekly,2025-02-24,14.0
Solang,GITHUB_stars_weekly,2025-02-24,4.0
Passport XYZ,GITHUB_commits_daily,2025-02-24,6.0
Runtime Verification,GITHUB_commits_daily,2025-02-24,8.0
Trail of Bits Security Reviews,GITHUB_commits_daily,2025-02-24,8.0
Walnut,GITHUB_commits_daily,2025-02-24,20.0
CodeTracer,GITHUB_commits_weekly,2025-02-24,19.0
Redstone Finance,GITHUB_commits_weekly,2025-02-24,73.0
Pyth Network,GITHUB_commits_weekly,2025-02-24,44.0
Runtime Verification,GITHUB_comments_weekly,2025-02-24,20.0
Pyth Network,GITHUB_comments_weekly,2025-02-24,117.0
CodeTracer,GITHUB_comments_weekly,2025-02-24,9.0
Trail of Bits Security Reviews,GITHUB_comments_weekly,2025-02-24,24.0
Walnut,GITHUB_comments_weekly,2025-02-24,21.0
Trail of Bits Security Reviews,GITHUB_forks_daily,2025-02-24,3.0
Open Source Observer,GITHUB_forks_daily,2025-02-24,1.0
Pyth Network,GITHUB_forks_daily,2025-02-24,1.0
CodeTracer,GITHUB_repositories_weekly,2025-02-24,1.0
Debid - Fairblock,GITHUB_repositories_weekly,2025-02-24,1.0
Passport XYZ,GITHUB_repositories_daily,2025-02-24,2.0
9Lives,GITHUB_repositories_daily,2025-02-24,1.0
Walnut,GITHUB_repositories_daily,2025-02-24,2.0
Walnut,GITHUB_contributors_weekly,2025-02-24,6.0
Passport XYZ,GITHUB_contributors_weekly,2025-02-24,4.0
Redstone Finance,GITHUB_contributors_weekly,2025-02-24,7.0
Open Source Observer,GITHUB_contributors_daily,2025-02-24,7.0
9Lives,GITHUB_active_developers_weekly,2025-02-24,2.0
Open Source Observer,GITHUB_active_developers_weekly,2025-02-24,16.0
Open Source Observer,GITHUB_active_developers_daily,2025-02-24,4.0
Runtime Verification,GITHUB_active_developers_daily,2025-02-24,1.0
Passport XYZ,GITHUB_opened_pull_requests_weekly,2025-02-24,48.0
Runtime Verification,GITHUB_opened_pull_requests_weekly,2025-02-24,16.0
thirdweb,GITHUB_opened_pull_requests_weekly,2025-02-24,65.0
Debid - Fairblock,GITHUB_opened_pull_requests_weekly,2025-02-24,1.0
thirdweb,GITHUB_opened_pull_requests_daily,2025-02-24,5.0
Debid - Fairblock,GITHUB_opened_pull_requests_daily,2025-02-24,1.0
Pyth Network,GITHUB_merged_pull_requests_weekly,2025-02-24,31.0
CodeTracer,GITHUB_merged_pull_requests_weekly,2025-02-24,12.0
Walnut,GITHUB_merged_pull_requests_weekly,2025-02-24,16.0
Runtime Verification,GITHUB_merged_pull_requests_weekly,2025-02-24,13.0
Open Source Observer,GITHUB_merged_pull_requests_weekly,2025-02-24,45.0
Open Source Observer,GITHUB_merged_pull_requests_daily,2025-02-24,7.0
Runtime Verification,GITHUB_merged_pull_requests_daily,2025-02-24,2.0
Trail of Bits Security Reviews,GITHUB_merged_pull_requests_daily,2025-02-24,8.0
thirdweb,GITHUB_opened_issues_weekly,2025-02-24,4.0
CodeTracer,GITHUB_opened_issues_weekly,2025-02-24,1.0
Open Source Observer,GITHUB_opened_issues_daily,2025-02-24,8.0
Passport XYZ,GITHUB_opened_issues_daily,2025-02-24,2.0
Passport XYZ,GITHUB_closed_issues_weekly,2025-02-24,18.0
Runtime Verification,GITHUB_closed_issues_daily,2025-02-24,1.0
Passport XYZ,GITHUB_closed_issues_daily,2025-02-24,2.0
Runtime Verification,GITHUB_forks_weekly,2024-01-15,2.0
Pyth Network,GITHUB_forks_weekly,2024-01-15,5.0
Debid - Fairblock,GITHUB_forks_weekly,2024-01-15,6.0
Runtime Verification,GITHUB_comments_daily,2024-01-15,48.0
Debid - Fairblock,GITHUB_stars_weekly,2024-01-15,2.0
Open Source Observer,GITHUB_stars_weekly,2024-01-15,2.0
Debid - Fairblock,GITHUB_commits_daily,2024-01-15,2.0
Runtime Verification,GITHUB_releases_weekly,2024-01-15,30.0
Remix IDE plugin for Arbitrum Stylus,GITHUB_commits_weekly,2024-01-15,13.0
WakeUp Labs,GITHUB_contributors_daily,2024-01-15,2.0
Trail of Bits Security Reviews,GITHUB_contributors_daily,2024-01-15,2.0
Open Source Observer,GITHUB_contributors_daily,2024-01-15,1.0
thirdweb,GITHUB_contributors_daily,2024-01-15,5.0
Remix IDE plugin for Arbitrum Stylus,GITHUB_active_developers_weekly,2024-01-15,2.0
Runtime Verification,GITHUB_comments_weekly,2024-01-15,153.0
WakeUp Labs,GITHUB_repositories_weekly,2024-01-15,1.0
Debid - Fairblock,GITHUB_repositories_weekly,2024-01-15,3.0
Open Source Observer,GITHUB_repositories_daily,2024-01-15,3.0
Trail of Bits Security Reviews,GITHUB_repositories_daily,2024-01-15,15.0
Runtime Verification,GITHUB_repositories_daily,2024-01-15,9.0
WakeUp Labs,GITHUB_active_developers_daily,2024-01-15,1.0
thirdweb,GITHUB_active_developers_daily,2024-01-15,1.0
Runtime Verification,GITHUB_active_developers_daily,2024-01-15,3.0
Trail of Bits Security Reviews,GITHUB_opened_pull_requests_weekly,2024-01-15,48.0
thirdweb,GITHUB_opened_pull_requests_weekly,2024-01-15,60.0
WakeUp Labs,GITHUB_merged_pull_requests_weekly,2024-01-15,3.0
Pyth Network,GITHUB_opened_pull_requests_daily,2024-01-15,4.0
Pyth Network,GITHUB_merged_pull_requests_daily,2024-01-15,2.0
WakeUp Labs,GITHUB_merged_pull_requests_daily,2024-01-15,2.0
thirdweb,GITHUB_opened_issues_daily,2024-01-15,1.0
Runtime Verification,GITHUB_opened_issues_daily,2024-01-15,4.0
Trail of Bits Security Reviews,GITHUB_closed_issues_weekly,2024-01-15,3.0
Pyth Network,GITHUB_closed_issues_weekly,2024-01-15,1.0
thirdweb,GITHUB_closed_issues_weekly,2024-01-15,1.0
Runtime Verification,GITHUB_closed_issues_daily,2024-01-15,2.0
Runtime Verification,GITHUB_comments_daily,2025-01-31,17.0
Trail of Bits Security Reviews,GITHUB_releases_daily,2025-01-31,2.0
Redstone Finance,GITHUB_stars_daily,2025-01-31,2.0
Walnut,GITHUB_commits_daily,2025-01-31,11.0
Passport XYZ,GITHUB_contributors_daily,2025-01-31,2.0
Walnut,GITHUB_contributors_daily,2025-01-31,4.0
Runtime Verification,GITHUB_contributors_daily,2025-01-31,9.0
Trail of Bits Security Reviews,GITHUB_contributors_daily,2025-01-31,4.0
Pyth Network,GITHUB_contributors_daily,2025-01-31,8.0
thirdweb,GITHUB_active_developers_daily,2025-01-31,5.0
Redstone Finance,GITHUB_active_developers_daily,2025-01-31,3.0
Redstone Finance,GITHUB_forks_daily,2025-01-31,1.0
thirdweb,GITHUB_forks_daily,2025-01-31,2.0
Pyth Network,GITHUB_forks_daily,2025-01-31,1.0
thirdweb,GITHUB_repositories_daily,2025-01-31,4.0
Redstone Finance,GITHUB_repositories_daily,2025-01-31,4.0
Open Source Observer,GITHUB_repositories_daily,2025-01-31,2.0
Runtime Verification,GITHUB_repositories_daily,2025-01-31,8.0
Redstone Finance,GITHUB_opened_pull_requests_daily,2025-01-31,3.0
Pyth Network,GITHUB_opened_pull_requests_daily,2025-01-31,5.0
thirdweb,GITHUB_opened_pull_requests_daily,2025-01-31,16.0
Trail of Bits Security Reviews,GITHUB_merged_pull_requests_daily,2025-01-31,4.0
thirdweb,GITHUB_merged_pull_requests_daily,2025-01-31,17.0
Open Source Observer,GITHUB_merged_pull_requests_daily,2025-01-31,4.0
Open Source Observer,GITHUB_closed_issues_daily,2025-01-31,3.0
Pyth Network,GITHUB_forks_weekly,2024-07-29,4.0
Debid - Fairblock,GITHUB_comments_daily,2024-07-29,1.0
Runtime Verification,GITHUB_comments_daily,2024-07-29,36.0
Walnut,GITHUB_comments_daily,2024-07-29,111.0
Redstone Finance,GITHUB_comments_daily,2024-07-29,1.0
Pyth Network,GITHUB_stars_weekly,2024-07-29,10.0
Redstone Finance,GITHUB_stars_weekly,2024-07-29,2.0
Runtime Verification,GITHUB_commits_daily,2024-07-29,30.0
Debid - Fairblock,GITHUB_commits_daily,2024-07-29,4.0
thirdweb,GITHUB_commits_daily,2024-07-29,18.0
Trail of Bits Security Reviews,GITHUB_stars_daily,2024-07-29,12.0
thirdweb,GITHUB_stars_daily,2024-07-29,2.0
Pyth Network,GITHUB_stars_daily,2024-07-29,3.0
Open Source Observer,GITHUB_stars_daily,2024-07-29,1.0
Redstone Finance,GITHUB_releases_weekly,2024-07-29,1.0
Runtime Verification,GITHUB_releases_weekly,2024-07-29,42.0
Passport XYZ,GITHUB_releases_daily,2024-07-29,2.0
Runtime Verification,GITHUB_releases_daily,2024-07-29,9.0
Passport XYZ,GITHUB_commits_weekly,2024-07-29,36.0
thirdweb,GITHUB_comments_weekly,2024-07-29,786.0
Passport XYZ,GITHUB_comments_weekly,2024-07-29,20.0
Trail of Bits Security Reviews,GITHUB_commits_weekly,2024-07-29,91.0
Pyth Network,GITHUB_repositories_weekly,2024-07-29,9.0
Open Source Observer,GITHUB_repositories_weekly,2024-07-29,4.0
Trail of Bits Security Reviews,GITHUB_repositories_daily,2024-07-29,15.0
Open Source Observer,GITHUB_contributors_weekly,2024-07-29,7.0
Debid - Fairblock,GITHUB_contributors_daily,2024-07-29,1.0
Open Source Observer,GITHUB_contributors_daily,2024-07-29,3.0
thirdweb,GITHUB_contributors_daily,2024-07-29,11.0
Redstone Finance,GITHUB_contributors_daily,2024-07-29,2.0
Pyth Network,GITHUB_active_developers_daily,2024-07-29,3.0
Pyth Network,GITHUB_active_developers_weekly,2024-07-29,7.0
Debid - Fairblock,GITHUB_opened_pull_requests_daily,2024-07-29,2.0
Open Source Observer,GITHUB_opened_pull_requests_daily,2024-07-29,4.0
Redstone Finance,GITHUB_opened_pull_requests_daily,2024-07-29,1.0
Runtime Verification,GITHUB_opened_pull_requests_weekly,2024-07-29,53.0
Pyth Network,GITHUB_opened_pull_requests_weekly,2024-07-29,26.0
Trail of Bits Security Reviews,GITHUB_opened_pull_requests_weekly,2024-07-29,58.0
Pyth Network,GITHUB_merged_pull_requests_daily,2024-07-29,4.0
Open Source Observer,GITHUB_merged_pull_requests_daily,2024-07-29,5.0
Trail of Bits Security Reviews,GITHUB_merged_pull_requests_weekly,2024-07-29,55.0
Walnut,GITHUB_merged_pull_requests_weekly,2024-07-29,8.0
Redstone Finance,GITHUB_merged_pull_requests_weekly,2024-07-29,2.0
Debid - Fairblock,GITHUB_merged_pull_requests_weekly,2024-07-29,20.0
thirdweb,GITHUB_merged_pull_requests_weekly,2024-07-29,96.0
Trail of Bits Security Reviews,GITHUB_opened_issues_weekly,2024-07-29,4.0
Runtime Verification,GITHUB_opened_issues_weekly,2024-07-29,13.0
Passport XYZ,GITHUB_opened_issues_weekly,2024-07-29,4.0
Pyth Network,GITHUB_opened_issues_weekly,2024-07-29,1.0
thirdweb,GITHUB_opened_issues_weekly,2024-07-29,2.0
Pyth Network,GITHUB_opened_issues_daily,2024-07-29,1.0
Passport XYZ,GITHUB_closed_issues_weekly,2024-07-29,14.0
Trail of Bits Security Reviews,GITHUB_closed_issues_daily,2024-07-29,1.0
thirdweb,GITHUB_commits_daily,2024-03-30,15.0
thirdweb,GITHUB_repositories_daily,2024-03-30,4.0
Trail of Bits Security Reviews,GITHUB_opened_pull_requests_daily,2024-03-30,2.0
Open Source Observer,GITHUB_merged_pull_requests_daily,2024-03-30,2.0
thirdweb,GITHUB_merged_pull_requests_daily,2024-03-30,15.0
Trail of Bits Security Reviews,GITHUB_opened_issues_daily,2024-03-30,1.0
Redstone Finance,GITHUB_comments_daily,2024-09-20,2.0
Runtime Verification,GITHUB_comments_daily,2024-09-20,5.0
Runtime Verification,GITHUB_stars_daily,2024-09-20,1.0
Enclave,GITHUB_releases_daily,2024-09-20,4.0
Trail of Bits Security Reviews,GITHUB_releases_daily,2024-09-20,4.0
Runtime Verification,GITHUB_commits_daily,2024-09-20,8.0
Redstone Finance,GITHUB_commits_daily,2024-09-20,8.0
Open Source Observer,GITHUB_commits_daily,2024-09-20,1.0
Enclave,GITHUB_commits_daily,2024-09-20,27.0
Open Source Observer,GITHUB_forks_daily,2024-09-20,1.0
Passport XYZ,GITHUB_repositories_daily,2024-09-20,1.0
thirdweb,GITHUB_repositories_daily,2024-09-20,3.0
Trail of Bits Security Reviews,GITHUB_contributors_daily,2024-09-20,7.0
Open Source Observer,GITHUB_contributors_daily,2024-09-20,4.0
thirdweb,GITHUB_contributors_daily,2024-09-20,8.0
Redstone Finance,GITHUB_contributors_daily,2024-09-20,2.0
Redstone Finance,GITHUB_active_developers_daily,2024-09-20,2.0
thirdweb,GITHUB_active_developers_daily,2024-09-20,3.0
Enclave,GITHUB_opened_pull_requests_daily,2024-09-20,3.0
Walnut,GITHUB_opened_pull_requests_daily,2024-09-20,1.0
Passport XYZ,GITHUB_merged_pull_requests_daily,2024-09-20,6.0
Open Source Observer,GITHUB_opened_issues_daily,2024-09-20,1.0
Open Source Observer,GITHUB_comments_daily,2024-09-29,1.0
Redstone Finance,GITHUB_comments_daily,2024-09-29,1.0
Redstone Finance,GITHUB_forks_daily,2024-09-29,1.0
Runtime Verification,GITHUB_repositories_daily,2024-09-29,2.0
Sylow,GITHUB_contributors_daily,2024-09-29,1.0
thirdweb,GITHUB_contributors_daily,2024-09-29,3.0
Redstone Finance,GITHUB_opened_pull_requests_daily,2024-09-29,1.0
Passport XYZ,GITHUB_opened_pull_requests_daily,2024-09-29,2.0
Trail of Bits Security Reviews,GITHUB_merged_pull_requests_daily,2024-09-29,2.0
thirdweb,GITHUB_forks_weekly,2024-06-03,15.0
Open Source Observer,GITHUB_forks_weekly,2024-06-03,40.0
Pyth Network,GITHUB_forks_weekly,2024-06-03,9.0
Pyth Network,GITHUB_comments_daily,2024-06-03,23.0
Trail of Bits Security Reviews,GITHUB_comments_daily,2024-06-03,20.0
thirdweb,GITHUB_stars_daily,2024-06-03,3.0
Trail of Bits Security Reviews,GITHUB_stars_daily,2024-06-03,10.0
Runtime Verification,GITHUB_commits_daily,2024-06-03,25.0
Open Source Observer,GITHUB_commits_daily,2024-06-03,11.0
Enclave,GITHUB_comments_weekly,2024-06-03,11.0
Open Source Observer,GITHUB_comments_weekly,2024-06-03,312.0
Walnut,GITHUB_comments_weekly,2024-06-03,12.0
Passport XYZ,GITHUB_repositories_weekly,2024-06-03,1.0
Trail of Bits Security Reviews,GITHUB_repositories_weekly,2024-06-03,37.0
Trail of Bits Security Reviews,GITHUB_forks_daily,2024-06-03,2.0
Walnut,GITHUB_repositories_daily,2024-06-03,2.0
Walnut,GITHUB_contributors_weekly,2024-06-03,11.0
Trail of Bits Security Reviews,GITHUB_active_developers_weekly,2024-06-03,11.0
Open Source Observer,GITHUB_active_developers_weekly,2024-06-03,26.0
Passport XYZ,GITHUB_contributors_daily,2024-06-03,1.0
Runtime Verification,GITHUB_active_developers_daily,2024-06-03,4.0
Pyth Network,GITHUB_active_developers_daily,2024-06-03,2.0
Enclave,GITHUB_opened_pull_requests_daily,2024-06-03,1.0
Runtime Verification,GITHUB_opened_pull_requests_daily,2024-06-03,17.0
Open Source Observer,GITHUB_opened_pull_requests_daily,2024-06-03,16.0
Pyth Network,GITHUB_opened_pull_requests_daily,2024-06-03,5.0
Walnut,GITHUB_merged_pull_requests_weekly,2024-06-03,8.0
Trail of Bits Security Reviews,GITHUB_merged_pull_requests_weekly,2024-06-03,24.0
Enclave,GITHUB_merged_pull_requests_weekly,2024-06-03,1.0
Open Source Observer,GITHUB_merged_pull_requests_weekly,2024-06-03,71.0
Open Source Observer,GITHUB_merged_pull_requests_daily,2024-06-03,9.0
Walnut,GITHUB_merged_pull_requests_daily,2024-06-03,4.0
Runtime Verification,GITHUB_merged_pull_requests_daily,2024-06-03,18.0
Trail of Bits Security Reviews,GITHUB_merged_pull_requests_daily,2024-06-03,6.0
thirdweb,GITHUB_merged_pull_requests_daily,2024-06-03,13.0
Passport XYZ,GITHUB_opened_issues_weekly,2024-06-03,2.0
Open Source Observer,GITHUB_opened_issues_daily,2024-06-03,5.0
thirdweb,GITHUB_closed_issues_weekly,2024-06-03,4.0
thirdweb,GITHUB_closed_issues_daily,2024-06-03,2.0
Walnut,GITHUB_closed_issues_daily,2024-06-03,3.0
Runtime Verification,GITHUB_releases_daily,2025-04-09,2.0
Open Source Observer,GITHUB_comments_daily,2025-04-09,3.0
Enclave,GITHUB_comments_daily,2025-04-09,25.0
Sylow,GITHUB_stars_daily,2025-04-09,1.0
thirdweb,GITHUB_stars_daily,2025-04-09,5.0
Walnut,GITHUB_commits_daily,2025-04-09,1.0
Redstone Finance,GITHUB_commits_daily,2025-04-09,5.0
9Lives,GITHUB_commits_daily,2025-04-09,4.0
Open Source Observer,GITHUB_repositories_daily,2025-04-09,1.0
Trail of Bits Security Reviews,GITHUB_repositories_daily,2025-04-09,20.0
Pyth Network,GITHUB_repositories_daily,2025-04-09,5.0
Passport XYZ,GITHUB_repositories_daily,2025-04-09,2.0
Sylow,GITHUB_repositories_daily,2025-04-09,1.0
Runtime Verification,GITHUB_contributors_daily,2025-04-09,6.0
thirdweb,GITHUB_contributors_daily,2025-04-09,11.0
Enclave,GITHUB_active_developers_daily,2025-04-09,1.0
Trail of Bits Security Reviews,GITHUB_active_developers_daily,2025-04-09,5.0
Passport XYZ,GITHUB_active_developers_daily,2025-04-09,1.0
Redstone Finance,GITHUB_active_developers_daily,2025-04-09,1.0
Runtime Verification,GITHUB_active_developers_daily,2025-04-09,3.0
Passport XYZ,GITHUB_opened_pull_requests_daily,2025-04-09,1.0
Enclave,GITHUB_opened_issues_daily,2025-04-09,3.0
Open Source Observer,GITHUB_opened_issues_daily,2025-04-09,2.0
Walnut,GITHUB_opened_issues_daily,2025-04-09,1.0
Open Source Observer,GITHUB_closed_issues_daily,2025-04-09,1.0
Enclave,GITHUB_comments_daily,2024-08-20,1.0
Passport XYZ,GITHUB_comments_daily,2024-08-20,8.0
Walnut,GITHUB_comments_daily,2024-08-20,1.0
Runtime Verification,GITHUB_stars_daily,2024-08-20,2.0
Runtime Verification,GITHUB_releases_daily,2024-08-20,11.0
Remix IDE plugin for Arbitrum Stylus,GITHUB_releases_daily,2024-08-20,1.0
thirdweb,GITHUB_releases_daily,2024-08-20,1.0
thirdweb,GITHUB_forks_daily,2024-08-20,3.0
thirdweb,GITHUB_repositories_daily,2024-08-20,5.0
Passport XYZ,GITHUB_contributors_daily,2024-08-20,6.0
Enclave,GITHUB_contributors_daily,2024-08-20,1.0
Runtime Verification,GITHUB_active_developers_daily,2024-08-20,3.0
Passport XYZ,GITHUB_merged_pull_requests_daily,2024-08-20,6.0
Runtime Verification,GITHUB_opened_issues_daily,2024-08-20,2.0
Pyth Network,GITHUB_closed_issues_daily,2024-08-20,1.0
9Lives,GITHUB_new_contributors_quarterly,2025-02-01,4.0
thirdweb,GITHUB_new_contributors_quarterly,2025-02-01,23.0
Redstone Finance,GITHUB_part_time_contributors_quarterly,2025-02-01,17.0
Runtime Verification,GITHUB_part_time_contributors_quarterly,2025-02-01,24.0
Debid - Fairblock,GITHUB_part_time_contributors_quarterly,2025-02-01,2.0
thirdweb,GITHUB_active_contributors_quarterly,2025-02-01,47.0
Passport XYZ,GITHUB_part_time_contributors_quarterly,2025-02-01,7.0
Moving Stylus,GITHUB_new_contributors_quarterly,2025-02-01,1.0
Trail of Bits Security Reviews,GITHUB_active_contributors_quarterly,2025-02-01,48.0
Passport XYZ,GITHUB_new_contributors_quarterly,2025-02-01,2.0
Open Source Observer,GITHUB_new_contributors_quarterly,2025-02-01,17.0
Trail of Bits Security Reviews,GITHUB_part_time_contributors_quarterly,2025-02-01,48.0
CodeTracer,GITHUB_releases_quarterly,2025-02-01,1.0
Passport XYZ,GITHUB_releases_quarterly,2025-02-01,15.0
Walnut,GITHUB_commits_biannually,2025-02-01,140.0
thirdweb,GITHUB_comments_daily,2025-02-01,21.0
Runtime Verification,GITHUB_comments_daily,2025-02-01,7.0
Open Source Observer,GITHUB_comments_daily,2025-02-01,17.0
Trail of Bits Security Reviews,GITHUB_active_developers_biannually,2025-02-01,16.0
CodeTracer,GITHUB_active_developers_biannually,2025-02-01,4.0
Moving Stylus,GITHUB_active_developers_biannually,2025-02-01,2.0
9Lives,GITHUB_active_developers_biannually,2025-02-01,3.0
Walnut,GITHUB_active_developers_biannually,2025-02-01,5.0
Solang,GITHUB_active_developers_biannually,2025-02-01,2.0
thirdweb,GITHUB_active_developers_biannually,2025-02-01,12.0
Passport XYZ,GITHUB_active_developers_biannually,2025-02-01,4.0
Redstone Finance,GITHUB_active_developers_biannually,2025-02-01,13.0
Runtime Verification,GITHUB_repositories_quarterly,2025-02-01,29.0
Pyth Network,GITHUB_repositories_quarterly,2025-02-01,12.0
Sylow,GITHUB_repositories_quarterly,2025-02-01,1.0
Debid - Fairblock,GITHUB_repositories_quarterly,2025-02-01,2.0
Open Source Observer,GITHUB_repositories_quarterly,2025-02-01,5.0
Trail of Bits Security Reviews,GITHUB_active_developers_quarterly,2025-02-01,16.0
Walnut,GITHUB_active_developers_quarterly,2025-02-01,5.0
Passport XYZ,GITHUB_active_developers_quarterly,2025-02-01,4.0
Runtime Verification,GITHUB_forks_monthly,2025-02-01,10.0
Solang,GITHUB_part_time_developers_quarterly,2025-02-01,2.0
Walnut,GITHUB_part_time_developers_quarterly,2025-02-01,5.0
Pyth Network,GITHUB_part_time_developers_quarterly,2025-02-01,16.0
9Lives,GITHUB_part_time_developers_quarterly,2025-02-01,3.0
CodeTracer,GITHUB_stars_biannually,2025-02-01,13.0
Passport XYZ,GITHUB_stars_biannually,2025-02-01,144.0
Solang,GITHUB_stars_biannually,2025-02-01,13.0
Trail of Bits Security Reviews,GITHUB_stars_biannually,2025-02-01,239.0
Redstone Finance,GITHUB_commits_monthly,2025-02-01,295.0
Walnut,GITHUB_commits_monthly,2025-02-01,140.0
thirdweb,GITHUB_stars_quarterly,2025-02-01,48.0
Sylow,GITHUB_stars_quarterly,2025-02-01,4.0
Enclave,GITHUB_comments_monthly,2025-02-01,20.0
Debid - Fairblock,GITHUB_comments_monthly,2025-02-01,1.0
Moving Stylus,GITHUB_comments_monthly,2025-02-01,4.0
CodeTracer,GITHUB_releases_monthly,2025-02-01,1.0
Runtime Verification,GITHUB_releases_monthly,2025-02-01,34.0
thirdweb,GITHUB_releases_monthly,2025-02-01,43.0
thirdweb,GITHUB_commits_quarterly,2025-02-01,230.0
Redstone Finance,GITHUB_commits_quarterly,2025-02-01,295.0
Solang,GITHUB_forks_quarterly,2025-02-01,5.0
thirdweb,GITHUB_forks_daily,2025-02-01,3.0
thirdweb,GITHUB_repositories_daily,2025-02-01,3.0
Open Source Observer,GITHUB_repositories_daily,2025-02-01,1.0
Debid - Fairblock,GITHUB_repositories_daily,2025-02-01,1.0
9Lives,GITHUB_repositories_biannually,2025-02-01,1.0
Passport XYZ,GITHUB_repositories_monthly,2025-02-01,9.0
thirdweb,GITHUB_repositories_monthly,2025-02-01,18.0
Moving Stylus,GITHUB_repositories_monthly,2025-02-01,1.0
Trail of Bits Security Reviews,GITHUB_repositories_biannually,2025-02-01,70.0
Redstone Finance,GITHUB_repositories_biannually,2025-02-01,9.0
Sylow,GITHUB_repositories_biannually,2025-02-01,1.0
Debid - Fairblock,GITHUB_repositories_biannually,2025-02-01,2.0
Runtime Verification,GITHUB_repositories_monthly,2025-02-01,29.0
Enclave,GITHUB_repositories_monthly,2025-02-01,1.0
CodeTracer,GITHUB_repositories_monthly,2025-02-01,1.0
Redstone Finance,GITHUB_repositories_monthly,2025-02-01,9.0
Trail of Bits Security Reviews,GITHUB_repositories_monthly,2025-02-01,70.0
thirdweb,GITHUB_contributors_monthly,2025-02-01,47.0
Pyth Network,GITHUB_contributors_monthly,2025-02-01,31.0
Trail of Bits Security Reviews,GITHUB_contributors_monthly,2025-02-01,48.0
Moving Stylus,GITHUB_contributors_monthly,2025-02-01,2.0
thirdweb,GITHUB_contributors_daily,2025-02-01,7.0
9Lives,GITHUB_active_developers_daily,2025-02-01,1.0
thirdweb,GITHUB_contributors_quarterly,2025-02-01,47.0
9Lives,GITHUB_contributors_daily,2025-02-01,1.0
9Lives,GITHUB_contributors_biannually,2025-02-01,4.0
thirdweb,GITHUB_contributors_biannually,2025-02-01,47.0
Trail of Bits Security Reviews,GITHUB_contributors_biannually,2025-02-01,48.0
Enclave,GITHUB_contributors_quarterly,2025-02-01,1.0
Redstone Finance,GITHUB_contributors_biannually,2025-02-01,17.0
Passport XYZ,GITHUB_contributors_biannually,2025-02-01,7.0
Runtime Verification,GITHUB_contributors_quarterly,2025-02-01,24.0
Debid - Fairblock,GITHUB_contributors_quarterly,2025-02-01,2.0
Walnut,GITHUB_active_developers_monthly,2025-02-01,5.0
Redstone Finance,GITHUB_part_time_developers_monthly,2025-02-01,10.0
Runtime Verification,GITHUB_part_time_developers_monthly,2025-02-01,15.0
thirdweb,GITHUB_full_time_developers_monthly,2025-02-01,2.0
Moving Stylus,GITHUB_part_time_developers_monthly,2025-02-01,2.0
Walnut,GITHUB_full_time_developers_monthly,2025-02-01,1.0
Walnut,GITHUB_part_time_developers_monthly,2025-02-01,4.0
Open Source Observer,GITHUB_full_time_developers_monthly,2025-02-01,4.0
9Lives,GITHUB_full_time_developers_monthly,2025-02-01,1.0
Redstone Finance,GITHUB_active_contributors_monthly,2025-02-01,17.0
Debid - Fairblock,GITHUB_part_time_contributors_monthly,2025-02-01,2.0
Moving Stylus,GITHUB_part_time_developers_biannually,2025-02-01,2.0
Pyth Network,GITHUB_new_contributors_monthly,2025-02-01,11.0
Pyth Network,GITHUB_active_contributors_monthly,2025-02-01,31.0
CodeTracer,GITHUB_active_contributors_monthly,2025-02-01,6.0
Solang,GITHUB_active_contributors_monthly,2025-02-01,12.0
thirdweb,GITHUB_full_time_contributors_monthly,2025-02-01,9.0
Passport XYZ,GITHUB_new_contributors_monthly,2025-02-01,2.0
Open Source Observer,GITHUB_full_time_contributors_monthly,2025-02-01,5.0
Redstone Finance,GITHUB_full_time_contributors_monthly,2025-02-01,4.0
Redstone Finance,GITHUB_active_contributors_biannually,2025-02-01,17.0
CodeTracer,GITHUB_part_time_contributors_biannually,2025-02-01,6.0
Enclave,GITHUB_part_time_contributors_biannually,2025-02-01,1.0
Solang,GITHUB_part_time_contributors_biannually,2025-02-01,12.0
Debid - Fairblock,GITHUB_part_time_contributors_biannually,2025-02-01,2.0
Runtime Verification,GITHUB_active_contributors_monthly,2025-02-01,24.0
Redstone Finance,GITHUB_part_time_contributors_monthly,2025-02-01,13.0
Redstone Finance,GITHUB_part_time_contributors_biannually,2025-02-01,17.0
Pyth Network,GITHUB_part_time_contributors_biannually,2025-02-01,31.0
Open Source Observer,GITHUB_new_contributors_biannually,2025-02-01,17.0
thirdweb,GITHUB_change_in_part_time_contributors_biannually,2025-02-01,-6.0
Trail of Bits Security Reviews,GITHUB_opened_pull_requests_daily,2025-02-01,2.0
thirdweb,GITHUB_opened_pull_requests_daily,2025-02-01,3.0
Open Source Observer,GITHUB_change_in_active_developers_monthly,2025-02-01,-15.0
Pyth Network,GITHUB_change_in_part_time_contributors_monthly,2025-02-01,-2.0
Moving Stylus,GITHUB_change_in_active_developers_monthly,2025-02-01,2.0
Passport XYZ,GITHUB_change_in_full_time_contributors_monthly,2025-02-01,1.0
Runtime Verification,GITHUB_change_in_active_developers_monthly,2025-02-01,1.0
thirdweb,GITHUB_change_in_full_time_contributors_monthly,2025-02-01,-2.0
Redstone Finance,GITHUB_change_in_active_developers_monthly,2025-02-01,-6.0
Solang,GITHUB_change_in_active_developers_monthly,2025-02-01,-8.0
Runtime Verification,GITHUB_change_in_part_time_contributors_quarterly,2025-02-01,1.0
Enclave,GITHUB_change_in_part_time_contributors_quarterly,2025-02-01,1.0
Open Source Observer,GITHUB_change_in_part_time_contributors_quarterly,2025-02-01,-15.0
Passport XYZ,GITHUB_change_in_active_developers_monthly,2025-02-01,-1.0
Redstone Finance,GITHUB_change_in_part_time_contributors_monthly,2025-02-01,-3.0
Enclave,GITHUB_change_in_active_developers_monthly,2025-02-01,1.0
Walnut,GITHUB_change_in_active_developers_biannually,2025-02-01,-1.0
Runtime Verification,GITHUB_change_in_active_developers_biannually,2025-02-01,1.0
Runtime Verification,GITHUB_change_in_active_developers_quarterly,2025-02-01,1.0
Solang,GITHUB_change_in_active_developers_quarterly,2025-02-01,-8.0
Trail of Bits Security Reviews,GITHUB_change_in_active_developers_biannually,2025-02-01,-7.0
Walnut,GITHUB_opened_pull_requests_monthly,2025-02-01,93.0
thirdweb,GITHUB_opened_pull_requests_monthly,2025-02-01,240.0
Passport XYZ,GITHUB_opened_pull_requests_monthly,2025-02-01,121.0
Solang,GITHUB_opened_pull_requests_monthly,2025-02-01,7.0
Runtime Verification,GITHUB_opened_pull_requests_monthly,2025-02-01,77.0
9Lives,GITHUB_opened_pull_requests_monthly,2025-02-01,1.0
Redstone Finance,GITHUB_opened_pull_requests_monthly,2025-02-01,25.0
CodeTracer,GITHUB_opened_pull_requests_monthly,2025-02-01,14.0
Moving Stylus,GITHUB_opened_pull_requests_monthly,2025-02-01,5.0
Passport XYZ,GITHUB_opened_pull_requests_biannually,2025-02-01,121.0
Debid - Fairblock,GITHUB_opened_pull_requests_biannually,2025-02-01,2.0
Enclave,GITHUB_opened_pull_requests_biannually,2025-02-01,3.0
thirdweb,GITHUB_opened_pull_requests_quarterly,2025-02-01,240.0
Walnut,GITHUB_opened_pull_requests_quarterly,2025-02-01,93.0
Redstone Finance,GITHUB_opened_pull_requests_quarterly,2025-02-01,25.0
Trail of Bits Security Reviews,GITHUB_opened_pull_requests_quarterly,2025-02-01,177.0
Walnut,GITHUB_merged_pull_requests_monthly,2025-02-01,76.0
thirdweb,GITHUB_merged_pull_requests_monthly,2025-02-01,196.0
CodeTracer,GITHUB_merged_pull_requests_monthly,2025-02-01,12.0
Runtime Verification,GITHUB_merged_pull_requests_quarterly,2025-02-01,74.0
Enclave,GITHUB_merged_pull_requests_biannually,2025-02-01,3.0
Solang,GITHUB_merged_pull_requests_biannually,2025-02-01,10.0
Runtime Verification,GITHUB_opened_issues_daily,2025-02-01,1.0
Trail of Bits Security Reviews,GITHUB_opened_issues_daily,2025-02-01,1.0
Pyth Network,GITHUB_opened_issues_quarterly,2025-02-01,2.0
Passport XYZ,GITHUB_opened_issues_quarterly,2025-02-01,72.0
Runtime Verification,GITHUB_opened_issues_quarterly,2025-02-01,26.0
Open Source Observer,GITHUB_opened_issues_monthly,2025-02-01,82.0
Solang,GITHUB_opened_issues_biannually,2025-02-01,27.0
Open Source Observer,GITHUB_opened_issues_biannually,2025-02-01,82.0
thirdweb,GITHUB_opened_issues_biannually,2025-02-01,15.0
Open Source Observer,GITHUB_closed_issues_monthly,2025-02-01,73.0
Runtime Verification,GITHUB_closed_issues_monthly,2025-02-01,19.0
Solang,GITHUB_closed_issues_monthly,2025-02-01,3.0
Passport XYZ,GITHUB_closed_issues_monthly,2025-02-01,46.0
Solang,GITHUB_closed_issues_biannually,2025-02-01,3.0
Passport XYZ,GITHUB_closed_issues_quarterly,2025-02-01,46.0
CodeTracer,GITHUB_closed_issues_quarterly,2025-02-01,2.0
Trail of Bits Security Reviews,GITHUB_closed_issues_quarterly,2025-02-01,16.0
Walnut,GITHUB_closed_issues_biannually,2025-02-01,67.0
Runtime Verification,GITHUB_avg_prs_time_to_merge_quarterly,2025-02-01,0.0
CodeTracer,GITHUB_avg_prs_time_to_merge_quarterly,2025-02-01,0.0
Open Source Observer,GITHUB_avg_prs_time_to_merge_quarterly,2025-02-01,0.0
Solang,GITHUB_avg_prs_time_to_merge_biannually,2025-02-01,0.0
Moving Stylus,GITHUB_avg_prs_time_to_merge_biannually,2025-02-01,0.0
Walnut,GITHUB_avg_prs_time_to_merge_quarterly,2025-02-01,0.0
thirdweb,GITHUB_avg_time_to_first_response_biannually,2025-02-01,72695.05263157895
Open Source Observer,GITHUB_avg_time_to_first_response_biannually,2025-02-01,1526922.2826086956
Pyth Network,GITHUB_avg_time_to_first_response_biannually,2025-02-01,209664.28220858896
Pyth Network,GITHUB_avg_prs_time_to_merge_biannually,2025-02-01,0.0
Trail of Bits Security Reviews,GITHUB_avg_prs_time_to_merge_biannually,2025-02-01,0.0
Enclave,GITHUB_avg_time_to_first_response_biannually,2025-02-01,9.0
Redstone Finance,GITHUB_change_in_full_time_contributors_biannually,2025-02-01,0.0
Redstone Finance,GITHUB_churned_contributors_biannually,2025-02-01,-10.0
Open Source Observer,GITHUB_change_in_full_time_contributors_quarterly,2025-02-01,0.0
Solang,GITHUB_churned_contributors_quarterly,2025-02-01,-15.0
CodeTracer,GITHUB_churned_contributors_quarterly,2025-02-01,
thirdweb,GITHUB_change_in_new_contributors_quarterly,2025-02-01,-12.0
Debid - Fairblock,GITHUB_change_in_new_contributors_biannually,2025-02-01,0.0
thirdweb,GITHUB_churned_contributors_biannually,2025-02-01,-29.0
thirdweb,GITHUB_change_in_new_contributors_biannually,2025-02-01,-12.0
thirdweb,GITHUB_change_in_active_contributors_biannually,2025-02-01,-6.0
Runtime Verification,GITHUB_change_in_full_time_contributors_biannually,2025-02-01,0.0
Debid - Fairblock,GITHUB_change_in_active_contributors_monthly,2025-02-01,3.0
Debid - Fairblock,GITHUB_churned_contributors_monthly,2025-02-01,2.0
thirdweb,GITHUB_churned_contributors_monthly,2025-02-01,-29.0
Runtime Verification,GITHUB_churned_contributors_monthly,2025-02-01,-1.0
Runtime Verification,GITHUB_change_in_active_contributors_monthly,2025-02-01,1.0
Open Source Observer,GITHUB_churned_contributors_monthly,2025-02-01,-32.0
Solang,GITHUB_churned_contributors_monthly,2025-02-01,-15.0
Pyth Network,GITHUB_change_in_active_contributors_monthly,2025-02-01,-2.0
Passport XYZ,GITHUB_change_in_active_contributors_monthly,2025-02-01,-1.0
Passport XYZ,GITHUB_change_in_new_contributors_monthly,2025-02-01,-2.0
Moving Stylus,GITHUB_change_in_active_contributors_monthly,2025-02-01,2.0
Moving Stylus,GITHUB_change_in_new_contributors_monthly,2025-02-01,1.0
Pyth Network,GITHUB_change_in_full_time_contributors_biannually,2025-02-01,0.0
9Lives,GITHUB_change_in_active_contributors_biannually,2025-02-01,0.0
Moving Stylus,GITHUB_change_in_active_contributors_biannually,2025-02-01,2.0
Moving Stylus,GITHUB_churned_contributors_biannually,2025-02-01,1.0
Enclave,GITHUB_change_in_new_contributors_monthly,2025-02-01,0.0
Solang,GITHUB_change_in_new_contributors_quarterly,2025-02-01,-3.0
Open Source Observer,GITHUB_change_in_active_contributors_quarterly,2025-02-01,-15.0
Pyth Network,GITHUB_change_in_new_contributors_quarterly,2025-02-01,-8.0
Pyth Network,GITHUB_change_in_full_time_contributors_quarterly,2025-02-01,0.0
Passport XYZ,GITHUB_change_in_active_contributors_quarterly,2025-02-01,-1.0
Runtime Verification,GITHUB_forks_weekly,2025-02-03,3.0
Trail of Bits Security Reviews,GITHUB_comments_daily,2025-02-03,10.0
Pyth Network,GITHUB_comments_daily,2025-02-03,22.0
thirdweb,GITHUB_comments_daily,2025-02-03,44.0
Redstone Finance,GITHUB_stars_weekly,2025-02-03,1.0
Trail of Bits Security Reviews,GITHUB_releases_daily,2025-02-03,1.0
Runtime Verification,GITHUB_releases_daily,2025-02-03,4.0
Trail of Bits Security Reviews,GITHUB_releases_weekly,2025-02-03,4.0
Passport XYZ,GITHUB_commits_weekly,2025-02-03,38.0
9Lives,GITHUB_commits_weekly,2025-02-03,41.0
Passport XYZ,GITHUB_comments_weekly,2025-02-03,21.0
Solang,GITHUB_comments_weekly,2025-02-03,9.0
Trail of Bits Security Reviews,GITHUB_comments_weekly,2025-02-03,34.0
Redstone Finance,GITHUB_repositories_daily,2025-02-03,2.0
Walnut,GITHUB_repositories_daily,2025-02-03,4.0
9Lives,GITHUB_repositories_daily,2025-02-03,1.0
Trail of Bits Security Reviews,GITHUB_repositories_weekly,2025-02-03,41.0
Open Source Observer,GITHUB_repositories_weekly,2025-02-03,5.0
9Lives,GITHUB_contributors_daily,2025-02-03,2.0
Pyth Network,GITHUB_contributors_daily,2025-02-03,8.0
thirdweb,GITHUB_contributors_daily,2025-02-03,6.0
Open Source Observer,GITHUB_contributors_daily,2025-02-03,6.0
thirdweb,GITHUB_active_developers_daily,2025-02-03,3.0
Walnut,GITHUB_active_developers_daily,2025-02-03,4.0
Redstone Finance,GITHUB_active_developers_daily,2025-02-03,2.0
Solang,GITHUB_active_developers_daily,2025-02-03,1.0
Open Source Observer,GITHUB_active_developers_weekly,2025-02-03,8.0
Walnut,GITHUB_active_developers_weekly,2025-02-03,5.0
Solang,GITHUB_active_developers_weekly,2025-02-03,2.0
Passport XYZ,GITHUB_opened_pull_requests_weekly,2025-02-03,35.0
9Lives,GITHUB_opened_pull_requests_weekly,2025-02-03,1.0
Open Source Observer,GITHUB_opened_pull_requests_weekly,2025-02-03,36.0
thirdweb,GITHUB_opened_pull_requests_daily,2025-02-03,10.0
Runtime Verification,GITHUB_opened_pull_requests_daily,2025-02-03,7.0
Enclave,GITHUB_opened_pull_requests_daily,2025-02-03,1.0
Open Source Observer,GITHUB_opened_pull_requests_daily,2025-02-03,6.0
9Lives,GITHUB_opened_pull_requests_daily,2025-02-03,1.0
Pyth Network,GITHUB_opened_pull_requests_daily,2025-02-03,7.0
Pyth Network,GITHUB_merged_pull_requests_weekly,2025-02-03,56.0
Trail of Bits Security Reviews,GITHUB_merged_pull_requests_weekly,2025-02-03,39.0
Moving Stylus,GITHUB_merged_pull_requests_weekly,2025-02-03,5.0
thirdweb,GITHUB_merged_pull_requests_weekly,2025-02-03,55.0
Runtime Verification,GITHUB_merged_pull_requests_weekly,2025-02-03,29.0
Solang,GITHUB_merged_pull_requests_weekly,2025-02-03,4.0
Trail of Bits Security Reviews,GITHUB_merged_pull_requests_daily,2025-02-03,12.0
Pyth Network,GITHUB_merged_pull_requests_daily,2025-02-03,9.0
Trail of Bits Security Reviews,GITHUB_opened_issues_daily,2025-02-03,1.0
Runtime Verification,GITHUB_opened_issues_weekly,2025-02-03,6.0
Open Source Observer,GITHUB_opened_issues_weekly,2025-02-03,34.0
Runtime Verification,GITHUB_closed_issues_weekly,2025-02-03,2.0
Open Source Observer,GITHUB_closed_issues_weekly,2025-02-03,25.0
Remix IDE plugin for Arbitrum Stylus,GITHUB_forks_weekly,2025-03-10,1.0
Open Source Observer,GITHUB_comments_daily,2025-03-10,16.0
Runtime Verification,GITHUB_comments_daily,2025-03-10,8.0
Trail of Bits Security Reviews,GITHUB_stars_daily,2025-03-10,16.0
Runtime Verification,GITHUB_stars_weekly,2025-03-10,11.0
Solang,GITHUB_stars_weekly,2025-03-10,1.0
Debid - Fairblock,GITHUB_stars_weekly,2025-03-10,1.0
Trail of Bits Security Reviews,GITHUB_stars_weekly,2025-03-10,58.0
Sylow,GITHUB_stars_weekly,2025-03-10,1.0
Walnut,GITHUB_commits_daily,2025-03-10,20.0
Redstone Finance,GITHUB_commits_daily,2025-03-10,7.0
9Lives,GITHUB_commits_daily,2025-03-10,6.0
Trail of Bits Security Reviews,GITHUB_commits_daily,2025-03-10,34.0
thirdweb,GITHUB_releases_daily,2025-03-10,7.0
Pyth Network,GITHUB_releases_daily,2025-03-10,3.0
Sylow,GITHUB_commits_weekly,2025-03-10,14.0
Passport XYZ,GITHUB_commits_weekly,2025-03-10,24.0
Pyth Network,GITHUB_comments_weekly,2025-03-10,149.0
Open Source Observer,GITHUB_comments_weekly,2025-03-10,130.0
9Lives,GITHUB_comments_weekly,2025-03-10,1.0
Enclave,GITHUB_repositories_weekly,2025-03-10,1.0
9Lives,GITHUB_repositories_weekly,2025-03-10,1.0
Passport XYZ,GITHUB_repositories_weekly,2025-03-10,4.0
Redstone Finance,GITHUB_repositories_daily,2025-03-10,3.0
Solang,GITHUB_repositories_daily,2025-03-10,1.0
CodeTracer,GITHUB_repositories_daily,2025-03-10,1.0
Runtime Verification,GITHUB_repositories_daily,2025-03-10,9.0
Passport XYZ,GITHUB_repositories_daily,2025-03-10,3.0
thirdweb,GITHUB_active_developers_daily,2025-03-10,4.0
Passport XYZ,GITHUB_active_developers_daily,2025-03-10,1.0
Trail of Bits Security Reviews,GITHUB_active_developers_daily,2025-03-10,6.0
Walnut,GITHUB_active_developers_weekly,2025-03-10,1.0
Trail of Bits Security Reviews,GITHUB_active_developers_weekly,2025-03-10,8.0
9Lives,GITHUB_contributors_daily,2025-03-10,2.0
thirdweb,GITHUB_contributors_daily,2025-03-10,10.0
Trail of Bits Security Reviews,GITHUB_opened_pull_requests_daily,2025-03-10,21.0
thirdweb,GITHUB_opened_pull_requests_daily,2025-03-10,17.0
Open Source Observer,GITHUB_opened_pull_requests_daily,2025-03-10,8.0
Pyth Network,GITHUB_opened_pull_requests_daily,2025-03-10,10.0
Pyth Network,GITHUB_opened_pull_requests_weekly,2025-03-10,52.0
9Lives,GITHUB_opened_pull_requests_weekly,2025-03-10,1.0
Passport XYZ,GITHUB_opened_pull_requests_weekly,2025-03-10,10.0
Trail of Bits Security Reviews,GITHUB_opened_pull_requests_weekly,2025-03-10,53.0
thirdweb,GITHUB_opened_pull_requests_weekly,2025-03-10,45.0
Redstone Finance,GITHUB_opened_pull_requests_weekly,2025-03-10,2.0
Sylow,GITHUB_merged_pull_requests_weekly,2025-03-10,1.0
Runtime Verification,GITHUB_merged_pull_requests_weekly,2025-03-10,33.0
CodeTracer,GITHUB_merged_pull_requests_weekly,2025-03-10,3.0
CodeTracer,GITHUB_merged_pull_requests_daily,2025-03-10,1.0
Trail of Bits Security Reviews,GITHUB_opened_issues_weekly,2025-03-10,8.0
Passport XYZ,GITHUB_merged_pull_requests_daily,2025-03-10,4.0
Pyth Network,GITHUB_merged_pull_requests_daily,2025-03-10,8.0
Open Source Observer,GITHUB_opened_issues_daily,2025-03-10,9.0
Walnut,GITHUB_closed_issues_weekly,2025-03-10,3.0
Walnut,GITHUB_closed_issues_daily,2025-03-10,1.0
Passport XYZ,GITHUB_closed_issues_daily,2025-03-10,2.0
Trail of Bits Security Reviews,GITHUB_comments_daily,2025-02-14,23.0
Open Source Observer,GITHUB_comments_daily,2025-02-14,38.0
Pyth Network,GITHUB_comments_daily,2025-02-14,7.0
Runtime Verification,GITHUB_comments_daily,2025-02-14,24.0
Runtime Verification,GITHUB_commits_daily,2025-02-14,1.0
thirdweb,GITHUB_commits_daily,2025-02-14,7.0
Runtime Verification,GITHUB_releases_daily,2025-02-14,1.0
Trail of Bits Security Reviews,GITHUB_forks_daily,2025-02-14,2.0
Walnut,GITHUB_repositories_daily,2025-02-14,6.0
Walnut,GITHUB_contributors_daily,2025-02-14,5.0
Walnut,GITHUB_opened_pull_requests_daily,2025-02-14,7.0
Passport XYZ,GITHUB_opened_pull_requests_daily,2025-02-14,1.0
Runtime Verification,GITHUB_merged_pull_requests_daily,2025-02-14,1.0
thirdweb,GITHUB_merged_pull_requests_daily,2025-02-14,7.0
Open Source Observer,GITHUB_merged_pull_requests_daily,2025-02-14,12.0
Pyth Network,GITHUB_merged_pull_requests_daily,2025-02-14,3.0
Open Source Observer,GITHUB_closed_issues_daily,2025-02-14,10.0
Pyth Network,GITHUB_comments_daily,2024-04-18,30.0
Open Source Observer,GITHUB_stars_daily,2024-04-18,1.0
Trail of Bits Security Reviews,GITHUB_stars_daily,2024-04-18,10.0
thirdweb,GITHUB_commits_daily,2024-04-18,15.0
thirdweb,GITHUB_releases_daily,2024-04-18,1.0
Trail of Bits Security Reviews,GITHUB_forks_daily,2024-04-18,1.0
Syndicate Protocol,GITHUB_repositories_daily,2024-04-18,1.0
Pyth Network,GITHUB_repositories_daily,2024-04-18,4.0
Trail of Bits Security Reviews,GITHUB_contributors_daily,2024-04-18,5.0
Open Source Observer,GITHUB_active_developers_daily,2024-04-18,2.0
Trail of Bits Security Reviews,GITHUB_active_developers_daily,2024-04-18,4.0
Runtime Verification,GITHUB_merged_pull_requests_daily,2024-04-18,15.0
Trail of Bits Security Reviews,GITHUB_closed_issues_daily,2024-04-18,3.0
Runtime Verification,GITHUB_comments_daily,2025-02-20,4.0
Pyth Network,GITHUB_comments_daily,2025-02-20,16.0
Enclave,GITHUB_comments_daily,2025-02-20,1.0
Passport XYZ,GITHUB_stars_daily,2025-02-20,2.0
Pyth Network,GITHUB_stars_daily,2025-02-20,1.0
Trail of Bits Security Reviews,GITHUB_commits_daily,2025-02-20,2.0
thirdweb,GITHUB_commits_daily,2025-02-20,8.0
9Lives,GITHUB_commits_daily,2025-02-20,12.0
Pyth Network,GITHUB_releases_daily,2025-02-20,3.0
thirdweb,GITHUB_forks_daily,2025-02-20,1.0
Walnut,GITHUB_repositories_daily,2025-02-20,3.0
Open Source Observer,GITHUB_contributors_daily,2025-02-20,9.0
9Lives,GITHUB_contributors_daily,2025-02-20,2.0
Walnut,GITHUB_opened_pull_requests_daily,2025-02-20,7.0
Pyth Network,GITHUB_opened_pull_requests_daily,2025-02-20,5.0
thirdweb,GITHUB_opened_pull_requests_daily,2025-02-20,9.0
Redstone Finance,GITHUB_merged_pull_requests_daily,2025-02-20,4.0
Runtime Verification,GITHUB_opened_issues_daily,2025-02-20,1.0
Open Source Observer,GITHUB_closed_issues_daily,2025-02-20,3.0
Runtime Verification,GITHUB_closed_issues_daily,2025-02-20,1.0
Pyth Network,GITHUB_comments_daily,2024-10-18,15.0
Pyth Network,GITHUB_stars_daily,2024-10-18,1.0
Passport XYZ,GITHUB_stars_daily,2024-10-18,2.0
Trail of Bits Security Reviews,GITHUB_releases_daily,2024-10-18,1.0
thirdweb,GITHUB_forks_daily,2024-10-18,2.0
Trail of Bits Security Reviews,GITHUB_repositories_daily,2024-10-18,12.0
Redstone Finance,GITHUB_repositories_daily,2024-10-18,5.0
Open Source Observer,GITHUB_repositories_daily,2024-10-18,3.0
Enclave,GITHUB_active_developers_daily,2024-10-18,2.0
Debid - Fairblock,GITHUB_active_developers_daily,2024-10-18,2.0
Enclave,GITHUB_contributors_daily,2024-10-18,2.0
Runtime Verification,GITHUB_contributors_daily,2024-10-18,4.0
Debid - Fairblock,GITHUB_opened_pull_requests_daily,2024-10-18,2.0
Walnut,GITHUB_opened_pull_requests_daily,2024-10-18,1.0
Runtime Verification,GITHUB_opened_pull_requests_daily,2024-10-18,6.0
Pyth Network,GITHUB_merged_pull_requests_daily,2024-10-18,3.0
thirdweb,GITHUB_merged_pull_requests_daily,2024-10-18,9.0
Redstone Finance,GITHUB_merged_pull_requests_daily,2024-10-18,4.0
Open Source Observer,GITHUB_comments_daily,2025-03-19,11.0
Pyth Network,GITHUB_comments_daily,2025-03-19,27.0
Runtime Verification,GITHUB_comments_daily,2025-03-19,14.0
Runtime Verification,GITHUB_stars_daily,2025-03-19,1.0
CodeTracer,GITHUB_stars_daily,2025-03-19,5.0
Debid - Fairblock,GITHUB_commits_daily,2025-03-19,2.0
Trail of Bits Security Reviews,GITHUB_commits_daily,2025-03-19,5.0
Passport XYZ,GITHUB_releases_daily,2025-03-19,2.0
Enclave,GITHUB_repositories_daily,2025-03-19,1.0
CodeTracer,GITHUB_repositories_daily,2025-03-19,1.0
Debid - Fairblock,GITHUB_repositories_daily,2025-03-19,1.0
Pyth Network,GITHUB_repositories_daily,2025-03-19,3.0
Walnut,GITHUB_contributors_daily,2025-03-19,2.0
CodeTracer,GITHUB_contributors_daily,2025-03-19,2.0
Runtime Verification,GITHUB_contributors_daily,2025-03-19,9.0
Enclave,GITHUB_contributors_daily,2025-03-19,1.0
thirdweb,GITHUB_contributors_daily,2025-03-19,4.0
Open Source Observer,GITHUB_contributors_daily,2025-03-19,5.0
Walnut,GITHUB_active_developers_daily,2025-03-19,1.0
Passport XYZ,GITHUB_opened_pull_requests_daily,2025-03-19,4.0
Walnut,GITHUB_merged_pull_requests_daily,2025-03-19,2.0
Trail of Bits Security Reviews,GITHUB_merged_pull_requests_daily,2025-03-19,3.0
Open Source Observer,GITHUB_opened_issues_daily,2025-03-19,4.0
Runtime Verification,GITHUB_opened_issues_daily,2025-03-19,1.0
Pyth Network,GITHUB_closed_issues_daily,2025-03-19,2.0
Open Source Observer,GITHUB_stars_daily,2024-12-11,1.0
Redstone Finance,GITHUB_commits_daily,2024-12-11,9.0
Passport XYZ,GITHUB_releases_daily,2024-12-11,8.0
Passport XYZ,GITHUB_forks_daily,2024-12-11,2.0
Runtime Verification,GITHUB_repositories_daily,2024-12-11,8.0
Passport XYZ,GITHUB_repositories_daily,2024-12-11,3.0
Open Source Observer,GITHUB_repositories_daily,2024-12-11,3.0
Pyth Network,GITHUB_repositories_daily,2024-12-11,5.0
Walnut,GITHUB_contributors_daily,2024-12-11,3.0
Passport XYZ,GITHUB_contributors_daily,2024-12-11,3.0
Runtime Verification,GITHUB_active_developers_daily,2024-12-11,4.0
thirdweb,GITHUB_active_developers_daily,2024-12-11,3.0
Passport XYZ,GITHUB_active_developers_daily,2024-12-11,1.0
Redstone Finance,GITHUB_active_developers_daily,2024-12-11,3.0
Walnut,GITHUB_merged_pull_requests_daily,2024-12-11,1.0
Pyth Network,GITHUB_merged_pull_requests_daily,2024-12-11,4.0
thirdweb,GITHUB_merged_pull_requests_daily,2024-12-11,20.0
thirdweb,GITHUB_comments_daily,2024-09-25,100.0
Trail of Bits Security Reviews,GITHUB_comments_daily,2024-09-25,2.0
Trail of Bits Security Reviews,GITHUB_commits_daily,2024-09-25,6.0
Redstone Finance,GITHUB_commits_daily,2024-09-25,1.0
Pyth Network,GITHUB_commits_daily,2024-09-25,13.0
Runtime Verification,GITHUB_releases_daily,2024-09-25,8.0
Enclave,GITHUB_contributors_daily,2024-09-25,1.0
Pyth Network,GITHUB_contributors_daily,2024-09-25,8.0
Enclave,GITHUB_active_developers_daily,2024-09-25,1.0
Open Source Observer,GITHUB_active_developers_daily,2024-09-25,3.0
Debid - Fairblock,GITHUB_active_developers_daily,2024-09-25,1.0
thirdweb,GITHUB_opened_pull_requests_daily,2024-09-25,14.0
Trail of Bits Security Reviews,GITHUB_opened_pull_requests_daily,2024-09-25,5.0
Trail of Bits Security Reviews,GITHUB_merged_pull_requests_daily,2024-09-25,6.0
Runtime Verification,GITHUB_merged_pull_requests_daily,2024-09-25,8.0
thirdweb,GITHUB_merged_pull_requests_daily,2024-09-25,17.0
Enclave,GITHUB_merged_pull_requests_daily,2024-09-25,1.0
thirdweb,GITHUB_opened_issues_daily,2024-09-25,2.0
Open Source Observer,GITHUB_comments_daily,2024-03-28,6.0
Trail of Bits Security Reviews,GITHUB_comments_daily,2024-03-28,12.0
Walnut,GITHUB_comments_daily,2024-03-28,3.0
thirdweb,GITHUB_stars_daily,2024-03-28,6.0
Trail of Bits Security Reviews,GITHUB_stars_daily,2024-03-28,12.0
Runtime Verification,GITHUB_commits_daily,2024-03-28,42.0
Runtime Verification,GITHUB_repositories_daily,2024-03-28,11.0
Redstone Finance,GITHUB_repositories_daily,2024-03-28,6.0
thirdweb,GITHUB_repositories_daily,2024-03-28,4.0
Redstone Finance,GITHUB_contributors_daily,2024-03-28,4.0
Runtime Verification,GITHUB_contributors_daily,2024-03-28,13.0
Pyth Network,GITHUB_active_developers_daily,2024-03-28,6.0
Pyth Network,GITHUB_opened_pull_requests_daily,2024-03-28,6.0
Redstone Finance,GITHUB_opened_pull_requests_daily,2024-03-28,1.0
Trail of Bits Security Reviews,GITHUB_opened_pull_requests_daily,2024-03-28,4.0
Runtime Verification,GITHUB_merged_pull_requests_daily,2024-03-28,20.0
Pyth Network,GITHUB_merged_pull_requests_daily,2024-03-28,7.0
Open Source Observer,GITHUB_merged_pull_requests_daily,2024-03-28,1.0
Pyth Network,GITHUB_opened_issues_daily,2024-03-28,2.0
Open Source Observer,GITHUB_opened_issues_daily,2024-03-28,2.0
Open Source Observer,GITHUB_forks_weekly,2024-05-20,5.0
Passport XYZ,GITHUB_forks_weekly,2024-05-20,2.0
Open Source Observer,GITHUB_comments_daily,2024-05-20,31.0
Pyth Network,GITHUB_comments_daily,2024-05-20,3.0
Walnut,GITHUB_comments_daily,2024-05-20,11.0
Pyth Network,GITHUB_stars_daily,2024-05-20,1.0
Redstone Finance,GITHUB_stars_daily,2024-05-20,3.0
Passport XYZ,GITHUB_stars_weekly,2024-05-20,2.0
Pyth Network,GITHUB_stars_weekly,2024-05-20,4.0
Walnut,GITHUB_commits_daily,2024-05-20,2.0
Redstone Finance,GITHUB_commits_daily,2024-05-20,8.0
Open Source Observer,GITHUB_commits_daily,2024-05-20,12.0
Runtime Verification,GITHUB_releases_weekly,2024-05-20,55.0
thirdweb,GITHUB_releases_weekly,2024-05-20,11.0
Remix IDE plugin for Arbitrum Stylus,GITHUB_releases_weekly,2024-05-20,1.0
Pyth Network,GITHUB_releases_daily,2024-05-20,1.0
Syndicate Protocol,GITHUB_commits_weekly,2024-05-20,1.0
Trail of Bits Security Reviews,GITHUB_commits_weekly,2024-05-20,26.0
Walnut,GITHUB_comments_weekly,2024-05-20,98.0
Open Source Observer,GITHUB_comments_weekly,2024-05-20,177.0
Runtime Verification,GITHUB_repositories_daily,2024-05-20,8.0
Trail of Bits Security Reviews,GITHUB_repositories_daily,2024-05-20,17.0
Redstone Finance,GITHUB_forks_daily,2024-05-20,3.0
thirdweb,GITHUB_active_developers_daily,2024-05-20,2.0
Pyth Network,GITHUB_opened_pull_requests_daily,2024-05-20,2.0
Redstone Finance,GITHUB_opened_pull_requests_weekly,2024-05-20,3.0
Debid - Fairblock,GITHUB_opened_pull_requests_weekly,2024-05-20,1.0
Trail of Bits Security Reviews,GITHUB_opened_pull_requests_weekly,2024-05-20,28.0
Trail of Bits Security Reviews,GITHUB_merged_pull_requests_daily,2024-05-20,10.0
Redstone Finance,GITHUB_contributors_weekly,2024-05-20,5.0
Syndicate Protocol,GITHUB_contributors_weekly,2024-05-20,1.0
Passport XYZ,GITHUB_active_developers_weekly,2024-05-20,1.0
Redstone Finance,GITHUB_active_developers_weekly,2024-05-20,4.0
Open Source Observer,GITHUB_contributors_daily,2024-05-20,5.0
Syndicate Protocol,GITHUB_active_developers_weekly,2024-05-20,1.0
Trail of Bits Security Reviews,GITHUB_active_developers_weekly,2024-05-20,5.0
Runtime Verification,GITHUB_contributors_daily,2024-05-20,6.0
Open Source Observer,GITHUB_closed_issues_weekly,2024-05-20,25.0
thirdweb,GITHUB_closed_issues_weekly,2024-05-20,5.0
thirdweb,GITHUB_merged_pull_requests_weekly,2024-05-20,86.0
Runtime Verification,GITHUB_merged_pull_requests_weekly,2024-05-20,66.0
Pyth Network,GITHUB_merged_pull_requests_weekly,2024-05-20,36.0
Pyth Network,GITHUB_opened_issues_weekly,2024-05-20,1.0
Trail of Bits Security Reviews,GITHUB_opened_issues_weekly,2024-05-20,4.0
Runtime Verification,GITHUB_opened_issues_weekly,2024-05-20,14.0
Open Source Observer,GITHUB_opened_issues_daily,2024-05-20,9.0
Debid - Fairblock,GITHUB_comments_daily,2024-02-18,1.0
thirdweb,GITHUB_comments_daily,2024-02-18,13.0
thirdweb,GITHUB_stars_daily,2024-02-18,3.0
Syndicate Protocol,GITHUB_forks_daily,2024-02-18,1.0
Open Source Observer,GITHUB_repositories_daily,2024-02-18,2.0
Open Source Observer,GITHUB_active_developers_daily,2024-02-18,2.0
Pyth Network,GITHUB_active_developers_daily,2024-02-18,1.0
thirdweb,GITHUB_active_developers_daily,2024-02-18,2.0
Open Source Observer,GITHUB_opened_pull_requests_daily,2024-02-18,1.0
Open Source Observer,GITHUB_merged_pull_requests_daily,2024-02-18,1.0
Runtime Verification,GITHUB_comments_daily,2025-03-05,8.0
Walnut,GITHUB_stars_daily,2025-03-05,1.0
CodeTracer,GITHUB_stars_daily,2025-03-05,20.0
Trail of Bits Security Reviews,GITHUB_commits_daily,2025-03-05,13.0
Walnut,GITHUB_commits_daily,2025-03-05,8.0
Pyth Network,GITHUB_forks_daily,2025-03-05,1.0
Open Source Observer,GITHUB_repositories_daily,2025-03-05,4.0
Solang,GITHUB_repositories_daily,2025-03-05,1.0
Redstone Finance,GITHUB_repositories_daily,2025-03-05,3.0
thirdweb,GITHUB_contributors_daily,2025-03-05,10.0
Pyth Network,GITHUB_contributors_daily,2025-03-05,9.0
9Lives,GITHUB_contributors_daily,2025-03-05,2.0
Walnut,GITHUB_active_developers_daily,2025-03-05,1.0
Redstone Finance,GITHUB_active_developers_daily,2025-03-05,3.0
Runtime Verification,GITHUB_opened_pull_requests_daily,2025-03-05,6.0
Pyth Network,GITHUB_merged_pull_requests_daily,2025-03-05,8.0
Redstone Finance,GITHUB_merged_pull_requests_daily,2025-03-05,1.0
Runtime Verification,GITHUB_merged_pull_requests_daily,2025-03-05,3.0
Open Source Observer,GITHUB_closed_issues_daily,2025-03-05,5.0
thirdweb,GITHUB_stars_daily,2024-02-24,3.0
Runtime Verification,GITHUB_stars_daily,2024-02-24,1.0
Pyth Network,GITHUB_stars_daily,2024-02-24,2.0
Runtime Verification,GITHUB_commits_daily,2024-02-24,2.0
thirdweb,GITHUB_commits_daily,2024-02-24,10.0
Trail of Bits Security Reviews,GITHUB_forks_daily,2024-02-24,2.0
Trail of Bits Security Reviews,GITHUB_repositories_daily,2024-02-24,9.0
Walnut,GITHUB_contributors_daily,2024-02-24,1.0
Open Source Observer,GITHUB_merged_pull_requests_daily,2024-02-24,3.0
Debid - Fairblock,GITHUB_merged_pull_requests_daily,2024-02-24,1.0
Trail of Bits Security Reviews,GITHUB_merged_pull_requests_daily,2024-02-24,2.0
Pyth Network,GITHUB_comments_daily,2024-07-30,18.0
Walnut,GITHUB_comments_daily,2024-07-30,27.0
Redstone Finance,GITHUB_releases_daily,2024-07-30,1.0
thirdweb,GITHUB_releases_daily,2024-07-30,3.0
Runtime Verification,GITHUB_stars_daily,2024-07-30,1.0
thirdweb,GITHUB_commits_daily,2024-07-30,25.0
Walnut,GITHUB_commits_daily,2024-07-30,2.0
Pyth Network,GITHUB_commits_daily,2024-07-30,4.0
Trail of Bits Security Reviews,GITHUB_forks_daily,2024-07-30,2.0
Redstone Finance,GITHUB_forks_daily,2024-07-30,1.0
thirdweb,GITHUB_forks_daily,2024-07-30,2.0
Runtime Verification,GITHUB_repositories_daily,2024-07-30,9.0
Redstone Finance,GITHUB_repositories_daily,2024-07-30,4.0
Open Source Observer,GITHUB_contributors_daily,2024-07-30,5.0
Runtime Verification,GITHUB_active_developers_daily,2024-07-30,6.0
Walnut,GITHUB_active_developers_daily,2024-07-30,1.0
Open Source Observer,GITHUB_active_developers_daily,2024-07-30,2.0
Debid - Fairblock,GITHUB_opened_pull_requests_daily,2024-07-30,3.0
Redstone Finance,GITHUB_opened_pull_requests_daily,2024-07-30,1.0
Open Source Observer,GITHUB_merged_pull_requests_daily,2024-07-30,4.0
Trail of Bits Security Reviews,GITHUB_merged_pull_requests_daily,2024-07-30,13.0
Pyth Network,GITHUB_forks_weekly,2025-04-07,5.0
Pyth Network,GITHUB_stars_weekly,2025-04-07,2.0
thirdweb,GITHUB_stars_weekly,2025-04-07,11.0
Sylow,GITHUB_stars_weekly,2025-04-07,1.0
Runtime Verification,GITHUB_stars_daily,2025-04-07,3.0
CodeTracer,GITHUB_stars_daily,2025-04-07,3.0
Solang,GITHUB_stars_daily,2025-04-07,2.0
Enclave,GITHUB_comments_daily,2025-04-07,1.0
Passport XYZ,GITHUB_comments_daily,2025-04-07,3.0
Trail of Bits Security Reviews,GITHUB_comments_daily,2025-04-07,26.0
thirdweb,GITHUB_commits_daily,2025-04-07,14.0
Walnut,GITHUB_commits_daily,2025-04-07,4.0
Passport XYZ,GITHUB_releases_weekly,2025-04-07,1.0
thirdweb,GITHUB_releases_weekly,2025-04-07,17.0
Pyth Network,GITHUB_releases_weekly,2025-04-07,4.0
Runtime Verification,GITHUB_commits_weekly,2025-04-07,19.0
Trail of Bits Security Reviews,GITHUB_commits_weekly,2025-04-07,103.0
Open Source Observer,GITHUB_comments_weekly,2025-04-07,56.0
Passport XYZ,GITHUB_comments_weekly,2025-04-07,4.0
Enclave,GITHUB_comments_weekly,2025-04-07,43.0
Walnut,GITHUB_comments_weekly,2025-04-07,10.0
Solang,GITHUB_comments_weekly,2025-04-07,1.0
CodeTracer,GITHUB_comments_weekly,2025-04-07,5.0
Walnut,GITHUB_repositories_daily,2025-04-07,2.0
Trail of Bits Security Reviews,GITHUB_repositories_weekly,2025-04-07,45.0
Open Source Observer,GITHUB_repositories_weekly,2025-04-07,4.0
Redstone Finance,GITHUB_repositories_weekly,2025-04-07,3.0
Passport XYZ,GITHUB_repositories_weekly,2025-04-07,5.0
Pyth Network,GITHUB_repositories_weekly,2025-04-07,8.0
Walnut,GITHUB_repositories_weekly,2025-04-07,6.0
Moving Stylus,GITHUB_repositories_weekly,2025-04-07,1.0
thirdweb,GITHUB_forks_daily,2025-04-07,3.0
Runtime Verification,GITHUB_contributors_daily,2025-04-07,6.0
thirdweb,GITHUB_contributors_weekly,2025-04-07,20.0
Solang,GITHUB_contributors_weekly,2025-04-07,1.0
Open Source Observer,GITHUB_active_developers_daily,2025-04-07,2.0
Pyth Network,GITHUB_active_developers_daily,2025-04-07,3.0
Redstone Finance,GITHUB_active_developers_daily,2025-04-07,2.0
Walnut,GITHUB_active_developers_weekly,2025-04-07,3.0
Open Source Observer,GITHUB_active_developers_weekly,2025-04-07,6.0
Trail of Bits Security Reviews,GITHUB_opened_pull_requests_weekly,2025-04-07,62.0
Passport XYZ,GITHUB_opened_pull_requests_weekly,2025-04-07,19.0
Solang,GITHUB_opened_pull_requests_weekly,2025-04-07,1.0
Trail of Bits Security Reviews,GITHUB_merged_pull_requests_weekly,2025-04-07,52.0
Passport XYZ,GITHUB_merged_pull_requests_weekly,2025-04-07,19.0
thirdweb,GITHUB_merged_pull_requests_weekly,2025-04-07,46.0
Enclave,GITHUB_merged_pull_requests_weekly,2025-04-07,1.0
Pyth Network,GITHUB_merged_pull_requests_weekly,2025-04-07,42.0
Runtime Verification,GITHUB_opened_issues_daily,2025-04-07,1.0
Passport XYZ,GITHUB_opened_issues_daily,2025-04-07,2.0
Enclave,GITHUB_opened_issues_weekly,2025-04-07,7.0
Passport XYZ,GITHUB_closed_issues_daily,2025-04-07,5.0
Walnut,GITHUB_closed_issues_weekly,2025-04-07,6.0
Debid - Fairblock,GITHUB_comments_daily,2024-01-10,1.0
Runtime Verification,GITHUB_comments_daily,2024-01-10,50.0
Open Source Observer,GITHUB_stars_daily,2024-01-10,1.0
thirdweb,GITHUB_commits_daily,2024-01-10,13.0
Debid - Fairblock,GITHUB_commits_daily,2024-01-10,38.0
Redstone Finance,GITHUB_commits_daily,2024-01-10,9.0
Pyth Network,GITHUB_releases_daily,2024-01-10,1.0
Trail of Bits Security Reviews,GITHUB_forks_daily,2024-01-10,1.0
Open Source Observer,GITHUB_repositories_daily,2024-01-10,1.0
thirdweb,GITHUB_repositories_daily,2024-01-10,6.0
Open Source Observer,GITHUB_contributors_daily,2024-01-10,1.0
Runtime Verification,GITHUB_contributors_daily,2024-01-10,11.0
Pyth Network,GITHUB_active_developers_daily,2024-01-10,3.0
Trail of Bits Security Reviews,GITHUB_active_developers_daily,2024-01-10,2.0
Trail of Bits Security Reviews,GITHUB_opened_pull_requests_daily,2024-01-10,11.0
Pyth Network,GITHUB_opened_pull_requests_daily,2024-01-10,7.0
thirdweb,GITHUB_opened_pull_requests_daily,2024-01-10,14.0
Runtime Verification,GITHUB_opened_pull_requests_daily,2024-01-10,14.0
Runtime Verification,GITHUB_closed_issues_daily,2024-01-10,5.0
Open Source Observer,GITHUB_closed_issues_daily,2024-01-10,3.0
Open Source Observer,GITHUB_comments_daily,2025-01-03,3.0
Pyth Network,GITHUB_comments_daily,2025-01-03,9.0
Open Source Observer,GITHUB_commits_daily,2025-01-03,1.0
thirdweb,GITHUB_repositories_daily,2025-01-03,3.0
Pyth Network,GITHUB_repositories_daily,2025-01-03,3.0
Trail of Bits Security Reviews,GITHUB_repositories_daily,2025-01-03,12.0
Passport XYZ,GITHUB_repositories_daily,2025-01-03,1.0
Trail of Bits Security Reviews,GITHUB_contributors_daily,2025-01-03,4.0
thirdweb,GITHUB_contributors_daily,2025-01-03,10.0
Passport XYZ,GITHUB_contributors_daily,2025-01-03,1.0
Walnut,GITHUB_contributors_daily,2025-01-03,3.0
Trail of Bits Security Reviews,GITHUB_opened_pull_requests_daily,2025-01-03,1.0
Walnut,GITHUB_forks_weekly,2024-03-18,9.0
Trail of Bits Security Reviews,GITHUB_forks_weekly,2024-03-18,15.0
Redstone Finance,GITHUB_forks_weekly,2024-03-18,3.0
Walnut,GITHUB_comments_daily,2024-03-18,49.0
WakeUp Labs,GITHUB_stars_weekly,2024-03-18,1.0
Redstone Finance,GITHUB_stars_weekly,2024-03-18,5.0
Pyth Network,GITHUB_stars_weekly,2024-03-18,6.0
Runtime Verification,GITHUB_commits_daily,2024-03-18,22.0
Trail of Bits Security Reviews,GITHUB_commits_daily,2024-03-18,20.0
Debid - Fairblock,GITHUB_releases_daily,2024-03-18,1.0
Runtime Verification,GITHUB_releases_daily,2024-03-18,11.0
Open Source Observer,GITHUB_commits_weekly,2024-03-18,37.0
Remix IDE plugin for Arbitrum Stylus,GITHUB_commits_weekly,2024-03-18,3.0
thirdweb,GITHUB_commits_weekly,2024-03-18,94.0
Redstone Finance,GITHUB_commits_weekly,2024-03-18,25.0
Walnut,GITHUB_commits_weekly,2024-03-18,86.0
Walnut,GITHUB_comments_weekly,2024-03-18,117.0
Trail of Bits Security Reviews,GITHUB_forks_daily,2024-03-18,2.0
Walnut,GITHUB_repositories_weekly,2024-03-18,2.0
Open Source Observer,GITHUB_repositories_weekly,2024-03-18,3.0
Remix IDE plugin for Arbitrum Stylus,GITHUB_repositories_weekly,2024-03-18,1.0
Runtime Verification,GITHUB_repositories_daily,2024-03-18,13.0
Remix IDE plugin for Arbitrum Stylus,GITHUB_repositories_daily,2024-03-18,1.0
thirdweb,GITHUB_contributors_weekly,2024-03-18,27.0
Walnut,GITHUB_contributors_weekly,2024-03-18,10.0
Runtime Verification,GITHUB_contributors_daily,2024-03-18,13.0
Open Source Observer,GITHUB_active_developers_weekly,2024-03-18,3.0
Redstone Finance,GITHUB_active_developers_weekly,2024-03-18,3.0
Runtime Verification,GITHUB_active_developers_weekly,2024-03-18,7.0
Open Source Observer,GITHUB_opened_pull_requests_weekly,2024-03-18,36.0
Trail of Bits Security Reviews,GITHUB_merged_pull_requests_weekly,2024-03-18,58.0
Open Source Observer,GITHUB_merged_pull_requests_weekly,2024-03-18,37.0
thirdweb,GITHUB_merged_pull_requests_daily,2024-03-18,14.0
Pyth Network,GITHUB_merged_pull_requests_daily,2024-03-18,6.0
Open Source Observer,GITHUB_opened_issues_weekly,2024-03-18,13.0
Runtime Verification,GITHUB_opened_issues_weekly,2024-03-18,21.0
Trail of Bits Security Reviews,GITHUB_opened_issues_daily,2024-03-18,1.0
Walnut,GITHUB_closed_issues_weekly,2024-03-18,15.0
Pyth Network,GITHUB_closed_issues_weekly,2024-03-18,1.0
Walnut,GITHUB_closed_issues_daily,2024-03-18,1.0
Trail of Bits Security Reviews,GITHUB_active_contributors_quarterly,2024-06-01,41.0
Walnut,GITHUB_part_time_contributors_quarterly,2024-06-01,22.0
Redstone Finance,GITHUB_part_time_contributors_quarterly,2024-06-01,4.0
Enclave,GITHUB_new_contributors_quarterly,2024-06-01,3.0
Trail of Bits Security Reviews,GITHUB_new_contributors_quarterly,2024-06-01,15.0
Passport XYZ,GITHUB_part_time_contributors_quarterly,2024-06-01,5.0
Pyth Network,GITHUB_part_time_contributors_quarterly,2024-06-01,38.0
Debid - Fairblock,GITHUB_part_time_contributors_quarterly,2024-06-01,4.0
Syndicate Protocol,GITHUB_active_contributors_quarterly,2024-06-01,1.0
thirdweb,GITHUB_releases_biannually,2024-06-01,88.0
Trail of Bits Security Reviews,GITHUB_releases_biannually,2024-06-01,8.0
Pyth Network,GITHUB_releases_quarterly,2024-06-01,20.0
thirdweb,GITHUB_releases_quarterly,2024-06-01,88.0
Redstone Finance,GITHUB_commits_biannually,2024-06-01,78.0
Enclave,GITHUB_commits_biannually,2024-06-01,50.0
Enclave,GITHUB_active_developers_biannually,2024-06-01,3.0
Trail of Bits Security Reviews,GITHUB_active_developers_biannually,2024-06-01,21.0
thirdweb,GITHUB_repositories_quarterly,2024-06-01,17.0
Debid - Fairblock,GITHUB_active_developers_quarterly,2024-06-01,3.0
Remix IDE plugin for Arbitrum Stylus,GITHUB_active_developers_quarterly,2024-06-01,2.0
Walnut,GITHUB_active_developers_quarterly,2024-06-01,3.0
Redstone Finance,GITHUB_forks_monthly,2024-06-01,18.0
Enclave,GITHUB_part_time_developers_quarterly,2024-06-01,3.0
Syndicate Protocol,GITHUB_stars_biannually,2024-06-01,1.0
Redstone Finance,GITHUB_stars_biannually,2024-06-01,21.0
Redstone Finance,GITHUB_stars_monthly,2024-06-01,21.0
Syndicate Protocol,GITHUB_stars_monthly,2024-06-01,1.0
thirdweb,GITHUB_stars_monthly,2024-06-01,76.0
Enclave,GITHUB_commits_monthly,2024-06-01,50.0
Trail of Bits Security Reviews,GITHUB_commits_monthly,2024-06-01,438.0
Redstone Finance,GITHUB_commits_monthly,2024-06-01,78.0
Redstone Finance,GITHUB_comments_monthly,2024-06-01,1.0
Trail of Bits Security Reviews,GITHUB_comments_monthly,2024-06-01,290.0
Enclave,GITHUB_comments_monthly,2024-06-01,17.0
thirdweb,GITHUB_stars_quarterly,2024-06-01,76.0
Remix IDE plugin for Arbitrum Stylus,GITHUB_releases_monthly,2024-06-01,1.0
Pyth Network,GITHUB_releases_daily,2024-06-01,1.0
Syndicate Protocol,GITHUB_commits_quarterly,2024-06-01,5.0
thirdweb,GITHUB_forks_biannually,2024-06-01,58.0
Runtime Verification,GITHUB_forks_quarterly,2024-06-01,17.0
Pyth Network,GITHUB_forks_biannually,2024-06-01,42.0
Open Source Observer,GITHUB_forks_quarterly,2024-06-01,50.0
Redstone Finance,GITHUB_forks_quarterly,2024-06-01,18.0
thirdweb,GITHUB_forks_daily,2024-06-01,1.0
Trail of Bits Security Reviews,GITHUB_repositories_daily,2024-06-01,7.0
Redstone Finance,GITHUB_repositories_daily,2024-06-01,1.0
Remix IDE plugin for Arbitrum Stylus,GITHUB_repositories_monthly,2024-06-01,1.0
Open Source Observer,GITHUB_repositories_monthly,2024-06-01,4.0
Remix IDE plugin for Arbitrum Stylus,GITHUB_repositories_biannually,2024-06-01,1.0
Passport XYZ,GITHUB_repositories_biannually,2024-06-01,2.0
Arbos Foundry,GITHUB_repositories_biannually,2024-06-01,2.0
Enclave,GITHUB_repositories_biannually,2024-06-01,1.0
Syndicate Protocol,GITHUB_repositories_biannually,2024-06-01,2.0
Runtime Verification,GITHUB_repositories_monthly,2024-06-01,35.0
Passport XYZ,GITHUB_contributors_monthly,2024-06-01,5.0
Pyth Network,GITHUB_contributors_monthly,2024-06-01,38.0
thirdweb,GITHUB_contributors_monthly,2024-06-01,55.0
Trail of Bits Security Reviews,GITHUB_contributors_monthly,2024-06-01,41.0
Trail of Bits Security Reviews,GITHUB_contributors_biannually,2024-06-01,41.0
Open Source Observer,GITHUB_contributors_biannually,2024-06-01,48.0
Redstone Finance,GITHUB_contributors_biannually,2024-06-01,4.0
Syndicate Protocol,GITHUB_contributors_biannually,2024-06-01,1.0
Trail of Bits Security Reviews,GITHUB_contributors_quarterly,2024-06-01,41.0
Passport XYZ,GITHUB_contributors_quarterly,2024-06-01,5.0
thirdweb,GITHUB_contributors_biannually,2024-06-01,55.0
Debid - Fairblock,GITHUB_contributors_quarterly,2024-06-01,4.0
thirdweb,GITHUB_contributors_quarterly,2024-06-01,55.0
Pyth Network,GITHUB_contributors_quarterly,2024-06-01,38.0
Open Source Observer,GITHUB_contributors_daily,2024-06-01,1.0
Arbos Foundry,GITHUB_part_time_developers_monthly,2024-06-01,1.0
Passport XYZ,GITHUB_part_time_developers_monthly,2024-06-01,1.0
Passport XYZ,GITHUB_active_developers_monthly,2024-06-01,1.0
Walnut,GITHUB_part_time_developers_monthly,2024-06-01,2.0
thirdweb,GITHUB_full_time_developers_monthly,2024-06-01,6.0
Open Source Observer,GITHUB_full_time_developers_monthly,2024-06-01,3.0
Redstone Finance,GITHUB_full_time_developers_monthly,2024-06-01,1.0
Debid - Fairblock,GITHUB_part_time_developers_biannually,2024-06-01,3.0
Open Source Observer,GITHUB_part_time_developers_biannually,2024-06-01,30.0
Remix IDE plugin for Arbitrum Stylus,GITHUB_part_time_developers_biannually,2024-06-01,2.0
Redstone Finance,GITHUB_part_time_developers_biannually,2024-06-01,4.0
Passport XYZ,GITHUB_part_time_developers_biannually,2024-06-01,1.0
Runtime Verification,GITHUB_part_time_developers_biannually,2024-06-01,18.0
Passport XYZ,GITHUB_new_contributors_monthly,2024-06-01,5.0
Open Source Observer,GITHUB_new_contributors_monthly,2024-06-01,42.0
Runtime Verification,GITHUB_active_contributors_monthly,2024-06-01,33.0
Arbos Foundry,GITHUB_active_contributors_monthly,2024-06-01,1.0
Redstone Finance,GITHUB_active_contributors_monthly,2024-06-01,4.0
thirdweb,GITHUB_new_contributors_monthly,2024-06-01,35.0
Open Source Observer,GITHUB_active_contributors_monthly,2024-06-01,48.0
Remix IDE plugin for Arbitrum Stylus,GITHUB_part_time_contributors_monthly,2024-06-01,3.0
Debid - Fairblock,GITHUB_part_time_contributors_monthly,2024-06-01,4.0
Pyth Network,GITHUB_new_contributors_biannually,2024-06-01,26.0
Walnut,GITHUB_new_contributors_biannually,2024-06-01,20.0
Remix IDE plugin for Arbitrum Stylus,GITHUB_part_time_contributors_biannually,2024-06-01,3.0
Arbos Foundry,GITHUB_part_time_contributors_biannually,2024-06-01,1.0
Pyth Network,GITHUB_active_contributors_biannually,2024-06-01,38.0
Enclave,GITHUB_part_time_contributors_biannually,2024-06-01,3.0
Redstone Finance,GITHUB_active_contributors_biannually,2024-06-01,4.0
Redstone Finance,GITHUB_part_time_contributors_biannually,2024-06-01,4.0
Open Source Observer,GITHUB_change_in_active_developers_monthly,2024-06-01,-20.0
Runtime Verification,GITHUB_change_in_part_time_contributors_monthly,2024-06-01,-1.0
Enclave,GITHUB_change_in_active_developers_monthly,2024-06-01,
Debid - Fairblock,GITHUB_change_in_active_developers_monthly,2024-06-01,0.0
Passport XYZ,GITHUB_change_in_active_developers_monthly,2024-06-01,-3.0
Passport XYZ,GITHUB_change_in_part_time_contributors_biannually,2024-06-01,-3.0
Pyth Network,GITHUB_change_in_full_time_contributors_monthly,2024-06-01,0.0
Redstone Finance,GITHUB_change_in_active_developers_monthly,2024-06-01,3.0
thirdweb,GITHUB_change_in_part_time_contributors_quarterly,2024-06-01,-9.0
Redstone Finance,GITHUB_change_in_part_time_contributors_biannually,2024-06-01,3.0
Walnut,GITHUB_change_in_part_time_contributors_biannually,2024-06-01,-11.0
Walnut,GITHUB_change_in_active_developers_biannually,2024-06-01,-11.0
Walnut,GITHUB_change_in_active_developers_monthly,2024-06-01,-11.0
Arbos Foundry,GITHUB_change_in_part_time_contributors_monthly,2024-06-01,0.0
Runtime Verification,GITHUB_change_in_full_time_contributors_monthly,2024-06-01,0.0
Enclave,GITHUB_change_in_active_developers_biannually,2024-06-01,
Runtime Verification,GITHUB_change_in_part_time_contributors_biannually,2024-06-01,-1.0
Remix IDE plugin for Arbitrum Stylus,GITHUB_change_in_part_time_contributors_quarterly,2024-06-01,-2.0
Walnut,GITHUB_change_in_part_time_contributors_quarterly,2024-06-01,-11.0
Pyth Network,GITHUB_change_in_active_developers_quarterly,2024-06-01,-15.0
Open Source Observer,GITHUB_opened_pull_requests_daily,2024-06-01,1.0
Open Source Observer,GITHUB_opened_pull_requests_monthly,2024-06-01,187.0
Remix IDE plugin for Arbitrum Stylus,GITHUB_opened_pull_requests_monthly,2024-06-01,2.0
Enclave,GITHUB_opened_pull_requests_monthly,2024-06-01,5.0
Syndicate Protocol,GITHUB_opened_pull_requests_monthly,2024-06-01,1.0
thirdweb,GITHUB_part_time_contributors_biannually,2024-06-01,55.0
Runtime Verification,GITHUB_opened_pull_requests_quarterly,2024-06-01,272.0
Remix IDE plugin for Arbitrum Stylus,GITHUB_opened_pull_requests_biannually,2024-06-01,2.0
Runtime Verification,GITHUB_opened_pull_requests_biannually,2024-06-01,272.0
Passport XYZ,GITHUB_opened_pull_requests_biannually,2024-06-01,24.0
Walnut,GITHUB_opened_pull_requests_biannually,2024-06-01,36.0
Trail of Bits Security Reviews,GITHUB_opened_pull_requests_biannually,2024-06-01,185.0
Pyth Network,GITHUB_merged_pull_requests_daily,2024-06-01,1.0
Walnut,GITHUB_merged_pull_requests_monthly,2024-06-01,34.0
Passport XYZ,GITHUB_merged_pull_requests_monthly,2024-06-01,12.0
Debid - Fairblock,GITHUB_merged_pull_requests_monthly,2024-06-01,2.0
Trail of Bits Security Reviews,GITHUB_merged_pull_requests_biannually,2024-06-01,150.0
Remix IDE plugin for Arbitrum Stylus,GITHUB_merged_pull_requests_biannually,2024-06-01,1.0
Enclave,GITHUB_merged_pull_requests_quarterly,2024-06-01,3.0
Open Source Observer,GITHUB_merged_pull_requests_quarterly,2024-06-01,171.0
Walnut,GITHUB_merged_pull_requests_quarterly,2024-06-01,34.0
Passport XYZ,GITHUB_opened_issues_monthly,2024-06-01,4.0
Runtime Verification,GITHUB_opened_issues_monthly,2024-06-01,46.0
Pyth Network,GITHUB_opened_issues_quarterly,2024-06-01,6.0
Open Source Observer,GITHUB_opened_issues_quarterly,2024-06-01,78.0
Trail of Bits Security Reviews,GITHUB_opened_issues_quarterly,2024-06-01,40.0
Runtime Verification,GITHUB_opened_issues_quarterly,2024-06-01,46.0
Passport XYZ,GITHUB_closed_issues_monthly,2024-06-01,4.0
thirdweb,GITHUB_closed_issues_quarterly,2024-06-01,33.0
thirdweb,GITHUB_closed_issues_biannually,2024-06-01,33.0
Passport XYZ,GITHUB_closed_issues_biannually,2024-06-01,4.0
Trail of Bits Security Reviews,GITHUB_closed_issues_quarterly,2024-06-01,23.0
Runtime Verification,GITHUB_closed_issues_quarterly,2024-06-01,30.0
thirdweb,GITHUB_closed_issues_daily,2024-06-01,4.0
Passport XYZ,GITHUB_avg_prs_time_to_merge_biannually,2024-06-01,0.0
Passport XYZ,GITHUB_avg_time_to_first_response_quarterly,2024-06-01,49357.666666666664
thirdweb,GITHUB_avg_prs_time_to_merge_biannually,2024-06-01,0.0
Pyth Network,GITHUB_avg_prs_time_to_merge_biannually,2024-06-01,0.0
Enclave,GITHUB_avg_prs_time_to_merge_biannually,2024-06-01,0.0
Redstone Finance,GITHUB_avg_time_to_first_response_biannually,2024-06-01,5.0
Open Source Observer,GITHUB_avg_time_to_first_response_biannually,2024-06-01,701645.3772893773
Passport XYZ,GITHUB_avg_time_to_first_response_biannually,2024-06-01,49357.666666666664
Enclave,GITHUB_avg_time_to_first_response_biannually,2024-06-01,81448.8
Remix IDE plugin for Arbitrum Stylus,GITHUB_avg_time_to_first_response_biannually,2024-06-01,0.0
Trail of Bits Security Reviews,GITHUB_avg_time_to_first_response_biannually,2024-06-01,931209.2863436124
Remix IDE plugin for Arbitrum Stylus,GITHUB_change_in_active_contributors_biannually,2024-06-01,-2.0
Arbos Foundry,GITHUB_change_in_active_contributors_biannually,2024-06-01,0.0
Debid - Fairblock,GITHUB_change_in_active_contributors_biannually,2024-06-01,0.0
thirdweb,GITHUB_churned_contributors_biannually,2024-06-01,-44.0
thirdweb,GITHUB_change_in_full_time_contributors_biannually,2024-06-01,0.0
Remix IDE plugin for Arbitrum Stylus,GITHUB_change_in_active_contributors_quarterly,2024-06-01,-2.0
Debid - Fairblock,GITHUB_change_in_full_time_contributors_monthly,2024-06-01,0.0
Passport XYZ,GITHUB_change_in_new_contributors_monthly,2024-06-01,-3.0
Enclave,GITHUB_churned_contributors_monthly,2024-06-01,
Walnut,GITHUB_change_in_active_contributors_monthly,2024-06-01,-11.0
Remix IDE plugin for Arbitrum Stylus,GITHUB_change_in_full_time_contributors_quarterly,2024-06-01,0.0
Arbos Foundry,GITHUB_change_in_new_contributors_quarterly,2024-06-01,0.0
Arbos Foundry,GITHUB_change_in_active_contributors_quarterly,2024-06-01,0.0
Pyth Network,GITHUB_churned_contributors_quarterly,2024-06-01,-41.0
Pyth Network,GITHUB_change_in_new_contributors_quarterly,2024-06-01,-14.0
Remix IDE plugin for Arbitrum Stylus,GITHUB_churned_contributors_monthly,2024-06-01,-3.0
Remix IDE plugin for Arbitrum Stylus,GITHUB_change_in_new_contributors_monthly,2024-06-01,-1.0
Remix IDE plugin for Arbitrum Stylus,GITHUB_change_in_full_time_contributors_monthly,2024-06-01,0.0
Remix IDE plugin for Arbitrum Stylus,GITHUB_change_in_active_contributors_monthly,2024-06-01,-2.0
Open Source Observer,GITHUB_change_in_active_contributors_quarterly,2024-06-01,-20.0
Open Source Observer,GITHUB_change_in_full_time_contributors_quarterly,2024-06-01,0.0
Syndicate Protocol,GITHUB_churned_contributors_quarterly,2024-06-01,1.0
Passport XYZ,GITHUB_change_in_active_contributors_quarterly,2024-06-01,-3.0
Enclave,GITHUB_change_in_new_contributors_quarterly,2024-06-01,
Enclave,GITHUB_change_in_full_time_contributors_quarterly,2024-06-01,
Redstone Finance,GITHUB_churned_contributors_quarterly,2024-06-01,3.0
Walnut,GITHUB_change_in_active_contributors_quarterly,2024-06-01,-11.0
Walnut,GITHUB_change_in_new_contributors_quarterly,2024-06-01,-11.0
Trail of Bits Security Reviews,GITHUB_change_in_full_time_contributors_quarterly,2024-06-01,0.0
Runtime Verification,GITHUB_churned_contributors_quarterly,2024-06-01,-5.0
Syndicate Protocol,GITHUB_churned_contributors_biannually,2024-06-01,1.0
Enclave,GITHUB_churned_contributors_biannually,2024-06-01,
Enclave,GITHUB_change_in_full_time_contributors_biannually,2024-06-01,
Enclave,GITHUB_change_in_active_contributors_biannually,2024-06-01,
Pyth Network,GITHUB_change_in_active_contributors_monthly,2024-06-01,-15.0
Pyth Network,GITHUB_change_in_new_contributors_monthly,2024-06-01,-14.0
Pyth Network,GITHUB_change_in_full_time_contributors_biannually,2024-06-01,0.0
Passport XYZ,GITHUB_change_in_new_contributors_biannually,2024-06-01,-3.0
Syndicate Protocol,GITHUB_change_in_full_time_contributors_biannually,2024-06-01,0.0
Passport XYZ,GITHUB_churned_contributors_biannually,2024-06-01,-8.0
Passport XYZ,GITHUB_change_in_active_contributors_biannually,2024-06-01,-3.0
Runtime Verification,GITHUB_forks_weekly,2024-11-25,1.0
Redstone Finance,GITHUB_forks_weekly,2024-11-25,2.0
Debid - Fairblock,GITHUB_forks_weekly,2024-11-25,1.0
Open Source Observer,GITHUB_forks_weekly,2024-11-25,2.0
thirdweb,GITHUB_forks_weekly,2024-11-25,11.0
Redstone Finance,GITHUB_comments_daily,2024-11-25,12.0
Pyth Network,GITHUB_comments_daily,2024-11-25,30.0
Open Source Observer,GITHUB_comments_daily,2024-11-25,18.0
Walnut,GITHUB_comments_daily,2024-11-25,1.0
Trail of Bits Security Reviews,GITHUB_commits_daily,2024-11-25,67.0
Pyth Network,GITHUB_commits_daily,2024-11-25,3.0
thirdweb,GITHUB_commits_daily,2024-11-25,5.0
Runtime Verification,GITHUB_commits_daily,2024-11-25,26.0
Runtime Verification,GITHUB_stars_weekly,2024-11-25,3.0
thirdweb,GITHUB_releases_daily,2024-11-25,1.0
Passport XYZ,GITHUB_releases_weekly,2024-11-25,9.0
Passport XYZ,GITHUB_commits_weekly,2024-11-25,25.0
Pyth Network,GITHUB_commits_weekly,2024-11-25,21.0
Passport XYZ,GITHUB_repositories_daily,2024-11-25,4.0
Trail of Bits Security Reviews,GITHUB_repositories_daily,2024-11-25,16.0
Passport XYZ,GITHUB_repositories_weekly,2024-11-25,5.0
Runtime Verification,GITHUB_contributors_daily,2024-11-25,6.0
Walnut,GITHUB_contributors_daily,2024-11-25,2.0
Passport XYZ,GITHUB_contributors_weekly,2024-11-25,4.0
Trail of Bits Security Reviews,GITHUB_active_developers_weekly,2024-11-25,9.0
Solang,GITHUB_active_developers_weekly,2024-11-25,1.0
Passport XYZ,GITHUB_active_developers_daily,2024-11-25,2.0
Walnut,GITHUB_opened_pull_requests_daily,2024-11-25,1.0
Pyth Network,GITHUB_opened_pull_requests_daily,2024-11-25,6.0
Open Source Observer,GITHUB_merged_pull_requests_weekly,2024-11-25,23.0
Walnut,GITHUB_merged_pull_requests_weekly,2024-11-25,2.0
Pyth Network,GITHUB_merged_pull_requests_weekly,2024-11-25,23.0
Enclave,GITHUB_merged_pull_requests_weekly,2024-11-25,4.0
Solang,GITHUB_merged_pull_requests_weekly,2024-11-25,1.0
thirdweb,GITHUB_merged_pull_requests_weekly,2024-11-25,26.0
Runtime Verification,GITHUB_merged_pull_requests_weekly,2024-11-25,24.0
Runtime Verification,GITHUB_merged_pull_requests_daily,2024-11-25,1.0
Open Source Observer,GITHUB_opened_issues_daily,2024-11-25,1.0
Enclave,GITHUB_opened_issues_daily,2024-11-25,1.0
Pyth Network,GITHUB_opened_issues_weekly,2024-11-25,1.0
Runtime Verification,GITHUB_opened_issues_weekly,2024-11-25,2.0
Open Source Observer,GITHUB_closed_issues_weekly,2024-11-25,11.0
Debid - Fairblock,GITHUB_comments_daily,2024-02-21,1.0
Runtime Verification,GITHUB_comments_daily,2024-02-21,64.0
Trail of Bits Security Reviews,GITHUB_stars_daily,2024-02-21,11.0
Open Source Observer,GITHUB_stars_daily,2024-02-21,1.0
Open Source Observer,GITHUB_commits_daily,2024-02-21,9.0
Debid - Fairblock,GITHUB_commits_daily,2024-02-21,3.0
Open Source Observer,GITHUB_contributors_daily,2024-02-21,3.0
Redstone Finance,GITHUB_contributors_daily,2024-02-21,1.0
Runtime Verification,GITHUB_active_developers_daily,2024-02-21,3.0
Walnut,GITHUB_active_developers_daily,2024-02-21,2.0
Open Source Observer,GITHUB_merged_pull_requests_daily,2024-02-21,5.0
Runtime Verification,GITHUB_merged_pull_requests_daily,2024-02-21,13.0
Trail of Bits Security Reviews,GITHUB_merged_pull_requests_daily,2024-02-21,4.0
thirdweb,GITHUB_opened_issues_daily,2024-02-21,1.0
Trail of Bits Security Reviews,GITHUB_commits_daily,2024-03-24,3.0
thirdweb,GITHUB_commits_daily,2024-03-24,1.0
Runtime Verification,GITHUB_repositories_daily,2024-03-24,5.0
Trail of Bits Security Reviews,GITHUB_contributors_daily,2024-03-24,3.0
thirdweb,GITHUB_merged_pull_requests_daily,2024-03-24,2.0
Runtime Verification,GITHUB_merged_pull_requests_daily,2024-03-24,3.0
Pyth Network,GITHUB_comments_daily,2024-11-06,23.0
Runtime Verification,GITHUB_stars_daily,2024-11-06,1.0
thirdweb,GITHUB_commits_daily,2024-11-06,16.0
Syndicate Protocol,GITHUB_repositories_daily,2024-11-06,1.0
Runtime Verification,GITHUB_repositories_daily,2024-11-06,2.0
thirdweb,GITHUB_contributors_daily,2024-11-06,14.0
Runtime Verification,GITHUB_contributors_daily,2024-11-06,1.0
Open Source Observer,GITHUB_contributors_daily,2024-11-06,7.0
Runtime Verification,GITHUB_opened_pull_requests_daily,2024-11-06,1.0
Pyth Network,GITHUB_opened_pull_requests_daily,2024-11-06,9.0
Pyth Network,GITHUB_merged_pull_requests_daily,2024-11-06,10.0
Passport XYZ,GITHUB_opened_issues_daily,2024-11-06,4.0
Pyth Network,GITHUB_new_contributors_quarterly,2024-01-01,6.0
Debid - Fairblock,GITHUB_part_time_contributors_quarterly,2024-01-01,15.0
WakeUp Labs,GITHUB_active_contributors_quarterly,2024-01-01,4.0
Trail of Bits Security Reviews,GITHUB_full_time_contributors_quarterly,2024-01-01,1.0
thirdweb,GITHUB_part_time_contributors_quarterly,2024-01-01,48.0
Remix IDE plugin for Arbitrum Stylus,GITHUB_active_contributors_quarterly,2024-01-01,2.0
Trail of Bits Security Reviews,GITHUB_active_contributors_quarterly,2024-01-01,52.0
Runtime Verification,GITHUB_part_time_contributors_quarterly,2024-01-01,29.0
Pyth Network,GITHUB_active_contributors_quarterly,2024-01-01,19.0
Pyth Network,GITHUB_releases_biannually,2024-01-01,4.0
thirdweb,GITHUB_releases_biannually,2024-01-01,97.0
thirdweb,GITHUB_forks_weekly,2024-01-01,10.0
Pyth Network,GITHUB_releases_quarterly,2024-01-01,4.0
thirdweb,GITHUB_releases_quarterly,2024-01-01,97.0
Runtime Verification,GITHUB_releases_quarterly,2024-01-01,96.0
Open Source Observer,GITHUB_commits_biannually,2024-01-01,84.0
Redstone Finance,GITHUB_commits_biannually,2024-01-01,94.0
Remix IDE plugin for Arbitrum Stylus,GITHUB_commits_biannually,2024-01-01,37.0
CoBuilders,GITHUB_contributors_yearly,2024-01-01,1.0
Enclave,GITHUB_contributors_yearly,2024-01-01,7.0
Syndicate Protocol,GITHUB_contributors_yearly,2024-01-01,6.0
WakeUp Labs,GITHUB_contributors_yearly,2024-01-01,6.0
WakeUp Labs,GITHUB_active_developers_biannually,2024-01-01,2.0
Ember,GITHUB_contributors_yearly,2024-01-01,1.0
Pyth Network,GITHUB_contributors_yearly,2024-01-01,164.0
Debid - Fairblock,GITHUB_contributors_yearly,2024-01-01,46.0
Trail of Bits Security Reviews,GITHUB_active_developers_biannually,2024-01-01,25.0
Runtime Verification,GITHUB_active_developers_biannually,2024-01-01,20.0
thirdweb,GITHUB_active_developers_biannually,2024-01-01,24.0
Remix IDE plugin for Arbitrum Stylus,GITHUB_active_developers_biannually,2024-01-01,2.0
Open Source Observer,GITHUB_active_developers_biannually,2024-01-01,4.0
Syndicate Protocol,GITHUB_repositories_quarterly,2024-01-01,2.0
Trail of Bits Security Reviews,GITHUB_repositories_quarterly,2024-01-01,78.0
Walnut,GITHUB_repositories_quarterly,2024-01-01,2.0
Walnut,GITHUB_active_developers_yearly,2024-01-01,6.0
Ember,GITHUB_active_developers_yearly,2024-01-01,1.0
Walnut,GITHUB_active_developers_quarterly,2024-01-01,2.0
Arbos Foundry,GITHUB_active_developers_quarterly,2024-01-01,1.0
WakeUp Labs,GITHUB_active_developers_yearly,2024-01-01,3.0
Moving Stylus,GITHUB_active_developers_yearly,2024-01-01,2.0
Open Source Observer,GITHUB_active_developers_quarterly,2024-01-01,4.0
Remix IDE plugin for Arbitrum Stylus,GITHUB_active_developers_quarterly,2024-01-01,2.0
Trail of Bits Security Reviews,GITHUB_active_developers_yearly,2024-01-01,59.0
Open Source Observer,GITHUB_active_developers_yearly,2024-01-01,80.0
Runtime Verification,GITHUB_active_developers_yearly,2024-01-01,39.0
Walnut,GITHUB_part_time_developers_quarterly,2024-01-01,2.0
Runtime Verification,GITHUB_part_time_developers_quarterly,2024-01-01,20.0
thirdweb,GITHUB_part_time_developers_quarterly,2024-01-01,24.0
Runtime Verification,GITHUB_stars_biannually,2024-01-01,27.0
thirdweb,GITHUB_stars_biannually,2024-01-01,53.0
Pyth Network,GITHUB_stars_biannually,2024-01-01,29.0
Syndicate Protocol,GITHUB_commits_yearly,2024-01-01,97.0
Redstone Finance,GITHUB_stars_biannually,2024-01-01,26.0
Pyth Network,GITHUB_commits_yearly,2024-01-01,1914.0
Open Source Observer,GITHUB_commits_yearly,2024-01-01,1888.0
Solang,GITHUB_commits_yearly,2024-01-01,6.0
Runtime Verification,GITHUB_commits_yearly,2024-01-01,5399.0
Walnut,GITHUB_stars_monthly,2024-01-01,7.0
Runtime Verification,GITHUB_stars_monthly,2024-01-01,27.0
Redstone Finance,GITHUB_stars_monthly,2024-01-01,26.0
Trail of Bits Security Reviews,GITHUB_stars_yearly,2024-01-01,5141.0
Pyth Network,GITHUB_stars_yearly,2024-01-01,389.0
Debid - Fairblock,GITHUB_stars_yearly,2024-01-01,53.0
Open Source Observer,GITHUB_stars_yearly,2024-01-01,141.0
Sylow,GITHUB_stars_yearly,2024-01-01,28.0
WakeUp Labs,GITHUB_stars_yearly,2024-01-01,2.0
WakeUp Labs,GITHUB_commits_monthly,2024-01-01,31.0
Open Source Observer,GITHUB_commits_monthly,2024-01-01,84.0
WakeUp Labs,GITHUB_comments_monthly,2024-01-01,3.0
Redstone Finance,GITHUB_comments_monthly,2024-01-01,2.0
thirdweb,GITHUB_stars_quarterly,2024-01-01,53.0
Pyth Network,GITHUB_releases_weekly,2024-01-01,2.0
Syndicate Protocol,GITHUB_releases_monthly,2024-01-01,2.0
thirdweb,GITHUB_releases_monthly,2024-01-01,97.0
Trail of Bits Security Reviews,GITHUB_releases_monthly,2024-01-01,11.0
Pyth Network,GITHUB_commits_weekly,2024-01-01,16.0
Syndicate Protocol,GITHUB_commits_weekly,2024-01-01,2.0
Open Source Observer,GITHUB_comments_weekly,2024-01-01,9.0
WakeUp Labs,GITHUB_commits_quarterly,2024-01-01,31.0
Pyth Network,GITHUB_commits_quarterly,2024-01-01,113.0
Remix IDE plugin for Arbitrum Stylus,GITHUB_releases_yearly,2024-01-01,15.0
Open Source Observer,GITHUB_forks_biannually,2024-01-01,5.0
Open Source Observer,GITHUB_forks_quarterly,2024-01-01,5.0
Redstone Finance,GITHUB_forks_quarterly,2024-01-01,7.0
thirdweb,GITHUB_forks_yearly,2024-01-01,702.0
Passport XYZ,GITHUB_forks_yearly,2024-01-01,64.0
Open Source Observer,GITHUB_forks_yearly,2024-01-01,170.0
thirdweb,GITHUB_repositories_weekly,2024-01-01,11.0
Syndicate Protocol,GITHUB_repositories_weekly,2024-01-01,1.0
Trail of Bits Security Reviews,GITHUB_forks_daily,2024-01-01,2.0
Trail of Bits Security Reviews,GITHUB_repositories_daily,2024-01-01,7.0
Solang,GITHUB_repositories_yearly,2024-01-01,1.0
Pyth Network,GITHUB_repositories_monthly,2024-01-01,16.0
Debid - Fairblock,GITHUB_repositories_monthly,2024-01-01,7.0
WakeUp Labs,GITHUB_repositories_monthly,2024-01-01,1.0
Walnut,GITHUB_repositories_monthly,2024-01-01,2.0
Enclave,GITHUB_repositories_yearly,2024-01-01,1.0
Open Source Observer,GITHUB_repositories_yearly,2024-01-01,10.0
Runtime Verification,GITHUB_repositories_yearly,2024-01-01,92.0
WakeUp Labs,GITHUB_repositories_biannually,2024-01-01,1.0
Trail of Bits Security Reviews,GITHUB_repositories_biannually,2024-01-01,78.0
Redstone Finance,GITHUB_repositories_biannually,2024-01-01,9.0
Redstone Finance,GITHUB_repositories_yearly,2024-01-01,83.0
Ember,GITHUB_repositories_yearly,2024-01-01,4.0
Moving Stylus,GITHUB_repositories_yearly,2024-01-01,2.0
thirdweb,GITHUB_repositories_yearly,2024-01-01,60.0
Runtime Verification,GITHUB_contributors_monthly,2024-01-01,29.0
Syndicate Protocol,GITHUB_contributors_monthly,2024-01-01,3.0
Remix IDE plugin for Arbitrum Stylus,GITHUB_contributors_monthly,2024-01-01,2.0
Pyth Network,GITHUB_contributors_monthly,2024-01-01,19.0
Redstone Finance,GITHUB_contributors_weekly,2024-01-01,3.0
Remix IDE plugin for Arbitrum Stylus,GITHUB_contributors_weekly,2024-01-01,1.0
Runtime Verification,GITHUB_contributors_weekly,2024-01-01,1.0
Walnut,GITHUB_contributors_biannually,2024-01-01,2.0
Trail of Bits Security Reviews,GITHUB_contributors_biannually,2024-01-01,52.0
Debid - Fairblock,GITHUB_contributors_quarterly,2024-01-01,15.0
Debid - Fairblock,GITHUB_contributors_biannually,2024-01-01,15.0
Trail of Bits Security Reviews,GITHUB_active_developers_weekly,2024-01-01,7.0
Open Source Observer,GITHUB_active_developers_weekly,2024-01-01,1.0
Syndicate Protocol,GITHUB_active_developers_weekly,2024-01-01,1.0
thirdweb,GITHUB_contributors_daily,2024-01-01,1.0
Pyth Network,GITHUB_active_developers_monthly,2024-01-01,8.0
Syndicate Protocol,GITHUB_part_time_developers_monthly,2024-01-01,2.0
Walnut,GITHUB_active_developers_monthly,2024-01-01,2.0
Runtime Verification,GITHUB_part_time_developers_monthly,2024-01-01,19.0
Runtime Verification,GITHUB_full_time_developers_monthly,2024-01-01,1.0
Redstone Finance,GITHUB_part_time_developers_monthly,2024-01-01,3.0
Remix IDE plugin for Arbitrum Stylus,GITHUB_part_time_developers_monthly,2024-01-01,2.0
WakeUp Labs,GITHUB_active_developers_monthly,2024-01-01,2.0
Pyth Network,GITHUB_full_time_developers_monthly,2024-01-01,2.0
Debid - Fairblock,GITHUB_active_developers_monthly,2024-01-01,1.0
Arbos Foundry,GITHUB_part_time_developers_biannually,2024-01-01,1.0
Pyth Network,GITHUB_part_time_developers_biannually,2024-01-01,8.0
Trail of Bits Security Reviews,GITHUB_active_developers_daily,2024-01-01,2.0
Debid - Fairblock,GITHUB_part_time_developers_yearly,2024-01-01,8.0
Syndicate Protocol,GITHUB_new_contributors_monthly,2024-01-01,1.0
Remix IDE plugin for Arbitrum Stylus,GITHUB_active_contributors_monthly,2024-01-01,2.0
Runtime Verification,GITHUB_active_contributors_monthly,2024-01-01,29.0
Trail of Bits Security Reviews,GITHUB_full_time_contributors_monthly,2024-01-01,2.0
Debid - Fairblock,GITHUB_active_contributors_monthly,2024-01-01,15.0
Open Source Observer,GITHUB_full_time_contributors_monthly,2024-01-01,2.0
Arbos Foundry,GITHUB_part_time_contributors_monthly,2024-01-01,1.0
thirdweb,GITHUB_part_time_contributors_monthly,2024-01-01,41.0
Redstone Finance,GITHUB_new_contributors_monthly,2024-01-01,1.0
Open Source Observer,GITHUB_part_time_contributors_monthly,2024-01-01,4.0
WakeUp Labs,GITHUB_new_contributors_biannually,2024-01-01,1.0
Debid - Fairblock,GITHUB_part_time_contributors_biannually,2024-01-01,15.0
Remix IDE plugin for Arbitrum Stylus,GITHUB_part_time_contributors_biannually,2024-01-01,2.0
Trail of Bits Security Reviews,GITHUB_part_time_contributors_biannually,2024-01-01,52.0
Syndicate Protocol,GITHUB_new_contributors_biannually,2024-01-01,1.0
Redstone Finance,GITHUB_part_time_developers_yearly,2024-01-01,16.0
Ember,GITHUB_part_time_developers_yearly,2024-01-01,1.0
Syndicate Protocol,GITHUB_part_time_developers_yearly,2024-01-01,5.0
Trail of Bits Security Reviews,GITHUB_part_time_developers_yearly,2024-01-01,56.0
Pyth Network,GITHUB_full_time_developers_yearly,2024-01-01,1.0
Walnut,GITHUB_active_contributors_biannually,2024-01-01,2.0
Redstone Finance,GITHUB_active_contributors_biannually,2024-01-01,5.0
thirdweb,GITHUB_active_contributors_biannually,2024-01-01,48.0
Arbos Foundry,GITHUB_active_contributors_biannually,2024-01-01,1.0
Runtime Verification,GITHUB_part_time_contributors_biannually,2024-01-01,29.0
Arbos Foundry,GITHUB_change_in_active_developers_monthly,2024-01-01,0.0
Open Source Observer,GITHUB_part_time_contributors_yearly,2024-01-01,134.0
Pyth Network,GITHUB_part_time_contributors_yearly,2024-01-01,160.0
CoBuilders,GITHUB_active_contributors_yearly,2024-01-01,1.0
WakeUp Labs,GITHUB_part_time_contributors_yearly,2024-01-01,6.0
Remix IDE plugin for Arbitrum Stylus,GITHUB_new_contributors_yearly,2024-01-01,4.0
Walnut,GITHUB_part_time_contributors_yearly,2024-01-01,42.0
Moving Stylus,GITHUB_new_contributors_yearly,2024-01-01,2.0
WakeUp Labs,GITHUB_active_contributors_yearly,2024-01-01,6.0
Redstone Finance,GITHUB_change_in_part_time_contributors_monthly,2024-01-01,4.0
Debid - Fairblock,GITHUB_change_in_active_developers_monthly,2024-01-01,-9.0
Sylow,GITHUB_active_contributors_yearly,2024-01-01,3.0
Runtime Verification,GITHUB_change_in_active_developers_monthly,2024-01-01,11.0
CoBuilders,GITHUB_part_time_contributors_yearly,2024-01-01,1.0
Sylow,GITHUB_part_time_contributors_yearly,2024-01-01,3.0
Open Source Observer,GITHUB_active_contributors_yearly,2024-01-01,137.0
Trail of Bits Security Reviews,GITHUB_full_time_contributors_yearly,2024-01-01,3.0
Arbos Foundry,GITHUB_part_time_contributors_yearly,2024-01-01,2.0
Moving Stylus,GITHUB_active_contributors_yearly,2024-01-01,2.0
Remix IDE plugin for Arbitrum Stylus,GITHUB_active_contributors_yearly,2024-01-01,7.0
Debid - Fairblock,GITHUB_new_contributors_yearly,2024-01-01,41.0
Trail of Bits Security Reviews,GITHUB_part_time_contributors_yearly,2024-01-01,237.0
Solang,GITHUB_active_contributors_yearly,2024-01-01,9.0
Syndicate Protocol,GITHUB_new_contributors_yearly,2024-01-01,4.0
Pyth Network,GITHUB_change_in_part_time_contributors_monthly,2024-01-01,-1.0
Debid - Fairblock,GITHUB_change_in_part_time_contributors_quarterly,2024-01-01,-9.0
Debid - Fairblock,GITHUB_change_in_part_time_contributors_biannually,2024-01-01,-9.0
Runtime Verification,GITHUB_change_in_part_time_contributors_yearly,2024-01-01,4.0
Walnut,GITHUB_change_in_part_time_contributors_yearly,2024-01-01,-39.0
Open Source Observer,GITHUB_change_in_active_developers_quarterly,2024-01-01,0.0
Solang,GITHUB_change_in_active_developers_yearly,2024-01-01,
Runtime Verification,GITHUB_change_in_active_developers_yearly,2024-01-01,4.0
Open Source Observer,GITHUB_change_in_part_time_contributors_yearly,2024-01-01,-116.0
WakeUp Labs,GITHUB_change_in_active_developers_yearly,2024-01-01,-2.0
Runtime Verification,GITHUB_change_in_full_time_contributors_yearly,2024-01-01,0.0
Moving Stylus,GITHUB_change_in_part_time_contributors_yearly,2024-01-01,2.0
Passport XYZ,GITHUB_change_in_part_time_contributors_yearly,2024-01-01,
Pyth Network,GITHUB_change_in_part_time_contributors_yearly,2024-01-01,-91.0
Syndicate Protocol,GITHUB_change_in_part_time_contributors_quarterly,2024-01-01,-2.0
Open Source Observer,GITHUB_change_in_active_developers_yearly,2024-01-01,-119.0
Remix IDE plugin for Arbitrum Stylus,GITHUB_change_in_part_time_contributors_yearly,2024-01-01,0.0
Redstone Finance,GITHUB_change_in_part_time_contributors_yearly,2024-01-01,-9.0
CoBuilders,GITHUB_change_in_part_time_contributors_yearly,2024-01-01,
Walnut,GITHUB_change_in_active_developers_yearly,2024-01-01,-39.0
WakeUp Labs,GITHUB_change_in_part_time_contributors_yearly,2024-01-01,-2.0
thirdweb,GITHUB_change_in_active_developers_biannually,2024-01-01,-1.0
Pyth Network,GITHUB_change_in_active_developers_biannually,2024-01-01,-1.0
Runtime Verification,GITHUB_change_in_part_time_contributors_biannually,2024-01-01,11.0
Remix IDE plugin for Arbitrum Stylus,GITHUB_change_in_active_developers_yearly,2024-01-01,0.0
Pyth Network,GITHUB_opened_pull_requests_monthly,2024-01-01,147.0
WakeUp Labs,GITHUB_opened_pull_requests_monthly,2024-01-01,11.0
Trail of Bits Security Reviews,GITHUB_opened_pull_requests_quarterly,2024-01-01,224.0
Passport XYZ,GITHUB_opened_pull_requests_yearly,2024-01-01,631.0
Sylow,GITHUB_opened_pull_requests_yearly,2024-01-01,2.0
Trail of Bits Security Reviews,GITHUB_opened_pull_requests_yearly,2024-01-01,2652.0
Runtime Verification,GITHUB_opened_pull_requests_quarterly,2024-01-01,242.0
Debid - Fairblock,GITHUB_opened_pull_requests_quarterly,2024-01-01,22.0
Runtime Verification,GITHUB_opened_pull_requests_yearly,2024-01-01,2776.0
thirdweb,GITHUB_opened_pull_requests_quarterly,2024-01-01,290.0
CoBuilders,GITHUB_opened_pull_requests_yearly,2024-01-01,1.0
thirdweb,GITHUB_merged_pull_requests_weekly,2024-01-01,45.0
Walnut,GITHUB_merged_pull_requests_monthly,2024-01-01,2.0
Debid - Fairblock,GITHUB_merged_pull_requests_monthly,2024-01-01,17.0
Debid - Fairblock,GITHUB_merged_pull_requests_yearly,2024-01-01,156.0
Enclave,GITHUB_merged_pull_requests_yearly,2024-01-01,123.0
Passport XYZ,GITHUB_merged_pull_requests_yearly,2024-01-01,547.0
Moving Stylus,GITHUB_merged_pull_requests_yearly,2024-01-01,5.0
Solang,GITHUB_merged_pull_requests_yearly,2024-01-01,6.0
Walnut,GITHUB_merged_pull_requests_quarterly,2024-01-01,2.0
Pyth Network,GITHUB_merged_pull_requests_quarterly,2024-01-01,113.0
Trail of Bits Security Reviews,GITHUB_opened_issues_weekly,2024-01-01,4.0
Pyth Network,GITHUB_opened_issues_quarterly,2024-01-01,7.0
thirdweb,GITHUB_opened_issues_quarterly,2024-01-01,25.0
Walnut,GITHUB_opened_issues_quarterly,2024-01-01,20.0
Pyth Network,GITHUB_opened_issues_daily,2024-01-01,1.0
Sylow,GITHUB_opened_issues_yearly,2024-01-01,1.0
thirdweb,GITHUB_opened_issues_biannually,2024-01-01,25.0
Open Source Observer,GITHUB_opened_issues_biannually,2024-01-01,75.0
thirdweb,GITHUB_closed_issues_weekly,2024-01-01,2.0
Runtime Verification,GITHUB_closed_issues_monthly,2024-01-01,58.0
Pyth Network,GITHUB_closed_issues_monthly,2024-01-01,5.0
Open Source Observer,GITHUB_closed_issues_monthly,2024-01-01,46.0
Trail of Bits Security Reviews,GITHUB_closed_issues_monthly,2024-01-01,21.0
Walnut,GITHUB_closed_issues_monthly,2024-01-01,8.0
Walnut,GITHUB_closed_issues_quarterly,2024-01-01,8.0
Open Source Observer,GITHUB_closed_issues_quarterly,2024-01-01,46.0
Runtime Verification,GITHUB_closed_issues_quarterly,2024-01-01,58.0
Trail of Bits Security Reviews,GITHUB_closed_issues_daily,2024-01-01,1.0
thirdweb,GITHUB_closed_issues_yearly,2024-01-01,246.0
Pyth Network,GITHUB_avg_prs_time_to_merge_biannually,2024-01-01,0.0
Passport XYZ,GITHUB_closed_issues_yearly,2024-01-01,310.0
Open Source Observer,GITHUB_avg_prs_time_to_merge_quarterly,2024-01-01,0.0
Pyth Network,GITHUB_avg_prs_time_to_merge_quarterly,2024-01-01,0.0
WakeUp Labs,GITHUB_avg_prs_time_to_merge_quarterly,2024-01-01,0.0
Trail of Bits Security Reviews,GITHUB_avg_prs_time_to_merge_quarterly,2024-01-01,0.0
Walnut,GITHUB_avg_prs_time_to_merge_quarterly,2024-01-01,0.0
Trail of Bits Security Reviews,GITHUB_avg_time_to_first_response_quarterly,2024-01-01,902403.0384615385
Walnut,GITHUB_avg_time_to_first_response_quarterly,2024-01-01,90735.35714285714
thirdweb,GITHUB_avg_time_to_first_response_biannually,2024-01-01,47972.94984326019
Debid - Fairblock,GITHUB_change_in_active_contributors_monthly,2024-01-01,-9.0
thirdweb,GITHUB_change_in_new_contributors_monthly,2024-01-01,17.0
Runtime Verification,GITHUB_change_in_active_contributors_monthly,2024-01-01,11.0
Runtime Verification,GITHUB_churned_contributors_monthly,2024-01-01,11.0
Debid - Fairblock,GITHUB_change_in_new_contributors_quarterly,2024-01-01,-8.0
thirdweb,GITHUB_change_in_full_time_contributors_quarterly,2024-01-01,0.0
Arbos Foundry,GITHUB_change_in_new_contributors_quarterly,2024-01-01,0.0
Arbos Foundry,GITHUB_change_in_active_contributors_quarterly,2024-01-01,0.0
WakeUp Labs,GITHUB_change_in_new_contributors_quarterly,2024-01-01,1.0
Pyth Network,GITHUB_churned_contributors_quarterly,2024-01-01,-7.0
Debid - Fairblock,GITHUB_change_in_new_contributors_biannually,2024-01-01,-8.0
thirdweb,GITHUB_churned_contributors_biannually,2024-01-01,-15.0
Runtime Verification,GITHUB_change_in_full_time_contributors_biannually,2024-01-01,0.0
Pyth Network,GITHUB_change_in_full_time_contributors_biannually,2024-01-01,0.0
Pyth Network,GITHUB_change_in_new_contributors_biannually,2024-01-01,0.0
Syndicate Protocol,GITHUB_change_in_full_time_contributors_biannually,2024-01-01,0.0
Solang,GITHUB_change_in_new_contributors_yearly,2024-01-01,
Arbos Foundry,GITHUB_change_in_new_contributors_yearly,2024-01-01,1.0
Arbos Foundry,GITHUB_change_in_full_time_contributors_yearly,2024-01-01,0.0
Debid - Fairblock,GITHUB_change_in_active_contributors_yearly,2024-01-01,-39.0
Pyth Network,GITHUB_churned_contributors_yearly,2024-01-01,-235.0
Pyth Network,GITHUB_change_in_new_contributors_yearly,2024-01-01,-91.0
Syndicate Protocol,GITHUB_change_in_active_contributors_yearly,2024-01-01,-4.0
Moving Stylus,GITHUB_churned_contributors_yearly,2024-01-01,0.0
Walnut,GITHUB_change_in_active_contributors_quarterly,2024-01-01,1.0
Trail of Bits Security Reviews,GITHUB_churned_contributors_quarterly,2024-01-01,-44.0
Trail of Bits Security Reviews,GITHUB_change_in_full_time_contributors_quarterly,2024-01-01,-1.0
Remix IDE plugin for Arbitrum Stylus,GITHUB_change_in_full_time_contributors_biannually,2024-01-01,0.0
Remix IDE plugin for Arbitrum Stylus,GITHUB_change_in_new_contributors_monthly,2024-01-01,1.0
Remix IDE plugin for Arbitrum Stylus,GITHUB_change_in_active_contributors_monthly,2024-01-01,1.0
Walnut,GITHUB_change_in_active_contributors_yearly,2024-01-01,-39.0
Walnut,GITHUB_churned_contributors_yearly,2024-01-01,-79.0
Open Source Observer,GITHUB_change_in_new_contributors_monthly,2024-01-01,5.0
Remix IDE plugin for Arbitrum Stylus,GITHUB_churned_contributors_monthly,2024-01-01,1.0
Trail of Bits Security Reviews,GITHUB_churned_contributors_biannually,2024-01-01,-44.0
Trail of Bits Security Reviews,GITHUB_change_in_active_contributors_biannually,2024-01-01,-23.0
Walnut,GITHUB_change_in_full_time_contributors_biannually,2024-01-01,0.0
Trail of Bits Security Reviews,GITHUB_change_in_new_contributors_biannually,2024-01-01,-9.0
Walnut,GITHUB_churned_contributors_biannually,2024-01-01,1.0
Walnut,GITHUB_comments_daily,2025-02-11,8.0
Pyth Network,GITHUB_comments_daily,2025-02-11,14.0
Trail of Bits Security Reviews,GITHUB_commits_daily,2025-02-11,21.0
Runtime Verification,GITHUB_commits_daily,2025-02-11,1.0
Redstone Finance,GITHUB_commits_daily,2025-02-11,8.0
Open Source Observer,GITHUB_commits_daily,2025-02-11,7.0
9Lives,GITHUB_commits_daily,2025-02-11,2.0
thirdweb,GITHUB_commits_daily,2025-02-11,7.0
Trail of Bits Security Reviews,GITHUB_releases_daily,2025-02-11,1.0
Trail of Bits Security Reviews,GITHUB_repositories_daily,2025-02-11,18.0
thirdweb,GITHUB_repositories_daily,2025-02-11,1.0
Open Source Observer,GITHUB_repositories_daily,2025-02-11,3.0
Redstone Finance,GITHUB_contributors_daily,2025-02-11,3.0
thirdweb,GITHUB_contributors_daily,2025-02-11,10.0
Solang,GITHUB_contributors_daily,2025-02-11,1.0
Trail of Bits Security Reviews,GITHUB_active_developers_daily,2025-02-11,4.0
Runtime Verification,GITHUB_opened_pull_requests_daily,2025-02-11,3.0
Walnut,GITHUB_merged_pull_requests_daily,2025-02-11,1.0
Pyth Network,GITHUB_merged_pull_requests_daily,2025-02-11,9.0
Passport XYZ,GITHUB_merged_pull_requests_daily,2025-02-11,16.0
Runtime Verification,GITHUB_opened_issues_daily,2025-02-11,2.0
thirdweb,GITHUB_closed_issues_daily,2025-02-11,1.0
Walnut,GITHUB_closed_issues_daily,2025-02-11,2.0
Passport XYZ,GITHUB_forks_weekly,2024-09-23,4.0
Pyth Network,GITHUB_forks_weekly,2024-09-23,3.0
Open Source Observer,GITHUB_forks_weekly,2024-09-23,2.0
Trail of Bits Security Reviews,GITHUB_comments_daily,2024-09-23,13.0
Debid - Fairblock,GITHUB_comments_daily,2024-09-23,2.0
Runtime Verification,GITHUB_comments_daily,2024-09-23,17.0
Enclave,GITHUB_comments_daily,2024-09-23,2.0
Passport XYZ,GITHUB_comments_daily,2024-09-23,32.0
Passport XYZ,GITHUB_stars_weekly,2024-09-23,10.0
Pyth Network,GITHUB_stars_weekly,2024-09-23,5.0
Trail of Bits Security Reviews,GITHUB_commits_daily,2024-09-23,11.0
Redstone Finance,GITHUB_commits_daily,2024-09-23,28.0
Redstone Finance,GITHUB_releases_weekly,2024-09-23,1.0
Passport XYZ,GITHUB_releases_weekly,2024-09-23,6.0
Open Source Observer,GITHUB_commits_daily,2024-09-23,7.0
thirdweb,GITHUB_commits_daily,2024-09-23,19.0
Debid - Fairblock,GITHUB_commits_daily,2024-09-23,20.0
Pyth Network,GITHUB_commits_daily,2024-09-23,11.0
Redstone Finance,GITHUB_comments_weekly,2024-09-23,21.0
Solang,GITHUB_comments_weekly,2024-09-23,1.0
Runtime Verification,GITHUB_comments_weekly,2024-09-23,77.0
Pyth Network,GITHUB_releases_daily,2024-09-23,1.0
Redstone Finance,GITHUB_repositories_weekly,2024-09-23,7.0
Trail of Bits Security Reviews,GITHUB_repositories_weekly,2024-09-23,43.0
Walnut,GITHUB_repositories_weekly,2024-09-23,5.0
Open Source Observer,GITHUB_repositories_weekly,2024-09-23,6.0
Passport XYZ,GITHUB_repositories_weekly,2024-09-23,10.0
Enclave,GITHUB_repositories_weekly,2024-09-23,1.0
Debid - Fairblock,GITHUB_repositories_weekly,2024-09-23,3.0
Debid - Fairblock,GITHUB_repositories_daily,2024-09-23,1.0
thirdweb,GITHUB_repositories_daily,2024-09-23,5.0
Debid - Fairblock,GITHUB_active_developers_weekly,2024-09-23,2.0
Passport XYZ,GITHUB_contributors_daily,2024-09-23,3.0
Trail of Bits Security Reviews,GITHUB_contributors_daily,2024-09-23,5.0
Pyth Network,GITHUB_active_developers_daily,2024-09-23,6.0
Enclave,GITHUB_opened_pull_requests_daily,2024-09-23,1.0
Runtime Verification,GITHUB_opened_pull_requests_daily,2024-09-23,5.0
Debid - Fairblock,GITHUB_merged_pull_requests_weekly,2024-09-23,1.0
Enclave,GITHUB_merged_pull_requests_weekly,2024-09-23,4.0
Redstone Finance,GITHUB_merged_pull_requests_weekly,2024-09-23,12.0
Enclave,GITHUB_merged_pull_requests_daily,2024-09-23,1.0
Runtime Verification,GITHUB_merged_pull_requests_daily,2024-09-23,4.0
thirdweb,GITHUB_opened_issues_weekly,2024-09-23,5.0
Runtime Verification,GITHUB_opened_issues_weekly,2024-09-23,6.0
Open Source Observer,GITHUB_opened_issues_weekly,2024-09-23,69.0
Runtime Verification,GITHUB_opened_issues_daily,2024-09-23,1.0
Runtime Verification,GITHUB_closed_issues_weekly,2024-09-23,2.0
Passport XYZ,GITHUB_closed_issues_daily,2024-09-23,2.0
Trail of Bits Security Reviews,GITHUB_closed_issues_daily,2024-09-23,1.0
Open Source Observer,GITHUB_comments_daily,2024-11-22,29.0
thirdweb,GITHUB_stars_daily,2024-11-22,1.0
Open Source Observer,GITHUB_stars_daily,2024-11-22,1.0
Runtime Verification,GITHUB_commits_daily,2024-11-22,4.0
thirdweb,GITHUB_commits_daily,2024-11-22,14.0
Trail of Bits Security Reviews,GITHUB_releases_daily,2024-11-22,3.0
Walnut,GITHUB_repositories_daily,2024-11-22,1.0
thirdweb,GITHUB_repositories_daily,2024-11-22,2.0
Solang,GITHUB_repositories_daily,2024-11-22,1.0
Passport XYZ,GITHUB_contributors_daily,2024-11-22,5.0
Moving Stylus,GITHUB_contributors_daily,2024-11-22,1.0
Walnut,GITHUB_contributors_daily,2024-11-22,2.0
Runtime Verification,GITHUB_active_developers_daily,2024-11-22,2.0
Pyth Network,GITHUB_active_developers_daily,2024-11-22,2.0
Redstone Finance,GITHUB_active_developers_daily,2024-11-22,3.0
Debid - Fairblock,GITHUB_active_developers_daily,2024-11-22,1.0
Open Source Observer,GITHUB_opened_pull_requests_daily,2024-11-22,3.0
Passport XYZ,GITHUB_opened_issues_daily,2024-11-22,2.0
Open Source Observer,GITHUB_opened_issues_daily,2024-11-22,14.0
Open Source Observer,GITHUB_closed_issues_daily,2024-11-22,6.0
Runtime Verification,GITHUB_stars_daily,2024-01-16,1.0
Pyth Network,GITHUB_stars_daily,2024-01-16,2.0
Trail of Bits Security Reviews,GITHUB_stars_daily,2024-01-16,18.0
Runtime Verification,GITHUB_releases_daily,2024-01-16,9.0
Redstone Finance,GITHUB_repositories_daily,2024-01-16,2.0
Open Source Observer,GITHUB_active_developers_daily,2024-01-16,2.0
Pyth Network,GITHUB_active_developers_daily,2024-01-16,2.0
Redstone Finance,GITHUB_active_developers_daily,2024-01-16,2.0
Runtime Verification,GITHUB_opened_pull_requests_daily,2024-01-16,19.0
Trail of Bits Security Reviews,GITHUB_merged_pull_requests_daily,2024-01-16,22.0
Runtime Verification,GITHUB_stars_daily,2024-04-03,1.0
Debid - Fairblock,GITHUB_commits_daily,2024-04-03,1.0
Arbos Foundry,GITHUB_commits_daily,2024-04-03,20.0
Trail of Bits Security Reviews,GITHUB_commits_daily,2024-04-03,15.0
Open Source Observer,GITHUB_commits_daily,2024-04-03,5.0
thirdweb,GITHUB_commits_daily,2024-04-03,26.0
thirdweb,GITHUB_releases_daily,2024-04-03,22.0
Runtime Verification,GITHUB_releases_daily,2024-04-03,9.0
thirdweb,GITHUB_forks_daily,2024-04-03,7.0
Arbos Foundry,GITHUB_repositories_daily,2024-04-03,1.0
Open Source Observer,GITHUB_repositories_daily,2024-04-03,1.0
thirdweb,GITHUB_contributors_daily,2024-04-03,11.0
Runtime Verification,GITHUB_contributors_daily,2024-04-03,12.0
thirdweb,GITHUB_merged_pull_requests_daily,2024-04-03,25.0
Redstone Finance,GITHUB_merged_pull_requests_daily,2024-04-03,1.0
Runtime Verification,GITHUB_opened_issues_daily,2024-04-03,4.0
Runtime Verification,GITHUB_closed_issues_daily,2024-04-03,2.0
Trail of Bits Security Reviews,GITHUB_closed_issues_daily,2024-04-03,2.0
thirdweb,GITHUB_comments_daily,2024-07-09,66.0
thirdweb,GITHUB_stars_daily,2024-07-09,4.0
Trail of Bits Security Reviews,GITHUB_stars_daily,2024-07-09,10.0
Open Source Observer,GITHUB_commits_daily,2024-07-09,1.0
thirdweb,GITHUB_commits_daily,2024-07-09,15.0
Trail of Bits Security Reviews,GITHUB_commits_daily,2024-07-09,24.0
Pyth Network,GITHUB_repositories_daily,2024-07-09,5.0
Walnut,GITHUB_repositories_daily,2024-07-09,2.0
Open Source Observer,GITHUB_repositories_daily,2024-07-09,2.0
thirdweb,GITHUB_contributors_daily,2024-07-09,6.0
Redstone Finance,GITHUB_contributors_daily,2024-07-09,1.0
Trail of Bits Security Reviews,GITHUB_contributors_daily,2024-07-09,10.0
Runtime Verification,GITHUB_contributors_daily,2024-07-09,13.0
thirdweb,GITHUB_active_developers_daily,2024-07-09,4.0
Walnut,GITHUB_active_developers_daily,2024-07-09,1.0
Trail of Bits Security Reviews,GITHUB_merged_pull_requests_daily,2024-07-09,12.0
Runtime Verification,GITHUB_opened_issues_daily,2024-07-09,2.0
Runtime Verification,GITHUB_closed_issues_daily,2024-07-09,41.0
Runtime Verification,GITHUB_comments_daily,2024-05-31,43.0
Passport XYZ,GITHUB_comments_daily,2024-05-31,10.0
Runtime Verification,GITHUB_stars_daily,2024-05-31,2.0
thirdweb,GITHUB_commits_daily,2024-05-31,19.0
Open Source Observer,GITHUB_commits_daily,2024-05-31,6.0
Runtime Verification,GITHUB_commits_daily,2024-05-31,20.0
thirdweb,GITHUB_releases_daily,2024-05-31,7.0
Open Source Observer,GITHUB_forks_daily,2024-05-31,2.0
thirdweb,GITHUB_forks_daily,2024-05-31,1.0
Redstone Finance,GITHUB_contributors_daily,2024-05-31,1.0
Runtime Verification,GITHUB_contributors_daily,2024-05-31,15.0
thirdweb,GITHUB_active_developers_daily,2024-05-31,10.0
Trail of Bits Security Reviews,GITHUB_opened_pull_requests_daily,2024-05-31,3.0
thirdweb,GITHUB_opened_pull_requests_daily,2024-05-31,22.0
Pyth Network,GITHUB_opened_pull_requests_daily,2024-05-31,9.0
Walnut,GITHUB_merged_pull_requests_daily,2024-05-31,2.0
thirdweb,GITHUB_opened_issues_daily,2024-05-31,2.0
Open Source Observer,GITHUB_comments_daily,2024-04-27,4.0
thirdweb,GITHUB_stars_daily,2024-04-27,3.0
Trail of Bits Security Reviews,GITHUB_stars_daily,2024-04-27,13.0
Runtime Verification,GITHUB_commits_daily,2024-04-27,2.0
thirdweb,GITHUB_forks_daily,2024-04-27,5.0
thirdweb,GITHUB_repositories_daily,2024-04-27,5.0
Open Source Observer,GITHUB_repositories_daily,2024-04-27,2.0
Pyth Network,GITHUB_repositories_daily,2024-04-27,4.0
Redstone Finance,GITHUB_repositories_daily,2024-04-27,2.0
Open Source Observer,GITHUB_contributors_daily,2024-04-27,2.0
Trail of Bits Security Reviews,GITHUB_active_developers_daily,2024-04-27,1.0
Runtime Verification,GITHUB_merged_pull_requests_daily,2024-04-27,2.0
Open Source Observer,GITHUB_opened_issues_daily,2024-04-27,3.0
Open Source Observer,GITHUB_closed_issues_daily,2024-04-27,3.0
thirdweb,GITHUB_comments_daily,2024-02-22,30.0
Pyth Network,GITHUB_stars_daily,2024-02-22,8.0
Pyth Network,GITHUB_commits_daily,2024-02-22,8.0
Open Source Observer,GITHUB_commits_daily,2024-02-22,1.0
Runtime Verification,GITHUB_releases_daily,2024-02-22,15.0
Trail of Bits Security Reviews,GITHUB_forks_daily,2024-02-22,2.0
Pyth Network,GITHUB_forks_daily,2024-02-22,4.0
Walnut,GITHUB_repositories_daily,2024-02-22,1.0
thirdweb,GITHUB_repositories_daily,2024-02-22,6.0
Runtime Verification,GITHUB_contributors_daily,2024-02-22,12.0
Walnut,GITHUB_contributors_daily,2024-02-22,3.0
Pyth Network,GITHUB_contributors_daily,2024-02-22,6.0
Trail of Bits Security Reviews,GITHUB_active_developers_daily,2024-02-22,1.0
Runtime Verification,GITHUB_active_developers_daily,2024-02-22,2.0
Trail of Bits Security Reviews,GITHUB_opened_pull_requests_daily,2024-02-22,10.0
Open Source Observer,GITHUB_closed_issues_daily,2024-02-22,2.0
thirdweb,GITHUB_closed_issues_daily,2024-02-22,3.0
Trail of Bits Security Reviews,GITHUB_comments_daily,2024-02-07,13.0
thirdweb,GITHUB_comments_daily,2024-02-07,30.0
WakeUp Labs,GITHUB_commits_daily,2024-02-07,8.0
Trail of Bits Security Reviews,GITHUB_commits_daily,2024-02-07,9.0
Trail of Bits Security Reviews,GITHUB_forks_daily,2024-02-07,5.0
Pyth Network,GITHUB_contributors_daily,2024-02-07,8.0
WakeUp Labs,GITHUB_contributors_daily,2024-02-07,2.0
Trail of Bits Security Reviews,GITHUB_contributors_daily,2024-02-07,11.0
WakeUp Labs,GITHUB_active_developers_daily,2024-02-07,1.0
Runtime Verification,GITHUB_merged_pull_requests_daily,2024-02-07,22.0
Pyth Network,GITHUB_merged_pull_requests_daily,2024-02-07,1.0
thirdweb,GITHUB_merged_pull_requests_daily,2024-02-07,24.0
Runtime Verification,GITHUB_opened_issues_daily,2024-02-07,1.0
Pyth Network,GITHUB_opened_issues_daily,2024-02-07,1.0
Trail of Bits Security Reviews,GITHUB_opened_issues_daily,2024-02-07,1.0
Open Source Observer,GITHUB_closed_issues_daily,2024-02-07,1.0
Walnut,GITHUB_closed_issues_daily,2024-02-07,2.0
Open Source Observer,GITHUB_comments_daily,2025-04-11,25.0
Redstone Finance,GITHUB_commits_daily,2025-04-11,11.0
Trail of Bits Security Reviews,GITHUB_commits_daily,2025-04-11,12.0
thirdweb,GITHUB_commits_daily,2025-04-11,10.0
CoBuilders,GITHUB_repositories_daily,2025-04-11,1.0
9Lives,GITHUB_repositories_daily,2025-04-11,1.0
Open Source Observer,GITHUB_repositories_daily,2025-04-11,4.0
Walnut,GITHUB_repositories_daily,2025-04-11,3.0
Trail of Bits Security Reviews,GITHUB_forks_daily,2025-04-11,1.0
Pyth Network,GITHUB_forks_daily,2025-04-11,1.0
Passport XYZ,GITHUB_contributors_daily,2025-04-11,4.0
Enclave,GITHUB_contributors_daily,2025-04-11,1.0
Trail of Bits Security Reviews,GITHUB_active_developers_daily,2025-04-11,5.0
thirdweb,GITHUB_active_developers_daily,2025-04-11,5.0
Pyth Network,GITHUB_opened_pull_requests_daily,2025-04-11,18.0
Trail of Bits Security Reviews,GITHUB_opened_pull_requests_daily,2025-04-11,3.0
Runtime Verification,GITHUB_merged_pull_requests_daily,2025-04-11,1.0
Open Source Observer,GITHUB_merged_pull_requests_daily,2025-04-11,16.0
Runtime Verification,GITHUB_opened_issues_daily,2025-04-11,2.0
Enclave,GITHUB_opened_issues_daily,2025-04-11,2.0
Trail of Bits Security Reviews,GITHUB_comments_daily,2024-04-10,3.0
Walnut,GITHUB_comments_daily,2024-04-10,3.0
thirdweb,GITHUB_comments_daily,2024-04-10,51.0
Open Source Observer,GITHUB_commits_daily,2024-04-10,18.0
thirdweb,GITHUB_commits_daily,2024-04-10,11.0
Redstone Finance,GITHUB_forks_daily,2024-04-10,3.0
Trail of Bits Security Reviews,GITHUB_repositories_daily,2024-04-10,13.0
Pyth Network,GITHUB_contributors_daily,2024-04-10,7.0
Trail of Bits Security Reviews,GITHUB_contributors_daily,2024-04-10,3.0
Redstone Finance,GITHUB_contributors_daily,2024-04-10,1.0
Walnut,GITHUB_contributors_daily,2024-04-10,2.0
thirdweb,GITHUB_active_developers_daily,2024-04-10,7.0
Trail of Bits Security Reviews,GITHUB_opened_pull_requests_daily,2024-04-10,5.0
Runtime Verification,GITHUB_opened_pull_requests_daily,2024-04-10,10.0
thirdweb,GITHUB_merged_pull_requests_daily,2024-04-10,13.0
Pyth Network,GITHUB_merged_pull_requests_daily,2024-04-10,8.0
thirdweb,GITHUB_closed_issues_daily,2024-04-10,2.0
Trail of Bits Security Reviews,GITHUB_comments_daily,2024-01-14,1.0
Open Source Observer,GITHUB_comments_daily,2024-01-14,3.0
Trail of Bits Security Reviews,GITHUB_contributors_daily,2024-01-14,2.0
Trail of Bits Security Reviews,GITHUB_active_developers_daily,2024-01-14,2.0
Open Source Observer,GITHUB_active_developers_daily,2024-01-14,1.0
Trail of Bits Security Reviews,GITHUB_opened_pull_requests_daily,2024-01-14,1.0
Open Source Observer,GITHUB_opened_pull_requests_daily,2024-01-14,2.0
Trail of Bits Security Reviews,GITHUB_merged_pull_requests_daily,2024-01-14,2.0
Trail of Bits Security Reviews,GITHUB_commits_daily,2024-05-12,15.0
Runtime Verification,GITHUB_commits_daily,2024-05-12,1.0
thirdweb,GITHUB_repositories_daily,2024-05-12,3.0
Runtime Verification,GITHUB_contributors_daily,2024-05-12,3.0
Runtime Verification,GITHUB_active_developers_daily,2024-05-12,1.0
thirdweb,GITHUB_opened_pull_requests_daily,2024-05-12,3.0
Trail of Bits Security Reviews,GITHUB_merged_pull_requests_daily,2024-05-12,15.0
Pyth Network,GITHUB_opened_issues_daily,2024-05-12,1.0
thirdweb,GITHUB_comments_daily,2024-06-15,118.0
Open Source Observer,GITHUB_comments_daily,2024-06-15,1.0
thirdweb,GITHUB_commits_daily,2024-06-15,7.0
Runtime Verification,GITHUB_commits_daily,2024-06-15,5.0
Redstone Finance,GITHUB_forks_daily,2024-06-15,3.0
thirdweb,GITHUB_active_developers_daily,2024-06-15,1.0
thirdweb,GITHUB_opened_pull_requests_daily,2024-06-15,16.0
Runtime Verification,GITHUB_repositories_daily,2024-06-15,6.0
Trail of Bits Security Reviews,GITHUB_comments_daily,2024-09-10,13.0
Runtime Verification,GITHUB_comments_daily,2024-09-10,15.0
Pyth Network,GITHUB_stars_daily,2024-09-10,4.0
thirdweb,GITHUB_stars_daily,2024-09-10,4.0
Sylow,GITHUB_stars_daily,2024-09-10,4.0
Trail of Bits Security Reviews,GITHUB_commits_daily,2024-09-10,22.0
Redstone Finance,GITHUB_commits_daily,2024-09-10,11.0
Passport XYZ,GITHUB_commits_daily,2024-09-10,2.0
Open Source Observer,GITHUB_repositories_daily,2024-09-10,2.0
Enclave,GITHUB_repositories_daily,2024-09-10,1.0
Passport XYZ,GITHUB_opened_pull_requests_daily,2024-09-10,4.0
Pyth Network,GITHUB_opened_pull_requests_daily,2024-09-10,15.0
thirdweb,GITHUB_opened_pull_requests_daily,2024-09-10,31.0
Trail of Bits Security Reviews,GITHUB_contributors_daily,2024-09-10,14.0
thirdweb,GITHUB_active_developers_daily,2024-09-10,4.0
thirdweb,GITHUB_closed_issues_daily,2024-09-10,3.0
Open Source Observer,GITHUB_closed_issues_daily,2024-09-10,6.0
Runtime Verification,GITHUB_closed_issues_daily,2024-09-10,1.0
Pyth Network,GITHUB_merged_pull_requests_daily,2024-09-10,17.0
Runtime Verification,GITHUB_merged_pull_requests_daily,2024-09-10,4.0
thirdweb,GITHUB_opened_issues_daily,2024-09-10,1.0
Runtime Verification,GITHUB_comments_daily,2024-10-02,4.0
thirdweb,GITHUB_comments_daily,2024-10-02,134.0
Pyth Network,GITHUB_comments_daily,2024-10-02,13.0
Trail of Bits Security Reviews,GITHUB_stars_daily,2024-10-02,27.0
Pyth Network,GITHUB_commits_daily,2024-10-02,14.0
Open Source Observer,GITHUB_commits_daily,2024-10-02,10.0
thirdweb,GITHUB_commits_daily,2024-10-02,17.0
Open Source Observer,GITHUB_forks_daily,2024-10-02,4.0
Open Source Observer,GITHUB_contributors_daily,2024-10-02,5.0
Enclave,GITHUB_contributors_daily,2024-10-02,1.0
Passport XYZ,GITHUB_active_developers_daily,2024-10-02,2.0
Trail of Bits Security Reviews,GITHUB_active_developers_daily,2024-10-02,2.0
Passport XYZ,GITHUB_opened_pull_requests_daily,2024-10-02,2.0
Redstone Finance,GITHUB_opened_pull_requests_daily,2024-10-02,3.0
Runtime Verification,GITHUB_opened_issues_daily,2024-10-02,2.0
Passport XYZ,GITHUB_closed_issues_daily,2024-10-02,2.0
Trail of Bits Security Reviews,GITHUB_forks_weekly,2025-02-10,12.0
thirdweb,GITHUB_forks_weekly,2025-02-10,14.0
Pyth Network,GITHUB_forks_weekly,2025-02-10,9.0
Solang,GITHUB_comments_daily,2025-02-10,3.0
Open Source Observer,GITHUB_comments_daily,2025-02-10,15.0
Walnut,GITHUB_comments_daily,2025-02-10,5.0
Passport XYZ,GITHUB_stars_daily,2025-02-10,6.0
Trail of Bits Security Reviews,GITHUB_commits_daily,2025-02-10,11.0
Redstone Finance,GITHUB_stars_weekly,2025-02-10,4.0
Runtime Verification,GITHUB_stars_weekly,2025-02-10,6.0
thirdweb,GITHUB_stars_weekly,2025-02-10,8.0
Trail of Bits Security Reviews,GITHUB_stars_weekly,2025-02-10,55.0
Passport XYZ,GITHUB_releases_weekly,2025-02-10,4.0
9Lives,GITHUB_commits_weekly,2025-02-10,25.0
Solang,GITHUB_commits_weekly,2025-02-10,1.0
Pyth Network,GITHUB_commits_weekly,2025-02-10,29.0
Trail of Bits Security Reviews,GITHUB_commits_weekly,2025-02-10,48.0
Redstone Finance,GITHUB_commits_weekly,2025-02-10,93.0
Enclave,GITHUB_comments_weekly,2025-02-10,4.0
Trail of Bits Security Reviews,GITHUB_comments_weekly,2025-02-10,56.0
thirdweb,GITHUB_forks_daily,2025-02-10,1.0
Open Source Observer,GITHUB_forks_daily,2025-02-10,1.0
Passport XYZ,GITHUB_repositories_daily,2025-02-10,3.0
Redstone Finance,GITHUB_repositories_daily,2025-02-10,5.0
9Lives,GITHUB_repositories_weekly,2025-02-10,1.0
Debid - Fairblock,GITHUB_repositories_weekly,2025-02-10,1.0
Pyth Network,GITHUB_repositories_weekly,2025-02-10,11.0
Solang,GITHUB_repositories_weekly,2025-02-10,1.0
Open Source Observer,GITHUB_repositories_weekly,2025-02-10,5.0
Remix IDE plugin for Arbitrum Stylus,GITHUB_repositories_weekly,2025-02-10,1.0
9Lives,GITHUB_contributors_daily,2025-02-10,1.0
Open Source Observer,GITHUB_contributors_weekly,2025-02-10,17.0
Passport XYZ,GITHUB_contributors_weekly,2025-02-10,6.0
Trail of Bits Security Reviews,GITHUB_active_developers_daily,2025-02-10,3.0
Solang,GITHUB_active_developers_daily,2025-02-10,1.0
Redstone Finance,GITHUB_active_developers_weekly,2025-02-10,7.0
Runtime Verification,GITHUB_active_developers_weekly,2025-02-10,3.0
Open Source Observer,GITHUB_active_developers_weekly,2025-02-10,13.0
Pyth Network,GITHUB_active_developers_weekly,2025-02-10,10.0
Pyth Network,GITHUB_opened_pull_requests_weekly,2025-02-10,41.0
Open Source Observer,GITHUB_opened_pull_requests_weekly,2025-02-10,35.0
Passport XYZ,GITHUB_opened_pull_requests_weekly,2025-02-10,25.0
thirdweb,GITHUB_opened_pull_requests_weekly,2025-02-10,48.0
Runtime Verification,GITHUB_opened_pull_requests_daily,2025-02-10,3.0
Redstone Finance,GITHUB_merged_pull_requests_weekly,2025-02-10,4.0
Walnut,GITHUB_merged_pull_requests_weekly,2025-02-10,13.0
Open Source Observer,GITHUB_merged_pull_requests_daily,2025-02-10,6.0
Solang,GITHUB_merged_pull_requests_daily,2025-02-10,1.0
Trail of Bits Security Reviews,GITHUB_merged_pull_requests_daily,2025-02-10,10.0
Redstone Finance,GITHUB_merged_pull_requests_daily,2025-02-10,1.0
Redstone Finance,GITHUB_opened_issues_daily,2025-02-10,1.0
Walnut,GITHUB_opened_issues_daily,2025-02-10,2.0
Trail of Bits Security Reviews,GITHUB_opened_issues_weekly,2025-02-10,2.0
Open Source Observer,GITHUB_opened_issues_weekly,2025-02-10,13.0
Solang,GITHUB_closed_issues_weekly,2025-02-10,1.0
Runtime Verification,GITHUB_new_contributors_quarterly,2024-12-01,11.0
Enclave,GITHUB_new_contributors_quarterly,2024-12-01,2.0
Open Source Observer,GITHUB_active_contributors_quarterly,2024-12-01,12.0
thirdweb,GITHUB_active_contributors_quarterly,2024-12-01,52.0
Remix IDE plugin for Arbitrum Stylus,GITHUB_active_contributors_quarterly,2024-12-01,2.0
Walnut,GITHUB_part_time_contributors_quarterly,2024-12-01,7.0
Debid - Fairblock,GITHUB_active_contributors_quarterly,2024-12-01,5.0
thirdweb,GITHUB_releases_biannually,2024-12-01,32.0
Passport XYZ,GITHUB_releases_biannually,2024-12-01,18.0
Trail of Bits Security Reviews,GITHUB_releases_quarterly,2024-12-01,13.0
Redstone Finance,GITHUB_releases_quarterly,2024-12-01,1.0
thirdweb,GITHUB_releases_quarterly,2024-12-01,32.0
Walnut,GITHUB_commits_biannually,2024-12-01,90.0
Runtime Verification,GITHUB_commits_biannually,2024-12-01,162.0
Pyth Network,GITHUB_commits_biannually,2024-12-01,140.0
Arbos Foundry,GITHUB_active_developers_biannually,2024-12-01,1.0
Open Source Observer,GITHUB_active_developers_biannually,2024-12-01,9.0
Remix IDE plugin for Arbitrum Stylus,GITHUB_active_developers_biannually,2024-12-01,2.0
Trail of Bits Security Reviews,GITHUB_active_developers_biannually,2024-12-01,25.0
thirdweb,GITHUB_active_developers_biannually,2024-12-01,11.0
Enclave,GITHUB_repositories_quarterly,2024-12-01,1.0
Sylow,GITHUB_repositories_quarterly,2024-12-01,1.0
Runtime Verification,GITHUB_repositories_quarterly,2024-12-01,27.0
Pyth Network,GITHUB_repositories_quarterly,2024-12-01,14.0
Ember,GITHUB_active_developers_quarterly,2024-12-01,1.0
Solang,GITHUB_active_developers_quarterly,2024-12-01,1.0
Pyth Network,GITHUB_active_developers_quarterly,2024-12-01,14.0
Debid - Fairblock,GITHUB_active_developers_quarterly,2024-12-01,5.0
Redstone Finance,GITHUB_forks_monthly,2024-12-01,2.0
Remix IDE plugin for Arbitrum Stylus,GITHUB_forks_monthly,2024-12-01,1.0
Runtime Verification,GITHUB_forks_monthly,2024-12-01,8.0
Runtime Verification,GITHUB_part_time_developers_quarterly,2024-12-01,12.0
Pyth Network,GITHUB_part_time_developers_quarterly,2024-12-01,14.0
Solang,GITHUB_stars_biannually,2024-12-01,13.0
Trail of Bits Security Reviews,GITHUB_stars_biannually,2024-12-01,360.0
Remix IDE plugin for Arbitrum Stylus,GITHUB_stars_biannually,2024-12-01,1.0
Redstone Finance,GITHUB_stars_biannually,2024-12-01,2.0
Walnut,GITHUB_stars_biannually,2024-12-01,9.0
Enclave,GITHUB_stars_biannually,2024-12-01,3.0
Debid - Fairblock,GITHUB_stars_biannually,2024-12-01,2.0
Runtime Verification,GITHUB_stars_biannually,2024-12-01,27.0
Redstone Finance,GITHUB_part_time_developers_quarterly,2024-12-01,8.0
Trail of Bits Security Reviews,GITHUB_part_time_developers_quarterly,2024-12-01,25.0
Open Source Observer,GITHUB_comments_daily,2024-12-01,4.0
Solang,GITHUB_stars_monthly,2024-12-01,13.0
Sylow,GITHUB_stars_monthly,2024-12-01,3.0
Debid - Fairblock,GITHUB_stars_monthly,2024-12-01,2.0
Remix IDE plugin for Arbitrum Stylus,GITHUB_stars_monthly,2024-12-01,1.0
Walnut,GITHUB_stars_monthly,2024-12-01,9.0
Open Source Observer,GITHUB_stars_daily,2024-12-01,1.0
Solang,GITHUB_commits_monthly,2024-12-01,2.0
Debid - Fairblock,GITHUB_commits_monthly,2024-12-01,53.0
Passport XYZ,GITHUB_commits_monthly,2024-12-01,100.0
Pyth Network,GITHUB_commits_monthly,2024-12-01,140.0
CoBuilders,GITHUB_comments_monthly,2024-12-01,2.0
Runtime Verification,GITHUB_comments_monthly,2024-12-01,173.0
Solang,GITHUB_comments_monthly,2024-12-01,2.0
thirdweb,GITHUB_stars_quarterly,2024-12-01,52.0
Remix IDE plugin for Arbitrum Stylus,GITHUB_stars_quarterly,2024-12-01,1.0
Open Source Observer,GITHUB_stars_quarterly,2024-12-01,20.0
Runtime Verification,GITHUB_releases_monthly,2024-12-01,61.0
Remix IDE plugin for Arbitrum Stylus,GITHUB_releases_monthly,2024-12-01,1.0
Passport XYZ,GITHUB_releases_monthly,2024-12-01,18.0
Ember,GITHUB_commits_quarterly,2024-12-01,26.0
thirdweb,GITHUB_commits_quarterly,2024-12-01,287.0
Enclave,GITHUB_commits_quarterly,2024-12-01,55.0
Trail of Bits Security Reviews,GITHUB_forks_quarterly,2024-12-01,47.0
Syndicate Protocol,GITHUB_forks_quarterly,2024-12-01,1.0
Syndicate Protocol,GITHUB_forks_biannually,2024-12-01,1.0
Redstone Finance,GITHUB_forks_biannually,2024-12-01,2.0
Runtime Verification,GITHUB_forks_biannually,2024-12-01,8.0
Solang,GITHUB_forks_biannually,2024-12-01,6.0
Remix IDE plugin for Arbitrum Stylus,GITHUB_forks_biannually,2024-12-01,1.0
Solang,GITHUB_forks_quarterly,2024-12-01,6.0
thirdweb,GITHUB_forks_quarterly,2024-12-01,30.0
Pyth Network,GITHUB_repositories_daily,2024-12-01,3.0
Redstone Finance,GITHUB_repositories_daily,2024-12-01,1.0
Passport XYZ,GITHUB_repositories_daily,2024-12-01,2.0
Runtime Verification,GITHUB_repositories_daily,2024-12-01,1.0
Walnut,GITHUB_repositories_biannually,2024-12-01,11.0
Enclave,GITHUB_repositories_biannually,2024-12-01,1.0
Sylow,GITHUB_repositories_monthly,2024-12-01,1.0
Syndicate Protocol,GITHUB_repositories_monthly,2024-12-01,1.0
Enclave,GITHUB_repositories_monthly,2024-12-01,1.0
Solang,GITHUB_repositories_biannually,2024-12-01,1.0
Remix IDE plugin for Arbitrum Stylus,GITHUB_repositories_monthly,2024-12-01,3.0
Pyth Network,GITHUB_repositories_biannually,2024-12-01,14.0
Passport XYZ,GITHUB_contributors_monthly,2024-12-01,6.0
Solang,GITHUB_contributors_monthly,2024-12-01,4.0
Open Source Observer,GITHUB_contributors_monthly,2024-12-01,12.0
Moving Stylus,GITHUB_contributors_monthly,2024-12-01,2.0
Debid - Fairblock,GITHUB_contributors_monthly,2024-12-01,5.0
Arbos Foundry,GITHUB_contributors_monthly,2024-12-01,2.0
Runtime Verification,GITHUB_contributors_monthly,2024-12-01,28.0
Walnut,GITHUB_contributors_biannually,2024-12-01,7.0
Redstone Finance,GITHUB_contributors_biannually,2024-12-01,9.0
Enclave,GITHUB_contributors_quarterly,2024-12-01,2.0
Redstone Finance,GITHUB_contributors_quarterly,2024-12-01,9.0
Walnut,GITHUB_contributors_quarterly,2024-12-01,7.0
Runtime Verification,GITHUB_contributors_quarterly,2024-12-01,28.0
Open Source Observer,GITHUB_full_time_developers_monthly,2024-12-01,2.0
Remix IDE plugin for Arbitrum Stylus,GITHUB_part_time_developers_monthly,2024-12-01,2.0
Arbos Foundry,GITHUB_part_time_developers_monthly,2024-12-01,1.0
Trail of Bits Security Reviews,GITHUB_part_time_developers_monthly,2024-12-01,22.0
Remix IDE plugin for Arbitrum Stylus,GITHUB_active_developers_monthly,2024-12-01,2.0
Ember,GITHUB_active_developers_monthly,2024-12-01,1.0
Debid - Fairblock,GITHUB_active_developers_monthly,2024-12-01,5.0
Walnut,GITHUB_active_developers_monthly,2024-12-01,5.0
Debid - Fairblock,GITHUB_part_time_developers_monthly,2024-12-01,5.0
thirdweb,GITHUB_part_time_developers_monthly,2024-12-01,9.0
Passport XYZ,GITHUB_part_time_developers_biannually,2024-12-01,4.0
Trail of Bits Security Reviews,GITHUB_active_developers_daily,2024-12-01,3.0
Runtime Verification,GITHUB_part_time_developers_biannually,2024-12-01,12.0
Redstone Finance,GITHUB_active_contributors_monthly,2024-12-01,9.0
thirdweb,GITHUB_full_time_contributors_monthly,2024-12-01,7.0
Trail of Bits Security Reviews,GITHUB_active_contributors_monthly,2024-12-01,54.0
CoBuilders,GITHUB_new_contributors_monthly,2024-12-01,1.0
Redstone Finance,GITHUB_full_time_contributors_monthly,2024-12-01,1.0
Ember,GITHUB_new_contributors_monthly,2024-12-01,1.0
Redstone Finance,GITHUB_part_time_contributors_monthly,2024-12-01,8.0
Pyth Network,GITHUB_active_contributors_monthly,2024-12-01,32.0
Passport XYZ,GITHUB_active_contributors_monthly,2024-12-01,6.0
Debid - Fairblock,GITHUB_part_time_contributors_monthly,2024-12-01,5.0
Syndicate Protocol,GITHUB_active_contributors_monthly,2024-12-01,1.0
Runtime Verification,GITHUB_new_contributors_monthly,2024-12-01,11.0
thirdweb,GITHUB_new_contributors_monthly,2024-12-01,38.0
Enclave,GITHUB_new_contributors_biannually,2024-12-01,2.0
Syndicate Protocol,GITHUB_part_time_contributors_biannually,2024-12-01,1.0
Redstone Finance,GITHUB_part_time_contributors_biannually,2024-12-01,9.0
Trail of Bits Security Reviews,GITHUB_part_time_contributors_biannually,2024-12-01,54.0
thirdweb,GITHUB_active_contributors_biannually,2024-12-01,52.0
Redstone Finance,GITHUB_active_contributors_biannually,2024-12-01,9.0
Runtime Verification,GITHUB_active_contributors_biannually,2024-12-01,28.0
Passport XYZ,GITHUB_active_contributors_biannually,2024-12-01,6.0
Syndicate Protocol,GITHUB_active_contributors_biannually,2024-12-01,1.0
Runtime Verification,GITHUB_part_time_contributors_biannually,2024-12-01,28.0
Walnut,GITHUB_active_contributors_biannually,2024-12-01,7.0
CoBuilders,GITHUB_new_contributors_biannually,2024-12-01,1.0
thirdweb,GITHUB_part_time_contributors_biannually,2024-12-01,52.0
Walnut,GITHUB_new_contributors_biannually,2024-12-01,5.0
Solang,GITHUB_part_time_contributors_biannually,2024-12-01,4.0
Ember,GITHUB_new_contributors_biannually,2024-12-01,1.0
Pyth Network,GITHUB_new_contributors_biannually,2024-12-01,23.0
Moving Stylus,GITHUB_new_contributors_biannually,2024-12-01,2.0
thirdweb,GITHUB_new_contributors_biannually,2024-12-01,38.0
Moving Stylus,GITHUB_part_time_contributors_biannually,2024-12-01,2.0
Enclave,GITHUB_active_contributors_biannually,2024-12-01,2.0
Enclave,GITHUB_change_in_active_developers_monthly,2024-12-01,1.0
Pyth Network,GITHUB_change_in_full_time_contributors_monthly,2024-12-01,3.0
Walnut,GITHUB_change_in_active_developers_monthly,2024-12-01,0.0
thirdweb,GITHUB_change_in_active_developers_monthly,2024-12-01,-7.0
CoBuilders,GITHUB_change_in_active_developers_monthly,2024-12-01,
Pyth Network,GITHUB_change_in_active_developers_monthly,2024-12-01,-6.0
Ember,GITHUB_change_in_active_developers_monthly,2024-12-01,
Enclave,GITHUB_change_in_full_time_contributors_monthly,2024-12-01,0.0
Moving Stylus,GITHUB_change_in_active_developers_monthly,2024-12-01,0.0
Debid - Fairblock,GITHUB_change_in_part_time_contributors_monthly,2024-12-01,0.0
Runtime Verification,GITHUB_change_in_part_time_contributors_monthly,2024-12-01,-6.0
Debid - Fairblock,GITHUB_change_in_active_developers_biannually,2024-12-01,0.0
Syndicate Protocol,GITHUB_change_in_active_developers_biannually,2024-12-01,0.0
Redstone Finance,GITHUB_change_in_active_developers_biannually,2024-12-01,-1.0
Moving Stylus,GITHUB_change_in_active_developers_quarterly,2024-12-01,0.0
Remix IDE plugin for Arbitrum Stylus,GITHUB_change_in_active_developers_quarterly,2024-12-01,2.0
Redstone Finance,GITHUB_change_in_active_developers_quarterly,2024-12-01,-1.0
Solang,GITHUB_change_in_active_developers_biannually,2024-12-01,0.0
Debid - Fairblock,GITHUB_change_in_active_developers_quarterly,2024-12-01,0.0
Solang,GITHUB_change_in_part_time_contributors_quarterly,2024-12-01,0.0
CoBuilders,GITHUB_change_in_active_developers_quarterly,2024-12-01,
Debid - Fairblock,GITHUB_change_in_part_time_contributors_quarterly,2024-12-01,0.0
Ember,GITHUB_change_in_part_time_contributors_quarterly,2024-12-01,
Arbos Foundry,GITHUB_change_in_active_developers_quarterly,2024-12-01,0.0
Arbos Foundry,GITHUB_change_in_part_time_contributors_biannually,2024-12-01,0.0
Pyth Network,GITHUB_change_in_active_developers_biannually,2024-12-01,-6.0
Passport XYZ,GITHUB_change_in_active_developers_biannually,2024-12-01,1.0
CoBuilders,GITHUB_change_in_part_time_contributors_biannually,2024-12-01,
Moving Stylus,GITHUB_change_in_active_developers_biannually,2024-12-01,0.0
Moving Stylus,GITHUB_change_in_part_time_contributors_biannually,2024-12-01,0.0
Enclave,GITHUB_change_in_part_time_contributors_biannually,2024-12-01,1.0
Ember,GITHUB_change_in_part_time_contributors_biannually,2024-12-01,
Debid - Fairblock,GITHUB_opened_pull_requests_monthly,2024-12-01,3.0
Runtime Verification,GITHUB_opened_pull_requests_monthly,2024-12-01,84.0
Pyth Network,GITHUB_opened_pull_requests_monthly,2024-12-01,131.0
Solang,GITHUB_opened_pull_requests_monthly,2024-12-01,4.0
Redstone Finance,GITHUB_opened_pull_requests_monthly,2024-12-01,23.0
Passport XYZ,GITHUB_opened_pull_requests_monthly,2024-12-01,70.0
Walnut,GITHUB_opened_pull_requests_monthly,2024-12-01,20.0
Remix IDE plugin for Arbitrum Stylus,GITHUB_opened_pull_requests_monthly,2024-12-01,7.0
Walnut,GITHUB_opened_pull_requests_biannually,2024-12-01,20.0
Syndicate Protocol,GITHUB_opened_pull_requests_biannually,2024-12-01,1.0
Debid - Fairblock,GITHUB_opened_pull_requests_quarterly,2024-12-01,3.0
Open Source Observer,GITHUB_opened_pull_requests_quarterly,2024-12-01,99.0
Remix IDE plugin for Arbitrum Stylus,GITHUB_opened_pull_requests_quarterly,2024-12-01,7.0
Moving Stylus,GITHUB_opened_pull_requests_quarterly,2024-12-01,7.0
CoBuilders,GITHUB_opened_pull_requests_quarterly,2024-12-01,1.0
Solang,GITHUB_opened_pull_requests_daily,2024-12-01,1.0
Redstone Finance,GITHUB_merged_pull_requests_quarterly,2024-12-01,18.0
Open Source Observer,GITHUB_merged_pull_requests_biannually,2024-12-01,95.0
Remix IDE plugin for Arbitrum Stylus,GITHUB_merged_pull_requests_biannually,2024-12-01,6.0
thirdweb,GITHUB_merged_pull_requests_quarterly,2024-12-01,262.0
Enclave,GITHUB_merged_pull_requests_biannually,2024-12-01,19.0
Walnut,GITHUB_merged_pull_requests_biannually,2024-12-01,15.0
thirdweb,GITHUB_merged_pull_requests_daily,2024-12-01,2.0
Runtime Verification,GITHUB_merged_pull_requests_daily,2024-12-01,1.0
Enclave,GITHUB_opened_issues_monthly,2024-12-01,21.0
Pyth Network,GITHUB_opened_issues_monthly,2024-12-01,5.0
Debid - Fairblock,GITHUB_opened_issues_quarterly,2024-12-01,1.0
thirdweb,GITHUB_opened_issues_quarterly,2024-12-01,18.0
Walnut,GITHUB_opened_issues_quarterly,2024-12-01,10.0
Trail of Bits Security Reviews,GITHUB_opened_issues_quarterly,2024-12-01,26.0
Solang,GITHUB_opened_issues_quarterly,2024-12-01,1.0
Open Source Observer,GITHUB_opened_issues_biannually,2024-12-01,79.0
Enclave,GITHUB_opened_issues_biannually,2024-12-01,21.0
Walnut,GITHUB_closed_issues_monthly,2024-12-01,6.0
Trail of Bits Security Reviews,GITHUB_closed_issues_monthly,2024-12-01,12.0
Runtime Verification,GITHUB_closed_issues_monthly,2024-12-01,3.0
Trail of Bits Security Reviews,GITHUB_closed_issues_biannually,2024-12-01,12.0
Walnut,GITHUB_closed_issues_biannually,2024-12-01,6.0
Open Source Observer,GITHUB_closed_issues_biannually,2024-12-01,56.0
Pyth Network,GITHUB_closed_issues_biannually,2024-12-01,4.0
Runtime Verification,GITHUB_closed_issues_quarterly,2024-12-01,3.0
Open Source Observer,GITHUB_closed_issues_quarterly,2024-12-01,56.0
thirdweb,GITHUB_closed_issues_quarterly,2024-12-01,17.0
Redstone Finance,GITHUB_avg_prs_time_to_merge_quarterly,2024-12-01,0.0
Passport XYZ,GITHUB_avg_prs_time_to_merge_quarterly,2024-12-01,0.0
Remix IDE plugin for Arbitrum Stylus,GITHUB_avg_prs_time_to_merge_quarterly,2024-12-01,0.0
Runtime Verification,GITHUB_avg_prs_time_to_merge_quarterly,2024-12-01,0.0
Walnut,GITHUB_avg_prs_time_to_merge_quarterly,2024-12-01,0.0
Solang,GITHUB_avg_prs_time_to_merge_quarterly,2024-12-01,0.0
Trail of Bits Security Reviews,GITHUB_avg_time_to_first_response_quarterly,2024-12-01,779890.5
Redstone Finance,GITHUB_avg_time_to_first_response_quarterly,2024-12-01,1560.2916666666667
Runtime Verification,GITHUB_avg_time_to_first_response_quarterly,2024-12-01,469741.5862068966
Walnut,GITHUB_avg_time_to_first_response_quarterly,2024-12-01,169950.6
Passport XYZ,GITHUB_avg_time_to_first_response_quarterly,2024-12-01,231422.65
Enclave,GITHUB_avg_prs_time_to_merge_biannually,2024-12-01,0.0
Moving Stylus,GITHUB_avg_prs_time_to_merge_biannually,2024-12-01,0.0
thirdweb,GITHUB_avg_prs_time_to_merge_biannually,2024-12-01,0.0
Passport XYZ,GITHUB_avg_prs_time_to_merge_biannually,2024-12-01,0.0
Solang,GITHUB_avg_time_to_first_response_biannually,2024-12-01,0.0
Moving Stylus,GITHUB_avg_time_to_first_response_biannually,2024-12-01,0.0
thirdweb,GITHUB_avg_time_to_first_response_biannually,2024-12-01,226984.93167701864
Pyth Network,GITHUB_avg_time_to_first_response_biannually,2024-12-01,369001.99082568806
Open Source Observer,GITHUB_avg_time_to_first_response_biannually,2024-12-01,1108737.461988304
Remix IDE plugin for Arbitrum Stylus,GITHUB_avg_time_to_first_response_biannually,2024-12-01,26586.166666666668
Walnut,GITHUB_change_in_full_time_contributors_monthly,2024-12-01,0.0
Trail of Bits Security Reviews,GITHUB_change_in_active_contributors_quarterly,2024-12-01,-17.0
Trail of Bits Security Reviews,GITHUB_churned_contributors_quarterly,2024-12-01,-48.0
Redstone Finance,GITHUB_change_in_new_contributors_quarterly,2024-12-01,-1.0
Remix IDE plugin for Arbitrum Stylus,GITHUB_churned_contributors_monthly,2024-12-01,0.0
Remix IDE plugin for Arbitrum Stylus,GITHUB_change_in_new_contributors_monthly,2024-12-01,1.0
Remix IDE plugin for Arbitrum Stylus,GITHUB_change_in_active_contributors_monthly,2024-12-01,2.0
Debid - Fairblock,GITHUB_change_in_new_contributors_monthly,2024-12-01,0.0
Solang,GITHUB_change_in_new_contributors_quarterly,2024-12-01,0.0
Open Source Observer,GITHUB_churned_contributors_monthly,2024-12-01,-4.0
Arbos Foundry,GITHUB_change_in_full_time_contributors_quarterly,2024-12-01,0.0
Debid - Fairblock,GITHUB_change_in_new_contributors_quarterly,2024-12-01,0.0
Pyth Network,GITHUB_change_in_active_contributors_quarterly,2024-12-01,-6.0
Pyth Network,GITHUB_change_in_new_contributors_quarterly,2024-12-01,-6.0
Passport XYZ,GITHUB_change_in_full_time_contributors_quarterly,2024-12-01,0.0
Syndicate Protocol,GITHUB_change_in_new_contributors_monthly,2024-12-01,-1.0
Moving Stylus,GITHUB_churned_contributors_monthly,2024-12-01,-2.0
Enclave,GITHUB_change_in_active_contributors_monthly,2024-12-01,1.0
Moving Stylus,GITHUB_change_in_active_contributors_monthly,2024-12-01,0.0
Remix IDE plugin for Arbitrum Stylus,GITHUB_change_in_new_contributors_biannually,2024-12-01,1.0
Remix IDE plugin for Arbitrum Stylus,GITHUB_change_in_active_contributors_biannually,2024-12-01,2.0
Redstone Finance,GITHUB_change_in_new_contributors_biannually,2024-12-01,-1.0
Walnut,GITHUB_change_in_full_time_contributors_biannually,2024-12-01,0.0
Redstone Finance,GITHUB_churned_contributors_biannually,2024-12-01,-7.0
Walnut,GITHUB_change_in_new_contributors_biannually,2024-12-01,0.0
Debid - Fairblock,GITHUB_change_in_new_contributors_biannually,2024-12-01,0.0
thirdweb,GITHUB_churned_contributors_biannually,2024-12-01,-45.0
thirdweb,GITHUB_change_in_active_contributors_biannually,2024-12-01,-7.0
Ember,GITHUB_change_in_active_contributors_biannually,2024-12-01,
Runtime Verification,GITHUB_change_in_new_contributors_biannually,2024-12-01,-7.0
CoBuilders,GITHUB_change_in_full_time_contributors_biannually,2024-12-01,
CoBuilders,GITHUB_change_in_active_contributors_biannually,2024-12-01,
Pyth Network,GITHUB_churned_contributors_biannually,2024-12-01,-29.0
Passport XYZ,GITHUB_change_in_active_contributors_biannually,2024-12-01,1.0
Syndicate Protocol,GITHUB_change_in_active_contributors_biannually,2024-12-01,0.0
Moving Stylus,GITHUB_change_in_active_contributors_biannually,2024-12-01,0.0
Solang,GITHUB_change_in_active_contributors_biannually,2024-12-01,0.0
Open Source Observer,GITHUB_change_in_full_time_contributors_biannually,2024-12-01,0.0
Arbos Foundry,GITHUB_change_in_full_time_contributors_monthly,2024-12-01,0.0
Ember,GITHUB_change_in_new_contributors_monthly,2024-12-01,
Arbos Foundry,GITHUB_change_in_active_contributors_monthly,2024-12-01,0.0
Debid - Fairblock,GITHUB_churned_contributors_quarterly,2024-12-01,-1.0
thirdweb,GITHUB_change_in_new_contributors_quarterly,2024-12-01,-9.0
thirdweb,GITHUB_churned_contributors_quarterly,2024-12-01,-45.0
Ember,GITHUB_change_in_full_time_contributors_quarterly,2024-12-01,
Ember,GITHUB_churned_contributors_quarterly,2024-12-01,
Enclave,GITHUB_change_in_new_contributors_quarterly,2024-12-01,1.0
Trail of Bits Security Reviews,GITHUB_commits_daily,2024-05-17,7.0
Runtime Verification,GITHUB_commits_daily,2024-05-17,18.0
thirdweb,GITHUB_stars_daily,2024-05-17,5.0
thirdweb,GITHUB_releases_daily,2024-05-17,20.0
Redstone Finance,GITHUB_repositories_daily,2024-05-17,2.0
Runtime Verification,GITHUB_repositories_daily,2024-05-17,8.0
Walnut,GITHUB_repositories_daily,2024-05-17,2.0
Pyth Network,GITHUB_contributors_daily,2024-05-17,8.0
Runtime Verification,GITHUB_active_developers_daily,2024-05-17,3.0
thirdweb,GITHUB_active_developers_daily,2024-05-17,5.0
Redstone Finance,GITHUB_opened_pull_requests_daily,2024-05-17,1.0
Open Source Observer,GITHUB_opened_pull_requests_daily,2024-05-17,4.0
thirdweb,GITHUB_opened_pull_requests_daily,2024-05-17,21.0
Open Source Observer,GITHUB_merged_pull_requests_daily,2024-05-17,3.0
Open Source Observer,GITHUB_comments_daily,2025-04-04,18.0
Trail of Bits Security Reviews,GITHUB_comments_daily,2025-04-04,25.0
thirdweb,GITHUB_commits_daily,2025-04-04,9.0
Open Source Observer,GITHUB_commits_daily,2025-04-04,26.0
Trail of Bits Security Reviews,GITHUB_commits_daily,2025-04-04,9.0
Walnut,GITHUB_commits_daily,2025-04-04,32.0
Passport XYZ,GITHUB_repositories_daily,2025-04-04,2.0
9Lives,GITHUB_contributors_daily,2025-04-04,1.0
Walnut,GITHUB_contributors_daily,2025-04-04,2.0
Open Source Observer,GITHUB_active_developers_daily,2025-04-04,3.0
Redstone Finance,GITHUB_active_developers_daily,2025-04-04,1.0
CoBuilders,GITHUB_opened_pull_requests_daily,2025-04-04,3.0
Enclave,GITHUB_opened_pull_requests_daily,2025-04-04,1.0
CoBuilders,GITHUB_merged_pull_requests_daily,2025-04-04,2.0
Walnut,GITHUB_merged_pull_requests_daily,2025-04-04,2.0
thirdweb,GITHUB_merged_pull_requests_daily,2025-04-04,8.0
Open Source Observer,GITHUB_closed_issues_daily,2025-04-04,3.0
Runtime Verification,GITHUB_comments_daily,2024-06-27,27.0
thirdweb,GITHUB_stars_daily,2024-06-27,2.0
Debid - Fairblock,GITHUB_commits_daily,2024-06-27,1.0
thirdweb,GITHUB_forks_daily,2024-06-27,3.0
Debid - Fairblock,GITHUB_repositories_daily,2024-06-27,1.0
Runtime Verification,GITHUB_contributors_daily,2024-06-27,12.0
Open Source Observer,GITHUB_contributors_daily,2024-06-27,4.0
Enclave,GITHUB_active_developers_daily,2024-06-27,1.0
Open Source Observer,GITHUB_active_developers_daily,2024-06-27,4.0
Redstone Finance,GITHUB_active_developers_daily,2024-06-27,1.0
Pyth Network,GITHUB_active_developers_daily,2024-06-27,7.0
Redstone Finance,GITHUB_opened_pull_requests_daily,2024-06-27,1.0
Trail of Bits Security Reviews,GITHUB_opened_pull_requests_daily,2024-06-27,9.0
Trail of Bits Security Reviews,GITHUB_merged_pull_requests_daily,2024-06-27,11.0
Pyth Network,GITHUB_opened_issues_daily,2024-06-27,1.0
Runtime Verification,GITHUB_closed_issues_daily,2024-06-27,1.0
Runtime Verification,GITHUB_comments_daily,2024-07-04,19.0
thirdweb,GITHUB_comments_daily,2024-07-04,111.0
Trail of Bits Security Reviews,GITHUB_comments_daily,2024-07-04,5.0
Pyth Network,GITHUB_commits_daily,2024-07-04,4.0
Open Source Observer,GITHUB_stars_daily,2024-07-04,1.0
Pyth Network,GITHUB_forks_daily,2024-07-04,1.0
Redstone Finance,GITHUB_repositories_daily,2024-07-04,6.0
Trail of Bits Security Reviews,GITHUB_repositories_daily,2024-07-04,18.0
Runtime Verification,GITHUB_repositories_daily,2024-07-04,9.0
Open Source Observer,GITHUB_repositories_daily,2024-07-04,2.0
thirdweb,GITHUB_contributors_daily,2024-07-04,6.0
Open Source Observer,GITHUB_active_developers_daily,2024-07-04,1.0
Redstone Finance,GITHUB_active_developers_daily,2024-07-04,2.0
Pyth Network,GITHUB_opened_pull_requests_daily,2024-07-04,3.0
Runtime Verification,GITHUB_opened_pull_requests_daily,2024-07-04,6.0
thirdweb,GITHUB_merged_pull_requests_daily,2024-07-04,13.0
Runtime Verification,GITHUB_merged_pull_requests_daily,2024-07-04,10.0
Runtime Verification,GITHUB_closed_issues_daily,2024-07-04,2.0
Walnut,GITHUB_comments_daily,2024-02-13,4.0
Trail of Bits Security Reviews,GITHUB_comments_daily,2024-02-13,7.0
Trail of Bits Security Reviews,GITHUB_stars_daily,2024-02-13,14.0
thirdweb,GITHUB_stars_daily,2024-02-13,3.0
Pyth Network,GITHUB_releases_daily,2024-02-13,1.0
Runtime Verification,GITHUB_releases_daily,2024-02-13,9.0
Redstone Finance,GITHUB_commits_daily,2024-02-13,5.0
Open Source Observer,GITHUB_commits_daily,2024-02-13,3.0
Walnut,GITHUB_commits_daily,2024-02-13,2.0
Runtime Verification,GITHUB_commits_daily,2024-02-13,19.0
Pyth Network,GITHUB_forks_daily,2024-02-13,2.0
thirdweb,GITHUB_forks_daily,2024-02-13,3.0
Walnut,GITHUB_forks_daily,2024-02-13,1.0
Remix IDE plugin for Arbitrum Stylus,GITHUB_repositories_daily,2024-02-13,1.0
Trail of Bits Security Reviews,GITHUB_contributors_daily,2024-02-13,1.0
Runtime Verification,GITHUB_contributors_daily,2024-02-13,13.0
Walnut,GITHUB_active_developers_daily,2024-02-13,1.0
Pyth Network,GITHUB_active_developers_daily,2024-02-13,5.0
Redstone Finance,GITHUB_active_developers_daily,2024-02-13,2.0
Remix IDE plugin for Arbitrum Stylus,GITHUB_active_developers_daily,2024-02-13,1.0
Runtime Verification,GITHUB_opened_pull_requests_daily,2024-02-13,14.0
thirdweb,GITHUB_opened_pull_requests_daily,2024-02-13,7.0
Pyth Network,GITHUB_opened_pull_requests_daily,2024-02-13,8.0
thirdweb,GITHUB_merged_pull_requests_daily,2024-02-13,8.0
Walnut,GITHUB_opened_issues_daily,2024-02-13,1.0
Runtime Verification,GITHUB_opened_issues_daily,2024-02-13,3.0
Open Source Observer,GITHUB_commits_daily,2024-11-09,2.0
Open Source Observer,GITHUB_repositories_daily,2024-11-09,1.0
Enclave,GITHUB_repositories_daily,2024-11-09,1.0
thirdweb,GITHUB_repositories_daily,2024-11-09,2.0
Open Source Observer,GITHUB_contributors_daily,2024-11-09,1.0
Runtime Verification,GITHUB_opened_pull_requests_daily,2024-11-09,5.0
thirdweb,GITHUB_merged_pull_requests_daily,2024-11-09,3.0
Open Source Observer,GITHUB_stars_daily,2025-01-19,1.0
Trail of Bits Security Reviews,GITHUB_stars_daily,2025-01-19,7.0
Trail of Bits Security Reviews,GITHUB_releases_daily,2025-01-19,1.0
Redstone Finance,GITHUB_repositories_daily,2025-01-19,2.0
Pyth Network,GITHUB_contributors_daily,2025-01-19,4.0
Trail of Bits Security Reviews,GITHUB_active_developers_daily,2025-01-19,2.0
Open Source Observer,GITHUB_opened_pull_requests_daily,2025-01-19,2.0
Pyth Network,GITHUB_merged_pull_requests_daily,2025-01-19,3.0
Trail of Bits Security Reviews,GITHUB_stars_daily,2024-01-11,12.0
Debid - Fairblock,GITHUB_stars_daily,2024-01-11,1.0
Runtime Verification,GITHUB_commits_daily,2024-01-11,41.0
thirdweb,GITHUB_commits_daily,2024-01-11,33.0
thirdweb,GITHUB_releases_daily,2024-01-11,13.0
Trail of Bits Security Reviews,GITHUB_forks_daily,2024-01-11,1.0
Runtime Verification,GITHUB_forks_daily,2024-01-11,1.0
Open Source Observer,GITHUB_repositories_daily,2024-01-11,1.0
thirdweb,GITHUB_contributors_daily,2024-01-11,19.0
Debid - Fairblock,GITHUB_contributors_daily,2024-01-11,1.0
Open Source Observer,GITHUB_active_developers_daily,2024-01-11,1.0
Debid - Fairblock,GITHUB_active_developers_daily,2024-01-11,1.0
Trail of Bits Security Reviews,GITHUB_opened_pull_requests_daily,2024-01-11,9.0
thirdweb,GITHUB_opened_pull_requests_daily,2024-01-11,30.0
Runtime Verification,GITHUB_merged_pull_requests_daily,2024-01-11,11.0
WakeUp Labs,GITHUB_merged_pull_requests_daily,2024-01-11,2.0
Runtime Verification,GITHUB_opened_issues_daily,2024-01-11,3.0
Runtime Verification,GITHUB_closed_issues_daily,2024-01-11,4.0
Walnut,GITHUB_comments_daily,2025-03-30,1.0
Enclave,GITHUB_comments_daily,2025-03-30,2.0
Runtime Verification,GITHUB_stars_daily,2025-03-30,1.0
Runtime Verification,GITHUB_repositories_daily,2025-03-30,2.0
Open Source Observer,GITHUB_repositories_daily,2025-03-30,1.0
Pyth Network,GITHUB_repositories_daily,2025-03-30,1.0
thirdweb,GITHUB_repositories_daily,2025-03-30,5.0
Trail of Bits Security Reviews,GITHUB_forks_daily,2025-03-30,1.0
thirdweb,GITHUB_opened_pull_requests_daily,2025-03-30,5.0
Walnut,GITHUB_opened_pull_requests_daily,2025-03-30,1.0
thirdweb,GITHUB_active_developers_daily,2025-03-30,3.0
Solang,GITHUB_comments_daily,2024-11-08,2.0
Pyth Network,GITHUB_comments_daily,2024-11-08,12.0
Enclave,GITHUB_comments_daily,2024-11-08,1.0
Runtime Verification,GITHUB_stars_daily,2024-11-08,1.0
Open Source Observer,GITHUB_commits_daily,2024-11-08,4.0
Open Source Observer,GITHUB_active_developers_daily,2024-11-08,2.0
Trail of Bits Security Reviews,GITHUB_active_developers_daily,2024-11-08,2.0
thirdweb,GITHUB_active_developers_daily,2024-11-08,3.0
Runtime Verification,GITHUB_active_developers_daily,2024-11-08,4.0
Passport XYZ,GITHUB_active_developers_daily,2024-11-08,1.0
Runtime Verification,GITHUB_opened_pull_requests_daily,2024-11-08,5.0
Debid - Fairblock,GITHUB_opened_pull_requests_daily,2024-11-08,4.0
Open Source Observer,GITHUB_repositories_daily,2024-11-08,2.0
Passport XYZ,GITHUB_repositories_daily,2024-11-08,4.0
Redstone Finance,GITHUB_contributors_daily,2024-11-08,1.0
Pyth Network,GITHUB_contributors_daily,2024-11-08,5.0
thirdweb,GITHUB_merged_pull_requests_daily,2024-11-08,12.0
Runtime Verification,GITHUB_merged_pull_requests_daily,2024-11-08,2.0
thirdweb,GITHUB_comments_daily,2024-03-07,46.0
Redstone Finance,GITHUB_comments_daily,2024-03-07,1.0
Trail of Bits Security Reviews,GITHUB_commits_daily,2024-03-07,19.0
thirdweb,GITHUB_commits_daily,2024-03-07,16.0
Runtime Verification,GITHUB_repositories_daily,2024-03-07,13.0
Pyth Network,GITHUB_forks_daily,2024-03-07,2.0
Debid - Fairblock,GITHUB_active_developers_daily,2024-03-07,3.0
Open Source Observer,GITHUB_active_developers_daily,2024-03-07,2.0
Runtime Verification,GITHUB_active_developers_daily,2024-03-07,6.0
Debid - Fairblock,GITHUB_merged_pull_requests_daily,2024-03-07,1.0
Pyth Network,GITHUB_merged_pull_requests_daily,2024-03-07,3.0
Open Source Observer,GITHUB_merged_pull_requests_daily,2024-03-07,6.0
Runtime Verification,GITHUB_closed_issues_daily,2024-03-07,7.0
Passport XYZ,GITHUB_stars_daily,2024-08-18,4.0
Runtime Verification,GITHUB_forks_daily,2024-08-18,1.0
Passport XYZ,GITHUB_repositories_daily,2024-08-18,1.0
Runtime Verification,GITHUB_repositories_daily,2024-08-18,3.0
thirdweb,GITHUB_active_developers_daily,2024-08-18,2.0
thirdweb,GITHUB_opened_pull_requests_daily,2024-08-18,12.0
thirdweb,GITHUB_merged_pull_requests_daily,2024-08-18,13.0
Open Source Observer,GITHUB_comments_daily,2025-04-12,10.0
thirdweb,GITHUB_stars_daily,2025-04-12,2.0
Open Source Observer,GITHUB_repositories_daily,2025-04-12,1.0
Trail of Bits Security Reviews,GITHUB_contributors_daily,2025-04-12,3.0
Redstone Finance,GITHUB_contributors_daily,2025-04-12,1.0
Open Source Observer,GITHUB_opened_pull_requests_daily,2025-04-12,3.0
Redstone Finance,GITHUB_stars_daily,2024-08-15,2.0
Passport XYZ,GITHUB_commits_daily,2024-08-15,4.0
Passport XYZ,GITHUB_repositories_daily,2024-08-15,2.0
Trail of Bits Security Reviews,GITHUB_repositories_daily,2024-08-15,11.0
Open Source Observer,GITHUB_repositories_daily,2024-08-15,2.0
thirdweb,GITHUB_repositories_daily,2024-08-15,3.0
Open Source Observer,GITHUB_contributors_daily,2024-08-15,2.0
thirdweb,GITHUB_active_developers_daily,2024-08-15,4.0
Open Source Observer,GITHUB_active_developers_daily,2024-08-15,1.0
Passport XYZ,GITHUB_active_developers_daily,2024-08-15,1.0
Runtime Verification,GITHUB_opened_pull_requests_daily,2024-08-15,4.0
Pyth Network,GITHUB_opened_pull_requests_daily,2024-08-15,9.0
Trail of Bits Security Reviews,GITHUB_merged_pull_requests_daily,2024-08-15,1.0
Open Source Observer,GITHUB_opened_issues_daily,2024-08-15,3.0
Passport XYZ,GITHUB_opened_issues_daily,2024-08-15,2.0
Trail of Bits Security Reviews,GITHUB_commits_daily,2024-07-13,1.0
Open Source Observer,GITHUB_commits_daily,2024-07-13,7.0
thirdweb,GITHUB_repositories_daily,2024-07-13,1.0
Debid - Fairblock,GITHUB_repositories_daily,2024-07-13,1.0
Runtime Verification,GITHUB_repositories_daily,2024-07-13,4.0
Runtime Verification,GITHUB_contributors_daily,2024-07-13,2.0
thirdweb,GITHUB_contributors_daily,2024-07-13,1.0
Runtime Verification,GITHUB_active_developers_daily,2024-07-13,1.0
Trail of Bits Security Reviews,GITHUB_active_developers_daily,2024-07-13,1.0
Trail of Bits Security Reviews,GITHUB_opened_pull_requests_daily,2024-07-13,2.0
thirdweb,GITHUB_opened_pull_requests_daily,2024-07-13,2.0
Pyth Network,GITHUB_opened_pull_requests_daily,2024-07-13,2.0
Runtime Verification,GITHUB_merged_pull_requests_daily,2024-07-13,2.0
Open Source Observer,GITHUB_opened_issues_daily,2024-07-13,1.0
Open Source Observer,GITHUB_closed_issues_daily,2024-07-13,1.0
thirdweb,GITHUB_stars_daily,2024-01-23,4.0
Remix IDE plugin for Arbitrum Stylus,GITHUB_commits_daily,2024-01-23,5.0
Open Source Observer,GITHUB_commits_daily,2024-01-23,2.0
Runtime Verification,GITHUB_commits_daily,2024-01-23,32.0
Pyth Network,GITHUB_releases_daily,2024-01-23,1.0
thirdweb,GITHUB_forks_daily,2024-01-23,2.0
WakeUp Labs,GITHUB_repositories_daily,2024-01-23,1.0
Remix IDE plugin for Arbitrum Stylus,GITHUB_repositories_daily,2024-01-23,1.0
WakeUp Labs,GITHUB_active_developers_daily,2024-01-23,1.0
thirdweb,GITHUB_active_developers_daily,2024-01-23,6.0
Open Source Observer,GITHUB_active_developers_daily,2024-01-23,1.0
Pyth Network,GITHUB_contributors_daily,2024-01-23,4.0
Redstone Finance,GITHUB_contributors_daily,2024-01-23,1.0
WakeUp Labs,GITHUB_contributors_daily,2024-01-23,2.0
Runtime Verification,GITHUB_contributors_daily,2024-01-23,13.0
Open Source Observer,GITHUB_opened_pull_requests_daily,2024-01-23,3.0
thirdweb,GITHUB_opened_pull_requests_daily,2024-01-23,13.0
Pyth Network,GITHUB_merged_pull_requests_daily,2024-01-23,3.0
Runtime Verification,GITHUB_closed_issues_daily,2024-01-23,3.0
Redstone Finance,GITHUB_forks_weekly,2024-09-16,1.0
Runtime Verification,GITHUB_forks_weekly,2024-09-16,1.0
Debid - Fairblock,GITHUB_comments_daily,2024-09-16,29.0
Redstone Finance,GITHUB_comments_daily,2024-09-16,5.0
Pyth Network,GITHUB_comments_daily,2024-09-16,18.0
Runtime Verification,GITHUB_comments_daily,2024-09-16,1.0
thirdweb,GITHUB_commits_daily,2024-09-16,14.0
Enclave,GITHUB_commits_daily,2024-09-16,3.0
Pyth Network,GITHUB_commits_daily,2024-09-16,11.0
Trail of Bits Security Reviews,GITHUB_commits_daily,2024-09-16,13.0
Sylow,GITHUB_stars_weekly,2024-09-16,1.0
Runtime Verification,GITHUB_stars_weekly,2024-09-16,2.0
Trail of Bits Security Reviews,GITHUB_stars_weekly,2024-09-16,83.0
thirdweb,GITHUB_releases_weekly,2024-09-16,13.0
Enclave,GITHUB_releases_weekly,2024-09-16,4.0
Walnut,GITHUB_commits_weekly,2024-09-16,28.0
Runtime Verification,GITHUB_commits_weekly,2024-09-16,78.0
Pyth Network,GITHUB_commits_weekly,2024-09-16,65.0
Passport XYZ,GITHUB_comments_weekly,2024-09-16,38.0
Remix IDE plugin for Arbitrum Stylus,GITHUB_comments_weekly,2024-09-16,2.0
Pyth Network,GITHUB_comments_weekly,2024-09-16,117.0
Redstone Finance,GITHUB_comments_weekly,2024-09-16,28.0
Trail of Bits Security Reviews,GITHUB_forks_daily,2024-09-16,2.0
Pyth Network,GITHUB_repositories_weekly,2024-09-16,7.0
Walnut,GITHUB_repositories_weekly,2024-09-16,3.0
Sylow,GITHUB_repositories_weekly,2024-09-16,1.0
Passport XYZ,GITHUB_contributors_daily,2024-09-16,3.0
thirdweb,GITHUB_contributors_daily,2024-09-16,13.0
Remix IDE plugin for Arbitrum Stylus,GITHUB_contributors_weekly,2024-09-16,1.0
Pyth Network,GITHUB_active_developers_daily,2024-09-16,5.0
Open Source Observer,GITHUB_active_developers_weekly,2024-09-16,7.0
Walnut,GITHUB_active_developers_weekly,2024-09-16,2.0
Remix IDE plugin for Arbitrum Stylus,GITHUB_active_developers_weekly,2024-09-16,1.0
Walnut,GITHUB_opened_pull_requests_weekly,2024-09-16,3.0
Enclave,GITHUB_opened_pull_requests_weekly,2024-09-16,20.0
Pyth Network,GITHUB_opened_pull_requests_daily,2024-09-16,5.0
Redstone Finance,GITHUB_opened_pull_requests_daily,2024-09-16,2.0
Passport XYZ,GITHUB_opened_pull_requests_daily,2024-09-16,6.0
Open Source Observer,GITHUB_merged_pull_requests_weekly,2024-09-16,27.0
Trail of Bits Security Reviews,GITHUB_merged_pull_requests_weekly,2024-09-16,35.0
Walnut,GITHUB_merged_pull_requests_weekly,2024-09-16,2.0
Pyth Network,GITHUB_merged_pull_requests_weekly,2024-09-16,49.0
Remix IDE plugin for Arbitrum Stylus,GITHUB_merged_pull_requests_weekly,2024-09-16,1.0
Trail of Bits Security Reviews,GITHUB_merged_pull_requests_daily,2024-09-16,14.0
Open Source Observer,GITHUB_opened_issues_daily,2024-09-16,3.0
Open Source Observer,GITHUB_opened_issues_weekly,2024-09-16,9.0
Enclave,GITHUB_opened_issues_weekly,2024-09-16,14.0
Enclave,GITHUB_closed_issues_daily,2024-09-16,2.0
Passport XYZ,GITHUB_closed_issues_weekly,2024-09-16,20.0
Runtime Verification,GITHUB_comments_daily,2024-02-15,28.0
Trail of Bits Security Reviews,GITHUB_stars_daily,2024-02-15,10.0
Runtime Verification,GITHUB_stars_daily,2024-02-15,1.0
Syndicate Protocol,GITHUB_stars_daily,2024-02-15,1.0
Pyth Network,GITHUB_stars_daily,2024-02-15,3.0
thirdweb,GITHUB_commits_daily,2024-02-15,8.0
Open Source Observer,GITHUB_commits_daily,2024-02-15,13.0
Pyth Network,GITHUB_forks_daily,2024-02-15,2.0
Trail of Bits Security Reviews,GITHUB_repositories_daily,2024-02-15,8.0
Pyth Network,GITHUB_repositories_daily,2024-02-15,5.0
Open Source Observer,GITHUB_contributors_daily,2024-02-15,3.0
Debid - Fairblock,GITHUB_contributors_daily,2024-02-15,2.0
Trail of Bits Security Reviews,GITHUB_contributors_daily,2024-02-15,3.0
Walnut,GITHUB_contributors_daily,2024-02-15,2.0
Runtime Verification,GITHUB_active_developers_daily,2024-02-15,3.0
Pyth Network,GITHUB_active_developers_daily,2024-02-15,3.0
Runtime Verification,GITHUB_opened_pull_requests_daily,2024-02-15,12.0
Trail of Bits Security Reviews,GITHUB_opened_pull_requests_daily,2024-02-15,2.0
Trail of Bits Security Reviews,GITHUB_merged_pull_requests_daily,2024-02-15,2.0
Runtime Verification,GITHUB_opened_issues_daily,2024-02-15,3.0
Runtime Verification,GITHUB_comments_daily,2024-03-16,3.0
Open Source Observer,GITHUB_repositories_daily,2024-03-16,1.0
Trail of Bits Security Reviews,GITHUB_repositories_daily,2024-03-16,8.0
Trail of Bits Security Reviews,GITHUB_contributors_daily,2024-03-16,2.0
thirdweb,GITHUB_active_developers_daily,2024-03-16,2.0
Pyth Network,GITHUB_active_developers_daily,2024-03-16,1.0
Trail of Bits Security Reviews,GITHUB_opened_issues_daily,2024-03-16,1.0
thirdweb,GITHUB_stars_daily,2024-05-30,1.0
Passport XYZ,GITHUB_stars_daily,2024-05-30,2.0
Runtime Verification,GITHUB_stars_daily,2024-05-30,4.0
Trail of Bits Security Reviews,GITHUB_stars_daily,2024-05-30,17.0
Runtime Verification,GITHUB_commits_daily,2024-05-30,15.0
Trail of Bits Security Reviews,GITHUB_commits_daily,2024-05-30,2.0
Open Source Observer,GITHUB_commits_daily,2024-05-30,1.0
Runtime Verification,GITHUB_releases_daily,2024-05-30,6.0
thirdweb,GITHUB_forks_daily,2024-05-30,2.0
Open Source Observer,GITHUB_forks_daily,2024-05-30,1.0
Walnut,GITHUB_contributors_daily,2024-05-30,3.0
Runtime Verification,GITHUB_contributors_daily,2024-05-30,9.0
Trail of Bits Security Reviews,GITHUB_active_developers_daily,2024-05-30,1.0
Pyth Network,GITHUB_opened_pull_requests_daily,2024-05-30,12.0
Debid - Fairblock,GITHUB_active_contributors_quarterly,2024-04-01,4.0
WakeUp Labs,GITHUB_active_contributors_quarterly,2024-04-01,1.0
Pyth Network,GITHUB_forks_weekly,2024-04-01,5.0
Pyth Network,GITHUB_comments_daily,2024-04-01,8.0
thirdweb,GITHUB_commits_biannually,2024-04-01,412.0
Walnut,GITHUB_commits_biannually,2024-04-01,106.0
Redstone Finance,GITHUB_commits_biannually,2024-04-01,128.0
Trail of Bits Security Reviews,GITHUB_commits_biannually,2024-04-01,335.0
Runtime Verification,GITHUB_active_developers_biannually,2024-04-01,19.0
Pyth Network,GITHUB_active_developers_biannually,2024-04-01,14.0
Arbos Foundry,GITHUB_active_developers_biannually,2024-04-01,1.0
Debid - Fairblock,GITHUB_repositories_quarterly,2024-04-01,4.0
Walnut,GITHUB_repositories_quarterly,2024-04-01,4.0
Trail of Bits Security Reviews,GITHUB_repositories_quarterly,2024-04-01,75.0
Arbos Foundry,GITHUB_repositories_quarterly,2024-04-01,3.0
Arbos Foundry,GITHUB_active_developers_quarterly,2024-04-01,1.0
Debid - Fairblock,GITHUB_active_developers_quarterly,2024-04-01,2.0
Redstone Finance,GITHUB_active_developers_quarterly,2024-04-01,5.0
Syndicate Protocol,GITHUB_active_developers_quarterly,2024-04-01,2.0
Syndicate Protocol,GITHUB_forks_monthly,2024-04-01,1.0
Open Source Observer,GITHUB_forks_monthly,2024-04-01,9.0
Redstone Finance,GITHUB_part_time_developers_quarterly,2024-04-01,5.0
Trail of Bits Security Reviews,GITHUB_part_time_developers_quarterly,2024-04-01,23.0
Debid - Fairblock,GITHUB_part_time_developers_quarterly,2024-04-01,2.0
Arbos Foundry,GITHUB_part_time_developers_quarterly,2024-04-01,1.0
Pyth Network,GITHUB_stars_biannually,2024-04-01,26.0
Runtime Verification,GITHUB_stars_biannually,2024-04-01,29.0
Debid - Fairblock,GITHUB_stars_monthly,2024-04-01,1.0
Walnut,GITHUB_stars_monthly,2024-04-01,6.0
Runtime Verification,GITHUB_stars_monthly,2024-04-01,29.0
thirdweb,GITHUB_stars_daily,2024-04-01,3.0
Pyth Network,GITHUB_releases_monthly,2024-04-01,12.0
thirdweb,GITHUB_releases_monthly,2024-04-01,209.0
thirdweb,GITHUB_commits_daily,2024-04-01,19.0
Walnut,GITHUB_commits_daily,2024-04-01,12.0
Pyth Network,GITHUB_commits_monthly,2024-04-01,173.0
Walnut,GITHUB_commits_monthly,2024-04-01,106.0
Syndicate Protocol,GITHUB_stars_quarterly,2024-04-01,5.0
WakeUp Labs,GITHUB_stars_quarterly,2024-04-01,1.0
Runtime Verification,GITHUB_stars_quarterly,2024-04-01,29.0
Pyth Network,GITHUB_comments_monthly,2024-04-01,596.0
Open Source Observer,GITHUB_stars_quarterly,2024-04-01,14.0
Walnut,GITHUB_stars_quarterly,2024-04-01,6.0
Trail of Bits Security Reviews,GITHUB_commits_weekly,2024-04-01,91.0
Runtime Verification,GITHUB_commits_weekly,2024-04-01,127.0
Trail of Bits Security Reviews,GITHUB_comments_weekly,2024-04-01,54.0
Redstone Finance,GITHUB_commits_quarterly,2024-04-01,128.0
Syndicate Protocol,GITHUB_commits_quarterly,2024-04-01,14.0
Redstone Finance,GITHUB_commits_weekly,2024-04-01,32.0
Trail of Bits Security Reviews,GITHUB_forks_quarterly,2024-04-01,41.0
Debid - Fairblock,GITHUB_forks_quarterly,2024-04-01,3.0
Open Source Observer,GITHUB_forks_quarterly,2024-04-01,9.0
Trail of Bits Security Reviews,GITHUB_forks_daily,2024-04-01,1.0
Pyth Network,GITHUB_repositories_weekly,2024-04-01,10.0
Debid - Fairblock,GITHUB_repositories_weekly,2024-04-01,3.0
Runtime Verification,GITHUB_repositories_weekly,2024-04-01,18.0
Trail of Bits Security Reviews,GITHUB_repositories_daily,2024-04-01,14.0
Arbos Foundry,GITHUB_repositories_monthly,2024-04-01,3.0
Trail of Bits Security Reviews,GITHUB_repositories_biannually,2024-04-01,75.0
Runtime Verification,GITHUB_repositories_biannually,2024-04-01,33.0
thirdweb,GITHUB_repositories_monthly,2024-04-01,27.0
Redstone Finance,GITHUB_repositories_monthly,2024-04-01,30.0
Runtime Verification,GITHUB_contributors_weekly,2024-04-01,22.0
WakeUp Labs,GITHUB_contributors_monthly,2024-04-01,1.0
Pyth Network,GITHUB_contributors_monthly,2024-04-01,31.0
Runtime Verification,GITHUB_contributors_quarterly,2024-04-01,40.0
Pyth Network,GITHUB_contributors_daily,2024-04-01,2.0
Pyth Network,GITHUB_contributors_quarterly,2024-04-01,31.0
Arbos Foundry,GITHUB_contributors_quarterly,2024-04-01,2.0
Trail of Bits Security Reviews,GITHUB_active_developers_daily,2024-04-01,4.0
Open Source Observer,GITHUB_active_developers_daily,2024-04-01,2.0
Pyth Network,GITHUB_repositories_biannually,2024-04-01,15.0
Open Source Observer,GITHUB_active_developers_monthly,2024-04-01,6.0
Open Source Observer,GITHUB_part_time_developers_monthly,2024-04-01,4.0
Syndicate Protocol,GITHUB_part_time_developers_monthly,2024-04-01,2.0
Runtime Verification,GITHUB_part_time_developers_monthly,2024-04-01,17.0
Arbos Foundry,GITHUB_part_time_developers_monthly,2024-04-01,1.0
thirdweb,GITHUB_full_time_developers_monthly,2024-04-01,7.0
Pyth Network,GITHUB_full_time_developers_monthly,2024-04-01,5.0
Syndicate Protocol,GITHUB_part_time_developers_biannually,2024-04-01,2.0
Arbos Foundry,GITHUB_part_time_developers_biannually,2024-04-01,1.0
Pyth Network,GITHUB_part_time_developers_biannually,2024-04-01,14.0
Open Source Observer,GITHUB_active_contributors_monthly,2024-04-01,9.0
Syndicate Protocol,GITHUB_part_time_contributors_monthly,2024-04-01,2.0
Pyth Network,GITHUB_active_contributors_monthly,2024-04-01,31.0
Runtime Verification,GITHUB_new_contributors_monthly,2024-04-01,2.0
Pyth Network,GITHUB_part_time_contributors_monthly,2024-04-01,24.0
Open Source Observer,GITHUB_part_time_contributors_monthly,2024-04-01,6.0
Runtime Verification,GITHUB_full_time_contributors_monthly,2024-04-01,11.0
Open Source Observer,GITHUB_new_contributors_monthly,2024-04-01,6.0
Debid - Fairblock,GITHUB_part_time_contributors_monthly,2024-04-01,4.0
Trail of Bits Security Reviews,GITHUB_full_time_contributors_monthly,2024-04-01,3.0
Redstone Finance,GITHUB_part_time_contributors_biannually,2024-04-01,8.0
Trail of Bits Security Reviews,GITHUB_active_contributors_biannually,2024-04-01,46.0
WakeUp Labs,GITHUB_part_time_contributors_biannually,2024-04-01,1.0
Debid - Fairblock,GITHUB_part_time_contributors_biannually,2024-04-01,4.0
Redstone Finance,GITHUB_new_contributors_biannually,2024-04-01,3.0
Open Source Observer,GITHUB_part_time_contributors_biannually,2024-04-01,9.0
Pyth Network,GITHUB_part_time_contributors_biannually,2024-04-01,31.0
Walnut,GITHUB_active_contributors_monthly,2024-04-01,7.0
Runtime Verification,GITHUB_change_in_part_time_contributors_monthly,2024-04-01,-7.0
Open Source Observer,GITHUB_change_in_part_time_contributors_monthly,2024-04-01,-2.0
Pyth Network,GITHUB_change_in_full_time_contributors_monthly,2024-04-01,-4.0
Redstone Finance,GITHUB_change_in_active_developers_monthly,2024-04-01,-1.0
Pyth Network,GITHUB_change_in_active_developers_monthly,2024-04-01,11.0
Runtime Verification,GITHUB_change_in_full_time_contributors_monthly,2024-04-01,3.0
Redstone Finance,GITHUB_change_in_active_developers_quarterly,2024-04-01,-1.0
thirdweb,GITHUB_change_in_active_developers_biannually,2024-04-01,9.0
Arbos Foundry,GITHUB_change_in_active_developers_biannually,2024-04-01,-1.0
Walnut,GITHUB_change_in_part_time_contributors_biannually,2024-04-01,5.0
Syndicate Protocol,GITHUB_change_in_active_developers_quarterly,2024-04-01,0.0
Syndicate Protocol,GITHUB_change_in_part_time_contributors_quarterly,2024-04-01,0.0
Debid - Fairblock,GITHUB_change_in_active_developers_quarterly,2024-04-01,16.0
Debid - Fairblock,GITHUB_change_in_part_time_contributors_biannually,2024-04-01,16.0
Open Source Observer,GITHUB_opened_pull_requests_daily,2024-04-01,2.0
thirdweb,GITHUB_opened_pull_requests_daily,2024-04-01,29.0
Trail of Bits Security Reviews,GITHUB_opened_pull_requests_weekly,2024-04-01,64.0
Walnut,GITHUB_opened_pull_requests_weekly,2024-04-01,4.0
thirdweb,GITHUB_opened_pull_requests_weekly,2024-04-01,136.0
Arbos Foundry,GITHUB_opened_pull_requests_weekly,2024-04-01,1.0
Pyth Network,GITHUB_opened_pull_requests_monthly,2024-04-01,195.0
Open Source Observer,GITHUB_opened_pull_requests_monthly,2024-04-01,110.0
Syndicate Protocol,GITHUB_opened_pull_requests_monthly,2024-04-01,5.0
Walnut,GITHUB_opened_pull_requests_monthly,2024-04-01,16.0
Trail of Bits Security Reviews,GITHUB_opened_pull_requests_quarterly,2024-04-01,231.0
Syndicate Protocol,GITHUB_opened_pull_requests_quarterly,2024-04-01,5.0
Pyth Network,GITHUB_opened_pull_requests_biannually,2024-04-01,195.0
Walnut,GITHUB_opened_pull_requests_biannually,2024-04-01,16.0
Runtime Verification,GITHUB_opened_pull_requests_biannually,2024-04-01,253.0
Debid - Fairblock,GITHUB_opened_pull_requests_quarterly,2024-04-01,3.0
thirdweb,GITHUB_merged_pull_requests_weekly,2024-04-01,125.0
Trail of Bits Security Reviews,GITHUB_merged_pull_requests_monthly,2024-04-01,195.0
Runtime Verification,GITHUB_merged_pull_requests_monthly,2024-04-01,207.0
Runtime Verification,GITHUB_merged_pull_requests_quarterly,2024-04-01,207.0
Open Source Observer,GITHUB_merged_pull_requests_quarterly,2024-04-01,107.0
Walnut,GITHUB_merged_pull_requests_quarterly,2024-04-01,13.0
Open Source Observer,GITHUB_merged_pull_requests_biannually,2024-04-01,107.0
thirdweb,GITHUB_merged_pull_requests_biannually,2024-04-01,419.0
Walnut,GITHUB_merged_pull_requests_biannually,2024-04-01,13.0
Runtime Verification,GITHUB_merged_pull_requests_biannually,2024-04-01,207.0
Open Source Observer,GITHUB_opened_issues_weekly,2024-04-01,14.0
Walnut,GITHUB_opened_issues_monthly,2024-04-01,12.0
Open Source Observer,GITHUB_opened_issues_monthly,2024-04-01,86.0
Walnut,GITHUB_opened_issues_quarterly,2024-04-01,12.0
Trail of Bits Security Reviews,GITHUB_opened_issues_biannually,2024-04-01,36.0
Runtime Verification,GITHUB_closed_issues_weekly,2024-04-01,8.0
Open Source Observer,GITHUB_closed_issues_quarterly,2024-04-01,39.0
Pyth Network,GITHUB_closed_issues_quarterly,2024-04-01,8.0
Walnut,GITHUB_closed_issues_quarterly,2024-04-01,15.0
Redstone Finance,GITHUB_avg_prs_time_to_merge_quarterly,2024-04-01,0.0
Open Source Observer,GITHUB_avg_prs_time_to_merge_quarterly,2024-04-01,0.0
Runtime Verification,GITHUB_avg_time_to_first_response_quarterly,2024-04-01,751701.4848484849
Open Source Observer,GITHUB_avg_time_to_first_response_quarterly,2024-04-01,441695.2839506173
Trail of Bits Security Reviews,GITHUB_avg_prs_time_to_merge_biannually,2024-04-01,0.0
thirdweb,GITHUB_avg_prs_time_to_merge_biannually,2024-04-01,0.0
Runtime Verification,GITHUB_avg_time_to_first_response_biannually,2024-04-01,751701.4848484849
thirdweb,GITHUB_avg_time_to_first_response_biannually,2024-04-01,249579.3353783231
Redstone Finance,GITHUB_avg_time_to_first_response_biannually,2024-04-01,6.333333333333333
Open Source Observer,GITHUB_change_in_new_contributors_quarterly,2024-04-01,-3.0
Open Source Observer,GITHUB_churned_contributors_quarterly,2024-04-01,-8.0
Redstone Finance,GITHUB_change_in_full_time_contributors_quarterly,2024-04-01,0.0
Walnut,GITHUB_change_in_full_time_contributors_quarterly,2024-04-01,0.0
Arbos Foundry,GITHUB_change_in_full_time_contributors_monthly,2024-04-01,0.0
Arbos Foundry,GITHUB_churned_contributors_monthly,2024-04-01,-1.0
WakeUp Labs,GITHUB_change_in_new_contributors_monthly,2024-04-01,0.0
WakeUp Labs,GITHUB_churned_contributors_monthly,2024-04-01,0.0
Pyth Network,GITHUB_change_in_active_contributors_monthly,2024-04-01,11.0
Pyth Network,GITHUB_churned_contributors_quarterly,2024-04-01,-8.0
Pyth Network,GITHUB_change_in_new_contributors_quarterly,2024-04-01,8.0
Syndicate Protocol,GITHUB_change_in_new_contributors_quarterly,2024-04-01,0.0
Syndicate Protocol,GITHUB_churned_contributors_quarterly,2024-04-01,-1.0
Redstone Finance,GITHUB_change_in_active_contributors_monthly,2024-04-01,-1.0
Trail of Bits Security Reviews,GITHUB_churned_contributors_monthly,2024-04-01,-12.0
Runtime Verification,GITHUB_change_in_new_contributors_biannually,2024-04-01,2.0
Runtime Verification,GITHUB_change_in_full_time_contributors_biannually,2024-04-01,0.0
Debid - Fairblock,GITHUB_change_in_new_contributors_quarterly,2024-04-01,16.0
Runtime Verification,GITHUB_change_in_new_contributors_quarterly,2024-04-01,2.0
Runtime Verification,GITHUB_change_in_full_time_contributors_quarterly,2024-04-01,0.0
Trail of Bits Security Reviews,GITHUB_change_in_new_contributors_biannually,2024-04-01,4.0
Walnut,GITHUB_change_in_new_contributors_biannually,2024-04-01,5.0
Walnut,GITHUB_churned_contributors_biannually,2024-04-01,0.0
Open Source Observer,GITHUB_change_in_active_contributors_biannually,2024-04-01,-2.0
Arbos Foundry,GITHUB_change_in_new_contributors_quarterly,2024-04-01,0.0
Pyth Network,GITHUB_churned_contributors_biannually,2024-04-01,-8.0
Pyth Network,GITHUB_change_in_active_contributors_biannually,2024-04-01,11.0
Syndicate Protocol,GITHUB_change_in_active_contributors_biannually,2024-04-01,0.0
Syndicate Protocol,GITHUB_churned_contributors_biannually,2024-04-01,-1.0
Pyth Network,GITHUB_comments_daily,2024-02-16,16.0
thirdweb,GITHUB_comments_daily,2024-02-16,71.0
Walnut,GITHUB_comments_daily,2024-02-16,9.0
Trail of Bits Security Reviews,GITHUB_comments_daily,2024-02-16,2.0
Syndicate Protocol,GITHUB_stars_daily,2024-02-16,1.0
Runtime Verification,GITHUB_commits_daily,2024-02-16,18.0
Arbos Foundry,GITHUB_commits_daily,2024-02-16,2.0
Arbos Foundry,GITHUB_repositories_daily,2024-02-16,1.0
Pyth Network,GITHUB_repositories_daily,2024-02-16,5.0
thirdweb,GITHUB_opened_pull_requests_daily,2024-02-16,25.0
Walnut,GITHUB_opened_pull_requests_daily,2024-02-16,2.0
thirdweb,GITHUB_merged_pull_requests_daily,2024-02-16,19.0
Open Source Observer,GITHUB_merged_pull_requests_daily,2024-02-16,19.0
Walnut,GITHUB_merged_pull_requests_daily,2024-02-16,1.0
Trail of Bits Security Reviews,GITHUB_merged_pull_requests_daily,2024-02-16,1.0
Walnut,GITHUB_opened_issues_daily,2024-02-16,2.0
Runtime Verification,GITHUB_comments_daily,2025-01-15,4.0
CoBuilders,GITHUB_comments_daily,2025-01-15,2.0
thirdweb,GITHUB_comments_daily,2025-01-15,48.0
Pyth Network,GITHUB_comments_daily,2025-01-15,59.0
Open Source Observer,GITHUB_comments_daily,2025-01-15,24.0
9Lives,GITHUB_commits_daily,2025-01-15,5.0
thirdweb,GITHUB_commits_daily,2025-01-15,13.0
Trail of Bits Security Reviews,GITHUB_commits_daily,2025-01-15,26.0
Pyth Network,GITHUB_commits_daily,2025-01-15,19.0
thirdweb,GITHUB_releases_daily,2025-01-15,3.0
Runtime Verification,GITHUB_releases_daily,2025-01-15,2.0
thirdweb,GITHUB_forks_daily,2025-01-15,1.0
Runtime Verification,GITHUB_repositories_daily,2025-01-15,4.0
Pyth Network,GITHUB_repositories_daily,2025-01-15,4.0
Redstone Finance,GITHUB_repositories_daily,2025-01-15,3.0
Pyth Network,GITHUB_contributors_daily,2025-01-15,12.0
Passport XYZ,GITHUB_contributors_daily,2025-01-15,2.0
9Lives,GITHUB_contributors_daily,2025-01-15,2.0
Open Source Observer,GITHUB_active_developers_daily,2025-01-15,4.0
Redstone Finance,GITHUB_opened_pull_requests_daily,2025-01-15,1.0
Open Source Observer,GITHUB_opened_pull_requests_daily,2025-01-15,8.0
Pyth Network,GITHUB_opened_pull_requests_daily,2025-01-15,20.0
thirdweb,GITHUB_opened_pull_requests_daily,2025-01-15,11.0
thirdweb,GITHUB_merged_pull_requests_daily,2025-01-15,11.0
Debid - Fairblock,GITHUB_merged_pull_requests_daily,2025-01-15,1.0
Trail of Bits Security Reviews,GITHUB_merged_pull_requests_daily,2025-01-15,18.0
Pyth Network,GITHUB_merged_pull_requests_daily,2025-01-15,13.0
Open Source Observer,GITHUB_merged_pull_requests_daily,2025-01-15,8.0
Open Source Observer,GITHUB_comments_daily,2025-03-16,9.0
Passport XYZ,GITHUB_stars_daily,2025-03-16,4.0
Pyth Network,GITHUB_commits_daily,2025-03-16,19.0
Trail of Bits Security Reviews,GITHUB_commits_daily,2025-03-16,1.0
thirdweb,GITHUB_forks_daily,2025-03-16,4.0
CodeTracer,GITHUB_repositories_daily,2025-03-16,1.0
Passport XYZ,GITHUB_repositories_daily,2025-03-16,2.0
Trail of Bits Security Reviews,GITHUB_contributors_daily,2025-03-16,1.0
Walnut,GITHUB_contributors_daily,2025-03-16,2.0
Open Source Observer,GITHUB_opened_pull_requests_daily,2025-03-16,4.0
Walnut,GITHUB_merged_pull_requests_daily,2025-03-16,1.0
Sylow,GITHUB_stars_daily,2025-03-27,2.0
Walnut,GITHUB_comments_daily,2025-03-27,1.0
thirdweb,GITHUB_stars_daily,2025-03-27,2.0
Redstone Finance,GITHUB_commits_daily,2025-03-27,9.0
Open Source Observer,GITHUB_commits_daily,2025-03-27,6.0
Trail of Bits Security Reviews,GITHUB_commits_daily,2025-03-27,1.0
Runtime Verification,GITHUB_contributors_daily,2025-03-27,9.0
Walnut,GITHUB_contributors_daily,2025-03-27,2.0
Passport XYZ,GITHUB_contributors_daily,2025-03-27,3.0
Pyth Network,GITHUB_contributors_daily,2025-03-27,5.0
Trail of Bits Security Reviews,GITHUB_active_developers_daily,2025-03-27,1.0
Arbos Foundry,GITHUB_active_developers_daily,2025-03-27,1.0
thirdweb,GITHUB_active_developers_daily,2025-03-27,2.0
thirdweb,GITHUB_opened_pull_requests_daily,2025-03-27,11.0
Runtime Verification,GITHUB_opened_pull_requests_daily,2025-03-27,6.0
Walnut,GITHUB_opened_pull_requests_daily,2025-03-27,1.0
thirdweb,GITHUB_merged_pull_requests_daily,2025-03-27,7.0
Runtime Verification,GITHUB_opened_issues_daily,2025-03-27,1.0
Pyth Network,GITHUB_merged_pull_requests_daily,2025-03-27,3.0
Redstone Finance,GITHUB_merged_pull_requests_daily,2025-03-27,1.0
Runtime Verification,GITHUB_merged_pull_requests_daily,2025-03-27,6.0
Walnut,GITHUB_merged_pull_requests_daily,2025-03-27,3.0
Runtime Verification,GITHUB_forks_weekly,2024-10-14,6.0
Open Source Observer,GITHUB_forks_weekly,2024-10-14,9.0
Passport XYZ,GITHUB_forks_weekly,2024-10-14,2.0
Passport XYZ,GITHUB_comments_daily,2024-10-14,8.0
Enclave,GITHUB_comments_daily,2024-10-14,6.0
Passport XYZ,GITHUB_stars_daily,2024-10-14,3.0
Open Source Observer,GITHUB_commits_daily,2024-10-14,7.0
Open Source Observer,GITHUB_stars_weekly,2024-10-14,3.0
Pyth Network,GITHUB_stars_weekly,2024-10-14,5.0
Pyth Network,GITHUB_releases_weekly,2024-10-14,2.0
thirdweb,GITHUB_releases_weekly,2024-10-14,11.0
thirdweb,GITHUB_comments_weekly,2024-10-14,622.0
Open Source Observer,GITHUB_comments_weekly,2024-10-14,90.0
Open Source Observer,GITHUB_forks_daily,2024-10-14,2.0
thirdweb,GITHUB_repositories_daily,2024-10-14,3.0
Passport XYZ,GITHUB_repositories_daily,2024-10-14,3.0
Pyth Network,GITHUB_repositories_daily,2024-10-14,4.0
Pyth Network,GITHUB_repositories_weekly,2024-10-14,6.0
Debid - Fairblock,GITHUB_repositories_weekly,2024-10-14,4.0
Trail of Bits Security Reviews,GITHUB_repositories_weekly,2024-10-14,38.0
Walnut,GITHUB_repositories_weekly,2024-10-14,2.0
Runtime Verification,GITHUB_contributors_daily,2024-10-14,2.0
Redstone Finance,GITHUB_contributors_daily,2024-10-14,2.0
Passport XYZ,GITHUB_contributors_weekly,2024-10-14,7.0
Runtime Verification,GITHUB_contributors_weekly,2024-10-14,14.0
Pyth Network,GITHUB_contributors_weekly,2024-10-14,16.0
Trail of Bits Security Reviews,GITHUB_active_developers_daily,2024-10-14,3.0
Debid - Fairblock,GITHUB_active_developers_weekly,2024-10-14,2.0
Redstone Finance,GITHUB_active_developers_weekly,2024-10-14,5.0
Trail of Bits Security Reviews,GITHUB_active_developers_weekly,2024-10-14,7.0
thirdweb,GITHUB_opened_pull_requests_daily,2024-10-14,25.0
Pyth Network,GITHUB_merged_pull_requests_weekly,2024-10-14,25.0
thirdweb,GITHUB_merged_pull_requests_daily,2024-10-14,15.0
Runtime Verification,GITHUB_merged_pull_requests_daily,2024-10-14,7.0
Passport XYZ,GITHUB_opened_issues_daily,2024-10-14,2.0
Open Source Observer,GITHUB_opened_issues_daily,2024-10-14,3.0
Runtime Verification,GITHUB_opened_issues_weekly,2024-10-14,8.0
Open Source Observer,GITHUB_opened_issues_weekly,2024-10-14,23.0
Trail of Bits Security Reviews,GITHUB_comments_daily,2024-05-29,16.0
Passport XYZ,GITHUB_comments_daily,2024-05-29,6.0
Walnut,GITHUB_stars_daily,2024-05-29,1.0
Walnut,GITHUB_commits_daily,2024-05-29,1.0
Open Source Observer,GITHUB_commits_daily,2024-05-29,5.0
Trail of Bits Security Reviews,GITHUB_forks_daily,2024-05-29,1.0
Open Source Observer,GITHUB_forks_daily,2024-05-29,5.0
thirdweb,GITHUB_forks_daily,2024-05-29,5.0
Walnut,GITHUB_active_developers_daily,2024-05-29,1.0
Pyth Network,GITHUB_active_developers_daily,2024-05-29,6.0
Redstone Finance,GITHUB_active_developers_daily,2024-05-29,2.0
Runtime Verification,GITHUB_opened_pull_requests_daily,2024-05-29,7.0
Open Source Observer,GITHUB_opened_pull_requests_daily,2024-05-29,11.0
Trail of Bits Security Reviews,GITHUB_opened_pull_requests_daily,2024-05-29,3.0
Trail of Bits Security Reviews,GITHUB_opened_issues_daily,2024-05-29,1.0
Trail of Bits Security Reviews,GITHUB_closed_issues_daily,2024-05-29,2.0
Walnut,GITHUB_closed_issues_daily,2024-05-29,1.0
thirdweb,GITHUB_closed_issues_daily,2024-05-29,1.0
Open Source Observer,GITHUB_merged_pull_requests_daily,2024-05-29,6.0
thirdweb,GITHUB_merged_pull_requests_daily,2024-05-29,10.0
thirdweb,GITHUB_comments_daily,2024-10-12,13.0
Trail of Bits Security Reviews,GITHUB_stars_daily,2024-10-12,5.0
Runtime Verification,GITHUB_stars_daily,2024-10-12,2.0
Runtime Verification,GITHUB_commits_daily,2024-10-12,2.0
Pyth Network,GITHUB_forks_daily,2024-10-12,1.0
Redstone Finance,GITHUB_forks_daily,2024-10-12,1.0
Trail of Bits Security Reviews,GITHUB_repositories_daily,2024-10-12,6.0
thirdweb,GITHUB_repositories_daily,2024-10-12,2.0
Pyth Network,GITHUB_contributors_daily,2024-10-12,1.0
thirdweb,GITHUB_opened_pull_requests_daily,2024-10-12,2.0
Trail of Bits Security Reviews,GITHUB_opened_pull_requests_daily,2024-10-12,1.0
Open Source Observer,GITHUB_merged_pull_requests_daily,2024-10-12,2.0
Runtime Verification,GITHUB_stars_daily,2024-06-07,2.0
Pyth Network,GITHUB_commits_daily,2024-06-07,9.0
Runtime Verification,GITHUB_forks_daily,2024-06-07,1.0
Trail of Bits Security Reviews,GITHUB_repositories_daily,2024-06-07,12.0
Redstone Finance,GITHUB_repositories_daily,2024-06-07,3.0
Passport XYZ,GITHUB_contributors_daily,2024-06-07,1.0
Pyth Network,GITHUB_contributors_daily,2024-06-07,9.0
thirdweb,GITHUB_contributors_daily,2024-06-07,8.0
Runtime Verification,GITHUB_contributors_daily,2024-06-07,12.0
Redstone Finance,GITHUB_contributors_daily,2024-06-07,2.0
Pyth Network,GITHUB_active_developers_daily,2024-06-07,4.0
thirdweb,GITHUB_active_developers_daily,2024-06-07,4.0
Open Source Observer,GITHUB_active_developers_daily,2024-06-07,5.0
Open Source Observer,GITHUB_opened_pull_requests_daily,2024-06-07,11.0
Trail of Bits Security Reviews,GITHUB_merged_pull_requests_daily,2024-06-07,4.0
Open Source Observer,GITHUB_opened_issues_daily,2024-06-07,2.0
Trail of Bits Security Reviews,GITHUB_closed_issues_daily,2024-06-07,1.0
Open Source Observer,GITHUB_closed_issues_daily,2024-06-07,21.0
Open Source Observer,GITHUB_comments_daily,2025-01-26,1.0
Passport XYZ,GITHUB_stars_daily,2025-01-26,2.0
Pyth Network,GITHUB_stars_daily,2025-01-26,2.0
Pyth Network,GITHUB_repositories_daily,2025-01-26,4.0
Walnut,GITHUB_contributors_daily,2025-01-26,1.0
Debid - Fairblock,GITHUB_contributors_daily,2025-01-26,1.0
Pyth Network,GITHUB_opened_pull_requests_daily,2025-01-26,1.0
thirdweb,GITHUB_opened_pull_requests_daily,2025-01-26,3.0
Debid - Fairblock,GITHUB_opened_pull_requests_daily,2025-01-26,1.0
thirdweb,GITHUB_opened_issues_daily,2025-01-26,1.0
Open Source Observer,GITHUB_stars_daily,2024-01-06,1.0
thirdweb,GITHUB_stars_daily,2024-01-06,1.0
Redstone Finance,GITHUB_stars_daily,2024-01-06,1.0
Trail of Bits Security Reviews,GITHUB_forks_daily,2024-01-06,1.0
Trail of Bits Security Reviews,GITHUB_opened_pull_requests_daily,2024-01-06,3.0
Open Source Observer,GITHUB_opened_issues_daily,2024-01-06,1.0
Runtime Verification,GITHUB_comments_daily,2024-01-18,29.0
Open Source Observer,GITHUB_comments_daily,2024-01-18,6.0
Runtime Verification,GITHUB_commits_daily,2024-01-18,39.0
Open Source Observer,GITHUB_contributors_daily,2024-01-18,2.0
Runtime Verification,GITHUB_contributors_daily,2024-01-18,15.0
Trail of Bits Security Reviews,GITHUB_active_developers_daily,2024-01-18,2.0
Redstone Finance,GITHUB_active_developers_daily,2024-01-18,2.0
thirdweb,GITHUB_opened_pull_requests_daily,2024-01-18,7.0
Trail of Bits Security Reviews,GITHUB_opened_pull_requests_daily,2024-01-18,6.0
Trail of Bits Security Reviews,GITHUB_repositories_daily,2024-01-18,14.0
Runtime Verification,GITHUB_repositories_daily,2024-01-18,12.0
Remix IDE plugin for Arbitrum Stylus,GITHUB_repositories_daily,2024-01-18,1.0
Pyth Network,GITHUB_merged_pull_requests_daily,2024-01-18,4.0
Trail of Bits Security Reviews,GITHUB_opened_issues_daily,2024-01-18,3.0
Pyth Network,GITHUB_closed_issues_daily,2024-01-18,1.0
Trail of Bits Security Reviews,GITHUB_stars_daily,2024-12-17,11.0
thirdweb,GITHUB_commits_daily,2024-12-17,13.0
Trail of Bits Security Reviews,GITHUB_commits_daily,2024-12-17,25.0
Open Source Observer,GITHUB_commits_daily,2024-12-17,3.0
Solang,GITHUB_repositories_daily,2024-12-17,1.0
thirdweb,GITHUB_repositories_daily,2024-12-17,4.0
Trail of Bits Security Reviews,GITHUB_repositories_daily,2024-12-17,14.0
Pyth Network,GITHUB_repositories_daily,2024-12-17,4.0
thirdweb,GITHUB_contributors_daily,2024-12-17,10.0
Trail of Bits Security Reviews,GITHUB_active_developers_daily,2024-12-17,6.0
Passport XYZ,GITHUB_active_developers_daily,2024-12-17,4.0
thirdweb,GITHUB_active_developers_daily,2024-12-17,4.0
Trail of Bits Security Reviews,GITHUB_opened_pull_requests_daily,2024-12-17,9.0
Trail of Bits Security Reviews,GITHUB_merged_pull_requests_daily,2024-12-17,12.0
thirdweb,GITHUB_merged_pull_requests_daily,2024-12-17,14.0
Passport XYZ,GITHUB_opened_issues_daily,2024-12-17,4.0
Open Source Observer,GITHUB_opened_issues_daily,2024-12-17,1.0
Open Source Observer,GITHUB_closed_issues_daily,2024-12-17,1.0
Redstone Finance,GITHUB_forks_weekly,2024-07-08,1.0
Walnut,GITHUB_comments_daily,2024-07-08,1.0
Pyth Network,GITHUB_comments_daily,2024-07-08,1.0
Open Source Observer,GITHUB_comments_daily,2024-07-08,4.0
thirdweb,GITHUB_stars_daily,2024-07-08,1.0
Trail of Bits Security Reviews,GITHUB_stars_weekly,2024-07-08,80.0
Debid - Fairblock,GITHUB_stars_weekly,2024-07-08,1.0
Runtime Verification,GITHUB_commits_daily,2024-07-08,31.0
Runtime Verification,GITHUB_releases_weekly,2024-07-08,53.0
Runtime Verification,GITHUB_releases_daily,2024-07-08,7.0
Pyth Network,GITHUB_commits_weekly,2024-07-08,11.0
Remix IDE plugin for Arbitrum Stylus,GITHUB_commits_weekly,2024-07-08,2.0
Trail of Bits Security Reviews,GITHUB_commits_weekly,2024-07-08,114.0
Runtime Verification,GITHUB_comments_weekly,2024-07-08,62.0
Trail of Bits Security Reviews,GITHUB_comments_weekly,2024-07-08,86.0
Trail of Bits Security Reviews,GITHUB_repositories_weekly,2024-07-08,43.0
Runtime Verification,GITHUB_repositories_daily,2024-07-08,12.0
Pyth Network,GITHUB_repositories_weekly,2024-07-08,10.0
Runtime Verification,GITHUB_contributors_weekly,2024-07-08,23.0
Runtime Verification,GITHUB_contributors_daily,2024-07-08,11.0
Open Source Observer,GITHUB_active_developers_weekly,2024-07-08,4.0
Runtime Verification,GITHUB_active_developers_daily,2024-07-08,5.0
Trail of Bits Security Reviews,GITHUB_active_developers_daily,2024-07-08,5.0
Debid - Fairblock,GITHUB_opened_pull_requests_weekly,2024-07-08,1.0
Walnut,GITHUB_opened_pull_requests_weekly,2024-07-08,5.0
Trail of Bits Security Reviews,GITHUB_opened_pull_requests_daily,2024-07-08,14.0
Pyth Network,GITHUB_opened_pull_requests_daily,2024-07-08,1.0
thirdweb,GITHUB_opened_pull_requests_daily,2024-07-08,15.0
Pyth Network,GITHUB_opened_issues_weekly,2024-07-08,2.0
Redstone Finance,GITHUB_opened_issues_daily,2024-07-08,2.0
Runtime Verification,GITHUB_opened_issues_daily,2024-07-08,4.0
Trail of Bits Security Reviews,GITHUB_stars_daily,2024-01-07,9.0
thirdweb,GITHUB_forks_daily,2024-01-07,3.0
Trail of Bits Security Reviews,GITHUB_forks_daily,2024-01-07,2.0
Open Source Observer,GITHUB_merged_pull_requests_daily,2024-01-07,1.0
Trail of Bits Security Reviews,GITHUB_merged_pull_requests_daily,2024-01-07,3.0
Open Source Observer,GITHUB_opened_issues_daily,2024-01-07,4.0
Trail of Bits Security Reviews,GITHUB_comments_daily,2024-03-12,33.0
Pyth Network,GITHUB_comments_daily,2024-03-12,22.0
Redstone Finance,GITHUB_commits_daily,2024-03-12,5.0
thirdweb,GITHUB_releases_daily,2024-03-12,20.0
Pyth Network,GITHUB_releases_daily,2024-03-12,1.0
Pyth Network,GITHUB_forks_daily,2024-03-12,3.0
Redstone Finance,GITHUB_contributors_daily,2024-03-12,3.0
Runtime Verification,GITHUB_active_developers_daily,2024-03-12,5.0
Trail of Bits Security Reviews,GITHUB_opened_pull_requests_daily,2024-03-12,11.0
Open Source Observer,GITHUB_opened_pull_requests_daily,2024-03-12,6.0
Open Source Observer,GITHUB_merged_pull_requests_daily,2024-03-12,8.0
Pyth Network,GITHUB_opened_issues_daily,2024-03-12,1.0
Open Source Observer,GITHUB_closed_issues_daily,2024-03-12,8.0
Enclave,GITHUB_comments_daily,2024-12-21,3.0
Trail of Bits Security Reviews,GITHUB_commits_daily,2024-12-21,4.0
Pyth Network,GITHUB_repositories_daily,2024-12-21,1.0
Debid - Fairblock,GITHUB_contributors_daily,2024-12-21,1.0
thirdweb,GITHUB_comments_daily,2024-06-18,173.0
Passport XYZ,GITHUB_comments_daily,2024-06-18,14.0
Trail of Bits Security Reviews,GITHUB_comments_daily,2024-06-18,2.0
thirdweb,GITHUB_releases_daily,2024-06-18,10.0
thirdweb,GITHUB_stars_daily,2024-06-18,6.0
Remix IDE plugin for Arbitrum Stylus,GITHUB_commits_daily,2024-06-18,1.0
thirdweb,GITHUB_commits_daily,2024-06-18,27.0
Runtime Verification,GITHUB_commits_daily,2024-06-18,35.0
Remix IDE plugin for Arbitrum Stylus,GITHUB_repositories_daily,2024-06-18,1.0
Enclave,GITHUB_repositories_daily,2024-06-18,1.0
Runtime Verification,GITHUB_contributors_daily,2024-06-18,13.0
Remix IDE plugin for Arbitrum Stylus,GITHUB_contributors_daily,2024-06-18,1.0
Enclave,GITHUB_contributors_daily,2024-06-18,1.0
Open Source Observer,GITHUB_contributors_daily,2024-06-18,5.0
Remix IDE plugin for Arbitrum Stylus,GITHUB_active_developers_daily,2024-06-18,1.0
Arbos Foundry,GITHUB_active_developers_daily,2024-06-18,1.0
Enclave,GITHUB_active_developers_daily,2024-06-18,1.0
thirdweb,GITHUB_active_developers_daily,2024-06-18,6.0
Runtime Verification,GITHUB_active_developers_daily,2024-06-18,4.0
Open Source Observer,GITHUB_opened_pull_requests_daily,2024-06-18,4.0
thirdweb,GITHUB_opened_pull_requests_daily,2024-06-18,25.0
Runtime Verification,GITHUB_merged_pull_requests_daily,2024-06-18,8.0
Trail of Bits Security Reviews,GITHUB_merged_pull_requests_daily,2024-06-18,5.0
Trail of Bits Security Reviews,GITHUB_opened_issues_daily,2024-06-18,1.0
Open Source Observer,GITHUB_closed_issues_daily,2024-06-18,12.0
Runtime Verification,GITHUB_comments_daily,2025-01-07,3.0
Pyth Network,GITHUB_comments_daily,2025-01-07,12.0
Open Source Observer,GITHUB_comments_daily,2025-01-07,23.0
Debid - Fairblock,GITHUB_stars_daily,2025-01-07,1.0
Syndicate Protocol,GITHUB_stars_daily,2025-01-07,2.0
Syndicate Protocol,GITHUB_commits_daily,2025-01-07,5.0
Trail of Bits Security Reviews,GITHUB_commits_daily,2025-01-07,1.0
Redstone Finance,GITHUB_commits_daily,2025-01-07,3.0
Syndicate Protocol,GITHUB_repositories_daily,2025-01-07,2.0
Runtime Verification,GITHUB_repositories_daily,2025-01-07,5.0
Pyth Network,GITHUB_repositories_daily,2025-01-07,4.0
Debid - Fairblock,GITHUB_contributors_daily,2025-01-07,1.0
thirdweb,GITHUB_contributors_daily,2025-01-07,8.0
Solang,GITHUB_contributors_daily,2025-01-07,1.0
Runtime Verification,GITHUB_contributors_daily,2025-01-07,4.0
9Lives,GITHUB_contributors_daily,2025-01-07,2.0
Open Source Observer,GITHUB_contributors_daily,2025-01-07,3.0
Runtime Verification,GITHUB_active_developers_daily,2025-01-07,2.0
Walnut,GITHUB_active_developers_daily,2025-01-07,1.0
Open Source Observer,GITHUB_active_developers_daily,2025-01-07,3.0
Syndicate Protocol,GITHUB_active_developers_daily,2025-01-07,1.0
Syndicate Protocol,GITHUB_opened_pull_requests_daily,2025-01-07,1.0
Redstone Finance,GITHUB_opened_pull_requests_daily,2025-01-07,1.0
Pyth Network,GITHUB_opened_pull_requests_daily,2025-01-07,5.0
Open Source Observer,GITHUB_merged_pull_requests_daily,2025-01-07,6.0
Redstone Finance,GITHUB_merged_pull_requests_daily,2025-01-07,3.0
Solang,GITHUB_closed_issues_daily,2025-01-07,1.0
Open Source Observer,GITHUB_comments_daily,2025-03-06,14.0
CodeTracer,GITHUB_stars_daily,2025-03-06,306.0
Open Source Observer,GITHUB_commits_daily,2025-03-06,26.0
9Lives,GITHUB_commits_daily,2025-03-06,8.0
thirdweb,GITHUB_commits_daily,2025-03-06,13.0
Runtime Verification,GITHUB_releases_daily,2025-03-06,3.0
Open Source Observer,GITHUB_repositories_daily,2025-03-06,5.0
9Lives,GITHUB_repositories_daily,2025-03-06,1.0
CoBuilders,GITHUB_repositories_daily,2025-03-06,1.0
Runtime Verification,GITHUB_repositories_daily,2025-03-06,8.0
Trail of Bits Security Reviews,GITHUB_active_developers_daily,2025-03-06,2.0
Walnut,GITHUB_contributors_daily,2025-03-06,4.0
Trail of Bits Security Reviews,GITHUB_contributors_daily,2025-03-06,2.0
Redstone Finance,GITHUB_contributors_daily,2025-03-06,3.0
Walnut,GITHUB_opened_pull_requests_daily,2025-03-06,5.0
Runtime Verification,GITHUB_opened_pull_requests_daily,2025-03-06,7.0
Pyth Network,GITHUB_merged_pull_requests_daily,2025-03-06,10.0
Trail of Bits Security Reviews,GITHUB_merged_pull_requests_daily,2025-03-06,4.0
thirdweb,GITHUB_merged_pull_requests_daily,2025-03-06,7.0
Runtime Verification,GITHUB_merged_pull_requests_daily,2025-03-06,6.0
Walnut,GITHUB_opened_issues_daily,2025-03-06,2.0
Open Source Observer,GITHUB_closed_issues_daily,2025-03-06,2.0
Pyth Network,GITHUB_comments_daily,2024-01-19,15.0
Redstone Finance,GITHUB_stars_daily,2024-01-19,1.0
thirdweb,GITHUB_commits_daily,2024-01-19,2.0
Debid - Fairblock,GITHUB_commits_daily,2024-01-19,1.0
Runtime Verification,GITHUB_commits_daily,2024-01-19,30.0
Trail of Bits Security Reviews,GITHUB_forks_daily,2024-01-19,2.0
Trail of Bits Security Reviews,GITHUB_active_developers_daily,2024-01-19,4.0
Redstone Finance,GITHUB_active_developers_daily,2024-01-19,1.0
Open Source Observer,GITHUB_opened_pull_requests_daily,2024-01-19,1.0
Open Source Observer,GITHUB_closed_issues_daily,2024-01-19,1.0
Trail of Bits Security Reviews,GITHUB_stars_daily,2024-10-19,17.0
thirdweb,GITHUB_commits_daily,2024-10-19,5.0
Redstone Finance,GITHUB_forks_daily,2024-10-19,1.0
thirdweb,GITHUB_repositories_daily,2024-10-19,1.0
thirdweb,GITHUB_opened_pull_requests_daily,2024-10-19,1.0
Open Source Observer,GITHUB_opened_pull_requests_daily,2024-10-19,3.0
thirdweb,GITHUB_closed_issues_daily,2024-10-19,1.0
Passport XYZ,GITHUB_comments_daily,2025-04-02,12.0
Enclave,GITHUB_comments_daily,2025-04-02,2.0
Trail of Bits Security Reviews,GITHUB_commits_daily,2025-04-02,7.0
thirdweb,GITHUB_releases_daily,2025-04-02,2.0
StylusPort,GITHUB_repositories_daily,2025-04-02,1.0
Open Source Observer,GITHUB_repositories_daily,2025-04-02,2.0
Enclave,GITHUB_repositories_daily,2025-04-02,1.0
thirdweb,GITHUB_forks_daily,2025-04-02,3.0
Runtime Verification,GITHUB_contributors_daily,2025-04-02,8.0
StylusPort,GITHUB_contributors_daily,2025-04-02,1.0
Trail of Bits Security Reviews,GITHUB_contributors_daily,2025-04-02,8.0
9Lives,GITHUB_contributors_daily,2025-04-02,1.0
thirdweb,GITHUB_active_developers_daily,2025-04-02,4.0
Passport XYZ,GITHUB_active_developers_daily,2025-04-02,3.0
Runtime Verification,GITHUB_active_developers_daily,2025-04-02,3.0
Pyth Network,GITHUB_opened_pull_requests_daily,2025-04-02,9.0
Trail of Bits Security Reviews,GITHUB_merged_pull_requests_daily,2025-04-02,7.0
Pyth Network,GITHUB_merged_pull_requests_daily,2025-04-02,5.0
Open Source Observer,GITHUB_merged_pull_requests_daily,2025-04-02,5.0
Passport XYZ,GITHUB_merged_pull_requests_daily,2025-04-02,9.0
thirdweb,GITHUB_merged_pull_requests_daily,2025-04-02,19.0
Enclave,GITHUB_opened_issues_daily,2025-04-02,1.0
Open Source Observer,GITHUB_opened_issues_daily,2025-04-02,10.0
Trail of Bits Security Reviews,GITHUB_opened_issues_daily,2025-04-02,1.0
Passport XYZ,GITHUB_closed_issues_daily,2025-04-02,2.0
Open Source Observer,GITHUB_closed_issues_daily,2025-04-02,3.0
Syndicate Protocol,GITHUB_active_developers_biannually,2024-03-01,2.0
thirdweb,GITHUB_active_developers_biannually,2024-03-01,21.0
Runtime Verification,GITHUB_active_developers_biannually,2024-03-01,19.0
Debid - Fairblock,GITHUB_repositories_quarterly,2024-03-01,8.0
Remix IDE plugin for Arbitrum Stylus,GITHUB_active_developers_quarterly,2024-03-01,1.0
Runtime Verification,GITHUB_active_developers_quarterly,2024-03-01,19.0
Open Source Observer,GITHUB_active_developers_quarterly,2024-03-01,3.0
Walnut,GITHUB_active_developers_quarterly,2024-03-01,2.0
Arbos Foundry,GITHUB_active_developers_quarterly,2024-03-01,1.0
Redstone Finance,GITHUB_active_developers_quarterly,2024-03-01,6.0
Runtime Verification,GITHUB_comments_daily,2024-03-01,39.0
Runtime Verification,GITHUB_forks_monthly,2024-03-01,5.0
Syndicate Protocol,GITHUB_part_time_developers_quarterly,2024-03-01,2.0
Runtime Verification,GITHUB_part_time_developers_quarterly,2024-03-01,19.0
Trail of Bits Security Reviews,GITHUB_part_time_developers_quarterly,2024-03-01,22.0
Arbos Foundry,GITHUB_part_time_developers_quarterly,2024-03-01,1.0
Pyth Network,GITHUB_new_contributors_quarterly,2024-03-01,27.0
Walnut,GITHUB_new_contributors_quarterly,2024-03-01,10.0
Debid - Fairblock,GITHUB_part_time_contributors_quarterly,2024-03-01,20.0
Trail of Bits Security Reviews,GITHUB_new_contributors_quarterly,2024-03-01,22.0
Pyth Network,GITHUB_releases_biannually,2024-03-01,12.0
Trail of Bits Security Reviews,GITHUB_releases_quarterly,2024-03-01,13.0
Pyth Network,GITHUB_releases_quarterly,2024-03-01,12.0
Debid - Fairblock,GITHUB_releases_quarterly,2024-03-01,29.0
Pyth Network,GITHUB_commits_biannually,2024-03-01,174.0
thirdweb,GITHUB_stars_biannually,2024-03-01,53.0
Pyth Network,GITHUB_stars_daily,2024-03-01,1.0
Trail of Bits Security Reviews,GITHUB_stars_daily,2024-03-01,15.0
Pyth Network,GITHUB_stars_monthly,2024-03-01,48.0
thirdweb,GITHUB_stars_monthly,2024-03-01,53.0
Trail of Bits Security Reviews,GITHUB_commits_daily,2024-03-01,1.0
Runtime Verification,GITHUB_commits_daily,2024-03-01,27.0
thirdweb,GITHUB_commits_monthly,2024-03-01,381.0
Pyth Network,GITHUB_commits_monthly,2024-03-01,174.0
Open Source Observer,GITHUB_commits_monthly,2024-03-01,110.0
Walnut,GITHUB_stars_quarterly,2024-03-01,2.0
Open Source Observer,GITHUB_stars_quarterly,2024-03-01,8.0
Debid - Fairblock,GITHUB_releases_monthly,2024-03-01,29.0
Trail of Bits Security Reviews,GITHUB_releases_monthly,2024-03-01,13.0
Walnut,GITHUB_commits_quarterly,2024-03-01,160.0
Walnut,GITHUB_forks_biannually,2024-03-01,12.0
Runtime Verification,GITHUB_forks_quarterly,2024-03-01,5.0
Open Source Observer,GITHUB_forks_quarterly,2024-03-01,8.0
Syndicate Protocol,GITHUB_forks_quarterly,2024-03-01,1.0
Pyth Network,GITHUB_repositories_daily,2024-03-01,6.0
thirdweb,GITHUB_repositories_daily,2024-03-01,6.0
Syndicate Protocol,GITHUB_forks_biannually,2024-03-01,1.0
WakeUp Labs,GITHUB_repositories_monthly,2024-03-01,1.0
Trail of Bits Security Reviews,GITHUB_repositories_monthly,2024-03-01,82.0
Debid - Fairblock,GITHUB_repositories_monthly,2024-03-01,8.0
thirdweb,GITHUB_repositories_monthly,2024-03-01,15.0
Pyth Network,GITHUB_repositories_biannually,2024-03-01,19.0
thirdweb,GITHUB_repositories_biannually,2024-03-01,15.0
Pyth Network,GITHUB_contributors_daily,2024-03-01,6.0
Open Source Observer,GITHUB_contributors_daily,2024-03-01,1.0
Remix IDE plugin for Arbitrum Stylus,GITHUB_contributors_monthly,2024-03-01,1.0
Walnut,GITHUB_contributors_monthly,2024-03-01,12.0
Pyth Network,GITHUB_contributors_quarterly,2024-03-01,42.0
Trail of Bits Security Reviews,GITHUB_contributors_quarterly,2024-03-01,52.0
Open Source Observer,GITHUB_contributors_biannually,2024-03-01,7.0
thirdweb,GITHUB_contributors_quarterly,2024-03-01,54.0
Syndicate Protocol,GITHUB_contributors_quarterly,2024-03-01,2.0
Runtime Verification,GITHUB_contributors_biannually,2024-03-01,36.0
Redstone Finance,GITHUB_active_developers_daily,2024-03-01,2.0
Arbos Foundry,GITHUB_active_developers_monthly,2024-03-01,1.0
Walnut,GITHUB_active_developers_monthly,2024-03-01,2.0
Remix IDE plugin for Arbitrum Stylus,GITHUB_active_developers_monthly,2024-03-01,1.0
thirdweb,GITHUB_part_time_developers_monthly,2024-03-01,14.0
Pyth Network,GITHUB_active_developers_monthly,2024-03-01,14.0
thirdweb,GITHUB_active_developers_monthly,2024-03-01,21.0
Debid - Fairblock,GITHUB_full_time_developers_monthly,2024-03-01,1.0
Debid - Fairblock,GITHUB_part_time_developers_biannually,2024-03-01,4.0
Walnut,GITHUB_part_time_developers_biannually,2024-03-01,2.0
Open Source Observer,GITHUB_full_time_contributors_monthly,2024-03-01,3.0
Redstone Finance,GITHUB_full_time_contributors_monthly,2024-03-01,2.0
thirdweb,GITHUB_new_contributors_monthly,2024-03-01,27.0
Pyth Network,GITHUB_full_time_contributors_monthly,2024-03-01,3.0
Debid - Fairblock,GITHUB_part_time_contributors_monthly,2024-03-01,19.0
Remix IDE plugin for Arbitrum Stylus,GITHUB_part_time_contributors_monthly,2024-03-01,1.0
Pyth Network,GITHUB_new_contributors_biannually,2024-03-01,27.0
Open Source Observer,GITHUB_active_contributors_biannually,2024-03-01,7.0
Remix IDE plugin for Arbitrum Stylus,GITHUB_active_contributors_biannually,2024-03-01,1.0
Syndicate Protocol,GITHUB_part_time_contributors_monthly,2024-03-01,2.0
Trail of Bits Security Reviews,GITHUB_part_time_contributors_monthly,2024-03-01,49.0
Walnut,GITHUB_new_contributors_monthly,2024-03-01,10.0
Walnut,GITHUB_part_time_contributors_monthly,2024-03-01,11.0
Pyth Network,GITHUB_part_time_contributors_biannually,2024-03-01,42.0
Trail of Bits Security Reviews,GITHUB_part_time_contributors_biannually,2024-03-01,52.0
Open Source Observer,GITHUB_new_contributors_biannually,2024-03-01,3.0
Walnut,GITHUB_active_contributors_biannually,2024-03-01,12.0
Runtime Verification,GITHUB_active_contributors_biannually,2024-03-01,36.0
Redstone Finance,GITHUB_change_in_part_time_contributors_monthly,2024-03-01,1.0
Walnut,GITHUB_change_in_full_time_contributors_monthly,2024-03-01,1.0
thirdweb,GITHUB_change_in_full_time_contributors_monthly,2024-03-01,-3.0
Redstone Finance,GITHUB_change_in_active_developers_monthly,2024-03-01,0.0
thirdweb,GITHUB_change_in_active_developers_monthly,2024-03-01,-8.0
Runtime Verification,GITHUB_change_in_full_time_contributors_monthly,2024-03-01,1.0
Walnut,GITHUB_change_in_part_time_contributors_monthly,2024-03-01,-2.0
Debid - Fairblock,GITHUB_change_in_part_time_contributors_monthly,2024-03-01,-17.0
thirdweb,GITHUB_change_in_part_time_contributors_quarterly,2024-03-01,-8.0
Remix IDE plugin for Arbitrum Stylus,GITHUB_change_in_active_developers_quarterly,2024-03-01,1.0
Walnut,GITHUB_change_in_active_developers_quarterly,2024-03-01,-1.0
Debid - Fairblock,GITHUB_change_in_active_developers_biannually,2024-03-01,-17.0
Debid - Fairblock,GITHUB_change_in_part_time_contributors_biannually,2024-03-01,-17.0
Debid - Fairblock,GITHUB_change_in_active_developers_quarterly,2024-03-01,-17.0
Redstone Finance,GITHUB_change_in_part_time_contributors_quarterly,2024-03-01,0.0
Trail of Bits Security Reviews,GITHUB_change_in_part_time_contributors_quarterly,2024-03-01,-4.0
Runtime Verification,GITHUB_change_in_active_developers_biannually,2024-03-01,-6.0
Open Source Observer,GITHUB_change_in_active_developers_biannually,2024-03-01,-1.0
Open Source Observer,GITHUB_opened_pull_requests_monthly,2024-03-01,100.0
Debid - Fairblock,GITHUB_opened_pull_requests_biannually,2024-03-01,24.0
thirdweb,GITHUB_opened_pull_requests_quarterly,2024-03-01,459.0
Pyth Network,GITHUB_merged_pull_requests_monthly,2024-03-01,125.0
Redstone Finance,GITHUB_merged_pull_requests_monthly,2024-03-01,1.0
Open Source Observer,GITHUB_merged_pull_requests_monthly,2024-03-01,93.0
Walnut,GITHUB_merged_pull_requests_biannually,2024-03-01,25.0
thirdweb,GITHUB_merged_pull_requests_quarterly,2024-03-01,369.0
Pyth Network,GITHUB_merged_pull_requests_quarterly,2024-03-01,125.0
Trail of Bits Security Reviews,GITHUB_merged_pull_requests_biannually,2024-03-01,171.0
Walnut,GITHUB_opened_issues_daily,2024-03-01,1.0
Open Source Observer,GITHUB_opened_issues_monthly,2024-03-01,86.0
Trail of Bits Security Reviews,GITHUB_opened_issues_monthly,2024-03-01,50.0
Pyth Network,GITHUB_opened_issues_biannually,2024-03-01,9.0
Pyth Network,GITHUB_closed_issues_daily,2024-03-01,1.0
Pyth Network,GITHUB_closed_issues_monthly,2024-03-01,3.0
Walnut,GITHUB_closed_issues_monthly,2024-03-01,32.0
Runtime Verification,GITHUB_closed_issues_monthly,2024-03-01,93.0
thirdweb,GITHUB_closed_issues_quarterly,2024-03-01,17.0
Pyth Network,GITHUB_avg_prs_time_to_merge_quarterly,2024-03-01,0.0
Open Source Observer,GITHUB_avg_prs_time_to_merge_quarterly,2024-03-01,0.0
Redstone Finance,GITHUB_avg_prs_time_to_merge_quarterly,2024-03-01,0.0
Walnut,GITHUB_avg_time_to_first_response_quarterly,2024-03-01,57239.43636363636
Runtime Verification,GITHUB_avg_time_to_first_response_quarterly,2024-03-01,597617.3919491526
Pyth Network,GITHUB_avg_time_to_first_response_biannually,2024-03-01,35894.12666666666
Open Source Observer,GITHUB_avg_time_to_first_response_quarterly,2024-03-01,1716074.8695652173
thirdweb,GITHUB_avg_prs_time_to_merge_biannually,2024-03-01,0.0
Trail of Bits Security Reviews,GITHUB_avg_time_to_first_response_biannually,2024-03-01,667478.4736842106
Redstone Finance,GITHUB_avg_prs_time_to_merge_biannually,2024-03-01,0.0
Arbos Foundry,GITHUB_churned_contributors_quarterly,2024-03-01,0.0
Redstone Finance,GITHUB_churned_contributors_quarterly,2024-03-01,-1.0
Redstone Finance,GITHUB_change_in_active_contributors_quarterly,2024-03-01,0.0
Trail of Bits Security Reviews,GITHUB_change_in_active_contributors_quarterly,2024-03-01,-4.0
Walnut,GITHUB_change_in_new_contributors_quarterly,2024-03-01,-1.0
Walnut,GITHUB_change_in_new_contributors_monthly,2024-03-01,-1.0
Trail of Bits Security Reviews,GITHUB_change_in_active_contributors_monthly,2024-03-01,-4.0
Pyth Network,GITHUB_change_in_full_time_contributors_biannually,2024-03-01,0.0
Pyth Network,GITHUB_change_in_active_contributors_biannually,2024-03-01,-5.0
Remix IDE plugin for Arbitrum Stylus,GITHUB_change_in_new_contributors_biannually,2024-03-01,0.0
Redstone Finance,GITHUB_change_in_full_time_contributors_biannually,2024-03-01,0.0
Syndicate Protocol,GITHUB_change_in_full_time_contributors_quarterly,2024-03-01,0.0
Open Source Observer,GITHUB_change_in_new_contributors_monthly,2024-03-01,-1.0
Open Source Observer,GITHUB_change_in_active_contributors_monthly,2024-03-01,-1.0
Remix IDE plugin for Arbitrum Stylus,GITHUB_change_in_new_contributors_quarterly,2024-03-01,0.0
Debid - Fairblock,GITHUB_change_in_active_contributors_quarterly,2024-03-01,-17.0
Open Source Observer,GITHUB_churned_contributors_biannually,2024-03-01,-4.0
Debid - Fairblock,GITHUB_churned_contributors_monthly,2024-03-01,-34.0
thirdweb,GITHUB_churned_contributors_monthly,2024-03-01,-35.0
Open Source Observer,GITHUB_change_in_new_contributors_quarterly,2024-03-01,-1.0
Debid - Fairblock,GITHUB_churned_contributors_biannually,2024-03-01,-34.0
Runtime Verification,GITHUB_change_in_full_time_contributors_biannually,2024-03-01,0.0
Runtime Verification,GITHUB_change_in_active_contributors_biannually,2024-03-01,-6.0
Pyth Network,GITHUB_churned_contributors_monthly,2024-03-01,-32.0
Syndicate Protocol,GITHUB_change_in_new_contributors_monthly,2024-03-01,0.0
Syndicate Protocol,GITHUB_churned_contributors_monthly,2024-03-01,-1.0
Pyth Network,GITHUB_comments_daily,2024-09-26,14.0
Trail of Bits Security Reviews,GITHUB_comments_daily,2024-09-26,10.0
Walnut,GITHUB_comments_daily,2024-09-26,1.0
Passport XYZ,GITHUB_comments_daily,2024-09-26,6.0
Trail of Bits Security Reviews,GITHUB_commits_daily,2024-09-26,3.0
Enclave,GITHUB_commits_daily,2024-09-26,20.0
thirdweb,GITHUB_commits_daily,2024-09-26,21.0
Runtime Verification,GITHUB_commits_daily,2024-09-26,6.0
Runtime Verification,GITHUB_releases_daily,2024-09-26,6.0
Remix IDE plugin for Arbitrum Stylus,GITHUB_contributors_daily,2024-09-26,1.0
Enclave,GITHUB_contributors_daily,2024-09-26,2.0
Runtime Verification,GITHUB_active_developers_daily,2024-09-26,5.0
Walnut,GITHUB_active_developers_daily,2024-09-26,1.0
Redstone Finance,GITHUB_active_developers_daily,2024-09-26,1.0
Trail of Bits Security Reviews,GITHUB_active_developers_daily,2024-09-26,3.0
Remix IDE plugin for Arbitrum Stylus,GITHUB_active_developers_daily,2024-09-26,1.0
Trail of Bits Security Reviews,GITHUB_opened_pull_requests_daily,2024-09-26,6.0
Open Source Observer,GITHUB_opened_pull_requests_daily,2024-09-26,4.0
Walnut,GITHUB_merged_pull_requests_daily,2024-09-26,1.0
Enclave,GITHUB_merged_pull_requests_daily,2024-09-26,2.0
Pyth Network,GITHUB_merged_pull_requests_daily,2024-09-26,5.0
Runtime Verification,GITHUB_merged_pull_requests_daily,2024-09-26,6.0
Redstone Finance,GITHUB_merged_pull_requests_daily,2024-09-26,1.0
Trail of Bits Security Reviews,GITHUB_stars_daily,2025-03-29,5.0
Pyth Network,GITHUB_stars_daily,2025-03-29,6.0
Trail of Bits Security Reviews,GITHUB_comments_daily,2025-03-29,5.0
Runtime Verification,GITHUB_stars_daily,2025-03-29,1.0
Enclave,GITHUB_commits_daily,2025-03-29,1.0
thirdweb,GITHUB_releases_daily,2025-03-29,2.0
Runtime Verification,GITHUB_repositories_daily,2025-03-29,1.0
Trail of Bits Security Reviews,GITHUB_repositories_daily,2025-03-29,7.0
thirdweb,GITHUB_forks_daily,2025-03-29,3.0
Pyth Network,GITHUB_contributors_daily,2025-03-29,1.0
Enclave,GITHUB_active_developers_daily,2025-03-29,1.0
thirdweb,GITHUB_merged_pull_requests_daily,2025-03-29,5.0
Open Source Observer,GITHUB_closed_issues_daily,2025-03-29,4.0
Open Source Observer,GITHUB_comments_daily,2025-03-14,23.0
Walnut,GITHUB_comments_daily,2025-03-14,1.0
Open Source Observer,GITHUB_commits_daily,2025-03-14,4.0
Runtime Verification,GITHUB_commits_daily,2025-03-14,18.0
thirdweb,GITHUB_commits_daily,2025-03-14,10.0
Trail of Bits Security Reviews,GITHUB_commits_daily,2025-03-14,15.0
Trail of Bits Security Reviews,GITHUB_releases_daily,2025-03-14,1.0
Redstone Finance,GITHUB_forks_daily,2025-03-14,1.0
CodeTracer,GITHUB_forks_daily,2025-03-14,1.0
Open Source Observer,GITHUB_repositories_daily,2025-03-14,3.0
Runtime Verification,GITHUB_repositories_daily,2025-03-14,10.0
Open Source Observer,GITHUB_active_developers_daily,2025-03-14,2.0
Pyth Network,GITHUB_active_developers_daily,2025-03-14,6.0
Runtime Verification,GITHUB_active_developers_daily,2025-03-14,4.0
Redstone Finance,GITHUB_active_developers_daily,2025-03-14,2.0
thirdweb,GITHUB_opened_pull_requests_daily,2025-03-14,6.0
Trail of Bits Security Reviews,GITHUB_opened_pull_requests_daily,2025-03-14,17.0
Walnut,GITHUB_opened_pull_requests_daily,2025-03-14,1.0
Pyth Network,GITHUB_merged_pull_requests_daily,2025-03-14,9.0
Open Source Observer,GITHUB_merged_pull_requests_daily,2025-03-14,4.0
Trail of Bits Security Reviews,GITHUB_merged_pull_requests_daily,2025-03-14,12.0
Runtime Verification,GITHUB_opened_issues_daily,2025-03-14,4.0
Enclave,GITHUB_comments_daily,2024-11-28,6.0
Trail of Bits Security Reviews,GITHUB_comments_daily,2024-11-28,6.0
thirdweb,GITHUB_comments_daily,2024-11-28,28.0
Redstone Finance,GITHUB_comments_daily,2024-11-28,8.0
Walnut,GITHUB_comments_daily,2024-11-28,1.0
Pyth Network,GITHUB_comments_daily,2024-11-28,25.0
Trail of Bits Security Reviews,GITHUB_stars_daily,2024-11-28,11.0
Open Source Observer,GITHUB_commits_daily,2024-11-28,2.0
Walnut,GITHUB_commits_daily,2024-11-28,3.0
Runtime Verification,GITHUB_releases_daily,2024-11-28,3.0
Redstone Finance,GITHUB_releases_daily,2024-11-28,1.0
Redstone Finance,GITHUB_forks_daily,2024-11-28,2.0
thirdweb,GITHUB_forks_daily,2024-11-28,1.0
Runtime Verification,GITHUB_repositories_daily,2024-11-28,5.0
Enclave,GITHUB_repositories_daily,2024-11-28,1.0
Redstone Finance,GITHUB_repositories_daily,2024-11-28,4.0
thirdweb,GITHUB_active_developers_daily,2024-11-28,1.0
Redstone Finance,GITHUB_opened_pull_requests_daily,2024-11-28,3.0
Pyth Network,GITHUB_opened_pull_requests_daily,2024-11-28,7.0
Runtime Verification,GITHUB_merged_pull_requests_daily,2024-11-28,3.0
Enclave,GITHUB_merged_pull_requests_daily,2024-11-28,1.0
Open Source Observer,GITHUB_merged_pull_requests_daily,2024-11-28,2.0
Pyth Network,GITHUB_comments_daily,2024-12-28,2.0
Passport XYZ,GITHUB_stars_daily,2024-12-28,2.0
Pyth Network,GITHUB_commits_daily,2024-12-28,4.0
Solang,GITHUB_forks_daily,2024-12-28,1.0
Redstone Finance,GITHUB_repositories_daily,2024-12-28,1.0
thirdweb,GITHUB_contributors_daily,2024-12-28,4.0
Pyth Network,GITHUB_contributors_daily,2024-12-28,2.0
Trail of Bits Security Reviews,GITHUB_active_developers_daily,2024-12-28,2.0
Pyth Network,GITHUB_active_developers_daily,2024-12-28,1.0
Trail of Bits Security Reviews,GITHUB_opened_pull_requests_daily,2024-12-28,1.0
Redstone Finance,GITHUB_part_time_contributors_quarterly,2024-10-01,11.0
Open Source Observer,GITHUB_active_contributors_quarterly,2024-10-01,36.0
Walnut,GITHUB_active_contributors_quarterly,2024-10-01,5.0
Arbos Foundry,GITHUB_active_contributors_quarterly,2024-10-01,2.0
Enclave,GITHUB_active_contributors_quarterly,2024-10-01,4.0
Solang,GITHUB_active_contributors_quarterly,2024-10-01,3.0
Redstone Finance,GITHUB_new_contributors_quarterly,2024-10-01,6.0
Passport XYZ,GITHUB_releases_biannually,2024-10-01,18.0
Runtime Verification,GITHUB_releases_biannually,2024-10-01,93.0
Runtime Verification,GITHUB_releases_quarterly,2024-10-01,93.0
Redstone Finance,GITHUB_releases_quarterly,2024-10-01,2.0
Trail of Bits Security Reviews,GITHUB_commits_biannually,2024-10-01,333.0
Redstone Finance,GITHUB_commits_biannually,2024-10-01,225.0
Walnut,GITHUB_commits_biannually,2024-10-01,59.0
Enclave,GITHUB_commits_biannually,2024-10-01,36.0
Debid - Fairblock,GITHUB_active_developers_biannually,2024-10-01,5.0
Arbos Foundry,GITHUB_active_developers_biannually,2024-10-01,1.0
Remix IDE plugin for Arbitrum Stylus,GITHUB_active_developers_biannually,2024-10-01,2.0
Trail of Bits Security Reviews,GITHUB_active_developers_biannually,2024-10-01,18.0
Walnut,GITHUB_repositories_quarterly,2024-10-01,5.0
Debid - Fairblock,GITHUB_repositories_quarterly,2024-10-01,10.0
thirdweb,GITHUB_active_developers_quarterly,2024-10-01,13.0
Debid - Fairblock,GITHUB_active_developers_quarterly,2024-10-01,5.0
Passport XYZ,GITHUB_active_developers_quarterly,2024-10-01,6.0
Walnut,GITHUB_active_developers_quarterly,2024-10-01,3.0
Trail of Bits Security Reviews,GITHUB_active_developers_quarterly,2024-10-01,18.0
Walnut,GITHUB_comments_daily,2024-10-01,1.0
Passport XYZ,GITHUB_comments_daily,2024-10-01,16.0
Runtime Verification,GITHUB_forks_monthly,2024-10-01,17.0
Arbos Foundry,GITHUB_part_time_developers_quarterly,2024-10-01,1.0
Runtime Verification,GITHUB_part_time_developers_quarterly,2024-10-01,13.0
Open Source Observer,GITHUB_part_time_developers_quarterly,2024-10-01,22.0
Open Source Observer,GITHUB_stars_biannually,2024-10-01,11.0
Redstone Finance,GITHUB_stars_biannually,2024-10-01,5.0
Trail of Bits Security Reviews,GITHUB_part_time_developers_quarterly,2024-10-01,18.0
Trail of Bits Security Reviews,GITHUB_stars_biannually,2024-10-01,507.0
thirdweb,GITHUB_commits_monthly,2024-10-01,450.0
Runtime Verification,GITHUB_commits_monthly,2024-10-01,304.0
Pyth Network,GITHUB_commits_monthly,2024-10-01,214.0
Remix IDE plugin for Arbitrum Stylus,GITHUB_commits_monthly,2024-10-01,18.0
Arbos Foundry,GITHUB_commits_monthly,2024-10-01,40.0
Remix IDE plugin for Arbitrum Stylus,GITHUB_comments_monthly,2024-10-01,2.0
Redstone Finance,GITHUB_commits_monthly,2024-10-01,225.0
Passport XYZ,GITHUB_commits_monthly,2024-10-01,147.0
Trail of Bits Security Reviews,GITHUB_stars_quarterly,2024-10-01,507.0
Debid - Fairblock,GITHUB_comments_monthly,2024-10-01,19.0
thirdweb,GITHUB_comments_monthly,2024-10-01,2794.0
Runtime Verification,GITHUB_comments_monthly,2024-10-01,151.0
Walnut,GITHUB_stars_quarterly,2024-10-01,1.0
Passport XYZ,GITHUB_stars_quarterly,2024-10-01,63.0
thirdweb,GITHUB_releases_daily,2024-10-01,2.0
Syndicate Protocol,GITHUB_stars_monthly,2024-10-01,1.0
Trail of Bits Security Reviews,GITHUB_stars_monthly,2024-10-01,507.0
Open Source Observer,GITHUB_stars_monthly,2024-10-01,11.0
thirdweb,GITHUB_stars_monthly,2024-10-01,32.0
Runtime Verification,GITHUB_stars_monthly,2024-10-01,28.0
Pyth Network,GITHUB_stars_monthly,2024-10-01,19.0
Runtime Verification,GITHUB_commits_daily,2024-10-01,30.0
Debid - Fairblock,GITHUB_commits_daily,2024-10-01,2.0
Enclave,GITHUB_commits_daily,2024-10-01,12.0
Trail of Bits Security Reviews,GITHUB_releases_monthly,2024-10-01,15.0
Redstone Finance,GITHUB_releases_monthly,2024-10-01,2.0
Runtime Verification,GITHUB_commits_quarterly,2024-10-01,304.0
Trail of Bits Security Reviews,GITHUB_commits_quarterly,2024-10-01,333.0
Walnut,GITHUB_commits_quarterly,2024-10-01,59.0
Remix IDE plugin for Arbitrum Stylus,GITHUB_commits_quarterly,2024-10-01,18.0
Enclave,GITHUB_commits_quarterly,2024-10-01,36.0
Redstone Finance,GITHUB_forks_quarterly,2024-10-01,5.0
Open Source Observer,GITHUB_forks_quarterly,2024-10-01,30.0
Open Source Observer,GITHUB_forks_biannually,2024-10-01,30.0
Runtime Verification,GITHUB_forks_biannually,2024-10-01,17.0
Trail of Bits Security Reviews,GITHUB_forks_biannually,2024-10-01,26.0
thirdweb,GITHUB_repositories_daily,2024-10-01,4.0
Redstone Finance,GITHUB_repositories_daily,2024-10-01,3.0
Trail of Bits Security Reviews,GITHUB_repositories_daily,2024-10-01,14.0
Enclave,GITHUB_repositories_daily,2024-10-01,1.0
Open Source Observer,GITHUB_repositories_daily,2024-10-01,3.0
Passport XYZ,GITHUB_repositories_biannually,2024-10-01,11.0
Syndicate Protocol,GITHUB_repositories_biannually,2024-10-01,1.0
thirdweb,GITHUB_repositories_monthly,2024-10-01,13.0
Passport XYZ,GITHUB_repositories_monthly,2024-10-01,11.0
thirdweb,GITHUB_contributors_daily,2024-10-01,12.0
Debid - Fairblock,GITHUB_contributors_daily,2024-10-01,3.0
Runtime Verification,GITHUB_contributors_daily,2024-10-01,8.0
Walnut,GITHUB_repositories_monthly,2024-10-01,5.0
Redstone Finance,GITHUB_repositories_monthly,2024-10-01,16.0
Open Source Observer,GITHUB_repositories_monthly,2024-10-01,9.0
Trail of Bits Security Reviews,GITHUB_contributors_monthly,2024-10-01,31.0
Open Source Observer,GITHUB_contributors_monthly,2024-10-01,36.0
Enclave,GITHUB_contributors_monthly,2024-10-01,4.0
Passport XYZ,GITHUB_contributors_monthly,2024-10-01,8.0
Solang,GITHUB_contributors_quarterly,2024-10-01,3.0
Pyth Network,GITHUB_contributors_quarterly,2024-10-01,23.0
Debid - Fairblock,GITHUB_contributors_biannually,2024-10-01,23.0
Enclave,GITHUB_contributors_quarterly,2024-10-01,4.0
Remix IDE plugin for Arbitrum Stylus,GITHUB_contributors_quarterly,2024-10-01,4.0
Pyth Network,GITHUB_contributors_biannually,2024-10-01,23.0
Trail of Bits Security Reviews,GITHUB_contributors_biannually,2024-10-01,31.0
Passport XYZ,GITHUB_active_developers_daily,2024-10-01,3.0
Open Source Observer,GITHUB_part_time_developers_monthly,2024-10-01,19.0
Open Source Observer,GITHUB_active_developers_monthly,2024-10-01,22.0
Redstone Finance,GITHUB_active_developers_monthly,2024-10-01,9.0
Passport XYZ,GITHUB_full_time_developers_monthly,2024-10-01,1.0
Passport XYZ,GITHUB_active_developers_monthly,2024-10-01,6.0
Redstone Finance,GITHUB_full_time_developers_monthly,2024-10-01,3.0
Walnut,GITHUB_part_time_developers_biannually,2024-10-01,3.0
Trail of Bits Security Reviews,GITHUB_part_time_developers_biannually,2024-10-01,18.0
Remix IDE plugin for Arbitrum Stylus,GITHUB_part_time_developers_biannually,2024-10-01,2.0
Enclave,GITHUB_part_time_developers_biannually,2024-10-01,4.0
Trail of Bits Security Reviews,GITHUB_part_time_contributors_monthly,2024-10-01,28.0
Pyth Network,GITHUB_full_time_contributors_monthly,2024-10-01,7.0
Runtime Verification,GITHUB_active_contributors_monthly,2024-10-01,27.0
thirdweb,GITHUB_part_time_contributors_monthly,2024-10-01,30.0
Trail of Bits Security Reviews,GITHUB_new_contributors_monthly,2024-10-01,10.0
Open Source Observer,GITHUB_active_contributors_monthly,2024-10-01,36.0
Enclave,GITHUB_part_time_contributors_monthly,2024-10-01,3.0
Arbos Foundry,GITHUB_active_contributors_monthly,2024-10-01,2.0
Pyth Network,GITHUB_part_time_contributors_monthly,2024-10-01,16.0
Solang,GITHUB_part_time_contributors_biannually,2024-10-01,3.0
Passport XYZ,GITHUB_part_time_contributors_biannually,2024-10-01,8.0
Trail of Bits Security Reviews,GITHUB_active_contributors_biannually,2024-10-01,31.0
Runtime Verification,GITHUB_new_contributors_biannually,2024-10-01,6.0
Remix IDE plugin for Arbitrum Stylus,GITHUB_active_contributors_biannually,2024-10-01,4.0
Arbos Foundry,GITHUB_active_contributors_biannually,2024-10-01,2.0
Debid - Fairblock,GITHUB_new_contributors_biannually,2024-10-01,19.0
Remix IDE plugin for Arbitrum Stylus,GITHUB_part_time_contributors_biannually,2024-10-01,4.0
Solang,GITHUB_new_contributors_biannually,2024-10-01,3.0
Remix IDE plugin for Arbitrum Stylus,GITHUB_new_contributors_biannually,2024-10-01,3.0
Passport XYZ,GITHUB_change_in_active_developers_monthly,2024-10-01,-1.0
Solang,GITHUB_change_in_part_time_contributors_monthly,2024-10-01,-1.0
Redstone Finance,GITHUB_change_in_full_time_contributors_monthly,2024-10-01,-1.0
Trail of Bits Security Reviews,GITHUB_change_in_active_developers_monthly,2024-10-01,9.0
Open Source Observer,GITHUB_change_in_full_time_contributors_monthly,2024-10-01,0.0
Arbos Foundry,GITHUB_change_in_active_developers_monthly,2024-10-01,0.0
Walnut,GITHUB_change_in_active_developers_monthly,2024-10-01,2.0
Debid - Fairblock,GITHUB_change_in_full_time_contributors_monthly,2024-10-01,0.0
Remix IDE plugin for Arbitrum Stylus,GITHUB_change_in_part_time_contributors_quarterly,2024-10-01,-2.0
thirdweb,GITHUB_change_in_part_time_contributors_biannually,2024-10-01,12.0
Passport XYZ,GITHUB_change_in_active_developers_biannually,2024-10-01,-1.0
Redstone Finance,GITHUB_change_in_part_time_contributors_biannually,2024-10-01,1.0
thirdweb,GITHUB_change_in_part_time_contributors_quarterly,2024-10-01,12.0
Runtime Verification,GITHUB_change_in_part_time_contributors_quarterly,2024-10-01,2.0
Passport XYZ,GITHUB_opened_pull_requests_monthly,2024-10-01,125.0
Debid - Fairblock,GITHUB_opened_pull_requests_monthly,2024-10-01,45.0
thirdweb,GITHUB_opened_pull_requests_monthly,2024-10-01,438.0
Pyth Network,GITHUB_opened_pull_requests_monthly,2024-10-01,185.0
Remix IDE plugin for Arbitrum Stylus,GITHUB_opened_pull_requests_monthly,2024-10-01,6.0
Solang,GITHUB_opened_pull_requests_monthly,2024-10-01,1.0
Redstone Finance,GITHUB_opened_pull_requests_monthly,2024-10-01,44.0
Debid - Fairblock,GITHUB_opened_pull_requests_quarterly,2024-10-01,45.0
Arbos Foundry,GITHUB_opened_pull_requests_biannually,2024-10-01,1.0
Remix IDE plugin for Arbitrum Stylus,GITHUB_opened_pull_requests_quarterly,2024-10-01,6.0
Enclave,GITHUB_opened_pull_requests_quarterly,2024-10-01,20.0
Runtime Verification,GITHUB_opened_pull_requests_quarterly,2024-10-01,127.0
Redstone Finance,GITHUB_opened_pull_requests_biannually,2024-10-01,44.0
Trail of Bits Security Reviews,GITHUB_opened_pull_requests_biannually,2024-10-01,216.0
Debid - Fairblock,GITHUB_opened_pull_requests_daily,2024-10-01,3.0
Passport XYZ,GITHUB_merged_pull_requests_monthly,2024-10-01,125.0
Trail of Bits Security Reviews,GITHUB_merged_pull_requests_monthly,2024-10-01,186.0
Walnut,GITHUB_merged_pull_requests_monthly,2024-10-01,5.0
Enclave,GITHUB_merged_pull_requests_monthly,2024-10-01,16.0
Passport XYZ,GITHUB_merged_pull_requests_daily,2024-10-01,14.0
Enclave,GITHUB_merged_pull_requests_daily,2024-10-01,4.0
Debid - Fairblock,GITHUB_merged_pull_requests_daily,2024-10-01,2.0
Remix IDE plugin for Arbitrum Stylus,GITHUB_merged_pull_requests_quarterly,2024-10-01,5.0
Pyth Network,GITHUB_merged_pull_requests_quarterly,2024-10-01,157.0
Passport XYZ,GITHUB_merged_pull_requests_biannually,2024-10-01,125.0
Enclave,GITHUB_merged_pull_requests_biannually,2024-10-01,16.0
Runtime Verification,GITHUB_merged_pull_requests_quarterly,2024-10-01,115.0
Trail of Bits Security Reviews,GITHUB_merged_pull_requests_quarterly,2024-10-01,186.0
Redstone Finance,GITHUB_merged_pull_requests_quarterly,2024-10-01,44.0
thirdweb,GITHUB_merged_pull_requests_quarterly,2024-10-01,388.0
Solang,GITHUB_opened_issues_monthly,2024-10-01,2.0
Enclave,GITHUB_opened_issues_quarterly,2024-10-01,28.0
Passport XYZ,GITHUB_opened_issues_quarterly,2024-10-01,36.0
Open Source Observer,GITHUB_opened_issues_quarterly,2024-10-01,93.0
Trail of Bits Security Reviews,GITHUB_opened_issues_quarterly,2024-10-01,13.0
Debid - Fairblock,GITHUB_opened_issues_quarterly,2024-10-01,2.0
thirdweb,GITHUB_opened_issues_quarterly,2024-10-01,14.0
Walnut,GITHUB_opened_issues_quarterly,2024-10-01,1.0
Solang,GITHUB_opened_issues_quarterly,2024-10-01,2.0
Solang,GITHUB_opened_issues_biannually,2024-10-01,2.0
Walnut,GITHUB_opened_issues_biannually,2024-10-01,1.0
Enclave,GITHUB_closed_issues_daily,2024-10-01,2.0
thirdweb,GITHUB_closed_issues_monthly,2024-10-01,8.0
Passport XYZ,GITHUB_closed_issues_quarterly,2024-10-01,74.0
Open Source Observer,GITHUB_closed_issues_quarterly,2024-10-01,97.0
Remix IDE plugin for Arbitrum Stylus,GITHUB_avg_prs_time_to_merge_quarterly,2024-10-01,0.0
Enclave,GITHUB_avg_prs_time_to_merge_quarterly,2024-10-01,0.0
Pyth Network,GITHUB_avg_prs_time_to_merge_quarterly,2024-10-01,0.0
Open Source Observer,GITHUB_avg_prs_time_to_merge_quarterly,2024-10-01,0.0
Runtime Verification,GITHUB_avg_prs_time_to_merge_quarterly,2024-10-01,0.0
Walnut,GITHUB_avg_prs_time_to_merge_quarterly,2024-10-01,0.0
Pyth Network,GITHUB_avg_prs_time_to_merge_biannually,2024-10-01,0.0
Solang,GITHUB_avg_time_to_first_response_biannually,2024-10-01,228827.5
Runtime Verification,GITHUB_avg_time_to_first_response_biannually,2024-10-01,139333.93233082705
Runtime Verification,GITHUB_avg_time_to_first_response_quarterly,2024-10-01,139333.93233082705
Enclave,GITHUB_avg_time_to_first_response_quarterly,2024-10-01,445493.0857142857
Trail of Bits Security Reviews,GITHUB_avg_time_to_first_response_biannually,2024-10-01,388487.0573770492
Remix IDE plugin for Arbitrum Stylus,GITHUB_avg_prs_time_to_merge_biannually,2024-10-01,0.0
Redstone Finance,GITHUB_avg_prs_time_to_merge_biannually,2024-10-01,0.0
Enclave,GITHUB_avg_time_to_first_response_biannually,2024-10-01,445493.0857142857
Remix IDE plugin for Arbitrum Stylus,GITHUB_avg_time_to_first_response_biannually,2024-10-01,176.5
Open Source Observer,GITHUB_avg_time_to_first_response_biannually,2024-10-01,541245.6975088968
Redstone Finance,GITHUB_avg_time_to_first_response_quarterly,2024-10-01,6.214285714285714
Trail of Bits Security Reviews,GITHUB_avg_time_to_first_response_quarterly,2024-10-01,388487.0573770492
Walnut,GITHUB_change_in_active_contributors_monthly,2024-10-01,2.0
Walnut,GITHUB_churned_contributors_monthly,2024-10-01,-1.0
Trail of Bits Security Reviews,GITHUB_change_in_active_contributors_monthly,2024-10-01,9.0
Redstone Finance,GITHUB_change_in_active_contributors_monthly,2024-10-01,1.0
Redstone Finance,GITHUB_churned_contributors_monthly,2024-10-01,-5.0
Trail of Bits Security Reviews,GITHUB_change_in_new_contributors_quarterly,2024-10-01,6.0
Walnut,GITHUB_churned_contributors_quarterly,2024-10-01,-1.0
Trail of Bits Security Reviews,GITHUB_change_in_active_contributors_quarterly,2024-10-01,9.0
Walnut,GITHUB_change_in_active_contributors_quarterly,2024-10-01,2.0
Walnut,GITHUB_change_in_full_time_contributors_quarterly,2024-10-01,0.0
Arbos Foundry,GITHUB_change_in_active_contributors_quarterly,2024-10-01,0.0
Solang,GITHUB_change_in_new_contributors_monthly,2024-10-01,-1.0
Debid - Fairblock,GITHUB_churned_contributors_monthly,2024-10-01,-39.0
Runtime Verification,GITHUB_change_in_new_contributors_monthly,2024-10-01,-3.0
Solang,GITHUB_change_in_new_contributors_quarterly,2024-10-01,-1.0
Pyth Network,GITHUB_change_in_active_contributors_quarterly,2024-10-01,-6.0
Pyth Network,GITHUB_change_in_full_time_contributors_quarterly,2024-10-01,0.0
Pyth Network,GITHUB_churned_contributors_biannually,2024-10-01,-19.0
Passport XYZ,GITHUB_change_in_full_time_contributors_biannually,2024-10-01,0.0
Passport XYZ,GITHUB_churned_contributors_biannually,2024-10-01,-9.0
Debid - Fairblock,GITHUB_change_in_full_time_contributors_biannually,2024-10-01,0.0
thirdweb,GITHUB_change_in_full_time_contributors_biannually,2024-10-01,0.0
thirdweb,GITHUB_change_in_active_contributors_biannually,2024-10-01,12.0
Runtime Verification,GITHUB_churned_contributors_biannually,2024-10-01,-4.0
Remix IDE plugin for Arbitrum Stylus,GITHUB_change_in_active_contributors_biannually,2024-10-01,-2.0
Enclave,GITHUB_change_in_active_contributors_biannually,2024-10-01,0.0
Trail of Bits Security Reviews,GITHUB_change_in_active_contributors_biannually,2024-10-01,9.0
Redstone Finance,GITHUB_change_in_active_contributors_biannually,2024-10-01,1.0
Walnut,GITHUB_change_in_active_contributors_biannually,2024-10-01,2.0
Walnut,GITHUB_churned_contributors_biannually,2024-10-01,-1.0
Arbos Foundry,GITHUB_change_in_active_contributors_biannually,2024-10-01,0.0
Passport XYZ,GITHUB_churned_contributors_monthly,2024-10-01,-9.0
Remix IDE plugin for Arbitrum Stylus,GITHUB_change_in_active_contributors_quarterly,2024-10-01,-2.0
Remix IDE plugin for Arbitrum Stylus,GITHUB_change_in_new_contributors_quarterly,2024-10-01,-2.0
Open Source Observer,GITHUB_change_in_active_contributors_biannually,2024-10-01,-12.0
Open Source Observer,GITHUB_churned_contributors_quarterly,2024-10-01,-43.0
Solang,GITHUB_churned_contributors_quarterly,2024-10-01,-4.0
Debid - Fairblock,GITHUB_change_in_full_time_contributors_quarterly,2024-10-01,0.0
thirdweb,GITHUB_change_in_new_contributors_quarterly,2024-10-01,6.0
Runtime Verification,GITHUB_churned_contributors_quarterly,2024-10-01,-4.0
Trail of Bits Security Reviews,GITHUB_comments_daily,2024-09-03,13.0
Enclave,GITHUB_comments_daily,2024-09-03,3.0
thirdweb,GITHUB_releases_daily,2024-09-03,3.0
Runtime Verification,GITHUB_releases_daily,2024-09-03,10.0
Runtime Verification,GITHUB_stars_daily,2024-09-03,3.0
Pyth Network,GITHUB_stars_daily,2024-09-03,3.0
thirdweb,GITHUB_stars_daily,2024-09-03,2.0
Arbos Foundry,GITHUB_commits_daily,2024-09-03,18.0
Passport XYZ,GITHUB_commits_daily,2024-09-03,2.0
Runtime Verification,GITHUB_commits_daily,2024-09-03,22.0
Redstone Finance,GITHUB_commits_daily,2024-09-03,1.0
Runtime Verification,GITHUB_forks_daily,2024-09-03,1.0
Runtime Verification,GITHUB_repositories_daily,2024-09-03,10.0
Enclave,GITHUB_repositories_daily,2024-09-03,1.0
Redstone Finance,GITHUB_repositories_daily,2024-09-03,3.0
Enclave,GITHUB_contributors_daily,2024-09-03,1.0
Pyth Network,GITHUB_contributors_daily,2024-09-03,5.0
Passport XYZ,GITHUB_contributors_daily,2024-09-03,2.0
Passport XYZ,GITHUB_active_developers_daily,2024-09-03,1.0
Open Source Observer,GITHUB_opened_pull_requests_daily,2024-09-03,10.0
Passport XYZ,GITHUB_opened_pull_requests_daily,2024-09-03,9.0
Redstone Finance,GITHUB_opened_pull_requests_daily,2024-09-03,1.0
Open Source Observer,GITHUB_opened_issues_daily,2024-09-03,2.0
thirdweb,GITHUB_closed_issues_daily,2024-09-03,1.0
Passport XYZ,GITHUB_comments_daily,2024-09-18,4.0
Redstone Finance,GITHUB_commits_daily,2024-09-18,10.0
Runtime Verification,GITHUB_commits_daily,2024-09-18,14.0
Trail of Bits Security Reviews,GITHUB_commits_daily,2024-09-18,6.0
thirdweb,GITHUB_releases_daily,2024-09-18,3.0
Runtime Verification,GITHUB_releases_daily,2024-09-18,7.0
Pyth Network,GITHUB_forks_daily,2024-09-18,2.0
Trail of Bits Security Reviews,GITHUB_forks_daily,2024-09-18,1.0
Pyth Network,GITHUB_repositories_daily,2024-09-18,3.0
Open Source Observer,GITHUB_contributors_daily,2024-09-18,3.0
Pyth Network,GITHUB_contributors_daily,2024-09-18,5.0
Pyth Network,GITHUB_active_developers_daily,2024-09-18,4.0
Trail of Bits Security Reviews,GITHUB_active_developers_daily,2024-09-18,1.0
Redstone Finance,GITHUB_opened_pull_requests_daily,2024-09-18,4.0
Trail of Bits Security Reviews,GITHUB_opened_pull_requests_daily,2024-09-18,2.0
Runtime Verification,GITHUB_opened_pull_requests_daily,2024-09-18,7.0
Passport XYZ,GITHUB_opened_pull_requests_daily,2024-09-18,8.0
Pyth Network,GITHUB_opened_pull_requests_daily,2024-09-18,10.0
Open Source Observer,GITHUB_opened_pull_requests_daily,2024-09-18,6.0
Passport XYZ,GITHUB_merged_pull_requests_daily,2024-09-18,10.0
Passport XYZ,GITHUB_opened_issues_daily,2024-09-18,2.0
Enclave,GITHUB_closed_issues_daily,2024-09-18,1.0
Open Source Observer,GITHUB_closed_issues_daily,2024-09-18,3.0
Passport XYZ,GITHUB_closed_issues_daily,2024-09-18,4.0
Pyth Network,GITHUB_comments_daily,2024-03-14,28.0
thirdweb,GITHUB_comments_daily,2024-03-14,82.0
thirdweb,GITHUB_commits_daily,2024-03-14,18.0
Runtime Verification,GITHUB_releases_daily,2024-03-14,7.0
thirdweb,GITHUB_forks_daily,2024-03-14,1.0
Pyth Network,GITHUB_active_developers_daily,2024-03-14,5.0
Runtime Verification,GITHUB_active_developers_daily,2024-03-14,2.0
Redstone Finance,GITHUB_active_developers_daily,2024-03-14,1.0
Open Source Observer,GITHUB_closed_issues_daily,2024-03-14,2.0
Runtime Verification,GITHUB_merged_pull_requests_daily,2024-03-14,18.0
thirdweb,GITHUB_comments_daily,2025-01-11,18.0
thirdweb,GITHUB_stars_daily,2025-01-11,5.0
Walnut,GITHUB_repositories_daily,2025-01-11,1.0
Open Source Observer,GITHUB_repositories_daily,2025-01-11,2.0
Open Source Observer,GITHUB_contributors_daily,2025-01-11,4.0
9Lives,GITHUB_contributors_daily,2025-01-11,2.0
9Lives,GITHUB_active_developers_daily,2025-01-11,2.0
thirdweb,GITHUB_opened_pull_requests_daily,2025-01-11,2.0
Open Source Observer,GITHUB_closed_issues_daily,2025-01-11,6.0
Passport XYZ,GITHUB_comments_daily,2024-12-05,10.0
Trail of Bits Security Reviews,GITHUB_comments_daily,2024-12-05,17.0
Runtime Verification,GITHUB_comments_daily,2024-12-05,15.0
Walnut,GITHUB_stars_daily,2024-12-05,1.0
Runtime Verification,GITHUB_commits_daily,2024-12-05,12.0
Runtime Verification,GITHUB_releases_daily,2024-12-05,6.0
thirdweb,GITHUB_forks_daily,2024-12-05,3.0
Trail of Bits Security Reviews,GITHUB_forks_daily,2024-12-05,4.0
Open Source Observer,GITHUB_repositories_daily,2024-12-05,4.0
Trail of Bits Security Reviews,GITHUB_repositories_daily,2024-12-05,18.0
Passport XYZ,GITHUB_repositories_daily,2024-12-05,2.0
Open Source Observer,GITHUB_contributors_daily,2024-12-05,4.0
Redstone Finance,GITHUB_active_developers_daily,2024-12-05,3.0
Runtime Verification,GITHUB_active_developers_daily,2024-12-05,4.0
Redstone Finance,GITHUB_opened_pull_requests_daily,2024-12-05,1.0
Walnut,GITHUB_opened_pull_requests_daily,2024-12-05,1.0
Open Source Observer,GITHUB_merged_pull_requests_daily,2024-12-05,2.0
thirdweb,GITHUB_opened_issues_daily,2024-12-05,1.0
Walnut,GITHUB_closed_issues_daily,2024-12-05,1.0
thirdweb,GITHUB_forks_weekly,2024-03-11,18.0
thirdweb,GITHUB_comments_daily,2024-03-11,40.0
Walnut,GITHUB_comments_daily,2024-03-11,4.0
Pyth Network,GITHUB_stars_daily,2024-03-11,1.0
thirdweb,GITHUB_stars_weekly,2024-03-11,10.0
Debid - Fairblock,GITHUB_commits_daily,2024-03-11,1.0
Redstone Finance,GITHUB_commits_daily,2024-03-11,8.0
thirdweb,GITHUB_releases_weekly,2024-03-11,55.0
thirdweb,GITHUB_releases_daily,2024-03-11,2.0
Redstone Finance,GITHUB_commits_weekly,2024-03-11,23.0
Runtime Verification,GITHUB_commits_weekly,2024-03-11,135.0
Debid - Fairblock,GITHUB_commits_weekly,2024-03-11,2.0
Runtime Verification,GITHUB_comments_weekly,2024-03-11,166.0
Trail of Bits Security Reviews,GITHUB_comments_weekly,2024-03-11,71.0
Pyth Network,GITHUB_comments_weekly,2024-03-11,136.0
thirdweb,GITHUB_comments_weekly,2024-03-11,319.0
Trail of Bits Security Reviews,GITHUB_repositories_weekly,2024-03-11,47.0
Pyth Network,GITHUB_repositories_weekly,2024-03-11,11.0
thirdweb,GITHUB_repositories_daily,2024-03-11,6.0
Pyth Network,GITHUB_repositories_daily,2024-03-11,5.0
Open Source Observer,GITHUB_repositories_daily,2024-03-11,2.0
thirdweb,GITHUB_contributors_weekly,2024-03-11,28.0
Walnut,GITHUB_contributors_daily,2024-03-11,2.0
Pyth Network,GITHUB_contributors_daily,2024-03-11,9.0
Redstone Finance,GITHUB_contributors_daily,2024-03-11,3.0
Pyth Network,GITHUB_active_developers_daily,2024-03-11,6.0
Runtime Verification,GITHUB_active_developers_weekly,2024-03-11,13.0
thirdweb,GITHUB_active_developers_weekly,2024-03-11,17.0
thirdweb,GITHUB_opened_pull_requests_daily,2024-03-11,20.0
Pyth Network,GITHUB_opened_pull_requests_daily,2024-03-11,6.0
thirdweb,GITHUB_opened_pull_requests_weekly,2024-03-11,120.0
Runtime Verification,GITHUB_merged_pull_requests_daily,2024-03-11,11.0
Walnut,GITHUB_merged_pull_requests_daily,2024-03-11,1.0
Runtime Verification,GITHUB_opened_issues_weekly,2024-03-11,28.0
thirdweb,GITHUB_closed_issues_weekly,2024-03-11,4.0
Trail of Bits Security Reviews,GITHUB_closed_issues_weekly,2024-03-11,9.0
Trail of Bits Security Reviews,GITHUB_comments_daily,2024-07-24,12.0
Pyth Network,GITHUB_comments_daily,2024-07-24,39.0
Runtime Verification,GITHUB_comments_daily,2024-07-24,17.0
Trail of Bits Security Reviews,GITHUB_commits_daily,2024-07-24,29.0
Walnut,GITHUB_commits_daily,2024-07-24,4.0
thirdweb,GITHUB_commits_daily,2024-07-24,13.0
Pyth Network,GITHUB_forks_daily,2024-07-24,1.0
Trail of Bits Security Reviews,GITHUB_repositories_daily,2024-07-24,13.0
Pyth Network,GITHUB_repositories_daily,2024-07-24,7.0
thirdweb,GITHUB_repositories_daily,2024-07-24,1.0
Walnut,GITHUB_contributors_daily,2024-07-24,2.0
Pyth Network,GITHUB_contributors_daily,2024-07-24,11.0
Passport XYZ,GITHUB_contributors_daily,2024-07-24,4.0
thirdweb,GITHUB_active_developers_daily,2024-07-24,3.0
Runtime Verification,GITHUB_active_developers_daily,2024-07-24,3.0
Open Source Observer,GITHUB_active_developers_daily,2024-07-24,4.0
Walnut,GITHUB_opened_pull_requests_daily,2024-07-24,1.0
Walnut,GITHUB_merged_pull_requests_daily,2024-07-24,1.0
thirdweb,GITHUB_merged_pull_requests_daily,2024-07-24,11.0
Trail of Bits Security Reviews,GITHUB_closed_issues_daily,2024-07-24,2.0
Pyth Network,GITHUB_forks_weekly,2024-02-05,14.0
Trail of Bits Security Reviews,GITHUB_stars_daily,2024-02-05,11.0
thirdweb,GITHUB_commits_daily,2024-02-05,8.0
Trail of Bits Security Reviews,GITHUB_commits_daily,2024-02-05,19.0
Pyth Network,GITHUB_stars_weekly,2024-02-05,17.0
thirdweb,GITHUB_releases_weekly,2024-02-05,29.0
Debid - Fairblock,GITHUB_releases_weekly,2024-02-05,2.0
Remix IDE plugin for Arbitrum Stylus,GITHUB_commits_weekly,2024-02-05,10.0
thirdweb,GITHUB_comments_weekly,2024-02-05,159.0
Remix IDE plugin for Arbitrum Stylus,GITHUB_repositories_daily,2024-02-05,1.0
Pyth Network,GITHUB_repositories_daily,2024-02-05,2.0
Remix IDE plugin for Arbitrum Stylus,GITHUB_repositories_weekly,2024-02-05,1.0
Open Source Observer,GITHUB_repositories_weekly,2024-02-05,3.0
Runtime Verification,GITHUB_repositories_weekly,2024-02-05,19.0
Trail of Bits Security Reviews,GITHUB_contributors_daily,2024-02-05,6.0
Open Source Observer,GITHUB_contributors_daily,2024-02-05,2.0
Trail of Bits Security Reviews,GITHUB_contributors_weekly,2024-02-05,30.0
Runtime Verification,GITHUB_contributors_weekly,2024-02-05,25.0
Redstone Finance,GITHUB_contributors_weekly,2024-02-05,3.0
WakeUp Labs,GITHUB_contributors_weekly,2024-02-05,2.0
Open Source Observer,GITHUB_contributors_weekly,2024-02-05,4.0
thirdweb,GITHUB_contributors_weekly,2024-02-05,24.0
Runtime Verification,GITHUB_active_developers_daily,2024-02-05,4.0
thirdweb,GITHUB_active_developers_weekly,2024-02-05,14.0
Redstone Finance,GITHUB_active_developers_weekly,2024-02-05,3.0
Debid - Fairblock,GITHUB_active_developers_weekly,2024-02-05,1.0
Remix IDE plugin for Arbitrum Stylus,GITHUB_active_developers_weekly,2024-02-05,2.0
Trail of Bits Security Reviews,GITHUB_opened_pull_requests_weekly,2024-02-05,64.0
Open Source Observer,GITHUB_opened_pull_requests_weekly,2024-02-05,17.0
Debid - Fairblock,GITHUB_opened_pull_requests_weekly,2024-02-05,2.0
thirdweb,GITHUB_opened_pull_requests_weekly,2024-02-05,84.0
Runtime Verification,GITHUB_opened_pull_requests_daily,2024-02-05,15.0
Open Source Observer,GITHUB_opened_pull_requests_daily,2024-02-05,1.0
WakeUp Labs,GITHUB_merged_pull_requests_weekly,2024-02-05,2.0
Trail of Bits Security Reviews,GITHUB_merged_pull_requests_weekly,2024-02-05,48.0
thirdweb,GITHUB_merged_pull_requests_daily,2024-02-05,5.0
Open Source Observer,GITHUB_merged_pull_requests_daily,2024-02-05,1.0
Walnut,GITHUB_merged_pull_requests_daily,2024-02-05,1.0
Pyth Network,GITHUB_merged_pull_requests_daily,2024-02-05,2.0
thirdweb,GITHUB_opened_issues_daily,2024-02-05,1.0
Open Source Observer,GITHUB_opened_issues_daily,2024-02-05,3.0
Walnut,GITHUB_opened_issues_daily,2024-02-05,1.0
Runtime Verification,GITHUB_opened_issues_daily,2024-02-05,5.0
thirdweb,GITHUB_opened_issues_weekly,2024-02-05,4.0
Runtime Verification,GITHUB_opened_issues_weekly,2024-02-05,26.0
Walnut,GITHUB_opened_issues_weekly,2024-02-05,4.0
Runtime Verification,GITHUB_closed_issues_daily,2024-02-05,5.0
Trail of Bits Security Reviews,GITHUB_closed_issues_daily,2024-02-05,1.0
Runtime Verification,GITHUB_closed_issues_weekly,2024-02-05,30.0
thirdweb,GITHUB_closed_issues_weekly,2024-02-05,3.0
thirdweb,GITHUB_comments_daily,2024-04-16,59.0
Trail of Bits Security Reviews,GITHUB_comments_daily,2024-04-16,7.0
Trail of Bits Security Reviews,GITHUB_stars_daily,2024-04-16,18.0
Open Source Observer,GITHUB_commits_daily,2024-04-16,6.0
Runtime Verification,GITHUB_releases_daily,2024-04-16,13.0
thirdweb,GITHUB_repositories_daily,2024-04-16,5.0
Open Source Observer,GITHUB_active_developers_daily,2024-04-16,2.0
Open Source Observer,GITHUB_opened_pull_requests_daily,2024-04-16,5.0
Runtime Verification,GITHUB_opened_pull_requests_daily,2024-04-16,15.0
Trail of Bits Security Reviews,GITHUB_opened_pull_requests_daily,2024-04-16,7.0
thirdweb,GITHUB_merged_pull_requests_daily,2024-04-16,20.0
Open Source Observer,GITHUB_merged_pull_requests_daily,2024-04-16,7.0
Pyth Network,GITHUB_merged_pull_requests_daily,2024-04-16,7.0
Runtime Verification,GITHUB_opened_issues_daily,2024-04-16,7.0
Open Source Observer,GITHUB_opened_issues_daily,2024-04-16,6.0
Trail of Bits Security Reviews,GITHUB_commits_daily,2024-02-02,18.0
Pyth Network,GITHUB_commits_daily,2024-02-02,5.0
Runtime Verification,GITHUB_releases_daily,2024-02-02,2.0
thirdweb,GITHUB_releases_daily,2024-02-02,10.0
thirdweb,GITHUB_forks_daily,2024-02-02,1.0
thirdweb,GITHUB_repositories_daily,2024-02-02,4.0
Trail of Bits Security Reviews,GITHUB_repositories_daily,2024-02-02,13.0
Trail of Bits Security Reviews,GITHUB_opened_pull_requests_daily,2024-02-02,10.0
Runtime Verification,GITHUB_opened_pull_requests_daily,2024-02-02,4.0
WakeUp Labs,GITHUB_contributors_daily,2024-02-02,1.0
WakeUp Labs,GITHUB_active_developers_daily,2024-02-02,1.0
Trail of Bits Security Reviews,GITHUB_active_developers_daily,2024-02-02,4.0
Trail of Bits Security Reviews,GITHUB_merged_pull_requests_daily,2024-02-02,9.0
Walnut,GITHUB_comments_daily,2024-06-19,3.0
Runtime Verification,GITHUB_commits_daily,2024-06-19,22.0
Trail of Bits Security Reviews,GITHUB_commits_daily,2024-06-19,24.0
Pyth Network,GITHUB_forks_daily,2024-06-19,1.0
Trail of Bits Security Reviews,GITHUB_forks_daily,2024-06-19,2.0
thirdweb,GITHUB_repositories_daily,2024-06-19,4.0
Passport XYZ,GITHUB_repositories_daily,2024-06-19,1.0
Redstone Finance,GITHUB_repositories_daily,2024-06-19,2.0
Syndicate Protocol,GITHUB_repositories_daily,2024-06-19,1.0
Walnut,GITHUB_contributors_daily,2024-06-19,3.0
Runtime Verification,GITHUB_contributors_daily,2024-06-19,11.0
Open Source Observer,GITHUB_contributors_daily,2024-06-19,3.0
Trail of Bits Security Reviews,GITHUB_contributors_daily,2024-06-19,5.0
thirdweb,GITHUB_contributors_daily,2024-06-19,10.0
Redstone Finance,GITHUB_active_developers_daily,2024-06-19,1.0
Pyth Network,GITHUB_active_developers_daily,2024-06-19,2.0
Walnut,GITHUB_opened_pull_requests_daily,2024-06-19,1.0
Trail of Bits Security Reviews,GITHUB_opened_pull_requests_daily,2024-06-19,4.0
Runtime Verification,GITHUB_merged_pull_requests_daily,2024-06-19,6.0
Pyth Network,GITHUB_merged_pull_requests_daily,2024-06-19,2.0
CoBuilders,GITHUB_comments_daily,2024-12-27,2.0
Trail of Bits Security Reviews,GITHUB_stars_daily,2024-12-27,6.0
Passport XYZ,GITHUB_stars_daily,2024-12-27,2.0
thirdweb,GITHUB_commits_daily,2024-12-27,3.0
Trail of Bits Security Reviews,GITHUB_forks_daily,2024-12-27,2.0
CoBuilders,GITHUB_repositories_daily,2024-12-27,1.0
Walnut,GITHUB_repositories_daily,2024-12-27,1.0
Passport XYZ,GITHUB_repositories_daily,2024-12-27,1.0
thirdweb,GITHUB_contributors_daily,2024-12-27,6.0
Enclave,GITHUB_contributors_daily,2024-12-27,1.0
Redstone Finance,GITHUB_contributors_daily,2024-12-27,1.0
CoBuilders,GITHUB_contributors_daily,2024-12-27,1.0
Open Source Observer,GITHUB_active_developers_daily,2024-12-27,2.0
Redstone Finance,GITHUB_active_developers_daily,2024-12-27,1.0
Enclave,GITHUB_opened_issues_daily,2024-12-27,5.0
Runtime Verification,GITHUB_comments_daily,2025-02-25,4.0
Open Source Observer,GITHUB_comments_daily,2025-02-25,17.0
Passport XYZ,GITHUB_stars_daily,2025-02-25,4.0
CodeTracer,GITHUB_stars_daily,2025-02-25,2.0
Runtime Verification,GITHUB_commits_daily,2025-02-25,1.0
Redstone Finance,GITHUB_commits_daily,2025-02-25,10.0
CodeTracer,GITHUB_commits_daily,2025-02-25,9.0
thirdweb,GITHUB_forks_daily,2025-02-25,1.0
Open Source Observer,GITHUB_forks_daily,2025-02-25,3.0
thirdweb,GITHUB_contributors_daily,2025-02-25,9.0
Pyth Network,GITHUB_contributors_daily,2025-02-25,8.0
9Lives,GITHUB_active_developers_daily,2025-02-25,1.0
Pyth Network,GITHUB_active_developers_daily,2025-02-25,4.0
Walnut,GITHUB_active_developers_daily,2025-02-25,1.0
Pyth Network,GITHUB_opened_pull_requests_daily,2025-02-25,9.0
CodeTracer,GITHUB_opened_pull_requests_daily,2025-02-25,4.0
Walnut,GITHUB_opened_pull_requests_daily,2025-02-25,4.0
Trail of Bits Security Reviews,GITHUB_opened_pull_requests_daily,2025-02-25,5.0
Passport XYZ,GITHUB_merged_pull_requests_daily,2025-02-25,13.0
thirdweb,GITHUB_opened_issues_daily,2025-02-25,1.0
Open Source Observer,GITHUB_opened_issues_daily,2025-02-25,1.0
Passport XYZ,GITHUB_closed_issues_daily,2025-02-25,8.0
Open Source Observer,GITHUB_comments_daily,2025-01-18,16.0
thirdweb,GITHUB_comments_daily,2025-01-18,15.0
9Lives,GITHUB_commits_daily,2025-01-18,1.0
Pyth Network,GITHUB_commits_daily,2025-01-18,1.0
9Lives,GITHUB_stars_daily,2025-01-18,1.0
Solang,GITHUB_stars_daily,2025-01-18,1.0
Trail of Bits Security Reviews,GITHUB_forks_daily,2025-01-18,2.0
Open Source Observer,GITHUB_repositories_daily,2025-01-18,1.0
thirdweb,GITHUB_contributors_daily,2025-01-18,7.0
Open Source Observer,GITHUB_opened_pull_requests_daily,2025-01-18,3.0
Open Source Observer,GITHUB_merged_pull_requests_daily,2025-01-18,4.0
Trail of Bits Security Reviews,GITHUB_opened_issues_daily,2025-01-18,1.0
Open Source Observer,GITHUB_closed_issues_daily,2025-01-18,4.0
Walnut,GITHUB_comments_daily,2024-04-04,2.0
Pyth Network,GITHUB_stars_daily,2024-04-04,1.0
Pyth Network,GITHUB_commits_daily,2024-04-04,8.0
thirdweb,GITHUB_commits_daily,2024-04-04,11.0
thirdweb,GITHUB_repositories_daily,2024-04-04,5.0
Pyth Network,GITHUB_contributors_daily,2024-04-04,6.0
thirdweb,GITHUB_contributors_daily,2024-04-04,8.0
thirdweb,GITHUB_active_developers_daily,2024-04-04,4.0
Open Source Observer,GITHUB_merged_pull_requests_daily,2024-04-04,3.0
Trail of Bits Security Reviews,GITHUB_opened_issues_daily,2024-04-04,1.0
Open Source Observer,GITHUB_opened_issues_daily,2024-04-04,2.0
Trail of Bits Security Reviews,GITHUB_closed_issues_daily,2024-04-04,1.0
Pyth Network,GITHUB_comments_daily,2024-07-06,2.0
Walnut,GITHUB_comments_daily,2024-07-06,1.0
Open Source Observer,GITHUB_commits_daily,2024-07-06,1.0
Runtime Verification,GITHUB_releases_daily,2024-07-06,3.0
Redstone Finance,GITHUB_forks_daily,2024-07-06,1.0
Open Source Observer,GITHUB_repositories_daily,2024-07-06,2.0
Walnut,GITHUB_repositories_daily,2024-07-06,1.0
Open Source Observer,GITHUB_contributors_daily,2024-07-06,1.0
thirdweb,GITHUB_opened_pull_requests_daily,2024-07-06,1.0
Walnut,GITHUB_opened_pull_requests_daily,2024-07-06,1.0
Runtime Verification,GITHUB_comments_daily,2024-12-04,8.0
Trail of Bits Security Reviews,GITHUB_comments_daily,2024-12-04,2.0
Solang,GITHUB_stars_daily,2024-12-04,1.0
Pyth Network,GITHUB_commits_daily,2024-12-04,4.0
Open Source Observer,GITHUB_commits_daily,2024-12-04,12.0
Debid - Fairblock,GITHUB_commits_daily,2024-12-04,2.0
Passport XYZ,GITHUB_releases_daily,2024-12-04,6.0
Runtime Verification,GITHUB_releases_daily,2024-12-04,6.0
Walnut,GITHUB_repositories_daily,2024-12-04,2.0
Debid - Fairblock,GITHUB_repositories_daily,2024-12-04,3.0
Trail of Bits Security Reviews,GITHUB_contributors_daily,2024-12-04,7.0
Runtime Verification,GITHUB_active_developers_daily,2024-12-04,6.0
thirdweb,GITHUB_active_developers_daily,2024-12-04,5.0
Redstone Finance,GITHUB_opened_pull_requests_daily,2024-12-04,2.0
Passport XYZ,GITHUB_merged_pull_requests_daily,2024-12-04,2.0
Redstone Finance,GITHUB_merged_pull_requests_daily,2024-12-04,1.0
Debid - Fairblock,GITHUB_merged_pull_requests_daily,2024-12-04,1.0
Passport XYZ,GITHUB_opened_issues_daily,2024-12-04,16.0
thirdweb,GITHUB_closed_issues_daily,2024-12-04,1.0
Remix IDE plugin for Arbitrum Stylus,GITHUB_releases_daily,2024-05-22,1.0
Walnut,GITHUB_repositories_daily,2024-05-22,3.0
Trail of Bits Security Reviews,GITHUB_repositories_daily,2024-05-22,11.0
Pyth Network,GITHUB_repositories_daily,2024-05-22,6.0
Runtime Verification,GITHUB_contributors_daily,2024-05-22,14.0
Pyth Network,GITHUB_active_developers_daily,2024-05-22,4.0
Trail of Bits Security Reviews,GITHUB_active_developers_daily,2024-05-22,2.0
Runtime Verification,GITHUB_opened_pull_requests_daily,2024-05-22,14.0
Runtime Verification,GITHUB_merged_pull_requests_daily,2024-05-22,12.0
Pyth Network,GITHUB_merged_pull_requests_daily,2024-05-22,8.0
Open Source Observer,GITHUB_opened_issues_daily,2024-05-22,5.0
thirdweb,GITHUB_opened_issues_daily,2024-05-22,2.0
Walnut,GITHUB_closed_issues_daily,2024-05-22,2.0
thirdweb,GITHUB_comments_daily,2024-05-04,44.0
Runtime Verification,GITHUB_comments_daily,2024-05-04,1.0
Pyth Network,GITHUB_comments_daily,2024-05-04,5.0
Pyth Network,GITHUB_stars_daily,2024-05-04,1.0
Pyth Network,GITHUB_commits_daily,2024-05-04,2.0
thirdweb,GITHUB_commits_daily,2024-05-04,10.0
thirdweb,GITHUB_repositories_daily,2024-05-04,3.0
thirdweb,GITHUB_opened_pull_requests_daily,2024-05-04,11.0
Walnut,GITHUB_closed_issues_daily,2024-05-04,1.0
thirdweb,GITHUB_stars_daily,2025-02-08,2.0
Trail of Bits Security Reviews,GITHUB_commits_daily,2025-02-08,1.0
Solang,GITHUB_commits_daily,2025-02-08,1.0
thirdweb,GITHUB_commits_daily,2025-02-08,12.0
thirdweb,GITHUB_forks_daily,2025-02-08,3.0
Walnut,GITHUB_repositories_daily,2025-02-08,1.0
Trail of Bits Security Reviews,GITHUB_repositories_daily,2025-02-08,12.0
Passport XYZ,GITHUB_repositories_daily,2025-02-08,1.0
Solang,GITHUB_contributors_daily,2025-02-08,4.0
Walnut,GITHUB_contributors_daily,2025-02-08,1.0
Trail of Bits Security Reviews,GITHUB_contributors_daily,2025-02-08,3.0
Open Source Observer,GITHUB_contributors_daily,2025-02-08,2.0
Walnut,GITHUB_opened_pull_requests_daily,2025-02-08,2.0
Trail of Bits Security Reviews,GITHUB_merged_pull_requests_daily,2025-02-08,1.0
Open Source Observer,GITHUB_opened_issues_daily,2025-02-08,1.0
Open Source Observer,GITHUB_forks_weekly,2024-06-17,4.0
Pyth Network,GITHUB_forks_weekly,2024-06-17,8.0
Redstone Finance,GITHUB_forks_weekly,2024-06-17,5.0
Debid - Fairblock,GITHUB_forks_weekly,2024-06-17,1.0
Open Source Observer,GITHUB_comments_daily,2024-06-17,20.0
Pyth Network,GITHUB_comments_daily,2024-06-17,17.0
Trail of Bits Security Reviews,GITHUB_stars_daily,2024-06-17,10.0
Pyth Network,GITHUB_stars_daily,2024-06-17,1.0
Walnut,GITHUB_stars_daily,2024-06-17,1.0
Debid - Fairblock,GITHUB_stars_weekly,2024-06-17,1.0
Walnut,GITHUB_commits_daily,2024-06-17,5.0
Pyth Network,GITHUB_releases_weekly,2024-06-17,2.0
thirdweb,GITHUB_releases_weekly,2024-06-17,36.0
Runtime Verification,GITHUB_releases_weekly,2024-06-17,47.0
thirdweb,GITHUB_releases_daily,2024-06-17,25.0
Walnut,GITHUB_commits_weekly,2024-06-17,17.0
Redstone Finance,GITHUB_commits_weekly,2024-06-17,14.0
Arbos Foundry,GITHUB_commits_weekly,2024-06-17,1.0
Arbos Foundry,GITHUB_repositories_weekly,2024-06-17,1.0
Redstone Finance,GITHUB_repositories_weekly,2024-06-17,6.0
Open Source Observer,GITHUB_repositories_weekly,2024-06-17,4.0
Walnut,GITHUB_repositories_weekly,2024-06-17,4.0
Runtime Verification,GITHUB_repositories_daily,2024-06-17,10.0
Walnut,GITHUB_contributors_weekly,2024-06-17,10.0
Enclave,GITHUB_contributors_weekly,2024-06-17,1.0
thirdweb,GITHUB_contributors_weekly,2024-06-17,28.0
Arbos Foundry,GITHUB_contributors_weekly,2024-06-17,1.0
Remix IDE plugin for Arbitrum Stylus,GITHUB_contributors_weekly,2024-06-17,2.0
Open Source Observer,GITHUB_contributors_weekly,2024-06-17,8.0
Open Source Observer,GITHUB_active_developers_weekly,2024-06-17,5.0
Redstone Finance,GITHUB_active_developers_weekly,2024-06-17,2.0
thirdweb,GITHUB_active_developers_weekly,2024-06-17,12.0
Pyth Network,GITHUB_contributors_daily,2024-06-17,6.0
Runtime Verification,GITHUB_contributors_daily,2024-06-17,9.0
Runtime Verification,GITHUB_active_developers_daily,2024-06-17,4.0
Runtime Verification,GITHUB_opened_pull_requests_weekly,2024-06-17,69.0
Passport XYZ,GITHUB_opened_pull_requests_weekly,2024-06-17,6.0
Walnut,GITHUB_opened_pull_requests_weekly,2024-06-17,13.0
Runtime Verification,GITHUB_merged_pull_requests_daily,2024-06-17,8.0
Walnut,GITHUB_merged_pull_requests_daily,2024-06-17,1.0
Pyth Network,GITHUB_merged_pull_requests_weekly,2024-06-17,25.0
Open Source Observer,GITHUB_merged_pull_requests_weekly,2024-06-17,34.0
Open Source Observer,GITHUB_opened_issues_weekly,2024-06-17,34.0
Walnut,GITHUB_opened_issues_weekly,2024-06-17,15.0
Open Source Observer,GITHUB_closed_issues_weekly,2024-06-17,30.0
Runtime Verification,GITHUB_closed_issues_weekly,2024-06-17,9.0
Trail of Bits Security Reviews,GITHUB_closed_issues_daily,2024-06-17,1.0
Open Source Observer,GITHUB_comments_daily,2024-12-02,17.0
Remix IDE plugin for Arbitrum Stylus,GITHUB_forks_weekly,2024-12-02,1.0
Pyth Network,GITHUB_forks_weekly,2024-12-02,6.0
Syndicate Protocol,GITHUB_forks_weekly,2024-12-02,1.0
Walnut,GITHUB_forks_weekly,2024-12-02,2.0
Trail of Bits Security Reviews,GITHUB_forks_weekly,2024-12-02,11.0
Runtime Verification,GITHUB_stars_weekly,2024-12-02,6.0
Passport XYZ,GITHUB_stars_weekly,2024-12-02,18.0
Solang,GITHUB_stars_weekly,2024-12-02,3.0
Sylow,GITHUB_stars_weekly,2024-12-02,1.0
Runtime Verification,GITHUB_stars_daily,2024-12-02,3.0
thirdweb,GITHUB_stars_daily,2024-12-02,5.0
Redstone Finance,GITHUB_commits_daily,2024-12-02,8.0
thirdweb,GITHUB_commits_daily,2024-12-02,16.0
Trail of Bits Security Reviews,GITHUB_commits_daily,2024-12-02,7.0
thirdweb,GITHUB_releases_weekly,2024-12-02,15.0
Trail of Bits Security Reviews,GITHUB_commits_weekly,2024-12-02,69.0
Open Source Observer,GITHUB_commits_weekly,2024-12-02,40.0
Open Source Observer,GITHUB_comments_weekly,2024-12-02,76.0
Remix IDE plugin for Arbitrum Stylus,GITHUB_comments_weekly,2024-12-02,4.0
Enclave,GITHUB_comments_weekly,2024-12-02,28.0
thirdweb,GITHUB_releases_daily,2024-12-02,2.0
Sylow,GITHUB_repositories_weekly,2024-12-02,1.0
thirdweb,GITHUB_repositories_weekly,2024-12-02,12.0
Ember,GITHUB_repositories_weekly,2024-12-02,4.0
Redstone Finance,GITHUB_repositories_daily,2024-12-02,4.0
Trail of Bits Security Reviews,GITHUB_repositories_daily,2024-12-02,11.0
Debid - Fairblock,GITHUB_repositories_daily,2024-12-02,1.0
Moving Stylus,GITHUB_repositories_daily,2024-12-02,1.0
Runtime Verification,GITHUB_contributors_weekly,2024-12-02,16.0
Enclave,GITHUB_contributors_weekly,2024-12-02,2.0
Solang,GITHUB_active_developers_weekly,2024-12-02,1.0
Enclave,GITHUB_active_developers_weekly,2024-12-02,1.0
thirdweb,GITHUB_active_developers_weekly,2024-12-02,8.0
Debid - Fairblock,GITHUB_contributors_daily,2024-12-02,1.0
Passport XYZ,GITHUB_contributors_daily,2024-12-02,2.0
Enclave,GITHUB_contributors_daily,2024-12-02,2.0
Solang,GITHUB_contributors_daily,2024-12-02,1.0
Pyth Network,GITHUB_active_developers_daily,2024-12-02,6.0
Trail of Bits Security Reviews,GITHUB_active_developers_daily,2024-12-02,4.0
Redstone Finance,GITHUB_active_developers_daily,2024-12-02,2.0
Solang,GITHUB_active_developers_daily,2024-12-02,1.0
Debid - Fairblock,GITHUB_opened_pull_requests_weekly,2024-12-02,2.0
Enclave,GITHUB_opened_pull_requests_weekly,2024-12-02,3.0
thirdweb,GITHUB_opened_pull_requests_weekly,2024-12-02,102.0
Open Source Observer,GITHUB_opened_pull_requests_weekly,2024-12-02,24.0
Pyth Network,GITHUB_opened_pull_requests_weekly,2024-12-02,49.0
Enclave,GITHUB_opened_pull_requests_daily,2024-12-02,1.0
Runtime Verification,GITHUB_merged_pull_requests_weekly,2024-12-02,27.0
Enclave,GITHUB_merged_pull_requests_weekly,2024-12-02,1.0
Open Source Observer,GITHUB_merged_pull_requests_weekly,2024-12-02,21.0
Runtime Verification,GITHUB_merged_pull_requests_daily,2024-12-02,3.0
thirdweb,GITHUB_merged_pull_requests_daily,2024-12-02,18.0
Open Source Observer,GITHUB_merged_pull_requests_daily,2024-12-02,6.0
Pyth Network,GITHUB_opened_issues_weekly,2024-12-02,1.0
Enclave,GITHUB_opened_issues_daily,2024-12-02,1.0
Trail of Bits Security Reviews,GITHUB_closed_issues_weekly,2024-12-02,3.0
Runtime Verification,GITHUB_closed_issues_daily,2024-12-02,1.0
Debid - Fairblock,GITHUB_comments_daily,2024-10-15,3.0
Debid - Fairblock,GITHUB_stars_daily,2024-10-15,1.0
Pyth Network,GITHUB_stars_daily,2024-10-15,1.0
thirdweb,GITHUB_commits_daily,2024-10-15,49.0
Redstone Finance,GITHUB_forks_daily,2024-10-15,1.0
Open Source Observer,GITHUB_forks_daily,2024-10-15,3.0
Solang,GITHUB_forks_daily,2024-10-15,1.0
Debid - Fairblock,GITHUB_contributors_daily,2024-10-15,1.0
Remix IDE plugin for Arbitrum Stylus,GITHUB_contributors_daily,2024-10-15,2.0
Runtime Verification,GITHUB_opened_pull_requests_daily,2024-10-15,8.0
Remix IDE plugin for Arbitrum Stylus,GITHUB_opened_pull_requests_daily,2024-10-15,2.0
Pyth Network,GITHUB_opened_pull_requests_daily,2024-10-15,5.0
Runtime Verification,GITHUB_merged_pull_requests_daily,2024-10-15,3.0
thirdweb,GITHUB_merged_pull_requests_daily,2024-10-15,31.0
Enclave,GITHUB_merged_pull_requests_daily,2024-10-15,1.0
Passport XYZ,GITHUB_merged_pull_requests_daily,2024-10-15,8.0
thirdweb,GITHUB_active_developers_daily,2024-10-15,6.0
Redstone Finance,GITHUB_active_developers_daily,2024-10-15,4.0
Open Source Observer,GITHUB_opened_issues_daily,2024-10-15,4.0
Pyth Network,GITHUB_commits_daily,2024-03-20,5.0
Redstone Finance,GITHUB_commits_daily,2024-03-20,5.0
Runtime Verification,GITHUB_commits_daily,2024-03-20,34.0
Trail of Bits Security Reviews,GITHUB_commits_daily,2024-03-20,10.0
Runtime Verification,GITHUB_releases_daily,2024-03-20,7.0
Walnut,GITHUB_repositories_daily,2024-03-20,1.0
thirdweb,GITHUB_repositories_daily,2024-03-20,5.0
Pyth Network,GITHUB_repositories_daily,2024-03-20,3.0
Pyth Network,GITHUB_contributors_daily,2024-03-20,5.0
Trail of Bits Security Reviews,GITHUB_contributors_daily,2024-03-20,7.0
Redstone Finance,GITHUB_active_developers_daily,2024-03-20,2.0
Open Source Observer,GITHUB_opened_pull_requests_daily,2024-03-20,5.0
Trail of Bits Security Reviews,GITHUB_comments_daily,2025-01-24,7.0
Solang,GITHUB_stars_daily,2025-01-24,1.0
Passport XYZ,GITHUB_commits_daily,2025-01-24,4.0
Walnut,GITHUB_commits_daily,2025-01-24,4.0
thirdweb,GITHUB_commits_daily,2025-01-24,15.0
Runtime Verification,GITHUB_commits_daily,2025-01-24,3.0
Walnut,GITHUB_repositories_daily,2025-01-24,2.0
Trail of Bits Security Reviews,GITHUB_repositories_daily,2025-01-24,11.0
Enclave,GITHUB_contributors_daily,2025-01-24,1.0
Open Source Observer,GITHUB_contributors_daily,2025-01-24,4.0
Trail of Bits Security Reviews,GITHUB_active_developers_daily,2025-01-24,2.0
Trail of Bits Security Reviews,GITHUB_opened_pull_requests_daily,2025-01-24,4.0
Runtime Verification,GITHUB_opened_pull_requests_daily,2025-01-24,4.0
thirdweb,GITHUB_opened_pull_requests_daily,2025-01-24,8.0
Open Source Observer,GITHUB_opened_pull_requests_daily,2025-01-24,3.0
Passport XYZ,GITHUB_merged_pull_requests_daily,2025-01-24,2.0
thirdweb,GITHUB_merged_pull_requests_daily,2025-01-24,14.0
Open Source Observer,GITHUB_merged_pull_requests_daily,2025-01-24,4.0
Redstone Finance,GITHUB_merged_pull_requests_daily,2025-01-24,1.0
Open Source Observer,GITHUB_opened_issues_daily,2025-01-24,2.0
Walnut,GITHUB_closed_issues_daily,2025-01-24,2.0
Open Source Observer,GITHUB_comments_daily,2024-05-07,16.0
Trail of Bits Security Reviews,GITHUB_comments_daily,2024-05-07,12.0
thirdweb,GITHUB_commits_daily,2024-05-07,16.0
Trail of Bits Security Reviews,GITHUB_repositories_daily,2024-05-07,15.0
Passport XYZ,GITHUB_repositories_daily,2024-05-07,1.0
Walnut,GITHUB_contributors_daily,2024-05-07,1.0
Open Source Observer,GITHUB_contributors_daily,2024-05-07,5.0
thirdweb,GITHUB_active_developers_daily,2024-05-07,6.0
Passport XYZ,GITHUB_opened_pull_requests_daily,2024-05-07,2.0
thirdweb,GITHUB_opened_pull_requests_daily,2024-05-07,18.0
Redstone Finance,GITHUB_opened_pull_requests_daily,2024-05-07,1.0
Trail of Bits Security Reviews,GITHUB_opened_pull_requests_daily,2024-05-07,8.0
thirdweb,GITHUB_merged_pull_requests_daily,2024-05-07,16.0
Runtime Verification,GITHUB_opened_issues_daily,2024-05-07,2.0
Trail of Bits Security Reviews,GITHUB_closed_issues_daily,2024-05-07,1.0
Open Source Observer,GITHUB_closed_issues_daily,2024-05-07,4.0
thirdweb,GITHUB_closed_issues_daily,2024-05-07,17.0
Solang,GITHUB_forks_weekly,2024-09-30,1.0
Trail of Bits Security Reviews,GITHUB_forks_weekly,2024-09-30,5.0
Open Source Observer,GITHUB_comments_daily,2024-09-30,15.0
Pyth Network,GITHUB_comments_daily,2024-09-30,12.0
Redstone Finance,GITHUB_comments_daily,2024-09-30,5.0
Passport XYZ,GITHUB_comments_daily,2024-09-30,14.0
thirdweb,GITHUB_comments_daily,2024-09-30,184.0
Open Source Observer,GITHUB_stars_weekly,2024-09-30,4.0
Trail of Bits Security Reviews,GITHUB_stars_daily,2024-09-30,11.0
Runtime Verification,GITHUB_releases_weekly,2024-09-30,16.0
Redstone Finance,GITHUB_commits_daily,2024-09-30,4.0
Pyth Network,GITHUB_commits_daily,2024-09-30,2.0
Runtime Verification,GITHUB_commits_weekly,2024-09-30,93.0
Arbos Foundry,GITHUB_commits_weekly,2024-09-30,20.0
Pyth Network,GITHUB_commits_weekly,2024-09-30,28.0
Trail of Bits Security Reviews,GITHUB_comments_weekly,2024-09-30,42.0
Redstone Finance,GITHUB_comments_weekly,2024-09-30,49.0
Pyth Network,GITHUB_comments_weekly,2024-09-30,65.0
Debid - Fairblock,GITHUB_comments_weekly,2024-09-30,13.0
Debid - Fairblock,GITHUB_releases_daily,2024-09-30,1.0
thirdweb,GITHUB_forks_daily,2024-09-30,1.0
Debid - Fairblock,GITHUB_repositories_daily,2024-09-30,1.0
Open Source Observer,GITHUB_repositories_daily,2024-09-30,3.0
Solang,GITHUB_contributors_weekly,2024-09-30,3.0
Redstone Finance,GITHUB_contributors_weekly,2024-09-30,6.0
Runtime Verification,GITHUB_contributors_weekly,2024-09-30,16.0
Enclave,GITHUB_active_developers_weekly,2024-09-30,3.0
Trail of Bits Security Reviews,GITHUB_active_developers_weekly,2024-09-30,9.0
Open Source Observer,GITHUB_active_developers_weekly,2024-09-30,6.0
Redstone Finance,GITHUB_active_developers_weekly,2024-09-30,5.0
Runtime Verification,GITHUB_active_developers_weekly,2024-09-30,8.0
Debid - Fairblock,GITHUB_contributors_daily,2024-09-30,1.0
Enclave,GITHUB_contributors_daily,2024-09-30,1.0
Pyth Network,GITHUB_active_developers_daily,2024-09-30,1.0
Redstone Finance,GITHUB_active_developers_daily,2024-09-30,3.0
Runtime Verification,GITHUB_active_developers_daily,2024-09-30,2.0
Open Source Observer,GITHUB_opened_pull_requests_weekly,2024-09-30,40.0
Trail of Bits Security Reviews,GITHUB_opened_pull_requests_weekly,2024-09-30,56.0
Enclave,GITHUB_opened_pull_requests_weekly,2024-09-30,5.0
thirdweb,GITHUB_opened_pull_requests_daily,2024-09-30,28.0
Debid - Fairblock,GITHUB_opened_pull_requests_daily,2024-09-30,1.0
Redstone Finance,GITHUB_opened_pull_requests_daily,2024-09-30,4.0
Runtime Verification,GITHUB_opened_pull_requests_daily,2024-09-30,5.0
Trail of Bits Security Reviews,GITHUB_merged_pull_requests_weekly,2024-09-30,47.0
thirdweb,GITHUB_merged_pull_requests_weekly,2024-09-30,102.0
Open Source Observer,GITHUB_merged_pull_requests_weekly,2024-09-30,33.0
Trail of Bits Security Reviews,GITHUB_opened_issues_weekly,2024-09-30,2.0
Open Source Observer,GITHUB_opened_issues_weekly,2024-09-30,30.0
Open Source Observer,GITHUB_merged_pull_requests_daily,2024-09-30,1.0
Enclave,GITHUB_merged_pull_requests_daily,2024-09-30,1.0
Passport XYZ,GITHUB_opened_issues_daily,2024-09-30,4.0
Runtime Verification,GITHUB_opened_issues_daily,2024-09-30,1.0
Runtime Verification,GITHUB_closed_issues_weekly,2024-09-30,2.0
Enclave,GITHUB_closed_issues_weekly,2024-09-30,4.0
Passport XYZ,GITHUB_closed_issues_daily,2024-09-30,2.0
Trail of Bits Security Reviews,GITHUB_forks_weekly,2025-03-03,7.0
CodeTracer,GITHUB_forks_weekly,2025-03-03,7.0
Trail of Bits Security Reviews,GITHUB_comments_daily,2025-03-03,2.0
thirdweb,GITHUB_comments_daily,2025-03-03,90.0
Debid - Fairblock,GITHUB_comments_daily,2025-03-03,1.0
thirdweb,GITHUB_commits_daily,2025-03-03,10.0
CodeTracer,GITHUB_releases_weekly,2025-03-03,1.0
Walnut,GITHUB_releases_weekly,2025-03-03,2.0
Walnut,GITHUB_stars_weekly,2025-03-03,1.0
Passport XYZ,GITHUB_commits_weekly,2025-03-03,24.0
Open Source Observer,GITHUB_commits_weekly,2025-03-03,82.0
Solang,GITHUB_commits_weekly,2025-03-03,1.0
Debid - Fairblock,GITHUB_commits_weekly,2025-03-03,6.0
thirdweb,GITHUB_comments_weekly,2025-03-03,310.0
Solang,GITHUB_comments_weekly,2025-03-03,1.0
Debid - Fairblock,GITHUB_comments_weekly,2025-03-03,1.0
Walnut,GITHUB_comments_weekly,2025-03-03,52.0
Pyth Network,GITHUB_comments_weekly,2025-03-03,147.0
thirdweb,GITHUB_forks_daily,2025-03-03,1.0
9Lives,GITHUB_repositories_daily,2025-03-03,1.0
Trail of Bits Security Reviews,GITHUB_repositories_daily,2025-03-03,13.0
Debid - Fairblock,GITHUB_contributors_daily,2025-03-03,1.0
Pyth Network,GITHUB_contributors_weekly,2025-03-03,17.0
CodeTracer,GITHUB_contributors_weekly,2025-03-03,4.0
Pyth Network,GITHUB_active_developers_daily,2025-03-03,4.0
Trail of Bits Security Reviews,GITHUB_active_developers_daily,2025-03-03,3.0
Walnut,GITHUB_active_developers_daily,2025-03-03,2.0
Redstone Finance,GITHUB_active_developers_daily,2025-03-03,2.0
Pyth Network,GITHUB_active_developers_weekly,2025-03-03,10.0
9Lives,GITHUB_active_developers_weekly,2025-03-03,3.0
Debid - Fairblock,GITHUB_active_developers_weekly,2025-03-03,2.0
Runtime Verification,GITHUB_active_developers_weekly,2025-03-03,8.0
Solang,GITHUB_active_developers_weekly,2025-03-03,1.0
Runtime Verification,GITHUB_opened_pull_requests_weekly,2025-03-03,24.0
thirdweb,GITHUB_opened_pull_requests_weekly,2025-03-03,49.0
Runtime Verification,GITHUB_opened_pull_requests_daily,2025-03-03,2.0
Pyth Network,GITHUB_opened_pull_requests_daily,2025-03-03,7.0
Pyth Network,GITHUB_merged_pull_requests_weekly,2025-03-03,37.0
thirdweb,GITHUB_merged_pull_requests_weekly,2025-03-03,44.0
Runtime Verification,GITHUB_merged_pull_requests_weekly,2025-03-03,16.0
Passport XYZ,GITHUB_merged_pull_requests_weekly,2025-03-03,22.0
thirdweb,GITHUB_merged_pull_requests_daily,2025-03-03,10.0
Debid - Fairblock,GITHUB_merged_pull_requests_daily,2025-03-03,1.0
Walnut,GITHUB_merged_pull_requests_daily,2025-03-03,2.0
Trail of Bits Security Reviews,GITHUB_merged_pull_requests_daily,2025-03-03,8.0
Solang,GITHUB_opened_issues_weekly,2025-03-03,3.0
thirdweb,GITHUB_opened_issues_weekly,2025-03-03,3.0
Open Source Observer,GITHUB_closed_issues_weekly,2025-03-03,18.0
Walnut,GITHUB_closed_issues_weekly,2025-03-03,27.0
thirdweb,GITHUB_comments_daily,2024-06-26,177.0
Walnut,GITHUB_comments_daily,2024-06-26,8.0
Open Source Observer,GITHUB_comments_daily,2024-06-26,21.0
Trail of Bits Security Reviews,GITHUB_commits_daily,2024-06-26,13.0
Runtime Verification,GITHUB_commits_daily,2024-06-26,37.0
thirdweb,GITHUB_commits_daily,2024-06-26,24.0
Open Source Observer,GITHUB_commits_daily,2024-06-26,9.0
Pyth Network,GITHUB_releases_daily,2024-06-26,1.0
thirdweb,GITHUB_releases_daily,2024-06-26,2.0
Open Source Observer,GITHUB_repositories_daily,2024-06-26,2.0
Runtime Verification,GITHUB_repositories_daily,2024-06-26,13.0
Walnut,GITHUB_repositories_daily,2024-06-26,2.0
Redstone Finance,GITHUB_contributors_daily,2024-06-26,2.0
Runtime Verification,GITHUB_active_developers_daily,2024-06-26,4.0
Pyth Network,GITHUB_active_developers_daily,2024-06-26,3.0
Trail of Bits Security Reviews,GITHUB_opened_pull_requests_daily,2024-06-26,6.0
Open Source Observer,GITHUB_opened_pull_requests_daily,2024-06-26,12.0
Runtime Verification,GITHUB_opened_pull_requests_daily,2024-06-26,7.0
Walnut,GITHUB_opened_pull_requests_daily,2024-06-26,4.0
thirdweb,GITHUB_merged_pull_requests_daily,2024-06-26,24.0
Runtime Verification,GITHUB_merged_pull_requests_daily,2024-06-26,11.0
thirdweb,GITHUB_opened_issues_daily,2024-06-26,1.0
Trail of Bits Security Reviews,GITHUB_closed_issues_daily,2024-06-26,1.0
Trail of Bits Security Reviews,GITHUB_comments_daily,2024-08-06,9.0
Open Source Observer,GITHUB_comments_daily,2024-08-06,22.0
Walnut,GITHUB_comments_daily,2024-08-06,5.0
Runtime Verification,GITHUB_stars_daily,2024-08-06,1.0
Pyth Network,GITHUB_stars_daily,2024-08-06,3.0
Open Source Observer,GITHUB_commits_daily,2024-08-06,7.0
Debid - Fairblock,GITHUB_commits_daily,2024-08-06,6.0
Runtime Verification,GITHUB_commits_daily,2024-08-06,29.0
thirdweb,GITHUB_forks_daily,2024-08-06,2.0
Pyth Network,GITHUB_repositories_daily,2024-08-06,4.0
Runtime Verification,GITHUB_repositories_daily,2024-08-06,13.0
Arbos Foundry,GITHUB_contributors_daily,2024-08-06,1.0
Passport XYZ,GITHUB_contributors_daily,2024-08-06,3.0
thirdweb,GITHUB_contributors_daily,2024-08-06,15.0
Debid - Fairblock,GITHUB_active_developers_daily,2024-08-06,1.0
Runtime Verification,GITHUB_active_developers_daily,2024-08-06,3.0
Pyth Network,GITHUB_opened_pull_requests_daily,2024-08-06,10.0
Runtime Verification,GITHUB_opened_pull_requests_daily,2024-08-06,19.0
Debid - Fairblock,GITHUB_merged_pull_requests_daily,2024-08-06,1.0
Passport XYZ,GITHUB_merged_pull_requests_daily,2024-08-06,6.0
Trail of Bits Security Reviews,GITHUB_merged_pull_requests_daily,2024-08-06,22.0
Trail of Bits Security Reviews,GITHUB_opened_issues_daily,2024-08-06,1.0
Passport XYZ,GITHUB_opened_issues_daily,2024-08-06,2.0
Passport XYZ,GITHUB_closed_issues_daily,2024-08-06,4.0
Trail of Bits Security Reviews,GITHUB_closed_issues_daily,2024-08-06,1.0
Open Source Observer,GITHUB_comments_daily,2024-09-14,8.0
Trail of Bits Security Reviews,GITHUB_forks_daily,2024-09-14,1.0
Open Source Observer,GITHUB_repositories_daily,2024-09-14,2.0
Enclave,GITHUB_contributors_daily,2024-09-14,1.0
thirdweb,GITHUB_active_developers_daily,2024-09-14,2.0
Trail of Bits Security Reviews,GITHUB_opened_pull_requests_daily,2024-09-14,1.0
thirdweb,GITHUB_merged_pull_requests_daily,2024-09-14,6.0
Pyth Network,GITHUB_commits_daily,2024-03-15,8.0
Syndicate Protocol,GITHUB_stars_daily,2024-03-15,1.0
Trail of Bits Security Reviews,GITHUB_stars_daily,2024-03-15,14.0
Redstone Finance,GITHUB_stars_daily,2024-03-15,1.0
thirdweb,GITHUB_stars_daily,2024-03-15,2.0
thirdweb,GITHUB_forks_daily,2024-03-15,1.0
Redstone Finance,GITHUB_repositories_daily,2024-03-15,2.0
Syndicate Protocol,GITHUB_repositories_daily,2024-03-15,1.0
Redstone Finance,GITHUB_contributors_daily,2024-03-15,1.0
Open Source Observer,GITHUB_contributors_daily,2024-03-15,2.0
Open Source Observer,GITHUB_active_developers_daily,2024-03-15,2.0
Runtime Verification,GITHUB_opened_pull_requests_daily,2024-03-15,14.0
Trail of Bits Security Reviews,GITHUB_merged_pull_requests_daily,2024-03-15,5.0
Runtime Verification,GITHUB_opened_issues_daily,2024-03-15,5.0
Trail of Bits Security Reviews,GITHUB_opened_issues_daily,2024-03-15,2.0
Open Source Observer,GITHUB_closed_issues_daily,2024-03-15,1.0
Syndicate Protocol,GITHUB_commits_daily,2024-03-02,20.0
Runtime Verification,GITHUB_releases_daily,2024-03-02,1.0
Trail of Bits Security Reviews,GITHUB_forks_daily,2024-03-02,1.0
Pyth Network,GITHUB_forks_daily,2024-03-02,1.0
Trail of Bits Security Reviews,GITHUB_repositories_daily,2024-03-02,9.0
Walnut,GITHUB_repositories_daily,2024-03-02,1.0
Runtime Verification,GITHUB_contributors_daily,2024-03-02,3.0
Walnut,GITHUB_closed_issues_daily,2024-03-02,2.0
Runtime Verification,GITHUB_comments_daily,2024-01-30,28.0
WakeUp Labs,GITHUB_comments_daily,2024-01-30,1.0
thirdweb,GITHUB_stars_daily,2024-01-30,1.0
Trail of Bits Security Reviews,GITHUB_stars_daily,2024-01-30,17.0
Syndicate Protocol,GITHUB_commits_daily,2024-01-30,4.0
Pyth Network,GITHUB_commits_daily,2024-01-30,8.0
Trail of Bits Security Reviews,GITHUB_commits_daily,2024-01-30,27.0
Trail of Bits Security Reviews,GITHUB_forks_daily,2024-01-30,6.0
thirdweb,GITHUB_forks_daily,2024-01-30,2.0
Walnut,GITHUB_forks_daily,2024-01-30,1.0
Walnut,GITHUB_active_developers_daily,2024-01-30,1.0
Redstone Finance,GITHUB_active_developers_daily,2024-01-30,3.0
Walnut,GITHUB_opened_pull_requests_daily,2024-01-30,1.0
Redstone Finance,GITHUB_opened_pull_requests_daily,2024-01-30,1.0
Pyth Network,GITHUB_merged_pull_requests_daily,2024-01-30,8.0
Walnut,GITHUB_merged_pull_requests_daily,2024-01-30,1.0
Trail of Bits Security Reviews,GITHUB_merged_pull_requests_daily,2024-01-30,11.0
Open Source Observer,GITHUB_opened_issues_daily,2024-01-30,1.0
Pyth Network,GITHUB_comments_daily,2025-03-12,59.0
Solang,GITHUB_comments_daily,2025-03-12,1.0
Runtime Verification,GITHUB_stars_daily,2025-03-12,2.0
Passport XYZ,GITHUB_commits_daily,2025-03-12,2.0
Runtime Verification,GITHUB_commits_daily,2025-03-12,4.0
thirdweb,GITHUB_repositories_daily,2025-03-12,3.0
Trail of Bits Security Reviews,GITHUB_repositories_daily,2025-03-12,11.0
9Lives,GITHUB_repositories_daily,2025-03-12,1.0
Pyth Network,GITHUB_contributors_daily,2025-03-12,12.0
thirdweb,GITHUB_contributors_daily,2025-03-12,8.0
Runtime Verification,GITHUB_contributors_daily,2025-03-12,8.0
Solang,GITHUB_contributors_daily,2025-03-12,1.0
Trail of Bits Security Reviews,GITHUB_contributors_daily,2025-03-12,5.0
Runtime Verification,GITHUB_active_developers_daily,2025-03-12,3.0
Walnut,GITHUB_opened_pull_requests_daily,2025-03-12,2.0
Runtime Verification,GITHUB_opened_pull_requests_daily,2025-03-12,3.0
thirdweb,GITHUB_merged_pull_requests_daily,2025-03-12,3.0
Redstone Finance,GITHUB_merged_pull_requests_daily,2025-03-12,2.0
Passport XYZ,GITHUB_opened_issues_daily,2025-03-12,2.0
Passport XYZ,GITHUB_closed_issues_daily,2025-03-12,2.0
Pyth Network,GITHUB_stars_daily,2024-03-21,1.0
Runtime Verification,GITHUB_stars_daily,2024-03-21,2.0
Trail of Bits Security Reviews,GITHUB_commits_daily,2024-03-21,19.0
Runtime Verification,GITHUB_releases_daily,2024-03-21,10.0
thirdweb,GITHUB_releases_daily,2024-03-21,13.0
Pyth Network,GITHUB_forks_daily,2024-03-21,1.0
thirdweb,GITHUB_forks_daily,2024-03-21,4.0
Redstone Finance,GITHUB_repositories_daily,2024-03-21,2.0
Open Source Observer,GITHUB_repositories_daily,2024-03-21,1.0
thirdweb,GITHUB_repositories_daily,2024-03-21,5.0
Open Source Observer,GITHUB_active_developers_daily,2024-03-21,1.0
thirdweb,GITHUB_opened_pull_requests_daily,2024-03-21,24.0
Runtime Verification,GITHUB_opened_pull_requests_daily,2024-03-21,16.0
Debid - Fairblock,GITHUB_opened_pull_requests_daily,2024-03-21,2.0
Trail of Bits Security Reviews,GITHUB_opened_pull_requests_daily,2024-03-21,10.0
Open Source Observer,GITHUB_merged_pull_requests_daily,2024-03-21,15.0
Walnut,GITHUB_merged_pull_requests_daily,2024-03-21,6.0
thirdweb,GITHUB_merged_pull_requests_daily,2024-03-21,22.0
thirdweb,GITHUB_opened_issues_daily,2024-03-21,1.0
Open Source Observer,GITHUB_closed_issues_daily,2024-03-21,2.0
Solang,GITHUB_commits_daily,2025-03-08,1.0
Trail of Bits Security Reviews,GITHUB_repositories_daily,2025-03-08,8.0
CodeTracer,GITHUB_repositories_daily,2025-03-08,1.0
Solang,GITHUB_contributors_daily,2025-03-08,1.0
Trail of Bits Security Reviews,GITHUB_contributors_daily,2025-03-08,3.0
thirdweb,GITHUB_active_developers_daily,2025-03-08,1.0
Open Source Observer,GITHUB_opened_pull_requests_daily,2025-03-08,4.0
Solang,GITHUB_forks_weekly,2024-12-23,1.0
Runtime Verification,GITHUB_forks_weekly,2024-12-23,2.0
Walnut,GITHUB_comments_daily,2024-12-23,28.0
thirdweb,GITHUB_comments_daily,2024-12-23,55.0
Open Source Observer,GITHUB_stars_weekly,2024-12-23,1.0
thirdweb,GITHUB_stars_weekly,2024-12-23,11.0
Trail of Bits Security Reviews,GITHUB_commits_weekly,2024-12-23,47.0
Enclave,GITHUB_comments_weekly,2024-12-23,29.0
Trail of Bits Security Reviews,GITHUB_comments_weekly,2024-12-23,31.0
Trail of Bits Security Reviews,GITHUB_repositories_weekly,2024-12-23,39.0
Passport XYZ,GITHUB_repositories_weekly,2024-12-23,3.0
Enclave,GITHUB_repositories_weekly,2024-12-23,1.0
Enclave,GITHUB_repositories_daily,2024-12-23,1.0
Runtime Verification,GITHUB_repositories_daily,2024-12-23,4.0
Runtime Verification,GITHUB_active_developers_weekly,2024-12-23,2.0
thirdweb,GITHUB_contributors_daily,2024-12-23,7.0
Trail of Bits Security Reviews,GITHUB_contributors_daily,2024-12-23,2.0
thirdweb,GITHUB_active_developers_daily,2024-12-23,2.0
Enclave,GITHUB_active_developers_daily,2024-12-23,1.0
Enclave,GITHUB_opened_pull_requests_weekly,2024-12-23,7.0
Trail of Bits Security Reviews,GITHUB_opened_pull_requests_weekly,2024-12-23,41.0
Solang,GITHUB_opened_pull_requests_weekly,2024-12-23,1.0
CoBuilders,GITHUB_opened_pull_requests_weekly,2024-12-23,1.0
Open Source Observer,GITHUB_opened_pull_requests_daily,2024-12-23,1.0
Enclave,GITHUB_merged_pull_requests_weekly,2024-12-23,6.0
Trail of Bits Security Reviews,GITHUB_merged_pull_requests_weekly,2024-12-23,42.0
thirdweb,GITHUB_merged_pull_requests_weekly,2024-12-23,18.0
Trail of Bits Security Reviews,GITHUB_merged_pull_requests_daily,2024-12-23,5.0
thirdweb,GITHUB_opened_issues_weekly,2024-12-23,2.0
Enclave,GITHUB_opened_issues_weekly,2024-12-23,7.0
Trail of Bits Security Reviews,GITHUB_closed_issues_weekly,2024-12-23,1.0
thirdweb,GITHUB_closed_issues_weekly,2024-12-23,4.0
Enclave,GITHUB_stars_daily,2025-01-05,1.0
Trail of Bits Security Reviews,GITHUB_stars_daily,2025-01-05,13.0
thirdweb,GITHUB_repositories_daily,2025-01-05,3.0
Trail of Bits Security Reviews,GITHUB_repositories_daily,2025-01-05,8.0
Trail of Bits Security Reviews,GITHUB_contributors_daily,2025-01-05,2.0
Walnut,GITHUB_active_developers_daily,2025-01-05,1.0
Passport XYZ,GITHUB_opened_pull_requests_daily,2025-01-05,2.0
thirdweb,GITHUB_opened_pull_requests_daily,2025-01-05,2.0
thirdweb,GITHUB_comments_daily,2024-06-14,176.0
Redstone Finance,GITHUB_stars_daily,2024-06-14,1.0
Pyth Network,GITHUB_forks_daily,2024-06-14,2.0
Walnut,GITHUB_repositories_daily,2024-06-14,2.0
Passport XYZ,GITHUB_repositories_daily,2024-06-14,1.0
Open Source Observer,GITHUB_repositories_daily,2024-06-14,2.0
Pyth Network,GITHUB_repositories_daily,2024-06-14,4.0
Runtime Verification,GITHUB_contributors_daily,2024-06-14,9.0
Passport XYZ,GITHUB_contributors_daily,2024-06-14,1.0
Redstone Finance,GITHUB_active_developers_daily,2024-06-14,3.0
thirdweb,GITHUB_opened_issues_daily,2024-06-14,4.0
thirdweb,GITHUB_closed_issues_daily,2024-06-14,2.0
Walnut,GITHUB_comments_daily,2024-03-05,2.0
Runtime Verification,GITHUB_comments_daily,2024-03-05,92.0
Runtime Verification,GITHUB_stars_daily,2024-03-05,1.0
Open Source Observer,GITHUB_commits_daily,2024-03-05,1.0
Redstone Finance,GITHUB_forks_daily,2024-03-05,1.0
Redstone Finance,GITHUB_contributors_daily,2024-03-05,1.0
Walnut,GITHUB_active_developers_daily,2024-03-05,1.0
Syndicate Protocol,GITHUB_active_developers_daily,2024-03-05,1.0
Pyth Network,GITHUB_active_developers_daily,2024-03-05,3.0
thirdweb,GITHUB_opened_pull_requests_daily,2024-03-05,21.0
Runtime Verification,GITHUB_merged_pull_requests_daily,2024-03-05,26.0
Debid - Fairblock,GITHUB_comments_daily,2024-02-23,1.0
Open Source Observer,GITHUB_comments_daily,2024-02-23,12.0
Trail of Bits Security Reviews,GITHUB_stars_daily,2024-02-23,7.0
thirdweb,GITHUB_commits_daily,2024-02-23,12.0
Redstone Finance,GITHUB_commits_daily,2024-02-23,4.0
Redstone Finance,GITHUB_forks_daily,2024-02-23,1.0
Runtime Verification,GITHUB_forks_daily,2024-02-23,1.0
Pyth Network,GITHUB_repositories_daily,2024-02-23,6.0
Trail of Bits Security Reviews,GITHUB_merged_pull_requests_daily,2024-02-23,7.0
Redstone Finance,GITHUB_comments_daily,2024-10-09,1.0
Pyth Network,GITHUB_comments_daily,2024-10-09,20.0
Redstone Finance,GITHUB_commits_daily,2024-10-09,3.0
Pyth Network,GITHUB_repositories_daily,2024-10-09,3.0
Redstone Finance,GITHUB_repositories_daily,2024-10-09,3.0
thirdweb,GITHUB_repositories_daily,2024-10-09,6.0
Enclave,GITHUB_repositories_daily,2024-10-09,1.0
Pyth Network,GITHUB_contributors_daily,2024-10-09,5.0
Enclave,GITHUB_contributors_daily,2024-10-09,1.0
Runtime Verification,GITHUB_contributors_daily,2024-10-09,5.0
Open Source Observer,GITHUB_active_developers_daily,2024-10-09,2.0
Enclave,GITHUB_active_developers_daily,2024-10-09,1.0
Enclave,GITHUB_opened_pull_requests_daily,2024-10-09,1.0
Trail of Bits Security Reviews,GITHUB_merged_pull_requests_daily,2024-10-09,2.0
thirdweb,GITHUB_merged_pull_requests_daily,2024-10-09,21.0
Runtime Verification,GITHUB_merged_pull_requests_daily,2024-10-09,5.0
Enclave,GITHUB_merged_pull_requests_daily,2024-10-09,1.0
Passport XYZ,GITHUB_opened_issues_daily,2024-10-09,4.0
Open Source Observer,GITHUB_closed_issues_daily,2024-10-09,2.0
Enclave,GITHUB_closed_issues_daily,2024-10-09,1.0
thirdweb,GITHUB_stars_daily,2024-07-28,1.0
Debid - Fairblock,GITHUB_stars_daily,2024-07-28,1.0
Trail of Bits Security Reviews,GITHUB_commits_daily,2024-07-28,5.0
Open Source Observer,GITHUB_commits_daily,2024-07-28,4.0
thirdweb,GITHUB_commits_daily,2024-07-28,1.0
Trail of Bits Security Reviews,GITHUB_active_developers_daily,2024-07-28,1.0
thirdweb,GITHUB_active_developers_daily,2024-07-28,1.0
Trail of Bits Security Reviews,GITHUB_contributors_daily,2024-07-28,2.0
Trail of Bits Security Reviews,GITHUB_closed_issues_daily,2024-07-28,1.0
Trail of Bits Security Reviews,GITHUB_stars_daily,2025-04-10,21.0
Walnut,GITHUB_comments_daily,2025-04-10,1.0
Pyth Network,GITHUB_commits_daily,2025-04-10,1.0
Trail of Bits Security Reviews,GITHUB_commits_daily,2025-04-10,1.0
Runtime Verification,GITHUB_releases_daily,2025-04-10,1.0
thirdweb,GITHUB_releases_daily,2025-04-10,9.0
Open Source Observer,GITHUB_repositories_daily,2025-04-10,3.0
Trail of Bits Security Reviews,GITHUB_repositories_daily,2025-04-10,17.0
Walnut,GITHUB_contributors_daily,2025-04-10,2.0
Redstone Finance,GITHUB_contributors_daily,2025-04-10,2.0
Trail of Bits Security Reviews,GITHUB_active_developers_daily,2025-04-10,1.0
CodeTracer,GITHUB_active_developers_daily,2025-04-10,1.0
Pyth Network,GITHUB_active_developers_daily,2025-04-10,1.0
Trail of Bits Security Reviews,GITHUB_opened_pull_requests_daily,2025-04-10,7.0
Pyth Network,GITHUB_opened_pull_requests_daily,2025-04-10,6.0
Open Source Observer,GITHUB_merged_pull_requests_daily,2025-04-10,2.0
thirdweb,GITHUB_opened_issues_daily,2025-04-10,1.0
Runtime Verification,GITHUB_opened_issues_daily,2025-04-10,1.0
thirdweb,GITHUB_closed_issues_daily,2025-04-10,1.0
thirdweb,GITHUB_comments_daily,2024-05-19,34.0
Trail of Bits Security Reviews,GITHUB_comments_daily,2024-05-19,5.0
Runtime Verification,GITHUB_comments_daily,2024-05-19,3.0
Trail of Bits Security Reviews,GITHUB_commits_daily,2024-05-19,32.0
Open Source Observer,GITHUB_repositories_daily,2024-05-19,1.0
Open Source Observer,GITHUB_contributors_daily,2024-05-19,2.0
Runtime Verification,GITHUB_active_developers_daily,2024-05-19,1.0
Trail of Bits Security Reviews,GITHUB_opened_pull_requests_daily,2024-05-19,16.0
thirdweb,GITHUB_opened_pull_requests_daily,2024-05-19,6.0
Runtime Verification,GITHUB_merged_pull_requests_daily,2024-05-19,1.0
Open Source Observer,GITHUB_merged_pull_requests_daily,2024-05-19,1.0
Pyth Network,GITHUB_stars_daily,2025-02-13,1.0
thirdweb,GITHUB_active_developers_daily,2025-02-13,3.0
9Lives,GITHUB_active_developers_daily,2025-02-13,1.0
Pyth Network,GITHUB_active_developers_daily,2025-02-13,2.0
Walnut,GITHUB_active_developers_daily,2025-02-13,1.0
Passport XYZ,GITHUB_active_developers_daily,2025-02-13,1.0
Trail of Bits Security Reviews,GITHUB_contributors_daily,2025-02-13,4.0
Pyth Network,GITHUB_contributors_daily,2025-02-13,4.0
Trail of Bits Security Reviews,GITHUB_forks_daily,2025-02-13,1.0
thirdweb,GITHUB_forks_daily,2025-02-13,3.0
Redstone Finance,GITHUB_repositories_daily,2025-02-13,3.0
Open Source Observer,GITHUB_merged_pull_requests_daily,2025-02-13,8.0
Trail of Bits Security Reviews,GITHUB_merged_pull_requests_daily,2025-02-13,3.0
thirdweb,GITHUB_opened_issues_daily,2025-02-13,1.0
Redstone Finance,GITHUB_comments_daily,2024-12-06,1.0
Runtime Verification,GITHUB_comments_daily,2024-12-06,11.0
Passport XYZ,GITHUB_comments_daily,2024-12-06,6.0
thirdweb,GITHUB_comments_daily,2024-12-06,119.0
Trail of Bits Security Reviews,GITHUB_stars_daily,2024-12-06,8.0
Solang,GITHUB_stars_daily,2024-12-06,1.0
Pyth Network,GITHUB_commits_daily,2024-12-06,11.0
Redstone Finance,GITHUB_commits_daily,2024-12-06,3.0
Trail of Bits Security Reviews,GITHUB_commits_daily,2024-12-06,16.0
Runtime Verification,GITHUB_commits_daily,2024-12-06,8.0
Runtime Verification,GITHUB_releases_daily,2024-12-06,4.0
Walnut,GITHUB_forks_daily,2024-12-06,1.0
Solang,GITHUB_forks_daily,2024-12-06,1.0
Solang,GITHUB_repositories_daily,2024-12-06,1.0
Runtime Verification,GITHUB_repositories_daily,2024-12-06,5.0
Pyth Network,GITHUB_repositories_daily,2024-12-06,4.0
Remix IDE plugin for Arbitrum Stylus,GITHUB_repositories_daily,2024-12-06,1.0
Remix IDE plugin for Arbitrum Stylus,GITHUB_contributors_daily,2024-12-06,1.0
Remix IDE plugin for Arbitrum Stylus,GITHUB_merged_pull_requests_daily,2024-12-06,3.0
Runtime Verification,GITHUB_merged_pull_requests_daily,2024-12-06,4.0
Pyth Network,GITHUB_merged_pull_requests_daily,2024-12-06,9.0
Remix IDE plugin for Arbitrum Stylus,GITHUB_active_developers_daily,2024-12-06,1.0
Walnut,GITHUB_opened_pull_requests_daily,2024-12-06,2.0
Open Source Observer,GITHUB_opened_issues_daily,2024-12-06,10.0
Pyth Network,GITHUB_closed_issues_daily,2024-12-06,1.0
Open Source Observer,GITHUB_comments_daily,2024-08-13,10.0
Runtime Verification,GITHUB_comments_daily,2024-08-13,2.0
Pyth Network,GITHUB_commits_daily,2024-08-13,7.0
Trail of Bits Security Reviews,GITHUB_commits_daily,2024-08-13,13.0
Runtime Verification,GITHUB_releases_daily,2024-08-13,8.0
thirdweb,GITHUB_repositories_daily,2024-08-13,3.0
Trail of Bits Security Reviews,GITHUB_active_developers_daily,2024-08-13,5.0
thirdweb,GITHUB_active_developers_daily,2024-08-13,4.0
thirdweb,GITHUB_opened_pull_requests_daily,2024-08-13,29.0
Trail of Bits Security Reviews,GITHUB_opened_pull_requests_daily,2024-08-13,6.0
Runtime Verification,GITHUB_merged_pull_requests_daily,2024-08-13,8.0
Walnut,GITHUB_opened_issues_daily,2024-08-13,1.0
Runtime Verification,GITHUB_closed_issues_daily,2024-08-13,1.0
Open Source Observer,GITHUB_closed_issues_daily,2024-08-13,2.0
Runtime Verification,GITHUB_comments_daily,2024-02-08,32.0
Pyth Network,GITHUB_comments_daily,2024-02-08,26.0
Trail of Bits Security Reviews,GITHUB_comments_daily,2024-02-08,18.0
Open Source Observer,GITHUB_commits_daily,2024-02-08,8.0
thirdweb,GITHUB_commits_daily,2024-02-08,11.0
Pyth Network,GITHUB_commits_daily,2024-02-08,14.0
Runtime Verification,GITHUB_commits_daily,2024-02-08,18.0
Trail of Bits Security Reviews,GITHUB_releases_daily,2024-02-08,1.0
Pyth Network,GITHUB_releases_daily,2024-02-08,1.0
Pyth Network,GITHUB_forks_daily,2024-02-08,5.0
Open Source Observer,GITHUB_repositories_daily,2024-02-08,3.0
Arbos Foundry,GITHUB_repositories_daily,2024-02-08,1.0
Pyth Network,GITHUB_repositories_daily,2024-02-08,8.0
WakeUp Labs,GITHUB_repositories_daily,2024-02-08,1.0
Arbos Foundry,GITHUB_contributors_daily,2024-02-08,1.0
thirdweb,GITHUB_active_developers_daily,2024-02-08,8.0
Runtime Verification,GITHUB_opened_pull_requests_daily,2024-02-08,9.0
Pyth Network,GITHUB_opened_pull_requests_daily,2024-02-08,13.0
Pyth Network,GITHUB_opened_issues_daily,2024-02-08,1.0
thirdweb,GITHUB_comments_daily,2024-09-27,126.0
Enclave,GITHUB_comments_daily,2024-09-27,1.0
Walnut,GITHUB_comments_daily,2024-09-27,2.0
Pyth Network,GITHUB_comments_daily,2024-09-27,15.0
Solang,GITHUB_stars_daily,2024-09-27,1.0
Passport XYZ,GITHUB_commits_daily,2024-09-27,14.0
thirdweb,GITHUB_forks_daily,2024-09-27,2.0
Trail of Bits Security Reviews,GITHUB_forks_daily,2024-09-27,3.0
Trail of Bits Security Reviews,GITHUB_repositories_daily,2024-09-27,11.0
Solang,GITHUB_repositories_daily,2024-09-27,1.0
Solang,GITHUB_contributors_daily,2024-09-27,1.0
Trail of Bits Security Reviews,GITHUB_contributors_daily,2024-09-27,5.0
Pyth Network,GITHUB_contributors_daily,2024-09-27,3.0
Open Source Observer,GITHUB_contributors_daily,2024-09-27,3.0
thirdweb,GITHUB_contributors_daily,2024-09-27,8.0
Passport XYZ,GITHUB_active_developers_daily,2024-09-27,4.0
Open Source Observer,GITHUB_active_developers_daily,2024-09-27,3.0
Walnut,GITHUB_active_developers_daily,2024-09-27,2.0
Trail of Bits Security Reviews,GITHUB_opened_pull_requests_daily,2024-09-27,11.0
Runtime Verification,GITHUB_opened_pull_requests_daily,2024-09-27,5.0
Solang,GITHUB_opened_pull_requests_daily,2024-09-27,1.0
Passport XYZ,GITHUB_opened_pull_requests_daily,2024-09-27,10.0
Pyth Network,GITHUB_opened_pull_requests_daily,2024-09-27,2.0
thirdweb,GITHUB_merged_pull_requests_daily,2024-09-27,23.0
Trail of Bits Security Reviews,GITHUB_merged_pull_requests_daily,2024-09-27,9.0
Enclave,GITHUB_opened_issues_daily,2024-09-27,1.0
Open Source Observer,GITHUB_opened_issues_daily,2024-09-27,4.0
Passport XYZ,GITHUB_closed_issues_daily,2024-09-27,6.0
Enclave,GITHUB_comments_daily,2024-09-12,2.0
Trail of Bits Security Reviews,GITHUB_stars_daily,2024-09-12,12.0
Trail of Bits Security Reviews,GITHUB_commits_daily,2024-09-12,13.0
Open Source Observer,GITHUB_commits_daily,2024-09-12,8.0
Passport XYZ,GITHUB_commits_daily,2024-09-12,2.0
Debid - Fairblock,GITHUB_contributors_daily,2024-09-12,2.0
Redstone Finance,GITHUB_contributors_daily,2024-09-12,2.0
Trail of Bits Security Reviews,GITHUB_active_developers_daily,2024-09-12,3.0
Pyth Network,GITHUB_active_developers_daily,2024-09-12,5.0
Redstone Finance,GITHUB_opened_pull_requests_daily,2024-09-12,1.0
Trail of Bits Security Reviews,GITHUB_opened_pull_requests_daily,2024-09-12,7.0
Enclave,GITHUB_opened_pull_requests_daily,2024-09-12,2.0
Walnut,GITHUB_opened_pull_requests_daily,2024-09-12,1.0
Trail of Bits Security Reviews,GITHUB_merged_pull_requests_daily,2024-09-12,8.0
Passport XYZ,GITHUB_merged_pull_requests_daily,2024-09-12,2.0
Runtime Verification,GITHUB_opened_issues_daily,2024-09-12,1.0
Passport XYZ,GITHUB_opened_issues_daily,2024-09-12,6.0
Passport XYZ,GITHUB_closed_issues_daily,2024-09-12,2.0
Pyth Network,GITHUB_forks_weekly,2024-08-19,4.0
Open Source Observer,GITHUB_forks_weekly,2024-08-19,1.0
Trail of Bits Security Reviews,GITHUB_comments_daily,2024-08-19,14.0
Runtime Verification,GITHUB_comments_daily,2024-08-19,41.0
Trail of Bits Security Reviews,GITHUB_stars_daily,2024-08-19,16.0
Redstone Finance,GITHUB_stars_weekly,2024-08-19,6.0
Pyth Network,GITHUB_stars_weekly,2024-08-19,6.0
thirdweb,GITHUB_stars_weekly,2024-08-19,12.0
Redstone Finance,GITHUB_commits_daily,2024-08-19,4.0
Pyth Network,GITHUB_commits_daily,2024-08-19,5.0
Debid - Fairblock,GITHUB_releases_weekly,2024-08-19,3.0
Runtime Verification,GITHUB_comments_weekly,2024-08-19,257.0
Passport XYZ,GITHUB_commits_weekly,2024-08-19,24.0
Walnut,GITHUB_comments_weekly,2024-08-19,1.0
Trail of Bits Security Reviews,GITHUB_comments_weekly,2024-08-19,48.0
Trail of Bits Security Reviews,GITHUB_repositories_weekly,2024-08-19,40.0
Open Source Observer,GITHUB_repositories_weekly,2024-08-19,3.0
Pyth Network,GITHUB_repositories_weekly,2024-08-19,9.0
Redstone Finance,GITHUB_repositories_weekly,2024-08-19,6.0
Debid - Fairblock,GITHUB_repositories_daily,2024-08-19,1.0
Runtime Verification,GITHUB_repositories_daily,2024-08-19,11.0
Redstone Finance,GITHUB_repositories_daily,2024-08-19,3.0
Open Source Observer,GITHUB_repositories_daily,2024-08-19,1.0
Trail of Bits Security Reviews,GITHUB_contributors_weekly,2024-08-19,19.0
Walnut,GITHUB_contributors_weekly,2024-08-19,3.0
Passport XYZ,GITHUB_contributors_weekly,2024-08-19,8.0
thirdweb,GITHUB_active_developers_weekly,2024-08-19,7.0
Debid - Fairblock,GITHUB_active_developers_weekly,2024-08-19,1.0
Remix IDE plugin for Arbitrum Stylus,GITHUB_active_developers_weekly,2024-08-19,1.0
Redstone Finance,GITHUB_contributors_daily,2024-08-19,3.0
thirdweb,GITHUB_active_developers_daily,2024-08-19,2.0
Pyth Network,GITHUB_active_developers_daily,2024-08-19,3.0
thirdweb,GITHUB_opened_pull_requests_daily,2024-08-19,15.0
Trail of Bits Security Reviews,GITHUB_opened_pull_requests_weekly,2024-08-19,62.0
Redstone Finance,GITHUB_opened_pull_requests_weekly,2024-08-19,6.0
Walnut,GITHUB_merged_pull_requests_weekly,2024-08-19,2.0
thirdweb,GITHUB_merged_pull_requests_weekly,2024-08-19,99.0
Passport XYZ,GITHUB_merged_pull_requests_weekly,2024-08-19,16.0
Runtime Verification,GITHUB_merged_pull_requests_weekly,2024-08-19,48.0
Pyth Network,GITHUB_merged_pull_requests_weekly,2024-08-19,25.0
Runtime Verification,GITHUB_opened_issues_daily,2024-08-19,1.0
thirdweb,GITHUB_comments_daily,2024-01-31,35.0
Runtime Verification,GITHUB_comments_daily,2024-01-31,46.0
Walnut,GITHUB_comments_daily,2024-01-31,1.0
Pyth Network,GITHUB_comments_daily,2024-01-31,33.0
Walnut,GITHUB_stars_daily,2024-01-31,1.0
Redstone Finance,GITHUB_commits_daily,2024-01-31,4.0
Remix IDE plugin for Arbitrum Stylus,GITHUB_commits_daily,2024-01-31,1.0
Runtime Verification,GITHUB_repositories_daily,2024-01-31,9.0
Walnut,GITHUB_repositories_daily,2024-01-31,1.0
Trail of Bits Security Reviews,GITHUB_contributors_daily,2024-01-31,5.0
Pyth Network,GITHUB_contributors_daily,2024-01-31,6.0
Runtime Verification,GITHUB_active_developers_daily,2024-01-31,2.0
thirdweb,GITHUB_active_developers_daily,2024-01-31,10.0
Syndicate Protocol,GITHUB_active_developers_daily,2024-01-31,1.0
Redstone Finance,GITHUB_active_developers_daily,2024-01-31,1.0
Trail of Bits Security Reviews,GITHUB_opened_issues_daily,2024-01-31,1.0
Pyth Network,GITHUB_opened_issues_daily,2024-01-31,5.0
Runtime Verification,GITHUB_merged_pull_requests_daily,2024-01-31,13.0
Pyth Network,GITHUB_forks_weekly,2024-12-09,5.0
Solang,GITHUB_forks_weekly,2024-12-09,1.0
Open Source Observer,GITHUB_forks_weekly,2024-12-09,2.0
Passport XYZ,GITHUB_forks_weekly,2024-12-09,4.0
Trail of Bits Security Reviews,GITHUB_comments_daily,2024-12-09,4.0
Enclave,GITHUB_stars_daily,2024-12-09,1.0
Solang,GITHUB_stars_daily,2024-12-09,1.0
Passport XYZ,GITHUB_stars_daily,2024-12-09,2.0
Solang,GITHUB_stars_weekly,2024-12-09,2.0
Passport XYZ,GITHUB_stars_weekly,2024-12-09,4.0
Syndicate Protocol,GITHUB_stars_weekly,2024-12-09,2.0
Redstone Finance,GITHUB_commits_daily,2024-12-09,5.0
Passport XYZ,GITHUB_releases_weekly,2024-12-09,10.0
Enclave,GITHUB_commits_weekly,2024-12-09,21.0
Redstone Finance,GITHUB_commits_weekly,2024-12-09,25.0
Solang,GITHUB_commits_weekly,2024-12-09,1.0
Open Source Observer,GITHUB_comments_weekly,2024-12-09,99.0
Runtime Verification,GITHUB_comments_weekly,2024-12-09,79.0
Passport XYZ,GITHUB_comments_weekly,2024-12-09,40.0
Trail of Bits Security Reviews,GITHUB_comments_weekly,2024-12-09,25.0
Debid - Fairblock,GITHUB_repositories_weekly,2024-12-09,3.0
Arbos Foundry,GITHUB_repositories_weekly,2024-12-09,1.0
Moving Stylus,GITHUB_repositories_weekly,2024-12-09,1.0
Solang,GITHUB_repositories_daily,2024-12-09,1.0
Runtime Verification,GITHUB_repositories_daily,2024-12-09,6.0
Walnut,GITHUB_repositories_daily,2024-12-09,1.0
thirdweb,GITHUB_repositories_daily,2024-12-09,2.0
Pyth Network,GITHUB_contributors_weekly,2024-12-09,16.0
Enclave,GITHUB_contributors_weekly,2024-12-09,2.0
thirdweb,GITHUB_contributors_weekly,2024-12-09,24.0
Moving Stylus,GITHUB_contributors_weekly,2024-12-09,1.0
Walnut,GITHUB_contributors_weekly,2024-12-09,6.0
Solang,GITHUB_active_developers_weekly,2024-12-09,1.0
thirdweb,GITHUB_active_developers_weekly,2024-12-09,7.0
Redstone Finance,GITHUB_active_developers_weekly,2024-12-09,4.0
Moving Stylus,GITHUB_active_developers_weekly,2024-12-09,1.0
Ember,GITHUB_active_developers_weekly,2024-12-09,1.0
Debid - Fairblock,GITHUB_active_developers_weekly,2024-12-09,2.0
thirdweb,GITHUB_contributors_daily,2024-12-09,8.0
Trail of Bits Security Reviews,GITHUB_contributors_daily,2024-12-09,10.0
Redstone Finance,GITHUB_contributors_daily,2024-12-09,1.0
thirdweb,GITHUB_active_developers_daily,2024-12-09,3.0
Runtime Verification,GITHUB_opened_pull_requests_daily,2024-12-09,7.0
Open Source Observer,GITHUB_opened_pull_requests_daily,2024-12-09,4.0
Moving Stylus,GITHUB_opened_pull_requests_weekly,2024-12-09,2.0
Solang,GITHUB_opened_pull_requests_weekly,2024-12-09,1.0
Walnut,GITHUB_opened_pull_requests_weekly,2024-12-09,4.0
Runtime Verification,GITHUB_opened_pull_requests_weekly,2024-12-09,31.0
Debid - Fairblock,GITHUB_opened_pull_requests_weekly,2024-12-09,1.0
Passport XYZ,GITHUB_merged_pull_requests_daily,2024-12-09,6.0
Passport XYZ,GITHUB_merged_pull_requests_weekly,2024-12-09,16.0
Redstone Finance,GITHUB_merged_pull_requests_weekly,2024-12-09,2.0
Runtime Verification,GITHUB_merged_pull_requests_weekly,2024-12-09,23.0
Runtime Verification,GITHUB_opened_issues_weekly,2024-12-09,3.0
Debid - Fairblock,GITHUB_opened_issues_weekly,2024-12-09,1.0
Runtime Verification,GITHUB_opened_issues_daily,2024-12-09,1.0
Passport XYZ,GITHUB_comments_daily,2025-01-08,22.0
Trail of Bits Security Reviews,GITHUB_stars_daily,2025-01-08,12.0
Redstone Finance,GITHUB_commits_daily,2025-01-08,5.0
Pyth Network,GITHUB_commits_daily,2025-01-08,6.0
thirdweb,GITHUB_releases_daily,2025-01-08,3.0
Trail of Bits Security Reviews,GITHUB_forks_daily,2025-01-08,2.0
Runtime Verification,GITHUB_repositories_daily,2025-01-08,3.0
Passport XYZ,GITHUB_repositories_daily,2025-01-08,2.0
Open Source Observer,GITHUB_repositories_daily,2025-01-08,3.0
9Lives,GITHUB_repositories_daily,2025-01-08,1.0
Walnut,GITHUB_contributors_daily,2025-01-08,4.0
Open Source Observer,GITHUB_contributors_daily,2025-01-08,3.0
Trail of Bits Security Reviews,GITHUB_active_developers_daily,2025-01-08,3.0
9Lives,GITHUB_active_developers_daily,2025-01-08,2.0
thirdweb,GITHUB_opened_pull_requests_daily,2025-01-08,5.0
Open Source Observer,GITHUB_opened_pull_requests_daily,2025-01-08,6.0
Moving Stylus,GITHUB_merged_pull_requests_daily,2025-01-08,1.0
Open Source Observer,GITHUB_merged_pull_requests_daily,2025-01-08,7.0
thirdweb,GITHUB_opened_issues_daily,2025-01-08,2.0
Runtime Verification,GITHUB_opened_issues_daily,2025-01-08,7.0
Pyth Network,GITHUB_comments_daily,2024-04-09,30.0
Open Source Observer,GITHUB_comments_daily,2024-04-09,14.0
thirdweb,GITHUB_comments_daily,2024-04-09,83.0
Runtime Verification,GITHUB_comments_daily,2024-04-09,21.0
Walnut,GITHUB_comments_daily,2024-04-09,2.0
Walnut,GITHUB_commits_daily,2024-04-09,3.0
Redstone Finance,GITHUB_commits_daily,2024-04-09,6.0
Open Source Observer,GITHUB_commits_daily,2024-04-09,2.0
thirdweb,GITHUB_commits_daily,2024-04-09,26.0
thirdweb,GITHUB_repositories_daily,2024-04-09,7.0
Walnut,GITHUB_repositories_daily,2024-04-09,1.0
Pyth Network,GITHUB_repositories_daily,2024-04-09,4.0
Redstone Finance,GITHUB_active_developers_daily,2024-04-09,2.0
Pyth Network,GITHUB_active_developers_daily,2024-04-09,3.0
Runtime Verification,GITHUB_opened_pull_requests_daily,2024-04-09,12.0
thirdweb,GITHUB_merged_pull_requests_daily,2024-04-09,24.0
Open Source Observer,GITHUB_opened_issues_daily,2024-04-09,5.0
Runtime Verification,GITHUB_opened_issues_daily,2024-04-09,3.0
Walnut,GITHUB_closed_issues_daily,2024-04-09,1.0
Runtime Verification,GITHUB_closed_issues_daily,2024-04-09,3.0
thirdweb,GITHUB_comments_daily,2024-03-13,58.0
thirdweb,GITHUB_commits_daily,2024-03-13,19.0
Pyth Network,GITHUB_forks_daily,2024-03-13,5.0
Debid - Fairblock,GITHUB_repositories_daily,2024-03-13,1.0
Pyth Network,GITHUB_repositories_daily,2024-03-13,11.0
Open Source Observer,GITHUB_repositories_daily,2024-03-13,1.0
Trail of Bits Security Reviews,GITHUB_contributors_daily,2024-03-13,8.0
thirdweb,GITHUB_active_developers_daily,2024-03-13,8.0
Runtime Verification,GITHUB_opened_pull_requests_daily,2024-03-13,21.0
Open Source Observer,GITHUB_opened_pull_requests_daily,2024-03-13,4.0
Trail of Bits Security Reviews,GITHUB_merged_pull_requests_daily,2024-03-13,13.0
Open Source Observer,GITHUB_merged_pull_requests_daily,2024-03-13,3.0
Runtime Verification,GITHUB_closed_issues_daily,2024-03-13,10.0
Trail of Bits Security Reviews,GITHUB_stars_daily,2024-01-03,11.0
thirdweb,GITHUB_commits_daily,2024-01-03,12.0
Debid - Fairblock,GITHUB_repositories_daily,2024-01-03,1.0
Pyth Network,GITHUB_repositories_daily,2024-01-03,4.0
Redstone Finance,GITHUB_contributors_daily,2024-01-03,2.0
Pyth Network,GITHUB_contributors_daily,2024-01-03,4.0
Pyth Network,GITHUB_active_developers_daily,2024-01-03,2.0
thirdweb,GITHUB_opened_pull_requests_daily,2024-01-03,12.0
Open Source Observer,GITHUB_comments_daily,2024-08-11,5.0
Runtime Verification,GITHUB_releases_daily,2024-08-11,1.0
thirdweb,GITHUB_active_developers_daily,2024-08-11,2.0
Runtime Verification,GITHUB_merged_pull_requests_daily,2024-08-11,2.0
CodeTracer,GITHUB_comments_daily,2025-03-23,1.0
Passport XYZ,GITHUB_stars_daily,2025-03-23,1.0
Runtime Verification,GITHUB_repositories_daily,2025-03-23,3.0
CoBuilders,GITHUB_repositories_daily,2025-03-23,1.0
Runtime Verification,GITHUB_contributors_daily,2025-03-23,1.0
CoBuilders,GITHUB_opened_pull_requests_daily,2025-03-23,1.0
Enclave,GITHUB_opened_pull_requests_daily,2025-03-23,1.0
Open Source Observer,GITHUB_merged_pull_requests_daily,2025-03-23,1.0
Trail of Bits Security Reviews,GITHUB_comments_daily,2025-03-15,1.0
Runtime Verification,GITHUB_releases_daily,2025-03-15,2.0
Enclave,GITHUB_repositories_daily,2025-03-15,1.0
thirdweb,GITHUB_repositories_daily,2025-03-15,3.0
Walnut,GITHUB_opened_pull_requests_daily,2025-03-15,1.0
thirdweb,GITHUB_opened_pull_requests_daily,2025-03-15,3.0
Trail of Bits Security Reviews,GITHUB_contributors_daily,2025-03-15,2.0
Open Source Observer,GITHUB_contributors_daily,2025-03-15,2.0
Enclave,GITHUB_contributors_daily,2025-03-15,1.0
Walnut,GITHUB_contributors_daily,2025-03-15,2.0
Runtime Verification,GITHUB_active_developers_daily,2025-03-15,2.0
Enclave,GITHUB_comments_daily,2024-12-31,5.0
thirdweb,GITHUB_comments_daily,2024-12-31,47.0
Solang,GITHUB_stars_daily,2024-12-31,1.0
Pyth Network,GITHUB_stars_daily,2024-12-31,1.0
Redstone Finance,GITHUB_commits_daily,2024-12-31,5.0
Trail of Bits Security Reviews,GITHUB_forks_daily,2024-12-31,1.0
Pyth Network,GITHUB_repositories_daily,2024-12-31,2.0
Passport XYZ,GITHUB_repositories_daily,2024-12-31,2.0
Trail of Bits Security Reviews,GITHUB_repositories_daily,2024-12-31,11.0
Moving Stylus,GITHUB_contributors_daily,2024-12-31,1.0
Open Source Observer,GITHUB_opened_pull_requests_daily,2024-12-31,1.0
Pyth Network,GITHUB_opened_pull_requests_daily,2024-12-31,1.0
Moving Stylus,GITHUB_opened_pull_requests_daily,2024-12-31,1.0
Open Source Observer,GITHUB_merged_pull_requests_daily,2024-12-31,1.0
Trail of Bits Security Reviews,GITHUB_comments_daily,2024-04-13,1.0
Walnut,GITHUB_stars_daily,2024-04-13,1.0
Pyth Network,GITHUB_stars_daily,2024-04-13,1.0
thirdweb,GITHUB_forks_daily,2024-04-13,2.0
Runtime Verification,GITHUB_repositories_daily,2024-04-13,3.0
Walnut,GITHUB_repositories_daily,2024-04-13,1.0
Redstone Finance,GITHUB_active_developers_daily,2024-04-13,2.0
Open Source Observer,GITHUB_active_developers_daily,2024-04-13,1.0
thirdweb,GITHUB_contributors_daily,2024-04-13,4.0
Runtime Verification,GITHUB_contributors_daily,2024-04-13,1.0
Trail of Bits Security Reviews,GITHUB_opened_pull_requests_daily,2024-04-13,2.0
Pyth Network,GITHUB_releases_daily,2025-03-26,1.0
Pyth Network,GITHUB_comments_daily,2025-03-26,18.0
Open Source Observer,GITHUB_stars_daily,2025-03-26,3.0
Trail of Bits Security Reviews,GITHUB_commits_daily,2025-03-26,12.0
thirdweb,GITHUB_repositories_daily,2025-03-26,3.0
Open Source Observer,GITHUB_repositories_daily,2025-03-26,5.0
CoBuilders,GITHUB_repositories_daily,2025-03-26,1.0
Passport XYZ,GITHUB_forks_daily,2025-03-26,1.0
Remix IDE plugin for Arbitrum Stylus,GITHUB_forks_daily,2025-03-26,1.0
CodeTracer,GITHUB_forks_daily,2025-03-26,1.0
Open Source Observer,GITHUB_contributors_daily,2025-03-26,4.0
Trail of Bits Security Reviews,GITHUB_contributors_daily,2025-03-26,6.0
CodeTracer,GITHUB_contributors_daily,2025-03-26,1.0
thirdweb,GITHUB_active_developers_daily,2025-03-26,5.0
Arbos Foundry,GITHUB_active_developers_daily,2025-03-26,1.0
Trail of Bits Security Reviews,GITHUB_active_developers_daily,2025-03-26,4.0
Runtime Verification,GITHUB_active_developers_daily,2025-03-26,1.0
thirdweb,GITHUB_opened_pull_requests_daily,2025-03-26,8.0
Redstone Finance,GITHUB_opened_pull_requests_daily,2025-03-26,2.0
CoBuilders,GITHUB_merged_pull_requests_daily,2025-03-26,3.0
Runtime Verification,GITHUB_merged_pull_requests_daily,2025-03-26,6.0
Enclave,GITHUB_opened_issues_daily,2025-03-26,4.0
Pyth Network,GITHUB_stars_daily,2024-06-25,1.0
Runtime Verification,GITHUB_commits_daily,2024-06-25,28.0
Pyth Network,GITHUB_releases_daily,2024-06-25,1.0
Runtime Verification,GITHUB_forks_daily,2024-06-25,1.0
thirdweb,GITHUB_forks_daily,2024-06-25,3.0
Pyth Network,GITHUB_forks_daily,2024-06-25,9.0
Walnut,GITHUB_repositories_daily,2024-06-25,1.0
Open Source Observer,GITHUB_repositories_daily,2024-06-25,2.0
Debid - Fairblock,GITHUB_contributors_daily,2024-06-25,1.0
thirdweb,GITHUB_contributors_daily,2024-06-25,10.0
Trail of Bits Security Reviews,GITHUB_contributors_daily,2024-06-25,8.0
Redstone Finance,GITHUB_active_developers_daily,2024-06-25,1.0
thirdweb,GITHUB_active_developers_daily,2024-06-25,4.0
Runtime Verification,GITHUB_active_developers_daily,2024-06-25,6.0
Pyth Network,GITHUB_merged_pull_requests_daily,2024-06-25,7.0
thirdweb,GITHUB_merged_pull_requests_daily,2024-06-25,21.0
Open Source Observer,GITHUB_merged_pull_requests_daily,2024-06-25,5.0
Pyth Network,GITHUB_opened_issues_daily,2024-06-25,2.0
thirdweb,GITHUB_comments_daily,2025-02-02,12.0
Walnut,GITHUB_commits_daily,2025-02-02,9.0
thirdweb,GITHUB_commits_daily,2025-02-02,2.0
thirdweb,GITHUB_forks_daily,2025-02-02,2.0
Walnut,GITHUB_repositories_daily,2025-02-02,1.0
Passport XYZ,GITHUB_repositories_daily,2025-02-02,1.0
thirdweb,GITHUB_contributors_daily,2025-02-02,6.0
Open Source Observer,GITHUB_active_developers_daily,2025-02-02,3.0
Pyth Network,GITHUB_active_developers_daily,2025-02-02,1.0
thirdweb,GITHUB_active_developers_daily,2025-02-02,1.0
Redstone Finance,GITHUB_opened_pull_requests_daily,2025-02-02,1.0
Open Source Observer,GITHUB_opened_pull_requests_daily,2025-02-02,7.0
Solang,GITHUB_merged_pull_requests_daily,2025-02-02,4.0
Pyth Network,GITHUB_merged_pull_requests_daily,2025-02-02,2.0
Open Source Observer,GITHUB_opened_issues_daily,2025-02-02,9.0
Passport XYZ,GITHUB_comments_daily,2024-07-17,4.0
Trail of Bits Security Reviews,GITHUB_commits_daily,2024-07-17,16.0
Runtime Verification,GITHUB_stars_daily,2024-07-17,2.0
Pyth Network,GITHUB_releases_daily,2024-07-17,1.0
Redstone Finance,GITHUB_releases_daily,2024-07-17,1.0
Open Source Observer,GITHUB_forks_daily,2024-07-17,1.0
Open Source Observer,GITHUB_repositories_daily,2024-07-17,3.0
Pyth Network,GITHUB_repositories_daily,2024-07-17,7.0
Trail of Bits Security Reviews,GITHUB_repositories_daily,2024-07-17,8.0
Walnut,GITHUB_repositories_daily,2024-07-17,1.0
Redstone Finance,GITHUB_contributors_daily,2024-07-17,3.0
Pyth Network,GITHUB_contributors_daily,2024-07-17,10.0
Open Source Observer,GITHUB_contributors_daily,2024-07-17,3.0
Runtime Verification,GITHUB_active_developers_daily,2024-07-17,6.0
Pyth Network,GITHUB_active_developers_daily,2024-07-17,6.0
Open Source Observer,GITHUB_active_developers_daily,2024-07-17,1.0
Passport XYZ,GITHUB_active_developers_daily,2024-07-17,1.0
Open Source Observer,GITHUB_opened_pull_requests_daily,2024-07-17,3.0
Pyth Network,GITHUB_opened_pull_requests_daily,2024-07-17,15.0
Trail of Bits Security Reviews,GITHUB_merged_pull_requests_daily,2024-07-17,3.0
Pyth Network,GITHUB_merged_pull_requests_daily,2024-07-17,8.0
Open Source Observer,GITHUB_merged_pull_requests_daily,2024-07-17,2.0
Open Source Observer,GITHUB_closed_issues_daily,2024-07-17,1.0
Trail of Bits Security Reviews,GITHUB_closed_issues_daily,2024-07-17,1.0
thirdweb,GITHUB_comments_daily,2025-02-23,16.0
Trail of Bits Security Reviews,GITHUB_comments_daily,2025-02-23,1.0
Runtime Verification,GITHUB_stars_daily,2025-02-23,2.0
Passport XYZ,GITHUB_stars_daily,2025-02-23,6.0
Trail of Bits Security Reviews,GITHUB_commits_daily,2025-02-23,2.0
thirdweb,GITHUB_forks_daily,2025-02-23,1.0
Trail of Bits Security Reviews,GITHUB_repositories_daily,2025-02-23,16.0
Pyth Network,GITHUB_repositories_daily,2025-02-23,2.0
Pyth Network,GITHUB_contributors_daily,2025-02-23,1.0
Redstone Finance,GITHUB_contributors_daily,2025-02-23,2.0
Runtime Verification,GITHUB_contributors_daily,2025-02-23,1.0
thirdweb,GITHUB_opened_pull_requests_daily,2025-02-23,4.0
Pyth Network,GITHUB_merged_pull_requests_daily,2025-02-23,1.0
Trail of Bits Security Reviews,GITHUB_opened_issues_daily,2025-02-23,1.0
Trail of Bits Security Reviews,GITHUB_comments_daily,2025-03-22,16.0
9Lives,GITHUB_comments_daily,2025-03-22,2.0
Open Source Observer,GITHUB_comments_daily,2025-03-22,8.0
9Lives,GITHUB_commits_daily,2025-03-22,3.0
thirdweb,GITHUB_commits_daily,2025-03-22,7.0
Runtime Verification,GITHUB_forks_daily,2025-03-22,1.0
Runtime Verification,GITHUB_contributors_daily,2025-03-22,2.0
Open Source Observer,GITHUB_contributors_daily,2025-03-22,4.0
Pyth Network,GITHUB_active_developers_daily,2025-03-22,1.0
CoBuilders,GITHUB_opened_pull_requests_daily,2025-03-22,1.0
Open Source Observer,GITHUB_opened_pull_requests_daily,2025-03-22,3.0
CoBuilders,GITHUB_merged_pull_requests_daily,2025-03-22,1.0
9Lives,GITHUB_merged_pull_requests_daily,2025-03-22,1.0
Pyth Network,GITHUB_merged_pull_requests_daily,2025-03-22,2.0
Open Source Observer,GITHUB_opened_issues_daily,2025-03-22,3.0
thirdweb,GITHUB_forks_weekly,2024-04-22,24.0
Debid - Fairblock,GITHUB_stars_daily,2024-04-22,1.0
thirdweb,GITHUB_stars_daily,2024-04-22,6.0
Redstone Finance,GITHUB_stars_weekly,2024-04-22,11.0
Pyth Network,GITHUB_stars_weekly,2024-04-22,14.0
thirdweb,GITHUB_stars_weekly,2024-04-22,25.0
Open Source Observer,GITHUB_commits_daily,2024-04-22,3.0
Runtime Verification,GITHUB_commits_daily,2024-04-22,18.0
thirdweb,GITHUB_commits_daily,2024-04-22,15.0
Debid - Fairblock,GITHUB_releases_weekly,2024-04-22,1.0
Syndicate Protocol,GITHUB_releases_weekly,2024-04-22,1.0
Pyth Network,GITHUB_releases_weekly,2024-04-22,7.0
thirdweb,GITHUB_commits_weekly,2024-04-22,76.0
Trail of Bits Security Reviews,GITHUB_comments_weekly,2024-04-22,54.0
thirdweb,GITHUB_comments_weekly,2024-04-22,311.0
Walnut,GITHUB_repositories_weekly,2024-04-22,1.0
Runtime Verification,GITHUB_repositories_weekly,2024-04-22,16.0
Redstone Finance,GITHUB_repositories_weekly,2024-04-22,13.0
thirdweb,GITHUB_repositories_weekly,2024-04-22,15.0
Debid - Fairblock,GITHUB_repositories_daily,2024-04-22,1.0
Redstone Finance,GITHUB_contributors_weekly,2024-04-22,4.0
Runtime Verification,GITHUB_contributors_weekly,2024-04-22,22.0
Arbos Foundry,GITHUB_contributors_weekly,2024-04-22,1.0
thirdweb,GITHUB_contributors_weekly,2024-04-22,20.0
Open Source Observer,GITHUB_contributors_weekly,2024-04-22,6.0
Syndicate Protocol,GITHUB_active_developers_weekly,2024-04-22,2.0
Redstone Finance,GITHUB_active_developers_weekly,2024-04-22,4.0
thirdweb,GITHUB_active_developers_weekly,2024-04-22,15.0
Open Source Observer,GITHUB_active_developers_weekly,2024-04-22,5.0
Open Source Observer,GITHUB_contributors_daily,2024-04-22,2.0
Trail of Bits Security Reviews,GITHUB_contributors_daily,2024-04-22,6.0
Runtime Verification,GITHUB_contributors_daily,2024-04-22,8.0
Walnut,GITHUB_contributors_daily,2024-04-22,2.0
thirdweb,GITHUB_active_developers_daily,2024-04-22,7.0
Redstone Finance,GITHUB_active_developers_daily,2024-04-22,2.0
Pyth Network,GITHUB_opened_pull_requests_daily,2024-04-22,16.0
Walnut,GITHUB_opened_pull_requests_weekly,2024-04-22,5.0
Runtime Verification,GITHUB_opened_pull_requests_weekly,2024-04-22,56.0
Runtime Verification,GITHUB_merged_pull_requests_daily,2024-04-22,4.0
thirdweb,GITHUB_merged_pull_requests_daily,2024-04-22,15.0
Syndicate Protocol,GITHUB_merged_pull_requests_weekly,2024-04-22,1.0
Walnut,GITHUB_merged_pull_requests_weekly,2024-04-22,4.0
Pyth Network,GITHUB_merged_pull_requests_weekly,2024-04-22,49.0
Open Source Observer,GITHUB_opened_issues_weekly,2024-04-22,25.0
Walnut,GITHUB_opened_issues_daily,2024-04-22,1.0
Runtime Verification,GITHUB_opened_issues_daily,2024-04-22,2.0
Trail of Bits Security Reviews,GITHUB_opened_issues_daily,2024-04-22,1.0
Pyth Network,GITHUB_closed_issues_weekly,2024-04-22,2.0
Open Source Observer,GITHUB_closed_issues_weekly,2024-04-22,18.0
Open Source Observer,GITHUB_closed_issues_daily,2024-04-22,3.0
Trail of Bits Security Reviews,GITHUB_comments_daily,2025-04-13,14.0
CodeTracer,GITHUB_stars_daily,2025-04-13,1.0
thirdweb,GITHUB_releases_daily,2025-04-13,2.0
CodeTracer,GITHUB_repositories_daily,2025-04-13,1.0
Open Source Observer,GITHUB_contributors_daily,2025-04-13,1.0
Open Source Observer,GITHUB_opened_pull_requests_daily,2025-04-13,1.0
thirdweb,GITHUB_opened_pull_requests_daily,2025-04-13,6.0
Trail of Bits Security Reviews,GITHUB_merged_pull_requests_daily,2025-04-13,12.0
thirdweb,GITHUB_forks_daily,2025-02-09,5.0
Redstone Finance,GITHUB_repositories_daily,2025-02-09,1.0
Walnut,GITHUB_repositories_daily,2025-02-09,1.0
Trail of Bits Security Reviews,GITHUB_repositories_daily,2025-02-09,11.0
Pyth Network,GITHUB_repositories_daily,2025-02-09,2.0
Walnut,GITHUB_contributors_daily,2025-02-09,2.0
thirdweb,GITHUB_contributors_daily,2025-02-09,3.0
Trail of Bits Security Reviews,GITHUB_active_developers_daily,2025-02-09,2.0
Trail of Bits Security Reviews,GITHUB_merged_pull_requests_daily,2025-02-09,5.0
Pyth Network,GITHUB_merged_pull_requests_daily,2025-02-09,2.0
Walnut,GITHUB_opened_issues_daily,2025-02-09,10.0
Trail of Bits Security Reviews,GITHUB_closed_issues_daily,2025-02-09,1.0
Walnut,GITHUB_comments_daily,2025-02-19,6.0
Runtime Verification,GITHUB_comments_daily,2025-02-19,8.0
Pyth Network,GITHUB_comments_daily,2025-02-19,50.0
thirdweb,GITHUB_commits_daily,2025-02-19,10.0
Redstone Finance,GITHUB_commits_daily,2025-02-19,15.0
Passport XYZ,GITHUB_forks_daily,2025-02-19,2.0
thirdweb,GITHUB_forks_daily,2025-02-19,1.0
Pyth Network,GITHUB_repositories_daily,2025-02-19,5.0
Walnut,GITHUB_repositories_daily,2025-02-19,2.0
Runtime Verification,GITHUB_contributors_daily,2025-02-19,10.0
Passport XYZ,GITHUB_active_developers_daily,2025-02-19,1.0
Walnut,GITHUB_active_developers_daily,2025-02-19,1.0
Redstone Finance,GITHUB_active_developers_daily,2025-02-19,4.0
Passport XYZ,GITHUB_opened_pull_requests_daily,2025-02-19,4.0
Passport XYZ,GITHUB_merged_pull_requests_daily,2025-02-19,2.0
Walnut,GITHUB_merged_pull_requests_daily,2025-02-19,3.0
Open Source Observer,GITHUB_comments_daily,2024-03-27,16.0
Trail of Bits Security Reviews,GITHUB_stars_daily,2024-03-27,13.0
Redstone Finance,GITHUB_active_developers_daily,2024-03-27,1.0
Debid - Fairblock,GITHUB_opened_pull_requests_daily,2024-03-27,1.0
Trail of Bits Security Reviews,GITHUB_merged_pull_requests_daily,2024-03-27,1.0
Pyth Network,GITHUB_merged_pull_requests_daily,2024-03-27,9.0
thirdweb,GITHUB_merged_pull_requests_daily,2024-03-27,17.0
Pyth Network,GITHUB_opened_issues_daily,2024-03-27,1.0
thirdweb,GITHUB_closed_issues_daily,2024-03-27,1.0
Runtime Verification,GITHUB_comments_daily,2025-02-18,7.0
Passport XYZ,GITHUB_comments_daily,2025-02-18,6.0
Open Source Observer,GITHUB_comments_daily,2025-02-18,20.0
Pyth Network,GITHUB_commits_daily,2025-02-18,16.0
thirdweb,GITHUB_commits_daily,2025-02-18,9.0
thirdweb,GITHUB_forks_daily,2025-02-18,2.0
Pyth Network,GITHUB_repositories_daily,2025-02-18,4.0
Runtime Verification,GITHUB_contributors_daily,2025-02-18,11.0
Redstone Finance,GITHUB_contributors_daily,2025-02-18,5.0
Redstone Finance,GITHUB_active_developers_daily,2025-02-18,4.0
Walnut,GITHUB_active_developers_daily,2025-02-18,1.0
Pyth Network,GITHUB_active_developers_daily,2025-02-18,5.0
Passport XYZ,GITHUB_opened_pull_requests_daily,2025-02-18,6.0
Redstone Finance,GITHUB_opened_pull_requests_daily,2025-02-18,3.0
thirdweb,GITHUB_opened_issues_daily,2025-02-18,1.0
Trail of Bits Security Reviews,GITHUB_opened_issues_daily,2025-02-18,1.0
Passport XYZ,GITHUB_closed_issues_daily,2025-02-18,6.0
Walnut,GITHUB_closed_issues_daily,2025-02-18,6.0
Open Source Observer,GITHUB_forks_weekly,2024-07-22,1.0
Trail of Bits Security Reviews,GITHUB_comments_daily,2024-07-22,20.0
Runtime Verification,GITHUB_comments_daily,2024-07-22,36.0
thirdweb,GITHUB_forks_weekly,2024-07-22,9.0
Debid - Fairblock,GITHUB_forks_weekly,2024-07-22,1.0
Runtime Verification,GITHUB_forks_weekly,2024-07-22,4.0
Passport XYZ,GITHUB_forks_weekly,2024-07-22,1.0
Trail of Bits Security Reviews,GITHUB_stars_daily,2024-07-22,12.0
Walnut,GITHUB_stars_daily,2024-07-22,1.0
Passport XYZ,GITHUB_commits_daily,2024-07-22,26.0
thirdweb,GITHUB_commits_daily,2024-07-22,13.0
Runtime Verification,GITHUB_comments_weekly,2024-07-22,118.0
Trail of Bits Security Reviews,GITHUB_comments_weekly,2024-07-22,62.0
Debid - Fairblock,GITHUB_repositories_weekly,2024-07-22,5.0
Redstone Finance,GITHUB_repositories_weekly,2024-07-22,7.0
thirdweb,GITHUB_forks_daily,2024-07-22,1.0
Walnut,GITHUB_forks_daily,2024-07-22,1.0
Passport XYZ,GITHUB_forks_daily,2024-07-22,1.0
thirdweb,GITHUB_repositories_daily,2024-07-22,5.0
thirdweb,GITHUB_releases_weekly,2024-07-22,12.0
Passport XYZ,GITHUB_releases_weekly,2024-07-22,2.0
Runtime Verification,GITHUB_releases_weekly,2024-07-22,52.0
Runtime Verification,GITHUB_releases_daily,2024-07-22,8.0
thirdweb,GITHUB_commits_weekly,2024-07-22,90.0
Open Source Observer,GITHUB_commits_weekly,2024-07-22,36.0
Passport XYZ,GITHUB_contributors_weekly,2024-07-22,6.0
thirdweb,GITHUB_contributors_weekly,2024-07-22,22.0
Open Source Observer,GITHUB_contributors_weekly,2024-07-22,6.0
Passport XYZ,GITHUB_active_developers_daily,2024-07-22,4.0
Passport XYZ,GITHUB_active_developers_weekly,2024-07-22,5.0
Debid - Fairblock,GITHUB_opened_pull_requests_weekly,2024-07-22,5.0
Redstone Finance,GITHUB_merged_pull_requests_daily,2024-07-22,1.0
Runtime Verification,GITHUB_merged_pull_requests_daily,2024-07-22,12.0
Redstone Finance,GITHUB_merged_pull_requests_weekly,2024-07-22,5.0
Walnut,GITHUB_merged_pull_requests_weekly,2024-07-22,2.0
Pyth Network,GITHUB_merged_pull_requests_weekly,2024-07-22,33.0
Open Source Observer,GITHUB_merged_pull_requests_weekly,2024-07-22,29.0
Pyth Network,GITHUB_comments_daily,2024-12-20,14.0
Passport XYZ,GITHUB_commits_daily,2024-12-20,2.0
Walnut,GITHUB_commits_daily,2024-12-20,7.0
Pyth Network,GITHUB_releases_daily,2024-12-20,5.0
Open Source Observer,GITHUB_repositories_daily,2024-12-20,3.0
Arbos Foundry,GITHUB_repositories_daily,2024-12-20,1.0
Redstone Finance,GITHUB_repositories_daily,2024-12-20,4.0
Passport XYZ,GITHUB_contributors_daily,2024-12-20,1.0
Pyth Network,GITHUB_contributors_daily,2024-12-20,7.0
thirdweb,GITHUB_active_developers_daily,2024-12-20,3.0
Debid - Fairblock,GITHUB_active_developers_daily,2024-12-20,1.0
Passport XYZ,GITHUB_active_developers_daily,2024-12-20,1.0
Pyth Network,GITHUB_active_developers_daily,2024-12-20,5.0
Runtime Verification,GITHUB_active_developers_daily,2024-12-20,1.0
Walnut,GITHUB_active_developers_daily,2024-12-20,2.0
Remix IDE plugin for Arbitrum Stylus,GITHUB_opened_pull_requests_daily,2024-12-20,1.0
thirdweb,GITHUB_opened_pull_requests_daily,2024-12-20,10.0
Trail of Bits Security Reviews,GITHUB_opened_pull_requests_daily,2024-12-20,5.0
Remix IDE plugin for Arbitrum Stylus,GITHUB_merged_pull_requests_daily,2024-12-20,1.0
Trail of Bits Security Reviews,GITHUB_stars_daily,2024-09-08,8.0
Debid - Fairblock,GITHUB_forks_daily,2024-09-08,1.0
Trail of Bits Security Reviews,GITHUB_repositories_daily,2024-09-08,6.0
Open Source Observer,GITHUB_repositories_daily,2024-09-08,2.0
Debid - Fairblock,GITHUB_repositories_daily,2024-09-08,1.0
thirdweb,GITHUB_repositories_daily,2024-09-08,3.0
Enclave,GITHUB_contributors_daily,2024-09-08,1.0
Open Source Observer,GITHUB_active_developers_daily,2024-09-08,2.0
Runtime Verification,GITHUB_opened_pull_requests_daily,2024-09-08,1.0
Open Source Observer,GITHUB_opened_pull_requests_daily,2024-09-08,5.0
thirdweb,GITHUB_merged_pull_requests_daily,2024-09-08,4.0
Walnut,GITHUB_comments_daily,2024-07-18,1.0
Redstone Finance,GITHUB_comments_daily,2024-07-18,1.0
Trail of Bits Security Reviews,GITHUB_comments_daily,2024-07-18,2.0
Runtime Verification,GITHUB_comments_daily,2024-07-18,14.0
thirdweb,GITHUB_stars_daily,2024-07-18,5.0
Runtime Verification,GITHUB_stars_daily,2024-07-18,1.0
Trail of Bits Security Reviews,GITHUB_commits_daily,2024-07-18,4.0
Pyth Network,GITHUB_repositories_daily,2024-07-18,4.0
thirdweb,GITHUB_repositories_daily,2024-07-18,4.0
Trail of Bits Security Reviews,GITHUB_contributors_daily,2024-07-18,8.0
thirdweb,GITHUB_contributors_daily,2024-07-18,12.0
Redstone Finance,GITHUB_active_developers_daily,2024-07-18,1.0
Open Source Observer,GITHUB_merged_pull_requests_daily,2024-07-18,1.0
Open Source Observer,GITHUB_closed_issues_daily,2024-07-18,3.0
Runtime Verification,GITHUB_closed_issues_daily,2024-07-18,3.0
Pyth Network,GITHUB_comments_daily,2025-01-04,7.0
thirdweb,GITHUB_forks_daily,2025-01-04,3.0
Walnut,GITHUB_repositories_daily,2025-01-04,2.0
Sylow,GITHUB_repositories_daily,2025-01-04,1.0
thirdweb,GITHUB_repositories_daily,2025-01-04,8.0
Open Source Observer,GITHUB_active_developers_daily,2025-01-04,1.0
thirdweb,GITHUB_opened_pull_requests_daily,2025-01-04,2.0
Pyth Network,GITHUB_opened_pull_requests_daily,2025-01-04,3.0
thirdweb,GITHUB_merged_pull_requests_daily,2025-01-04,5.0
Pyth Network,GITHUB_merged_pull_requests_daily,2025-01-04,1.0
Runtime Verification,GITHUB_comments_daily,2024-11-13,4.0
Pyth Network,GITHUB_stars_daily,2024-11-13,2.0
Debid - Fairblock,GITHUB_stars_daily,2024-11-13,1.0
Redstone Finance,GITHUB_commits_daily,2024-11-13,4.0
Debid - Fairblock,GITHUB_commits_daily,2024-11-13,20.0
thirdweb,GITHUB_commits_daily,2024-11-13,15.0
Enclave,GITHUB_commits_daily,2024-11-13,1.0
Passport XYZ,GITHUB_releases_daily,2024-11-13,4.0
Trail of Bits Security Reviews,GITHUB_releases_daily,2024-11-13,2.0
Trail of Bits Security Reviews,GITHUB_forks_daily,2024-11-13,2.0
Open Source Observer,GITHUB_repositories_daily,2024-11-13,2.0
Pyth Network,GITHUB_repositories_daily,2024-11-13,7.0
thirdweb,GITHUB_repositories_daily,2024-11-13,6.0
Trail of Bits Security Reviews,GITHUB_contributors_daily,2024-11-13,6.0
Debid - Fairblock,GITHUB_contributors_daily,2024-11-13,1.0
Enclave,GITHUB_contributors_daily,2024-11-13,1.0
Runtime Verification,GITHUB_contributors_daily,2024-11-13,4.0
Redstone Finance,GITHUB_contributors_daily,2024-11-13,2.0
Runtime Verification,GITHUB_active_developers_daily,2024-11-13,2.0
Trail of Bits Security Reviews,GITHUB_active_developers_daily,2024-11-13,3.0
Passport XYZ,GITHUB_active_developers_daily,2024-11-13,2.0
thirdweb,GITHUB_active_developers_daily,2024-11-13,3.0
Trail of Bits Security Reviews,GITHUB_opened_pull_requests_daily,2024-11-13,3.0
Walnut,GITHUB_merged_pull_requests_daily,2024-11-13,1.0
Passport XYZ,GITHUB_opened_issues_daily,2024-11-13,4.0
Pyth Network,GITHUB_comments_daily,2024-10-16,16.0
Trail of Bits Security Reviews,GITHUB_stars_daily,2024-10-16,12.0
Pyth Network,GITHUB_commits_daily,2024-10-16,7.0
Open Source Observer,GITHUB_commits_daily,2024-10-16,6.0
Runtime Verification,GITHUB_commits_daily,2024-10-16,19.0
Trail of Bits Security Reviews,GITHUB_repositories_daily,2024-10-16,11.0
Redstone Finance,GITHUB_repositories_daily,2024-10-16,3.0
Redstone Finance,GITHUB_contributors_daily,2024-10-16,3.0
Trail of Bits Security Reviews,GITHUB_contributors_daily,2024-10-16,5.0
thirdweb,GITHUB_contributors_daily,2024-10-16,8.0
Runtime Verification,GITHUB_contributors_daily,2024-10-16,7.0
Remix IDE plugin for Arbitrum Stylus,GITHUB_contributors_daily,2024-10-16,2.0
Runtime Verification,GITHUB_active_developers_daily,2024-10-16,5.0
Remix IDE plugin for Arbitrum Stylus,GITHUB_active_developers_daily,2024-10-16,1.0
Pyth Network,GITHUB_active_developers_daily,2024-10-16,3.0
Passport XYZ,GITHUB_opened_pull_requests_daily,2024-10-16,10.0
Pyth Network,GITHUB_opened_pull_requests_daily,2024-10-16,7.0
Remix IDE plugin for Arbitrum Stylus,GITHUB_merged_pull_requests_daily,2024-10-16,1.0
Open Source Observer,GITHUB_opened_issues_daily,2024-10-16,10.0
Passport XYZ,GITHUB_opened_issues_daily,2024-10-16,2.0
Open Source Observer,GITHUB_closed_issues_daily,2024-10-16,13.0
Passport XYZ,GITHUB_closed_issues_daily,2024-10-16,12.0
thirdweb,GITHUB_comments_daily,2024-06-11,110.0
thirdweb,GITHUB_stars_daily,2024-06-11,2.0
Runtime Verification,GITHUB_stars_daily,2024-06-11,1.0
Pyth Network,GITHUB_commits_daily,2024-06-11,4.0
Open Source Observer,GITHUB_commits_daily,2024-06-11,5.0
Walnut,GITHUB_commits_daily,2024-06-11,2.0
Pyth Network,GITHUB_repositories_daily,2024-06-11,5.0
Open Source Observer,GITHUB_repositories_daily,2024-06-11,2.0
thirdweb,GITHUB_repositories_daily,2024-06-11,5.0
Walnut,GITHUB_contributors_daily,2024-06-11,2.0
thirdweb,GITHUB_opened_pull_requests_daily,2024-06-11,19.0
Trail of Bits Security Reviews,GITHUB_opened_issues_daily,2024-06-11,2.0
Walnut,GITHUB_opened_issues_daily,2024-06-11,1.0
Debid - Fairblock,GITHUB_commits_daily,2024-10-25,5.0
Walnut,GITHUB_commits_daily,2024-10-25,4.0
Runtime Verification,GITHUB_repositories_daily,2024-10-25,2.0
Walnut,GITHUB_repositories_daily,2024-10-25,1.0
Open Source Observer,GITHUB_repositories_daily,2024-10-25,3.0
Trail of Bits Security Reviews,GITHUB_contributors_daily,2024-10-25,7.0
Redstone Finance,GITHUB_contributors_daily,2024-10-25,2.0
Remix IDE plugin for Arbitrum Stylus,GITHUB_contributors_daily,2024-10-25,2.0
Pyth Network,GITHUB_contributors_daily,2024-10-25,5.0
Pyth Network,GITHUB_active_developers_daily,2024-10-25,3.0
Remix IDE plugin for Arbitrum Stylus,GITHUB_active_developers_daily,2024-10-25,1.0
Arbos Foundry,GITHUB_opened_pull_requests_daily,2024-10-25,1.0
thirdweb,GITHUB_opened_pull_requests_daily,2024-10-25,14.0
Walnut,GITHUB_opened_pull_requests_daily,2024-10-25,1.0
Remix IDE plugin for Arbitrum Stylus,GITHUB_opened_pull_requests_daily,2024-10-25,1.0
Redstone Finance,GITHUB_merged_pull_requests_daily,2024-10-25,1.0
Runtime Verification,GITHUB_opened_issues_daily,2024-10-25,1.0
Passport XYZ,GITHUB_closed_issues_daily,2024-10-25,6.0
Trail of Bits Security Reviews,GITHUB_forks_weekly,2024-01-29,21.0
thirdweb,GITHUB_forks_weekly,2024-01-29,9.0
Runtime Verification,GITHUB_comments_daily,2024-01-29,44.0
Trail of Bits Security Reviews,GITHUB_comments_daily,2024-01-29,10.0
Walnut,GITHUB_stars_daily,2024-01-29,2.0
thirdweb,GITHUB_commits_daily,2024-01-29,4.0
Debid - Fairblock,GITHUB_stars_weekly,2024-01-29,1.0
thirdweb,GITHUB_releases_weekly,2024-01-29,43.0
Pyth Network,GITHUB_commits_weekly,2024-01-29,42.0
Trail of Bits Security Reviews,GITHUB_commits_weekly,2024-01-29,104.0
Syndicate Protocol,GITHUB_commits_weekly,2024-01-29,16.0
Redstone Finance,GITHUB_comments_weekly,2024-01-29,1.0
Runtime Verification,GITHUB_comments_weekly,2024-01-29,196.0
Trail of Bits Security Reviews,GITHUB_releases_daily,2024-01-29,2.0
Open Source Observer,GITHUB_forks_daily,2024-01-29,1.0
Walnut,GITHUB_repositories_weekly,2024-01-29,1.0
Open Source Observer,GITHUB_repositories_weekly,2024-01-29,3.0
WakeUp Labs,GITHUB_repositories_weekly,2024-01-29,1.0
Open Source Observer,GITHUB_repositories_daily,2024-01-29,3.0
Open Source Observer,GITHUB_contributors_daily,2024-01-29,2.0
Runtime Verification,GITHUB_contributors_daily,2024-01-29,12.0
Trail of Bits Security Reviews,GITHUB_contributors_daily,2024-01-29,9.0
Redstone Finance,GITHUB_contributors_daily,2024-01-29,1.0
Open Source Observer,GITHUB_contributors_weekly,2024-01-29,3.0
Pyth Network,GITHUB_contributors_weekly,2024-01-29,10.0
Runtime Verification,GITHUB_contributors_weekly,2024-01-29,22.0
Trail of Bits Security Reviews,GITHUB_active_developers_weekly,2024-01-29,13.0
Runtime Verification,GITHUB_active_developers_weekly,2024-01-29,8.0
Pyth Network,GITHUB_active_developers_weekly,2024-01-29,8.0
Remix IDE plugin for Arbitrum Stylus,GITHUB_active_developers_weekly,2024-01-29,2.0
Syndicate Protocol,GITHUB_active_developers_weekly,2024-01-29,1.0
Open Source Observer,GITHUB_active_developers_daily,2024-01-29,2.0
thirdweb,GITHUB_opened_pull_requests_weekly,2024-01-29,66.0
Runtime Verification,GITHUB_opened_pull_requests_daily,2024-01-29,10.0
Open Source Observer,GITHUB_opened_pull_requests_daily,2024-01-29,3.0
Pyth Network,GITHUB_merged_pull_requests_weekly,2024-01-29,41.0
Walnut,GITHUB_merged_pull_requests_daily,2024-01-29,1.0
Open Source Observer,GITHUB_opened_issues_daily,2024-01-29,1.0
Runtime Verification,GITHUB_opened_issues_daily,2024-01-29,3.0
Trail of Bits Security Reviews,GITHUB_opened_issues_weekly,2024-01-29,13.0
Walnut,GITHUB_opened_issues_weekly,2024-01-29,4.0
Runtime Verification,GITHUB_opened_issues_weekly,2024-01-29,23.0
Walnut,GITHUB_closed_issues_weekly,2024-01-29,1.0
thirdweb,GITHUB_comments_daily,2024-06-23,40.0
Redstone Finance,GITHUB_forks_daily,2024-06-23,1.0
Redstone Finance,GITHUB_repositories_daily,2024-06-23,1.0
Runtime Verification,GITHUB_repositories_daily,2024-06-23,5.0
Walnut,GITHUB_contributors_daily,2024-06-23,2.0
thirdweb,GITHUB_contributors_daily,2024-06-23,9.0
Open Source Observer,GITHUB_active_developers_daily,2024-06-23,2.0
Runtime Verification,GITHUB_opened_pull_requests_daily,2024-06-23,2.0
Pyth Network,GITHUB_opened_pull_requests_daily,2024-06-23,1.0
Runtime Verification,GITHUB_merged_pull_requests_daily,2024-06-23,2.0
Open Source Observer,GITHUB_closed_issues_daily,2024-06-23,3.0
Walnut,GITHUB_comments_daily,2024-02-09,11.0
Arbos Foundry,GITHUB_commits_daily,2024-02-09,2.0
Walnut,GITHUB_commits_daily,2024-02-09,4.0
Walnut,GITHUB_forks_daily,2024-02-09,2.0
Trail of Bits Security Reviews,GITHUB_repositories_daily,2024-02-09,12.0
Redstone Finance,GITHUB_repositories_daily,2024-02-09,2.0
Runtime Verification,GITHUB_repositories_daily,2024-02-09,13.0
Walnut,GITHUB_repositories_daily,2024-02-09,1.0
Arbos Foundry,GITHUB_contributors_daily,2024-02-09,1.0
Trail of Bits Security Reviews,GITHUB_active_developers_daily,2024-02-09,5.0
Arbos Foundry,GITHUB_active_developers_daily,2024-02-09,1.0
thirdweb,GITHUB_active_developers_daily,2024-02-09,7.0
Debid - Fairblock,GITHUB_opened_pull_requests_daily,2024-02-09,1.0
Open Source Observer,GITHUB_merged_pull_requests_daily,2024-02-09,3.0
thirdweb,GITHUB_merged_pull_requests_daily,2024-02-09,14.0
Open Source Observer,GITHUB_closed_issues_daily,2024-02-09,1.0
thirdweb,GITHUB_releases_daily,2025-04-01,5.0
Runtime Verification,GITHUB_comments_daily,2025-04-01,11.0
thirdweb,GITHUB_comments_daily,2025-04-01,93.0
Walnut,GITHUB_stars_daily,2025-04-01,1.0
Open Source Observer,GITHUB_comments_daily,2025-04-01,36.0
Runtime Verification,GITHUB_commits_daily,2025-04-01,11.0
CodeTracer,GITHUB_repositories_daily,2025-04-01,1.0
Solang,GITHUB_repositories_daily,2025-04-01,1.0
Walnut,GITHUB_repositories_daily,2025-04-01,2.0
Redstone Finance,GITHUB_repositories_daily,2025-04-01,1.0
Pyth Network,GITHUB_forks_daily,2025-04-01,1.0
Trail of Bits Security Reviews,GITHUB_forks_daily,2025-04-01,1.0
Runtime Verification,GITHUB_contributors_daily,2025-04-01,4.0
Walnut,GITHUB_contributors_daily,2025-04-01,2.0
Open Source Observer,GITHUB_contributors_daily,2025-04-01,8.0
Redstone Finance,GITHUB_active_developers_daily,2025-04-01,1.0
Walnut,GITHUB_merged_pull_requests_daily,2025-04-01,1.0
9Lives,GITHUB_merged_pull_requests_daily,2025-04-01,2.0
Pyth Network,GITHUB_merged_pull_requests_daily,2025-04-01,1.0
Open Source Observer,GITHUB_opened_issues_daily,2025-04-01,8.0
Runtime Verification,GITHUB_closed_issues_daily,2025-04-01,7.0
Trail of Bits Security Reviews,GITHUB_stars_daily,2025-04-08,12.0
CodeTracer,GITHUB_stars_daily,2025-04-08,1.0
Runtime Verification,GITHUB_stars_daily,2025-04-08,3.0
Enclave,GITHUB_comments_daily,2025-04-08,12.0
thirdweb,GITHUB_comments_daily,2025-04-08,36.0
Passport XYZ,GITHUB_commits_daily,2025-04-08,9.0
Runtime Verification,GITHUB_releases_daily,2025-04-08,5.0
Open Source Observer,GITHUB_repositories_daily,2025-04-08,3.0
Solang,GITHUB_repositories_daily,2025-04-08,1.0
Debid - Fairblock,GITHUB_repositories_daily,2025-04-08,1.0
thirdweb,GITHUB_repositories_daily,2025-04-08,3.0
Trail of Bits Security Reviews,GITHUB_forks_daily,2025-04-08,1.0
thirdweb,GITHUB_forks_daily,2025-04-08,1.0
Runtime Verification,GITHUB_opened_pull_requests_daily,2025-04-08,5.0
Walnut,GITHUB_opened_pull_requests_daily,2025-04-08,5.0
thirdweb,GITHUB_opened_pull_requests_daily,2025-04-08,7.0
9Lives,GITHUB_opened_pull_requests_daily,2025-04-08,1.0
Walnut,GITHUB_merged_pull_requests_daily,2025-04-08,1.0
Trail of Bits Security Reviews,GITHUB_merged_pull_requests_daily,2025-04-08,11.0
Passport XYZ,GITHUB_merged_pull_requests_daily,2025-04-08,10.0
Walnut,GITHUB_contributors_daily,2025-04-08,5.0
Runtime Verification,GITHUB_contributors_daily,2025-04-08,5.0
Passport XYZ,GITHUB_contributors_daily,2025-04-08,4.0
Redstone Finance,GITHUB_contributors_daily,2025-04-08,1.0
Trail of Bits Security Reviews,GITHUB_contributors_daily,2025-04-08,7.0
Enclave,GITHUB_contributors_daily,2025-04-08,1.0
Trail of Bits Security Reviews,GITHUB_active_developers_daily,2025-04-08,6.0
Walnut,GITHUB_closed_issues_daily,2025-04-08,4.0
Trail of Bits Security Reviews,GITHUB_closed_issues_daily,2025-04-08,1.0
Pyth Network,GITHUB_closed_issues_daily,2025-04-08,1.0
Walnut,GITHUB_comments_daily,2024-07-19,2.0
Pyth Network,GITHUB_comments_daily,2024-07-19,8.0
Passport XYZ,GITHUB_comments_daily,2024-07-19,8.0
Trail of Bits Security Reviews,GITHUB_comments_daily,2024-07-19,3.0
Open Source Observer,GITHUB_commits_daily,2024-07-19,8.0
Redstone Finance,GITHUB_commits_daily,2024-07-19,1.0
Runtime Verification,GITHUB_releases_daily,2024-07-19,11.0
Arbos Foundry,GITHUB_repositories_daily,2024-07-19,1.0
Walnut,GITHUB_repositories_daily,2024-07-19,2.0
Remix IDE plugin for Arbitrum Stylus,GITHUB_repositories_daily,2024-07-19,1.0
thirdweb,GITHUB_contributors_daily,2024-07-19,15.0
Debid - Fairblock,GITHUB_contributors_daily,2024-07-19,2.0
Open Source Observer,GITHUB_contributors_daily,2024-07-19,5.0
Arbos Foundry,GITHUB_active_developers_daily,2024-07-19,1.0
Open Source Observer,GITHUB_active_developers_daily,2024-07-19,4.0
Debid - Fairblock,GITHUB_active_developers_daily,2024-07-19,2.0
thirdweb,GITHUB_opened_pull_requests_daily,2024-07-19,23.0
Debid - Fairblock,GITHUB_opened_pull_requests_daily,2024-07-19,1.0
Runtime Verification,GITHUB_merged_pull_requests_daily,2024-07-19,14.0
Walnut,GITHUB_merged_pull_requests_daily,2024-07-19,2.0
Pyth Network,GITHUB_opened_issues_daily,2024-07-19,1.0
Walnut,GITHUB_opened_issues_daily,2024-07-19,1.0
Redstone Finance,GITHUB_closed_issues_daily,2024-07-19,1.0
Runtime Verification,GITHUB_commits_daily,2024-08-16,14.0
thirdweb,GITHUB_commits_daily,2024-08-16,8.0
Runtime Verification,GITHUB_releases_daily,2024-08-16,8.0
Walnut,GITHUB_repositories_daily,2024-08-16,1.0
Redstone Finance,GITHUB_repositories_daily,2024-08-16,4.0
Trail of Bits Security Reviews,GITHUB_forks_daily,2024-08-16,1.0
thirdweb,GITHUB_forks_daily,2024-08-16,1.0
Open Source Observer,GITHUB_active_developers_daily,2024-08-16,1.0
Walnut,GITHUB_contributors_daily,2024-08-16,2.0
Redstone Finance,GITHUB_contributors_daily,2024-08-16,6.0
Trail of Bits Security Reviews,GITHUB_contributors_daily,2024-08-16,1.0
Trail of Bits Security Reviews,GITHUB_opened_pull_requests_daily,2024-08-16,1.0
Redstone Finance,GITHUB_opened_pull_requests_daily,2024-08-16,4.0
Open Source Observer,GITHUB_merged_pull_requests_daily,2024-08-16,3.0
Pyth Network,GITHUB_merged_pull_requests_daily,2024-08-16,9.0
Runtime Verification,GITHUB_merged_pull_requests_daily,2024-08-16,7.0
thirdweb,GITHUB_merged_pull_requests_daily,2024-08-16,9.0
Open Source Observer,GITHUB_comments_daily,2024-07-02,16.0
Trail of Bits Security Reviews,GITHUB_stars_daily,2024-07-02,5.0
Walnut,GITHUB_commits_daily,2024-07-02,5.0
Open Source Observer,GITHUB_commits_daily,2024-07-02,4.0
Open Source Observer,GITHUB_repositories_daily,2024-07-02,2.0
Debid - Fairblock,GITHUB_repositories_daily,2024-07-02,2.0
Pyth Network,GITHUB_repositories_daily,2024-07-02,4.0
Debid - Fairblock,GITHUB_contributors_daily,2024-07-02,1.0
Runtime Verification,GITHUB_contributors_daily,2024-07-02,11.0
Walnut,GITHUB_contributors_daily,2024-07-02,3.0
Walnut,GITHUB_active_developers_daily,2024-07-02,1.0
Walnut,GITHUB_merged_pull_requests_daily,2024-07-02,1.0
Runtime Verification,GITHUB_opened_issues_daily,2024-07-02,1.0
Walnut,GITHUB_closed_issues_daily,2024-07-02,2.0
Runtime Verification,GITHUB_comments_daily,2024-04-19,11.0
Trail of Bits Security Reviews,GITHUB_stars_daily,2024-04-19,11.0
Redstone Finance,GITHUB_commits_daily,2024-04-19,2.0
Runtime Verification,GITHUB_commits_daily,2024-04-19,8.0
Runtime Verification,GITHUB_releases_daily,2024-04-19,3.0
thirdweb,GITHUB_forks_daily,2024-04-19,3.0
Debid - Fairblock,GITHUB_forks_daily,2024-04-19,2.0
Trail of Bits Security Reviews,GITHUB_repositories_daily,2024-04-19,9.0
Redstone Finance,GITHUB_repositories_daily,2024-04-19,2.0
Pyth Network,GITHUB_repositories_daily,2024-04-19,4.0
Runtime Verification,GITHUB_repositories_daily,2024-04-19,9.0
thirdweb,GITHUB_active_developers_daily,2024-04-19,10.0
Pyth Network,GITHUB_active_developers_daily,2024-04-19,6.0
Runtime Verification,GITHUB_contributors_daily,2024-04-19,9.0
Open Source Observer,GITHUB_merged_pull_requests_daily,2024-04-19,4.0
Open Source Observer,GITHUB_opened_issues_daily,2024-04-19,1.0
Open Source Observer,GITHUB_closed_issues_daily,2024-04-19,1.0
Trail of Bits Security Reviews,GITHUB_closed_issues_daily,2024-04-19,1.0
thirdweb,GITHUB_comments_daily,2024-08-28,90.0
Trail of Bits Security Reviews,GITHUB_commits_daily,2024-08-28,29.0
thirdweb,GITHUB_commits_daily,2024-08-28,8.0
Pyth Network,GITHUB_releases_daily,2024-08-28,1.0
Open Source Observer,GITHUB_forks_daily,2024-08-28,2.0
Runtime Verification,GITHUB_repositories_daily,2024-08-28,16.0
Walnut,GITHUB_repositories_daily,2024-08-28,1.0
Redstone Finance,GITHUB_repositories_daily,2024-08-28,2.0
Runtime Verification,GITHUB_active_developers_daily,2024-08-28,2.0
Pyth Network,GITHUB_active_developers_daily,2024-08-28,4.0
Walnut,GITHUB_opened_pull_requests_daily,2024-08-28,1.0
Passport XYZ,GITHUB_opened_pull_requests_daily,2024-08-28,6.0
Open Source Observer,GITHUB_opened_pull_requests_daily,2024-08-28,8.0
Open Source Observer,GITHUB_opened_issues_daily,2024-08-28,8.0
Trail of Bits Security Reviews,GITHUB_commits_daily,2024-04-07,4.0
thirdweb,GITHUB_commits_daily,2024-04-07,8.0
thirdweb,GITHUB_forks_daily,2024-04-07,4.0
thirdweb,GITHUB_repositories_daily,2024-04-07,7.0
Walnut,GITHUB_repositories_daily,2024-04-07,1.0
Open Source Observer,GITHUB_contributors_daily,2024-04-07,2.0
Trail of Bits Security Reviews,GITHUB_active_developers_daily,2024-04-07,1.0
Open Source Observer,GITHUB_active_developers_daily,2024-04-07,1.0
Trail of Bits Security Reviews,GITHUB_opened_pull_requests_daily,2024-04-07,9.0
Pyth Network,GITHUB_opened_pull_requests_daily,2024-04-07,1.0
Trail of Bits Security Reviews,GITHUB_merged_pull_requests_daily,2024-04-07,4.0
Open Source Observer,GITHUB_merged_pull_requests_daily,2024-04-07,1.0
thirdweb,GITHUB_merged_pull_requests_daily,2024-04-07,9.0
Open Source Observer,GITHUB_closed_issues_daily,2024-04-07,1.0
thirdweb,GITHUB_comments_daily,2024-10-04,102.0
Open Source Observer,GITHUB_comments_daily,2024-10-04,13.0
Runtime Verification,GITHUB_commits_daily,2024-10-04,3.0
Pyth Network,GITHUB_commits_daily,2024-10-04,3.0
Runtime Verification,GITHUB_forks_daily,2024-10-04,1.0
thirdweb,GITHUB_forks_daily,2024-10-04,2.0
Pyth Network,GITHUB_repositories_daily,2024-10-04,3.0
Enclave,GITHUB_contributors_daily,2024-10-04,1.0
Pyth Network,GITHUB_contributors_daily,2024-10-04,5.0
Passport XYZ,GITHUB_merged_pull_requests_daily,2024-10-04,14.0
Pyth Network,GITHUB_merged_pull_requests_daily,2024-10-04,3.0
Walnut,GITHUB_active_developers_daily,2024-10-04,1.0
Trail of Bits Security Reviews,GITHUB_active_developers_daily,2024-10-04,4.0
Open Source Observer,GITHUB_active_developers_daily,2024-10-04,3.0
thirdweb,GITHUB_active_developers_daily,2024-10-04,7.0
Debid - Fairblock,GITHUB_opened_pull_requests_daily,2024-10-04,1.0
Enclave,GITHUB_opened_issues_daily,2024-10-04,3.0
Runtime Verification,GITHUB_opened_issues_daily,2024-10-04,1.0
Open Source Observer,GITHUB_opened_issues_daily,2024-10-04,1.0
Debid - Fairblock,GITHUB_comments_daily,2024-11-10,1.0
thirdweb,GITHUB_comments_daily,2024-11-10,31.0
Pyth Network,GITHUB_stars_daily,2024-11-10,1.0
Solang,GITHUB_stars_daily,2024-11-10,1.0
Runtime Verification,GITHUB_commits_daily,2024-11-10,2.0
Open Source Observer,GITHUB_commits_daily,2024-11-10,1.0
Passport XYZ,GITHUB_forks_daily,2024-11-10,2.0
Trail of Bits Security Reviews,GITHUB_repositories_daily,2024-11-10,4.0
Pyth Network,GITHUB_repositories_daily,2024-11-10,1.0
Solang,GITHUB_repositories_daily,2024-11-10,1.0
Trail of Bits Security Reviews,GITHUB_opened_pull_requests_daily,2024-11-10,6.0
thirdweb,GITHUB_merged_pull_requests_daily,2024-11-10,2.0
Runtime Verification,GITHUB_merged_pull_requests_daily,2024-11-10,1.0
Trail of Bits Security Reviews,GITHUB_merged_pull_requests_daily,2024-11-10,1.0
Trail of Bits Security Reviews,GITHUB_active_developers_daily,2024-11-10,1.0
thirdweb,GITHUB_comments_daily,2025-03-28,25.0
Passport XYZ,GITHUB_comments_daily,2025-03-28,1.0
Pyth Network,GITHUB_commits_daily,2025-03-28,8.0
Pyth Network,GITHUB_repositories_daily,2025-03-28,3.0
Redstone Finance,GITHUB_contributors_daily,2025-03-28,1.0
Walnut,GITHUB_contributors_daily,2025-03-28,5.0
Runtime Verification,GITHUB_active_developers_daily,2025-03-28,1.0
Walnut,GITHUB_active_developers_daily,2025-03-28,2.0
Pyth Network,GITHUB_active_developers_daily,2025-03-28,3.0
Runtime Verification,GITHUB_opened_pull_requests_daily,2025-03-28,4.0
Trail of Bits Security Reviews,GITHUB_opened_pull_requests_daily,2025-03-28,2.0
thirdweb,GITHUB_merged_pull_requests_daily,2025-03-28,7.0
Walnut,GITHUB_opened_issues_daily,2025-03-28,4.0
Open Source Observer,GITHUB_opened_issues_daily,2025-03-28,2.0
thirdweb,GITHUB_closed_issues_daily,2025-03-28,1.0
Open Source Observer,GITHUB_comments_daily,2024-07-25,14.0
Runtime Verification,GITHUB_comments_daily,2024-07-25,14.0
Pyth Network,GITHUB_comments_daily,2024-07-25,33.0
Pyth Network,GITHUB_releases_daily,2024-07-25,4.0
Redstone Finance,GITHUB_commits_daily,2024-07-25,13.0
Runtime Verification,GITHUB_commits_daily,2024-07-25,19.0
Debid - Fairblock,GITHUB_commits_daily,2024-07-25,1.0
Trail of Bits Security Reviews,GITHUB_commits_daily,2024-07-25,15.0
Redstone Finance,GITHUB_repositories_daily,2024-07-25,3.0
Debid - Fairblock,GITHUB_repositories_daily,2024-07-25,2.0
Runtime Verification,GITHUB_repositories_daily,2024-07-25,10.0
Runtime Verification,GITHUB_contributors_daily,2024-07-25,8.0
Redstone Finance,GITHUB_contributors_daily,2024-07-25,3.0
Runtime Verification,GITHUB_active_developers_daily,2024-07-25,2.0
Debid - Fairblock,GITHUB_active_developers_daily,2024-07-25,1.0
Runtime Verification,GITHUB_opened_pull_requests_daily,2024-07-25,11.0
Trail of Bits Security Reviews,GITHUB_opened_pull_requests_daily,2024-07-25,5.0
Open Source Observer,GITHUB_merged_pull_requests_daily,2024-07-25,6.0
Trail of Bits Security Reviews,GITHUB_merged_pull_requests_daily,2024-07-25,6.0
Runtime Verification,GITHUB_opened_issues_daily,2024-07-25,2.0
Walnut,GITHUB_comments_daily,2025-03-25,4.0
Enclave,GITHUB_comments_daily,2025-03-25,12.0
thirdweb,GITHUB_commits_daily,2025-03-25,10.0
Runtime Verification,GITHUB_commits_daily,2025-03-25,6.0
Passport XYZ,GITHUB_commits_daily,2025-03-25,6.0
Trail of Bits Security Reviews,GITHUB_releases_daily,2025-03-25,1.0
Runtime Verification,GITHUB_releases_daily,2025-03-25,1.0
Redstone Finance,GITHUB_repositories_daily,2025-03-25,2.0
Trail of Bits Security Reviews,GITHUB_repositories_daily,2025-03-25,6.0
Open Source Observer,GITHUB_repositories_daily,2025-03-25,4.0
Open Source Observer,GITHUB_forks_daily,2025-03-25,1.0
Passport XYZ,GITHUB_contributors_daily,2025-03-25,2.0
Enclave,GITHUB_contributors_daily,2025-03-25,3.0
Open Source Observer,GITHUB_active_developers_daily,2025-03-25,6.0
Passport XYZ,GITHUB_active_developers_daily,2025-03-25,2.0
Open Source Observer,GITHUB_opened_pull_requests_daily,2025-03-25,11.0
thirdweb,GITHUB_opened_pull_requests_daily,2025-03-25,12.0
Trail of Bits Security Reviews,GITHUB_merged_pull_requests_daily,2025-03-25,3.0
CodeTracer,GITHUB_merged_pull_requests_daily,2025-03-25,1.0
Pyth Network,GITHUB_merged_pull_requests_daily,2025-03-25,6.0
thirdweb,GITHUB_merged_pull_requests_daily,2025-03-25,11.0
Walnut,GITHUB_opened_issues_daily,2025-03-25,1.0
Passport XYZ,GITHUB_closed_issues_daily,2025-03-25,2.0
thirdweb,GITHUB_comments_daily,2024-01-12,22.0
Open Source Observer,GITHUB_comments_daily,2024-01-12,1.0
Runtime Verification,GITHUB_comments_daily,2024-01-12,43.0
Trail of Bits Security Reviews,GITHUB_comments_daily,2024-01-12,2.0
Trail of Bits Security Reviews,GITHUB_commits_daily,2024-01-12,13.0
Arbos Foundry,GITHUB_commits_daily,2024-01-12,20.0
Runtime Verification,GITHUB_releases_daily,2024-01-12,5.0
Trail of Bits Security Reviews,GITHUB_releases_daily,2024-01-12,1.0
WakeUp Labs,GITHUB_repositories_daily,2024-01-12,1.0
Runtime Verification,GITHUB_repositories_daily,2024-01-12,13.0
WakeUp Labs,GITHUB_contributors_daily,2024-01-12,2.0
Open Source Observer,GITHUB_contributors_daily,2024-01-12,1.0
thirdweb,GITHUB_contributors_daily,2024-01-12,13.0
Arbos Foundry,GITHUB_contributors_daily,2024-01-12,1.0
Pyth Network,GITHUB_active_developers_daily,2024-01-12,1.0
Open Source Observer,GITHUB_active_developers_daily,2024-01-12,1.0
thirdweb,GITHUB_active_developers_daily,2024-01-12,9.0
WakeUp Labs,GITHUB_active_developers_daily,2024-01-12,1.0
Pyth Network,GITHUB_opened_pull_requests_daily,2024-01-12,4.0
Runtime Verification,GITHUB_opened_pull_requests_daily,2024-01-12,9.0
Trail of Bits Security Reviews,GITHUB_opened_pull_requests_daily,2024-01-12,4.0
Open Source Observer,GITHUB_opened_issues_daily,2024-01-12,5.0
Runtime Verification,GITHUB_opened_issues_daily,2024-01-12,3.0
thirdweb,GITHUB_comments_daily,2024-01-27,3.0
Trail of Bits Security Reviews,GITHUB_repositories_daily,2024-01-27,6.0
Pyth Network,GITHUB_repositories_daily,2024-01-27,4.0
thirdweb,GITHUB_repositories_daily,2024-01-27,3.0
thirdweb,GITHUB_contributors_daily,2024-01-27,1.0
Open Source Observer,GITHUB_opened_pull_requests_daily,2024-01-27,9.0
Trail of Bits Security Reviews,GITHUB_merged_pull_requests_daily,2024-01-27,2.0
thirdweb,GITHUB_stars_daily,2025-04-05,1.0
Trail of Bits Security Reviews,GITHUB_comments_daily,2025-04-05,13.0
Open Source Observer,GITHUB_comments_daily,2025-04-05,15.0
thirdweb,GITHUB_comments_daily,2025-04-05,37.0
Open Source Observer,GITHUB_commits_daily,2025-04-05,5.0
CodeTracer,GITHUB_repositories_daily,2025-04-05,1.0
Passport XYZ,GITHUB_repositories_daily,2025-04-05,1.0
thirdweb,GITHUB_contributors_daily,2025-04-05,6.0
Trail of Bits Security Reviews,GITHUB_contributors_daily,2025-04-05,6.0
Enclave,GITHUB_contributors_daily,2025-04-05,1.0
Trail of Bits Security Reviews,GITHUB_opened_pull_requests_daily,2025-04-05,4.0
Pyth Network,GITHUB_comments_daily,2024-09-19,29.0
Open Source Observer,GITHUB_comments_daily,2024-09-19,22.0
Trail of Bits Security Reviews,GITHUB_comments_daily,2024-09-19,6.0
Trail of Bits Security Reviews,GITHUB_commits_daily,2024-09-19,1.0
Passport XYZ,GITHUB_commits_daily,2024-09-19,8.0
Redstone Finance,GITHUB_commits_daily,2024-09-19,8.0
thirdweb,GITHUB_repositories_daily,2024-09-19,3.0
Walnut,GITHUB_repositories_daily,2024-09-19,1.0
Passport XYZ,GITHUB_repositories_daily,2024-09-19,6.0
Open Source Observer,GITHUB_contributors_daily,2024-09-19,4.0
thirdweb,GITHUB_active_developers_daily,2024-09-19,5.0
Debid - Fairblock,GITHUB_active_developers_daily,2024-09-19,1.0
thirdweb,GITHUB_opened_pull_requests_daily,2024-09-19,32.0
Pyth Network,GITHUB_opened_pull_requests_daily,2024-09-19,8.0
Redstone Finance,GITHUB_merged_pull_requests_daily,2024-09-19,4.0
thirdweb,GITHUB_opened_issues_daily,2024-09-19,1.0
